344 468
343 468
344 467
345 467
345 466
346 466
346 465
347 465
347 464
348 464
348 463
349 463
343 469
342 469
342 470
342 471
341 471
341 472
342 472
342 473
342 474
342 475
342 476
342 477
342 478
342 479
343 479
343 480
343 481
342 481
342 482
341 482
341 483
340 483
340 484
339 484
338 484
337 484
336 484
336 485
335 485
334 485
334 486
333 486
332 486
331 486
330 486
329 486
328 486
327 486
327 487
326 487
326 488
325 488
324 488
324 489
323 489
322 489
322 490
321 490
321 465
320 465
322 465
323 465
324 465
324 466
325 466
326 466
326 467
327 467
328 467
329 467
330 467
331 467
331 466
332 466
333 466
334 466
335 466
336 466
337 466
337 467
338 467
338 468
339 468
339 469
339 470
340 470
340 471
319 465
319 464
318 464
317 464
316 464
315 464
314 464
313 464
313 465
313 466
312 466
312 467
312 468
311 468
311 469
310 469
310 470
309 470
309 471
308 471
308 472
308 473
308 474
308 475
308 476
309 476
309 477
309 478
309 479
310 479
310 480
311 480
311 481
310 481
310 482
310 483
310 484
310 485
310 486
310 487
309 487
309 488
308 488
308 489
309 489
310 489
311 489
312 489
313 489
314 489
315 489
316 489
317 489
318 489
319 489
320 489
320 490
325 375
325 376
326 375
326 374
327 374
327 373
327 372
328 372
328 371
329 371
329 372
330 372
330 373
331 373
332 373
333 373
334 373
335 373
336 373
337 373
338 373
339 373
340 373
340 374
341 374
341 375
341 376
342 376
343 376
344 376
344 377
345 377
345 378
346 378
346 379
346 380
346 381
347 381
347 382
347 383
348 383
348 384
349 384
350 384
350 383
351 383
352 383
352 382
353 382
354 382
354 381
355 381
356 381
356 380
357 380
357 379
358 379
358 378
359 378
359 377
360 377
360 376
361 376
362 376
363 376
363 375
364 375
364 374
365 374
366 374
367 374
367 373
367 372
367 371
367 370
368 370
368 369
369 369
325 377
324 377
323 377
322 377
321 377
320 377
320 376
319 376
318 376
317 376
316 376
315 376
314 376
313 376
313 377
313 378
313 379
313 380
313 381
313 382
312 382
312 383
313 383
313 384
314 384
314 385
314 386
315 386
315 387
316 387
316 388
317 388
317 389
318 389
318 390
319 390
319 391
319 392
319 393
319 394
320 394
320 395
320 396
321 396
321 397
320 397
320 398
320 399
319 399
318 399
317 399
316 399
315 399
314 399
313 399
313 400
313 401
313 402
313 403
313 404
313 405
313 406
313 407
313 408
313 409
313 410
313 411
313 412
312 412
311 412
311 413
310 413
310 414
309 414
309 415
308 415
308 416
308 417
307 417
307 418
306 418
306 419
305 419
305 420
305 421
305 422
305 423
306 423
307 423
308 423
309 423
310 423
311 423
312 423
312 422
307 460
307 461
307 459
306 459
306 458
305 458
305 457
304 457
304 456
303 456
303 455
303 454
302 454
302 453
302 452
301 452
301 451
300 451
299 451
299 450
299 449
299 448
299 447
299 446
299 445
299 444
299 443
299 442
299 441
298 441
298 440
298 439
298 438
298 437
298 436
299 436
299 435
300 435
300 434
301 434
301 433
301 432
301 431
301 430
301 429
301 428
301 427
301 426
301 425
301 424
301 423
301 422
302 422
303 422
304 422
307 462
307 463
307 464
307 465
307 466
307 467
307 468
307 469
307 470
307 471
307 472
307 473
46 460
46 459
47 460
47 461
48 461
49 461
50 461
51 461
51 462
52 462
52 463
52 464
52 465
52 466
53 466
53 467
54 467
54 468
55 468
56 468
57 468
58 468
58 469
58 470
59 470
59 471
59 472
60 472
60 473
61 473
62 473
63 473
64 473
65 473
66 473
66 474
67 474
67 475
68 475
68 476
69 476
70 476
71 476
72 476
72 475
73 475
74 475
74 474
75 474
76 474
77 474
78 474
79 474
80 474
81 474
82 474
82 475
83 475
84 475
85 475
86 475
86 474
87 474
87 473
88 473
89 473
90 473
91 473
92 473
92 472
92 471
93 471
93 470
94 470
95 470
96 470
97 470
98 470
99 470
100 470
100 469
101 469
101 470
101 471
102 471
102 472
103 472
103 473
104 473
105 473
106 473
107 473
108 473
109 473
110 473
111 473
112 473
113 473
114 473
114 472
115 472
115 473
116 473
116 474
117 474
117 475
117 476
117 477
117 478
117 479
118 479
119 479
120 479
121 479
121 480
121 481
122 481
123 481
124 481
125 481
126 481
127 481
128 481
129 481
130 481
131 481
132 481
132 480
133 480
45 459
45 458
44 458
44 457
43 457
42 457
41 457
40 457
40 456
40 455
39 455
39 454
39 453
39 452
39 451
38 451
37 451
36 451
35 451
34 451
33 451
32 451
31 451
30 451
29 451
28 451
27 451
27 452
27 453
26 453
26 452
25 452
24 452
23 452
22 452
21 452
20 452
20 453
19 453
18 453
18 454
17 454
17 455
16 455
16 456
15 456
15 457
14 457
14 458
13 458
13 459
12 459
12 460
11 460
10 460
9 460
8 460
7 460
6 460
5 460
4 460
3 460
3 459
3 458
3 457
3 456
3 455
3 454
2 454
1 454
1 453
2 453
2 452
2 451
2 450
2 449
2 448
2 447
2 446
2 445
2 444
2 443
2 442
2 441
2 440
2 439
2 438
2 437
2 436
2 435
2 434
2 433
2 432
3 432
4 432
5 432
6 432
7 432
8 432
8 431
9 431
10 431
10 430
11 430
11 429
11 428
12 428
12 427
13 427
13 426
14 426
14 425
15 425
16 425
16 424
17 424
18 424
18 423
19 423
20 423
20 422
21 422
22 422
23 422
23 421
24 421
25 421
25 420
25 419
26 419
26 418
26 417
27 417
27 416
28 416
29 416
30 416
31 416
32 416
32 415
33 415
34 415
34 414
35 414
35 413
36 413
37 413
37 414
38 414
39 414
39 415
40 415
41 415
41 416
42 416
43 416
43 415
43 414
44 414
44 413
45 413
46 413
47 413
47 412
48 412
49 412
49 411
49 410
50 410
50 409
50 408
50 407
50 406
51 406
51 405
51 404
51 403
51 402
51 401
51 400
51 399
52 399
52 398
53 398
53 397
53 396
53 395
53 394
54 394
54 393
54 392
55 392
55 391
55 390
56 390
56 389
402 418
402 417
402 419
402 420
402 421
402 422
402 423
403 423
403 424
403 425
404 425
404 426
404 427
404 428
404 429
404 430
404 431
404 432
404 433
403 433
403 434
403 435
402 435
402 436
401 436
401 437
402 437
402 438
402 439
402 440
402 441
402 442
402 443
402 444
402 445
402 446
401 446
401 447
402 447
403 447
404 447
405 447
406 447
407 447
408 447
409 447
410 447
410 448
411 448
411 449
411 450
411 451
411 452
412 452
413 452
414 452
415 452
416 452
416 453
415 453
415 454
415 455
415 456
415 457
415 458
416 458
416 459
416 460
417 460
417 461
417 462
417 463
417 464
417 465
417 466
417 467
417 468
417 469
417 470
417 471
417 472
416 472
416 473
417 473
417 474
418 474
418 475
419 475
419 476
419 477
419 478
419 479
419 480
420 480
420 481
419 481
419 482
418 482
417 482
417 483
416 483
416 484
416 485
416 486
416 487
416 488
416 489
416 490
416 491
416 492
416 493
416 494
415 494
414 494
413 494
412 494
412 495
411 495
411 496
411 497
411 498
411 499
411 500
411 501
410 501
409 501
408 501
408 502
407 502
406 502
406 503
405 503
405 504
404 504
404 505
403 505
402 505
401 505
400 505
400 506
399 506
398 506
397 506
397 507
396 507
395 507
394 507
394 508
393 508
392 508
391 508
390 508
390 509
389 509
389 510
388 510
388 511
387 511
386 511
385 511
384 511
383 511
382 511
382 510
382 509
382 508
382 507
382 506
382 505
382 504
382 503
382 502
382 501
382 500
382 499
382 498
382 497
382 496
382 495
381 495
381 494
380 494
380 493
380 492
380 491
380 490
380 489
380 488
379 488
378 488
377 488
376 488
376 487
375 487
375 486
375 485
374 485
374 484
373 484
372 484
371 484
370 484
369 484
368 484
368 483
368 482
368 481
368 480
368 479
368 478
368 477
368 476
367 476
367 475
366 475
366 474
366 473
366 472
366 471
365 471
365 470
364 470
363 470
362 470
361 470
361 469
360 469
360 468
359 468
359 467
358 467
357 467
356 467
355 467
355 466
354 466
354 465
353 465
352 465
351 465
351 464
350 464
350 463
402 416
402 415
402 414
402 413
402 412
402 411
402 410
402 409
402 408
403 408
403 407
404 407
405 407
406 407
406 406
406 405
406 404
406 403
407 403
407 402
408 402
408 401
409 401
410 401
410 400
410 399
410 398
410 397
409 397
409 396
408 396
408 395
407 395
406 395
406 394
406 393
405 393
405 392
404 392
404 391
404 390
403 390
403 389
403 388
402 388
402 387
402 386
402 385
402 384
402 383
402 382
402 381
402 380
401 380
401 379
400 379
400 378
399 378
399 379
398 379
397 379
396 379
395 379
394 379
393 379
393 380
394 380
395 380
395 381
395 382
395 383
395 384
395 385
395 386
395 387
395 388
395 389
395 390
394 390
393 390
392 390
391 390
390 390
389 390
389 389
388 389
388 388
387 388
387 387
386 387
386 386
385 386
384 386
383 386
382 386
381 386
381 385
380 385
380 384
380 383
379 383
379 382
378 382
378 381
377 381
377 380
376 380
376 379
375 379
374 379
374 378
373 378
372 378
371 378
371 379
370 379
369 379
368 379
368 378
368 377
367 377
367 376
366 376
366 375
365 375
271 331
271 330
271 332
271 333
271 334
272 334
272 335
273 335
273 336
274 336
274 337
274 338
275 338
275 339
276 339
276 340
277 340
277 341
278 341
279 341
280 341
280 340
281 340
282 340
282 339
282 338
282 337
282 336
283 336
283 335
284 335
284 334
285 334
285 333
286 333
286 332
286 331
287 331
287 330
287 329
287 328
288 328
288 327
289 327
289 326
290 326
291 326
291 325
292 325
292 324
293 324
293 323
294 323
294 322
294 321
295 321
295 320
295 319
295 318
295 317
295 316
296 316
296 315
297 315
297 316
298 316
299 316
300 316
301 316
302 316
303 316
303 317
304 317
305 317
305 318
306 318
307 318
307 319
308 319
308 320
308 321
308 322
308 323
309 323
309 324
309 325
309 326
310 326
310 327
311 327
311 328
312 328
312 329
312 330
313 330
313 331
314 331
314 332
314 333
315 333
315 334
316 334
316 335
317 335
317 336
318 336
319 336
320 336
320 337
321 337
321 338
321 339
321 340
321 341
321 342
322 342
323 342
324 342
325 342
326 342
327 342
328 342
328 343
329 343
329 344
329 345
329 346
330 346
331 346
332 346
332 347
333 347
334 347
334 348
335 348
335 349
336 349
337 349
337 350
338 350
339 350
340 350
340 351
341 351
341 352
341 353
342 353
342 354
342 355
341 355
341 356
341 357
341 358
341 359
341 360
341 361
341 362
341 363
342 363
342 364
342 365
343 365
343 366
343 367
343 368
343 369
343 370
342 370
342 371
341 371
340 371
340 372
339 372
271 329
270 329
269 329
269 328
268 328
267 328
266 328
265 328
264 328
263 328
262 328
261 328
260 328
259 328
258 328
258 329
257 329
256 329
256 330
255 330
254 330
254 331
253 331
252 331
252 332
251 332
250 332
250 331
249 331
249 330
248 330
248 329
247 329
246 329
245 329
244 329
243 329
242 329
241 329
240 329
239 329
239 328
238 328
238 327
237 327
237 326
236 326
236 325
236 324
236 323
236 322
236 321
236 320
237 320
237 319
237 318
238 318
239 318
239 317
240 317
240 316
241 316
241 315
241 314
241 313
240 313
240 312
239 312
238 312
237 312
236 312
236 311
236 310
236 309
236 308
236 307
236 306
236 305
236 304
236 303
236 302
236 301
236 300
236 299
236 298
235 298
235 297
236 297
236 296
236 295
237 295
237 294
237 293
237 292
238 292
238 291
238 290
238 289
238 288
237 288
237 287
237 286
237 285
237 284
237 283
237 282
237 281
237 280
237 279
237 278
237 277
237 276
237 275
238 275
239 275
240 275
241 275
242 275
243 275
243 276
244 276
245 276
246 276
247 276
247 277
247 278
247 279
247 280
248 280
249 280
249 281
250 281
251 281
251 282
252 282
252 283
253 283
253 284
254 284
255 284
255 285
256 285
257 285
258 285
259 285
260 285
261 285
262 285
262 286
263 286
263 287
264 287
264 286
265 286
266 286
267 286
268 286
268 285
269 285
269 284
269 283
269 282
269 281
270 281
270 280
271 280
271 279
272 279
272 278
273 278
274 278
274 277
275 277
276 277
276 276
277 276
278 276
279 276
280 276
281 276
282 276
283 276
284 276
285 276
286 276
286 277
287 277
287 278
287 279
287 280
286 280
286 281
286 282
286 283
286 284
286 285
286 286
286 287
286 288
286 289
286 290
286 291
286 292
285 292
285 293
286 293
287 293
288 293
289 293
290 293
291 293
291 294
292 294
292 295
292 296
292 297
292 298
292 299
291 299
291 300
290 300
290 301
289 301
289 302
289 303
290 303
290 304
290 305
290 306
291 306
291 307
292 307
292 308
293 308
293 309
294 309
294 310
294 311
295 311
295 312
295 313
296 313
296 314
480 453
481 453
479 453
478 453
477 453
476 453
476 452
475 452
475 451
474 451
473 451
472 451
472 450
471 450
471 451
470 451
469 451
468 451
467 451
466 451
465 451
464 451
464 452
464 453
464 454
464 455
464 456
464 457
464 458
463 458
463 459
462 459
462 460
462 461
461 461
461 462
460 462
460 463
459 463
459 464
458 464
457 464
456 464
455 464
454 464
453 464
452 464
452 463
451 463
451 462
450 462
449 462
449 461
448 461
448 462
447 462
446 462
446 463
446 464
446 465
446 466
446 467
446 468
446 469
446 470
446 471
446 472
446 473
445 473
444 473
444 474
443 474
443 475
443 476
443 477
442 477
442 478
441 478
441 479
440 479
440 480
439 480
438 480
437 480
436 480
435 480
434 480
433 480
432 480
431 480
430 480
429 480
428 480
427 480
426 480
425 480
424 480
423 480
422 480
421 480
482 453
483 453
484 453
485 453
486 453
487 453
488 453
99 357
98 357
100 357
101 357
102 357
102 356
102 355
102 354
102 353
103 353
103 352
103 351
104 351
104 350
104 349
105 349
105 348
105 347
106 347
106 346
107 346
108 346
108 345
107 345
106 345
106 344
106 343
106 342
106 341
106 340
105 340
105 339
105 338
105 337
105 336
104 336
104 335
104 334
104 333
104 332
104 331
104 330
104 329
105 329
105 328
105 327
105 326
105 325
105 324
106 324
106 323
106 322
107 322
107 321
107 320
108 320
109 320
109 319
109 318
108 318
107 318
107 317
106 317
106 316
105 316
105 315
104 315
104 314
104 313
103 313
103 312
102 312
102 311
102 310
102 309
102 308
102 307
102 306
102 305
103 305
103 304
104 304
104 303
105 303
105 302
105 301
106 301
106 300
107 300
107 299
108 299
108 298
109 298
109 297
110 297
110 296
111 296
111 295
112 295
112 294
112 293
113 293
113 292
113 291
113 290
113 289
113 288
113 287
113 286
113 285
113 284
113 283
113 282
114 282
115 282
97 357
96 357
96 358
95 358
95 359
94 359
93 359
92 359
91 359
90 359
89 359
88 359
87 359
86 359
85 359
84 359
83 359
82 359
81 359
80 359
79 359
78 359
77 359
76 359
75 359
74 359
73 359
72 359
71 359
70 359
69 359
69 358
69 357
69 356
69 355
69 354
69 353
69 352
68 352
67 352
67 353
66 353
66 354
65 354
64 354
64 355
64 356
63 356
63 357
63 358
62 358
62 359
61 359
61 360
61 361
61 362
61 363
61 364
61 365
61 366
61 367
60 367
60 368
59 368
59 369
60 369
60 370
61 370
62 370
63 370
64 370
64 371
65 371
65 372
65 373
65 374
64 374
64 375
64 376
64 377
64 378
64 379
64 380
64 381
63 381
63 382
62 382
62 383
61 383
61 384
60 384
59 384
59 385
58 385
58 386
57 386
57 387
57 388
56 388
199 301
200 301
198 301
197 301
196 301
196 302
195 302
195 301
194 301
193 301
192 301
192 300
191 300
191 299
190 299
189 299
188 299
187 299
186 299
185 299
184 299
183 299
183 298
182 298
182 297
181 297
181 296
180 296
180 295
180 294
179 294
179 293
178 293
178 292
177 292
176 292
175 292
175 291
175 290
175 289
174 289
174 288
174 287
173 287
172 287
171 287
171 286
170 286
169 286
168 286
167 286
167 285
167 284
167 283
167 282
167 281
167 280
167 279
167 278
167 277
166 277
166 276
165 276
164 276
164 275
163 275
162 275
161 275
161 274
160 274
160 273
160 272
160 271
160 270
160 269
161 269
161 268
160 268
159 268
158 268
157 268
156 268
155 268
154 268
153 268
152 268
151 268
151 269
150 269
150 270
149 270
148 270
147 270
147 271
146 271
145 271
145 272
145 273
145 274
144 274
144 275
143 275
143 276
143 277
143 278
143 279
143 280
142 280
142 281
142 282
141 282
141 283
141 284
140 284
139 284
139 285
138 285
138 286
137 286
136 286
136 287
135 287
134 287
133 287
132 287
131 287
130 287
129 287
128 287
127 287
127 286
126 286
125 286
124 286
123 286
122 286
121 286
120 286
119 286
118 286
118 285
117 285
117 284
117 283
116 283
116 282
201 301
202 301
203 301
204 301
205 301
205 302
206 302
207 302
207 303
208 303
208 304
209 304
209 305
210 305
211 305
212 305
213 305
214 305
215 305
216 305
217 305
218 305
219 305
220 305
220 306
220 307
220 308
220 309
220 310
220 311
220 312
221 312
221 313
222 313
222 314
223 314
224 314
225 314
226 314
227 314
228 314
229 314
230 314
231 314
231 313
232 313
233 313
234 313
235 313
236 313
237 313
238 313
239 313
49 272
50 272
48 272
47 272
46 272
45 272
45 271
44 271
43 271
42 271
42 270
41 270
41 269
40 269
40 268
40 267
39 267
39 266
38 266
37 266
36 266
36 265
35 265
35 264
34 264
34 263
34 262
34 261
34 260
34 259
34 258
33 258
32 258
31 258
30 258
29 258
28 258
27 258
26 258
25 258
24 258
23 258
22 258
21 258
21 257
20 257
19 257
19 256
18 256
18 255
17 255
17 254
16 254
15 254
14 254
13 254
12 254
11 254
10 254
9 254
8 254
7 254
6 254
6 255
6 256
6 257
5 257
4 257
3 257
2 257
1 257
1 258
0 258
0 259
0 260
0 261
0 262
0 263
0 264
0 265
0 266
0 267
0 268
0 269
0 270
0 271
0 272
51 272
52 272
53 272
54 272
55 272
56 272
57 272
58 272
59 272
60 272
61 272
61 273
61 274
61 275
61 276
61 277
61 278
62 278
63 278
63 279
64 279
65 279
65 280
66 280
67 280
68 280
69 280
70 280
70 281
71 281
72 281
72 282
72 283
73 283
73 284
74 284
74 285
75 285
75 286
76 286
76 287
76 288
77 288
77 289
77 290
78 290
79 290
79 291
80 291
80 292
80 293
80 294
80 295
80 296
80 297
79 297
78 297
77 297
76 297
75 297
75 298
74 298
73 298
72 298
71 298
71 299
70 299
70 300
70 301
70 302
70 303
71 303
71 304
71 305
71 306
71 307
71 308
71 309
71 310
71 311
72 311
73 311
74 311
75 311
75 312
76 312
76 313
77 313
77 314
77 315
77 316
77 317
77 318
77 319
76 319
76 320
75 320
75 321
75 322
75 323
74 323
74 324
74 325
74 326
74 327
74 328
74 329
74 330
74 331
74 332
74 333
74 334
74 335
74 336
73 336
73 337
72 337
72 338
71 338
71 339
71 340
71 341
70 341
70 342
70 343
70 344
70 345
70 346
69 346
69 347
68 347
68 348
68 349
68 350
68 351
460 123
459 123
461 123
462 123
463 123
463 122
464 122
465 122
466 122
467 122
468 122
468 121
469 121
470 121
471 121
472 121
473 121
474 121
475 121
475 120
476 120
477 120
478 120
478 119
479 119
480 119
480 118
481 118
482 118
482 117
483 117
484 117
485 117
485 116
486 116
487 116
487 115
488 115
489 115
490 115
491 115
492 115
492 114
493 114
494 114
494 113
495 113
496 113
496 112
497 112
497 111
498 111
499 111
500 111
501 111
502 111
503 111
504 111
504 110
505 110
506 110
507 110
507 109
508 109
509 109
509 108
510 108
511 108
458 123
457 123
456 123
455 123
455 124
454 124
454 125
453 125
452 125
452 126
451 126
450 126
449 126
448 126
447 126
446 126
445 126
444 126
443 126
442 126
441 126
440 126
439 126
439 127
438 127
438 128
437 128
437 129
437 130
436 130
436 131
435 131
435 132
435 133
434 133
434 134
433 134
433 135
432 135
432 136
431 136
430 136
430 137
429 137
428 137
428 138
427 138
426 138
425 138
424 138
423 138
422 138
421 138
420 138
420 139
419 139
418 139
417 139
416 139
415 139
415 140
414 140
413 140
412 140
412 141
411 141
410 141
409 141
409 142
408 142
407 142
407 143
406 143
405 143
405 144
404 144
403 144
402 144
401 144
375 152
376 152
374 152
373 152
372 152
371 152
370 152
370 153
369 153
369 154
368 154
368 155
367 155
366 155
366 156
365 156
365 157
364 157
363 157
362 157
362 158
361 158
360 158
359 158
359 159
358 159
377 152
377 151
378 151
379 151
380 151
380 150
381 150
382 150
382 149
383 149
384 149
385 149
386 149
386 148
387 148
388 148
389 148
389 147
390 147
391 147
392 147
393 147
394 147
395 147
395 146
396 146
397 146
398 146
398 145
399 145
400 145
400 144
318 190
318 191
318 189
318 188
318 187
318 186
318 185
318 184
319 184
319 183
320 183
321 183
322 183
322 182
323 182
324 182
325 182
325 181
326 181
327 181
327 180
328 180
328 179
329 179
329 178
330 178
330 177
331 177
331 176
332 176
333 176
333 175
334 175
334 174
335 174
336 174
336 173
337 173
338 173
338 172
339 172
339 171
340 171
340 170
340 169
341 169
341 168
342 168
342 167
343 167
343 166
344 166
344 165
345 165
345 164
346 164
347 164
348 164
348 163
349 163
350 163
351 163
351 162
352 162
353 162
353 161
354 161
355 161
355 160
356 160
357 160
357 159
318 192
318 193
318 194
318 195
318 196
318 197
318 198
317 198
317 199
316 199
315 199
315 200
314 200
313 200
312 200
312 201
311 201
311 202
310 202
310 203
310 204
310 205
309 205
309 206
309 207
309 208
309 209
309 210
309 211
309 212
309 213
310 213
310 214
311 214
311 215
311 216
312 216
312 217
312 218
312 219
312 220
312 221
312 222
312 223
312 224
312 225
312 226
313 226
314 226
314 227
315 227
315 228
316 228
316 229
316 230
316 231
317 231
317 232
317 233
318 233
318 234
319 234
319 235
320 235
320 236
321 236
321 237
320 237
320 238
320 239
320 240
320 241
320 242
321 242
321 243
321 244
321 245
322 245
322 246
323 246
324 246
324 247
325 247
326 247
326 248
327 248
327 249
328 249
328 250
328 251
328 252
328 253
328 254
328 255
329 255
329 256
330 256
330 257
330 258
330 259
330 260
330 261
330 262
330 263
330 264
331 264
332 264
332 265
333 265
333 266
334 266
334 267
334 268
335 268
335 269
336 269
337 269
337 270
338 270
338 271
338 272
338 273
338 274
338 275
338 276
338 277
338 278
338 279
337 279
337 280
337 281
337 282
337 283
336 283
335 283
335 284
334 284
333 284
332 284
331 284
330 284
329 284
328 284
327 284
327 285
326 285
326 286
325 286
325 287
325 288
325 289
324 289
324 290
323 290
323 291
323 292
323 293
323 294
323 295
323 296
323 297
323 298
322 298
321 298
320 298
320 299
319 299
319 300
319 301
319 302
319 303
318 303
318 304
318 305
317 305
317 306
316 306
316 307
316 308
315 308
315 309
315 310
315 311
315 312
314 312
314 313
313 313
312 313
311 313
311 314
310 314
309 314
309 315
309 316
308 316
308 317
307 317
306 317
