424 190
425 190
423 190
422 190
421 190
420 190
419 190
418 190
417 190
416 190
415 190
415 189
414 189
414 188
415 188
415 187
416 187
416 186
417 186
417 185
417 184
417 183
417 182
417 181
417 180
417 179
417 178
417 177
417 176
417 175
417 174
418 174
419 174
419 173
420 173
421 173
421 172
422 172
423 172
424 172
425 172
426 172
426 171
426 170
426 169
427 169
428 169
428 168
429 168
430 168
431 168
432 168
432 167
431 167
431 166
431 165
431 164
431 163
431 162
431 161
432 161
432 160
433 160
433 159
434 159
434 158
435 158
435 157
436 157
437 157
437 156
437 155
438 155
438 154
439 154
440 154
440 153
441 153
441 152
442 152
443 152
444 152
445 152
446 152
447 152
448 152
448 151
449 151
450 151
451 151
452 151
453 151
454 151
455 151
455 152
455 153
455 154
456 154
456 155
456 156
456 157
457 157
458 157
458 156
459 156
460 156
461 156
462 156
463 156
464 156
465 156
466 156
467 156
468 156
469 156
469 157
470 157
470 158
470 159
471 159
472 159
473 159
474 159
475 159
476 159
477 159
478 159
478 160
479 160
479 161
480 161
481 161
482 161
482 162
483 162
483 163
484 163
485 163
485 164
485 165
485 166
485 167
485 168
484 168
484 169
484 170
484 171
484 172
484 173
484 174
484 175
483 175
483 176
483 177
482 177
481 177
481 178
480 178
480 179
480 180
480 181
480 182
480 183
480 184
480 185
480 186
480 187
480 188
479 188
478 188
477 188
476 188
475 188
474 188
473 188
472 188
471 188
470 188
469 188
469 189
468 189
468 190
467 190
467 191
426 190
426 191
427 191
427 192
427 193
427 194
427 195
428 195
428 196
428 197
428 198
428 199
428 200
428 201
428 202
428 203
429 203
429 204
430 204
430 205
431 205
431 206
432 206
432 207
432 208
432 209
432 210
433 210
434 210
435 210
436 210
437 210
438 210
439 210
440 210
441 210
442 210
442 209
443 209
443 208
444 208
444 207
444 206
444 205
444 204
444 203
444 202
444 201
444 200
443 200
443 199
442 199
442 198
443 198
444 198
445 198
446 198
447 198
448 198
449 198
450 198
451 198
452 198
453 198
454 198
455 198
455 199
456 199
457 199
458 199
459 199
460 199
461 199
462 199
463 199
463 198
464 198
464 197
464 196
465 196
465 195
465 194
465 193
465 192
466 192
466 191
396 91
396 92
395 91
394 91
393 91
393 90
392 90
392 89
391 89
390 89
390 88
389 88
389 87
388 87
388 86
387 86
387 85
386 85
386 84
386 83
386 82
386 81
386 80
386 79
386 78
386 77
386 76
387 76
387 75
387 74
388 74
388 73
387 73
387 72
386 72
385 72
384 72
383 72
383 71
382 71
382 70
381 70
381 69
380 69
380 68
380 67
380 66
380 65
380 64
380 63
381 63
382 63
382 62
383 62
384 62
384 61
385 61
386 61
387 61
387 60
388 60
388 59
389 59
389 58
390 58
390 57
391 57
392 57
392 58
393 58
393 59
394 59
394 60
394 61
394 62
395 62
396 62
397 62
398 62
398 61
399 61
400 61
401 61
402 61
403 61
403 60
403 59
403 58
404 58
405 58
406 58
407 58
408 58
408 57
407 57
407 56
407 55
407 54
407 53
407 52
407 51
407 50
408 50
408 49
409 49
409 48
410 48
411 48
412 48
413 48
413 47
414 47
414 48
414 49
415 49
415 50
415 51
415 52
415 53
416 53
416 54
416 55
416 56
417 56
417 57
417 58
418 58
419 58
420 58
421 58
422 58
422 57
423 57
424 57
424 56
425 56
426 56
427 56
428 56
429 56
429 57
430 57
431 57
432 57
433 57
434 57
434 58
434 59
435 59
435 58
435 57
436 57
437 57
438 57
439 57
440 57
441 57
442 57
443 57
444 57
444 56
445 56
446 56
447 56
448 56
449 56
449 55
450 55
451 55
451 54
452 54
453 54
454 54
455 54
456 54
457 54
458 54
459 54
460 54
460 53
461 53
462 53
463 53
464 53
465 53
466 53
467 53
468 53
468 54
469 54
469 55
470 55
470 56
471 56
472 56
472 57
473 57
474 57
475 57
476 57
477 57
478 57
478 56
478 55
479 55
479 54
480 54
480 53
481 53
482 53
483 53
484 53
484 52
484 51
485 51
485 50
485 49
486 49
486 48
487 48
488 48
489 48
490 48
491 48
492 48
493 48
494 48
494 47
495 47
495 46
495 45
496 45
496 44
497 44
497 45
498 45
498 46
499 46
500 46
501 46
502 46
503 46
503 47
504 47
504 48
505 48
397 92
397 93
398 93
398 94
398 95
398 96
398 97
398 98
398 99
398 100
399 100
399 101
400 101
400 102
401 102
401 103
402 103
402 104
402 105
402 106
403 106
403 107
404 107
405 107
406 107
406 108
407 108
408 108
409 108
409 109
410 109
411 109
411 110
412 110
412 111
413 111
414 111
197 10
198 10
196 10
195 10
195 11
194 11
194 12
193 12
193 13
192 13
192 14
191 14
190 14
189 14
188 14
187 14
186 14
185 14
185 13
185 12
185 11
185 10
185 9
185 8
185 7
185 6
185 5
185 4
185 3
185 2
186 2
186 1
187 1
187 0
188 0
199 10
200 10
201 10
202 10
202 9
203 9
204 9
205 9
206 9
207 9
208 9
209 9
210 9
211 9
212 9
212 8
213 8
349 55
348 55
349 56
349 57
350 57
350 58
350 59
351 59
351 60
352 60
352 61
353 61
353 62
353 63
354 63
354 64
355 64
355 65
355 66
355 67
355 68
356 68
357 68
358 68
358 67
359 67
359 66
360 66
360 65
361 65
361 66
362 66
362 67
363 67
363 68
364 68
365 68
366 68
367 68
368 68
369 68
369 67
370 67
371 67
372 67
373 67
373 66
374 66
375 66
375 65
376 65
376 64
377 64
377 63
378 63
379 63
347 55
346 55
346 54
345 54
344 54
343 54
343 55
342 55
342 54
342 53
342 52
342 51
341 51
341 50
340 50
340 49
340 48
339 48
338 48
338 47
337 47
336 47
335 47
334 47
333 47
333 46
333 45
333 44
333 43
333 42
333 41
332 41
332 40
331 40
330 40
330 41
329 41
329 42
328 42
327 42
327 43
326 43
326 44
325 44
325 45
325 46
325 47
325 48
324 48
323 48
322 48
321 48
320 48
319 48
318 48
318 47
317 47
317 46
316 46
316 47
315 47
315 48
314 48
314 49
313 49
313 50
312 50
312 51
312 52
312 53
312 54
312 55
312 56
312 57
312 58
313 58
313 59
313 60
312 60
312 61
311 61
311 62
310 62
310 63
309 63
309 64
309 65
309 66
308 66
308 67
307 67
307 68
306 68
306 69
306 70
306 71
306 72
306 73
306 74
306 75
307 75
307 76
307 77
308 77
308 78
308 79
308 80
308 81
308 82
309 82
309 83
309 84
309 85
309 86
310 86
310 87
310 88
311 88
311 89
311 90
311 91
311 92
312 92
312 93
312 94
312 95
312 96
312 97
312 98
313 98
313 99
313 100
312 100
312 101
311 101
311 102
310 102
309 102
309 103
308 103
308 104
308 105
307 105
307 106
307 107
307 108
307 109
307 110
306 110
306 111
306 112
306 113
306 114
306 115
306 116
306 117
306 118
306 119
305 119
305 120
304 120
303 120
302 120
301 120
300 120
300 121
301 121
302 121
302 122
303 122
303 123
304 123
305 123
306 123
307 123
308 123
308 124
309 124
310 124
310 125
311 125
311 126
312 126
312 127
313 127
313 128
314 128
314 129
314 130
314 131
315 131
315 132
315 133
314 133
314 134
314 135
314 136
314 137
313 137
313 138
313 139
312 139
312 140
311 140
311 141
310 141
310 142
309 142
309 143
309 144
309 145
309 146
309 147
308 147
308 148
308 149
307 149
306 149
305 149
304 149
303 149
302 149
301 149
469 137
469 136
470 137
470 138
471 138
471 139
472 139
472 140
472 141
472 142
473 142
474 142
475 142
476 142
476 143
477 143
477 144
477 145
478 145
478 146
478 147
479 147
479 148
479 149
479 150
479 151
480 151
480 152
480 153
480 154
481 154
481 155
481 156
480 156
480 157
479 157
479 158
479 159
468 136
467 136
466 136
465 136
464 136
464 135
464 134
465 134
465 133
465 132
465 131
465 130
465 129
465 128
465 127
465 126
465 125
466 125
466 124
466 123
466 122
466 121
466 120
466 119
465 119
465 118
464 118
463 118
462 118
461 118
460 118
459 118
458 118
458 117
457 117
456 117
455 117
454 117
454 116
453 116
453 115
452 115
452 114
451 114
451 113
450 113
450 112
450 111
450 110
450 109
450 108
449 108
449 107
449 106
449 105
448 105
448 104
448 103
448 102
447 102
446 102
446 101
445 101
444 101
443 101
442 101
442 100
443 100
443 99
444 99
444 98
444 97
444 96
444 95
444 94
444 93
444 92
444 91
444 90
444 89
443 89
443 88
443 87
443 86
442 86
442 85
442 84
442 83
442 82
442 81
441 81
441 80
440 80
440 79
440 78
440 77
440 76
440 75
440 74
440 73
439 73
438 73
437 73
437 72
438 72
439 72
440 72
440 71
441 71
441 70
441 69
441 68
441 67
441 66
440 66
440 65
439 65
439 64
438 64
438 63
437 63
437 62
436 62
436 61
435 61
435 60
371 189
371 188
370 189
369 189
369 190
368 190
368 191
367 191
367 192
367 193
367 194
367 195
366 195
366 196
365 196
364 196
363 196
362 196
361 196
360 196
359 196
358 196
357 196
357 195
356 195
356 194
356 193
355 193
354 193
353 193
352 193
351 193
350 193
350 194
349 194
349 193
349 192
349 191
349 190
349 189
349 188
348 188
348 187
348 186
348 185
348 184
348 183
348 182
348 181
348 180
348 179
348 178
348 177
349 177
349 176
350 176
372 188
373 188
373 187
374 187
374 186
375 186
375 185
376 185
377 185
378 185
379 185
380 185
381 185
382 185
383 185
383 186
384 186
384 185
384 184
385 184
385 183
385 182
385 181
386 181
386 180
387 180
387 179
388 179
389 179
389 178
390 178
390 177
391 177
391 176
392 176
392 175
392 174
392 173
392 172
393 172
393 171
393 170
393 169
393 168
393 167
394 167
394 166
394 165
394 164
395 164
396 164
397 164
398 164
399 164
400 164
400 165
401 165
401 166
402 166
402 167
403 167
403 168
404 168
405 168
405 169
406 169
407 169
408 169
409 169
409 170
409 171
410 171
410 172
411 172
411 173
412 173
413 173
414 173
414 174
415 174
416 174
402 146
402 147
402 145
402 144
402 143
402 142
402 141
402 140
401 140
401 139
400 139
400 138
399 138
399 137
398 137
398 136
398 135
397 135
397 134
396 134
395 134
394 134
393 134
393 133
393 132
393 131
392 131
391 131
390 131
390 130
390 129
390 128
390 127
390 126
390 125
390 124
390 123
390 122
389 122
389 121
389 120
389 119
389 118
389 117
388 117
388 116
388 115
387 115
387 114
386 114
386 113
385 113
384 113
384 112
384 111
383 111
383 110
382 110
382 109
381 109
381 108
381 107
381 106
381 105
381 104
381 103
381 102
382 102
382 101
381 101
380 101
380 100
380 99
379 99
379 98
378 98
378 97
377 97
377 96
376 96
376 95
376 94
376 93
377 93
377 92
377 91
378 91
378 90
378 89
379 89
379 88
379 87
380 87
381 87
382 87
383 87
384 87
385 87
386 87
387 87
402 148
402 149
403 149
403 150
403 151
403 152
404 152
404 153
405 153
405 154
406 154
406 155
406 156
405 156
405 157
405 158
404 158
404 159
404 160
404 161
404 162
404 163
404 164
404 165
403 165
403 166
483 97
484 97
483 98
483 99
482 99
482 100
481 100
481 101
481 102
481 103
481 104
481 105
481 106
481 107
481 108
481 109
480 109
480 110
480 111
480 112
480 113
479 113
479 114
478 114
477 114
477 115
476 115
475 115
475 116
474 116
473 116
473 117
472 117
472 118
471 118
470 118
469 118
468 118
467 118
466 118
485 97
486 97
487 97
488 97
488 96
489 96
489 95
490 95
490 94
340 167
341 167
339 167
338 167
337 167
336 167
335 167
334 167
333 167
333 168
333 169
332 169
332 170
331 170
331 169
330 169
330 168
330 167
330 166
329 166
328 166
328 165
327 165
327 164
326 164
325 164
325 163
324 163
323 163
323 162
322 162
322 161
321 161
320 161
319 161
318 161
317 161
316 161
316 160
316 159
315 159
315 158
315 157
314 157
314 156
313 156
313 155
313 154
312 154
312 153
311 153
311 152
310 152
310 151
309 151
309 150
308 150
342 167
343 167
343 168
344 168
345 168
345 169
346 169
346 170
347 170
347 171
348 171
348 172
348 173
349 173
349 174
349 175
350 175
235 2
235 3
234 2
234 1
233 1
233 0
232 0
231 0
230 0
229 0
228 0
227 0
227 1
227 2
226 2
226 1
225 1
225 0
224 0
223 0
222 0
221 0
220 0
219 0
218 0
217 0
216 0
215 0
214 0
213 0
212 0
211 0
210 0
210 1
210 2
210 3
210 4
210 5
210 6
211 6
211 7
212 7
236 3
236 4
237 4
238 4
239 4
240 4
241 4
241 3
242 3
243 3
243 4
244 4
245 4
246 4
246 3
247 3
248 3
249 3
250 3
251 3
252 3
252 2
253 2
253 1
253 0
254 0
255 0
256 0
257 0
258 0
259 0
260 0
261 0
262 0
263 0
264 0
265 0
266 0
267 0
268 0
269 0
270 0
271 0
272 0
273 0
274 0
275 0
276 0
277 0
278 0
279 0
280 0
281 0
282 0
283 0
284 0
285 0
286 0
287 0
288 0
288 1
288 2
288 3
288 4
288 5
288 6
289 6
290 6
291 6
292 6
293 6
294 6
295 6
296 6
296 7
297 7
297 8
297 9
297 10
297 11
297 12
297 13
297 14
297 15
297 16
298 16
298 17
299 17
299 18
299 19
300 19
300 20
300 21
301 21
301 22
301 23
302 23
302 24
303 24
304 24
305 24
306 24
306 25
307 25
307 26
308 26
308 27
309 27
310 27
311 27
312 27
313 27
313 28
314 28
314 29
314 30
315 30
315 31
316 31
317 31
318 31
319 31
320 31
321 31
322 31
323 31
323 30
324 30
324 31
324 32
324 33
325 33
325 34
326 34
327 34
328 34
328 35
329 35
329 36
330 36
330 37
330 38
330 39
331 39
453 272
454 272
452 272
451 272
450 272
450 271
449 271
448 271
448 270
448 269
448 268
448 267
447 267
447 266
447 265
447 264
447 263
447 262
446 262
446 261
445 261
444 261
444 260
443 260
443 259
442 259
442 258
441 258
441 257
440 257
440 256
440 255
439 255
439 254
439 253
439 252
439 251
455 272
456 272
457 272
458 272
459 272
460 272
460 273
461 273
461 274
461 275
461 276
461 277
462 277
462 278
463 278
464 278
464 279
465 279
465 280
465 281
466 281
466 282
466 283
466 284
467 284
468 284
469 284
470 284
471 284
471 285
472 285
472 284
473 284
474 284
474 283
475 283
476 283
477 283
478 283
479 283
479 284
480 284
481 284
481 285
482 285
483 285
483 286
484 286
485 286
485 285
486 285
487 285
487 284
488 284
489 284
490 284
491 284
492 284
493 284
494 284
495 284
495 283
496 283
497 283
498 283
499 283
500 283
501 283
502 283
503 283
504 283
505 283
505 282
504 282
504 281
503 281
503 280
503 279
504 279
504 278
505 278
506 278
507 278
508 278
508 277
508 276
508 275
508 274
508 273
508 272
509 272
509 271
509 270
509 269
509 268
510 268
511 268
511 267
510 267
509 267
509 266
508 266
507 266
507 265
506 265
505 265
504 265
504 264
503 264
502 264
502 263
501 263
501 262
501 261
501 260
501 259
500 259
500 258
499 258
498 258
497 258
497 257
496 257
495 257
495 256
494 256
494 255
494 254
494 253
493 253
493 252
493 251
492 251
492 250
492 249
492 248
492 247
492 246
492 245
492 244
491 244
491 243
490 243
489 243
488 243
487 243
486 243
485 243
484 243
483 243
482 243
482 244
481 244
480 244
479 244
478 244
477 244
476 244
475 244
474 244
473 244
473 243
474 243
475 243
476 243
476 242
476 241
476 240
476 239
476 238
476 237
476 236
476 235
476 234
477 234
477 233
478 233
478 232
477 232
477 231
477 230
477 229
477 228
476 228
476 227
476 226
476 225
476 224
476 223
476 222
477 222
477 221
478 221
478 220
478 219
478 218
478 217
478 216
478 215
478 214
478 213
479 213
479 212
479 211
479 210
479 209
478 209
478 208
477 208
477 207
477 206
477 205
477 204
477 203
477 202
477 201
477 200
477 199
476 199
475 199
475 198
474 198
474 197
474 196
474 195
474 194
474 193
473 193
472 193
471 193
470 193
469 193
468 193
468 192
468 191
66 58
66 59
65 58
64 58
63 58
62 58
62 57
61 57
60 57
59 57
59 56
59 55
59 54
59 53
59 52
59 51
59 50
59 49
59 48
59 47
59 46
59 45
60 45
61 45
61 44
62 44
67 59
68 59
69 59
69 60
70 60
70 61
71 61
71 62
71 63
71 64
71 65
71 66
71 67
70 67
70 68
70 69
70 70
69 70
69 71
70 71
71 71
72 71
73 71
74 71
75 71
76 71
77 71
77 70
78 70
79 70
79 69
79 68
80 68
80 67
80 66
81 66
82 66
82 65
82 64
83 64
83 63
84 63
85 63
85 64
86 64
86 65
87 65
87 66
87 67
87 68
87 69
87 70
87 71
87 72
87 73
87 74
87 75
87 76
87 77
88 77
88 78
88 79
89 79
89 80
89 81
90 81
90 82
90 83
91 83
91 84
91 85
91 86
91 87
91 88
91 89
91 90
91 91
91 92
91 93
91 94
92 94
92 95
93 95
94 95
94 96
95 96
96 96
96 97
97 97
98 97
98 98
98 99
99 99
99 100
100 100
101 100
102 100
103 100
104 100
105 100
105 101
106 101
107 101
107 102
108 102
109 102
109 103
390 233
391 233
389 233
388 233
387 233
386 233
386 232
386 231
386 230
386 229
387 229
387 228
387 227
388 227
388 226
388 225
388 224
388 223
388 222
388 221
388 220
387 220
387 219
386 219
385 219
385 218
386 218
387 218
387 217
387 216
387 215
387 214
387 213
387 212
388 212
388 211
388 210
388 209
389 209
389 208
389 207
389 206
389 205
389 204
390 204
390 203
391 203
391 202
392 202
392 201
392 200
393 200
393 199
393 198
394 198
394 197
395 197
396 197
397 197
397 196
398 196
398 195
398 194
398 193
398 192
398 191
398 190
399 190
399 189
398 189
398 188
397 188
397 187
397 186
396 186
396 185
396 184
396 183
396 182
396 181
395 181
395 180
395 179
394 179
394 178
393 178
393 177
392 177
391 234
392 234
392 235
393 235
393 236
393 237
393 238
394 238
394 239
394 240
394 241
394 242
394 243
394 244
393 244
393 245
392 245
391 245
390 245
390 246
389 246
389 247
388 247
388 248
387 248
386 248
386 249
386 250
386 251
386 252
386 253
386 254
386 255
386 256
386 257
386 258
385 258
385 259
350 257
349 257
351 257
352 257
352 258
353 258
353 259
353 260
354 260
354 261
354 262
354 263
354 264
353 264
353 265
353 266
353 267
353 268
353 269
353 270
354 270
354 271
355 271
355 272
356 272
356 273
357 273
357 274
358 274
358 275
358 276
359 276
359 277
360 277
361 277
362 277
363 277
363 278
364 278
364 279
365 279
365 280
366 280
366 281
366 282
366 283
366 284
367 284
367 285
367 286
367 287
367 288
367 289
367 290
368 290
368 291
369 291
370 291
371 291
372 291
373 291
374 291
375 291
376 291
377 291
378 291
379 291
379 290
380 290
380 289
380 288
381 288
381 287
381 286
382 286
382 285
382 284
381 284
381 283
381 282
381 281
380 281
380 280
380 279
379 279
379 278
378 278
378 277
378 276
378 275
379 275
379 274
379 273
380 273
380 272
380 271
380 270
380 269
380 268
381 268
381 267
382 267
383 267
383 266
383 265
383 264
383 263
383 262
383 261
384 261
384 260
384 259
349 256
348 256
348 255
347 255
347 254
347 253
347 252
347 251
347 250
347 249
347 248
348 248
348 247
348 246
349 246
349 245
349 244
350 244
350 243
350 242
350 241
351 241
351 240
351 239
351 238
351 237
351 236
350 236
350 235
349 235
349 234
349 233
348 233
348 232
348 231
347 231
347 230
346 230
346 229
345 229
344 229
344 228
343 228
343 227
342 227
342 226
342 225
342 224
342 223
342 222
342 221
341 221
341 220
341 219
340 219
339 219
339 218
340 218
340 217
341 217
342 217
342 216
343 216
344 216
344 215
345 215
345 214
345 213
344 213
344 212
344 211
344 210
343 210
343 209
343 208
343 207
343 206
343 205
343 204
343 203
343 202
342 202
342 201
341 201
341 200
340 200
340 199
340 198
340 197
339 197
339 196
339 195
339 194
339 193
339 192
339 191
340 191
340 190
341 190
342 190
342 189
343 189
344 189
345 189
346 189
347 189
347 188
218 44
218 43
218 45
217 45
217 46
217 47
217 48
217 49
217 50
217 51
217 52
217 53
216 53
216 54
215 54
215 55
214 55
214 56
213 56
212 56
211 56
210 56
210 57
210 58
209 58
208 58
208 57
208 56
208 55
208 54
208 53
207 53
206 53
205 53
204 53
203 53
202 53
202 52
201 52
200 52
200 51
200 50
199 50
199 49
198 49
197 49
197 48
196 48
196 47
196 46
195 46
195 45
194 45
193 45
192 45
191 45
190 45
189 45
188 45
187 45
187 44
186 44
186 43
185 43
184 43
184 42
183 42
182 42
181 42
180 42
179 42
178 42
177 42
176 42
176 41
176 40
176 39
176 38
176 37
176 36
176 35
176 34
176 33
176 32
176 31
176 30
176 29
175 29
174 29
173 29
173 28
172 28
171 28
171 27
170 27
169 27
168 27
168 26
167 26
166 26
165 26
164 26
163 26
162 26
161 26
161 25
161 24
160 24
159 24
158 24
157 24
156 24
155 24
154 24
153 24
152 24
152 23
152 22
151 22
150 22
149 22
148 22
147 22
146 22
146 21
146 20
145 20
145 19
144 19
144 18
143 18
143 17
143 16
143 15
143 14
143 13
143 12
143 11
143 10
143 9
142 9
142 8
141 8
140 8
139 8
138 8
137 8
136 8
136 9
135 9
134 9
134 10
133 10
132 10
131 10
130 10
129 10
128 10
127 10
126 10
126 9
125 9
124 9
123 9
123 8
122 8
121 8
120 8
119 8
118 8
117 8
116 8
115 8
115 7
114 7
114 6
113 6
112 6
111 6
110 6
109 6
108 6
107 6
106 6
106 7
105 7
105 8
105 9
104 9
104 10
104 11
103 11
103 12
102 12
102 13
101 13
101 14
100 14
100 15
99 15
98 15
97 15
96 15
96 14
95 14
94 14
93 14
93 13
92 13
91 13
90 13
89 13
88 13
87 13
86 13
86 12
85 12
84 12
83 12
82 12
81 12
80 12
79 12
79 11
78 11
77 11
76 11
75 11
74 11
73 11
72 11
71 11
71 12
71 13
71 14
71 15
71 16
70 16
69 16
69 17
68 17
68 18
68 19
68 20
68 21
68 22
68 23
68 24
68 25
68 26
67 26
67 27
67 28
67 29
67 30
67 31
68 31
68 32
68 33
68 34
68 35
68 36
68 37
68 38
68 39
68 40
68 41
67 41
67 42
66 42
65 42
64 42
64 43
63 43
62 43
218 42
218 41
218 40
218 39
218 38
219 38
220 38
221 38
222 38
223 38
224 38
225 38
225 39
225 40
225 41
225 42
226 42
226 43
227 43
227 44
228 44
228 45
228 46
229 46
229 47
229 48
229 49
230 49
230 50
230 51
231 51
231 52
231 53
232 53
233 53
234 53
235 53
236 53
237 53
238 53
238 54
239 54
240 54
241 54
242 54
243 54
244 54
245 54
246 54
246 53
247 53
248 53
249 53
250 53
251 53
252 53
252 52
253 52
253 51
253 50
253 49
254 49
255 49
255 48
256 48
257 48
257 47
258 47
258 46
258 45
259 45
259 44
259 43
260 43
260 42
260 41
260 40
260 39
260 38
261 38
261 37
260 37
260 36
259 36
258 36
257 36
257 35
256 35
256 34
255 34
255 33
255 32
254 32
254 31
253 31
252 31
252 30
252 29
252 28
252 27
252 26
252 25
251 25
251 24
251 23
251 22
251 21
251 20
251 19
251 18
252 18
252 17
253 17
253 16
254 16
255 16
255 15
256 15
257 15
257 14
258 14
259 14
259 13
258 13
257 13
257 12
256 12
256 11
255 11
255 10
255 9
255 8
255 7
255 6
255 5
255 4
255 3
255 2
255 1
376 229
377 229
376 230
375 230
374 230
374 231
373 231
372 231
371 231
370 231
369 231
368 231
367 231
366 231
365 231
364 231
364 232
363 232
363 233
362 233
362 234
361 234
360 234
359 234
358 234
357 234
356 234
356 235
355 235
354 235
354 236
353 236
352 236
378 229
379 229
380 229
380 228
380 227
381 227
381 228
382 228
383 228
384 228
385 228
385 229
385 230
479 333
479 334
479 332
479 331
479 330
479 329
478 329
478 330
477 330
476 330
475 330
474 330
473 330
472 330
471 330
471 329
471 328
470 328
470 327
469 327
469 326
468 326
467 326
467 325
466 325
465 325
464 325
464 324
463 324
462 324
461 324
460 324
459 324
459 323
458 323
458 322
457 322
457 321
457 320
457 319
457 318
458 318
458 317
459 317
459 316
459 315
459 314
459 313
459 312
459 311
459 310
458 310
458 309
458 308
458 307
458 306
458 305
458 304
459 304
459 303
460 303
460 302
461 302
462 302
462 301
463 301
463 300
464 300
464 299
464 298
465 298
465 297
466 297
466 296
467 296
468 296
468 295
468 294
468 293
468 292
468 291
468 290
468 289
468 288
469 288
469 287
470 287
470 286
471 286
479 335
479 336
479 337
480 337
481 337
482 337
482 338
483 338
466 348
467 348
465 348
464 348
463 348
462 348
461 348
461 349
460 349
459 349
459 350
458 350
458 351
457 351
457 352
457 353
457 354
457 355
457 356
457 357
457 358
458 358
458 359
459 359
459 360
460 360
460 361
461 361
462 361
462 362
463 362
464 362
465 362
465 363
466 363
466 364
467 364
467 365
468 365
468 366
468 367
469 367
469 368
470 368
470 369
471 369
472 369
472 370
473 370
474 370
468 348
468 347
469 347
470 347
471 347
472 347
472 346
473 346
473 345
474 345
474 344
475 344
476 344
476 343
477 343
477 342
478 342
478 341
479 341
479 340
480 340
480 339
481 339
482 339
7 80
7 79
6 80
6 81
6 82
6 83
5 83
5 84
4 84
4 85
4 86
4 87
4 88
3 88
3 89
3 90
2 90
2 91
2 92
1 92
1 93
0 93
0 94
0 95
0 96
0 97
0 98
0 99
0 100
0 101
0 102
0 103
0 104
0 105
0 106
1 106
2 106
3 106
4 106
5 106
6 106
6 107
7 107
7 106
8 106
9 106
10 106
11 106
12 106
13 106
13 107
14 107
14 108
14 109
14 110
14 111
14 112
15 112
15 113
7 78
7 77
7 76
8 76
8 75
9 75
10 75
11 75
12 75
13 75
14 75
15 75
16 75
17 75
18 75
18 74
18 73
18 72
19 72
19 71
20 71
20 70
21 70
21 69
22 69
23 69
24 69
25 69
26 69
27 69
28 69
29 69
30 69
31 69
32 69
33 69
34 69
35 69
36 69
36 68
36 67
37 67
37 66
38 66
38 65
39 65
40 65
41 65
42 65
43 65
44 65
45 65
46 65
46 66
47 66
47 65
48 65
48 64
48 63
48 62
48 61
48 60
48 59
49 59
49 58
50 58
51 58
52 58
53 58
53 57
54 57
55 57
56 57
56 56
57 56
58 56
138 197
138 196
138 198
138 199
138 200
139 200
140 200
141 200
141 201
142 201
143 201
143 202
144 202
138 195
138 194
138 193
137 193
137 192
136 192
135 192
135 191
134 191
133 191
132 191
131 191
131 190
130 190
129 190
128 190
127 190
126 190
125 190
124 190
123 190
123 189
123 188
122 188
122 187
122 186
122 185
122 184
122 183
122 182
122 181
122 180
121 180
120 180
119 180
118 180
117 180
116 180
115 180
114 180
113 180
112 180
112 179
111 179
110 179
109 179
108 179
107 179
106 179
105 179
105 178
104 178
103 178
102 178
102 177
101 177
100 177
100 176
99 176
99 175
98 175
97 175
97 174
96 174
96 175
95 175
94 175
93 175
93 176
92 176
91 176
90 176
89 176
89 177
88 177
88 178
87 178
87 179
87 180
87 181
87 182
87 183
87 184
86 184
86 185
86 186
85 186
85 187
85 188
84 188
84 189
83 189
83 190
82 190
82 191
81 191
81 192
81 193
81 194
81 195
81 196
80 196
79 196
79 195
78 195
78 194
77 194
77 193
76 193
76 192
75 192
75 191
75 190
75 189
76 189
76 188
76 187
77 187
77 186
77 185
77 184
77 183
77 182
77 181
77 180
77 179
77 178
77 177
77 176
77 175
77 174
77 173
77 172
76 172
76 171
76 170
76 169
76 168
76 167
76 166
76 165
76 164
76 163
75 163
75 162
75 161
74 161
74 160
73 160
73 159
73 158
74 158
74 157
75 157
75 156
75 155
75 154
75 153
75 152
76 152
76 151
77 151
77 150
78 150
78 149
79 149
80 149
81 149
82 149
83 149
84 149
85 149
85 148
86 148
86 147
87 147
87 146
88 146
89 146
90 146
91 146
92 146
93 146
94 146
95 146
96 146
96 147
97 147
98 147
98 146
98 145
98 144
98 143
99 143
99 142
99 141
99 140
99 139
99 138
100 138
100 137
101 137
101 136
102 136
103 136
103 135
104 135
104 134
105 134
106 134
106 133
107 133
107 132
107 131
108 131
108 130
108 129
108 128
107 128
106 128
106 127
105 127
105 126
104 126
104 125
105 125
105 124
105 123
105 122
106 122
106 121
106 120
106 119
107 119
107 118
106 118
106 117
106 116
106 115
106 114
106 113
106 112
107 112
108 112
109 112
110 112
110 111
111 111
112 111
112 110
112 109
113 109
113 108
113 107
112 107
112 106
112 105
111 105
111 104
110 104
110 103
348 317
349 317
347 317
346 317
346 318
345 318
344 318
344 319
343 319
342 319
342 320
342 321
342 322
342 323
342 324
342 325
341 325
341 326
340 326
340 327
339 327
338 327
338 328
337 328
337 329
336 329
335 329
335 330
334 330
350 317
350 318
351 318
352 318
352 319
353 319
353 320
353 321
354 321
354 322
355 322
356 322
356 321
357 321
358 321
359 321
360 321
360 320
361 320
362 320
362 319
362 318
362 317
362 316
362 315
362 314
362 313
362 312
362 311
362 310
362 309
363 309
363 308
363 307
364 307
364 306
365 306
365 305
366 305
366 304
367 304
367 303
368 303
369 303
369 302
370 302
370 301
370 300
370 299
370 298
370 297
370 296
370 295
370 294
370 293
370 292
369 292
75 209
75 210
74 209
74 208
73 208
73 207
73 206
73 205
73 204
73 203
73 202
73 201
74 201
74 200
75 200
76 200
77 200
78 200
79 200
79 199
80 199
81 199
82 199
82 198
82 197
81 197
76 210
76 211
77 211
77 212
77 213
77 214
77 215
77 216
77 217
77 218
78 218
78 219
79 219
79 220
78 220
77 220
76 220
75 220
74 220
73 220
72 220
71 220
70 220
69 220
68 220
67 220
66 220
65 220
64 220
63 220
62 220
61 220
60 220
59 220
58 220
57 220
57 219
434 405
433 405
434 406
435 406
435 407
436 407
437 407
438 407
439 407
439 408
439 409
440 409
440 410
440 411
441 411
441 412
441 413
441 414
441 415
441 416
441 417
440 417
440 418
440 419
441 419
442 419
443 419
444 419
444 420
445 420
445 421
446 421
446 422
446 423
447 423
447 424
448 424
448 425
448 426
449 426
449 427
449 428
450 428
450 429
451 429
451 430
452 430
452 431
453 431
453 432
454 432
454 433
455 433
455 434
456 434
456 435
457 435
457 436
458 436
458 437
459 437
460 437
461 437
462 437
463 437
464 437
464 436
465 436
466 436
466 435
466 434
466 433
466 432
466 431
467 431
467 432
467 433
467 434
467 435
468 435
468 436
469 436
470 436
470 437
471 437
472 437
472 436
473 436
473 435
474 435
474 434
475 434
475 433
476 433
476 432
477 432
477 431
478 431
478 430
479 430
480 430
481 430
482 430
483 430
483 429
484 429
484 428
484 427
484 426
483 426
483 425
483 424
484 424
484 423
485 423
486 423
487 423
488 423
489 423
490 423
491 423
492 423
493 423
493 422
494 422
495 422
496 422
497 422
497 421
498 421
499 421
499 420
498 420
498 419
498 418
498 417
498 416
498 415
497 415
497 414
496 414
496 413
496 412
496 411
496 410
496 409
496 408
496 407
496 406
496 405
496 404
495 404
494 404
493 404
492 404
491 404
490 404
490 403
490 402
490 401
489 401
489 400
488 400
488 399
487 399
486 399
485 399
484 399
483 399
482 399
482 398
481 398
481 397
481 396
482 396
482 395
482 394
482 393
482 392
482 391
482 390
482 389
482 388
482 387
482 386
482 385
482 384
482 383
482 382
483 382
483 381
483 380
482 380
482 379
482 378
481 378
481 377
480 377
480 376
479 376
479 375
478 375
478 374
477 374
477 373
476 373
476 372
476 371
475 371
474 371
433 404
433 403
432 403
432 402
431 402
430 402
429 402
428 402
428 401
428 400
428 399
429 399
429 398
429 397
429 396
429 395
429 394
429 393
430 393
431 393
76 242
77 242
75 242
74 242
73 242
72 242
71 242
70 242
70 243
69 243
69 244
68 244
68 245
68 246
68 247
68 248
68 249
68 250
68 251
68 252
68 253
69 253
69 254
69 255
69 256
69 257
69 258
69 259
69 260
69 261
69 262
69 263
68 263
67 263
67 264
66 264
65 264
65 265
66 265
67 265
68 265
69 265
70 265
71 265
72 265
73 265
74 265
75 265
75 266
76 266
77 266
77 267
78 267
78 268
79 268
79 269
80 269
80 270
80 271
81 271
81 272
82 272
83 272
84 272
85 272
86 272
87 272
88 272
89 272
90 272
91 272
92 272
93 272
94 272
94 271
95 271
95 270
95 269
96 269
96 268
96 267
97 267
97 266
97 265
98 265
98 264
78 242
79 242
80 242
81 242
82 242
83 242
83 241
83 240
83 239
84 239
84 238
84 237
84 236
84 235
84 234
84 233
84 232
84 231
84 230
84 229
83 229
83 228
83 227
82 227
82 226
81 226
81 225
80 225
80 224
80 223
80 222
79 222
79 221
376 414
375 414
377 414
378 414
379 414
379 415
380 415
381 415
382 415
382 416
383 416
384 416
384 417
384 418
384 419
384 420
384 421
384 422
385 422
385 423
386 423
387 423
387 424
388 424
389 424
390 424
391 424
391 423
392 423
393 423
393 422
394 422
394 421
394 420
395 420
395 419
396 419
396 418
374 414
373 414
372 414
371 414
370 414
369 414
368 414
368 413
369 413
369 412
370 412
370 411
370 410
370 409
370 408
370 407
371 407
371 406
372 406
373 406
374 406
374 405
375 405
375 404
376 404
376 403
377 403
377 402
378 402
378 401
379 401
380 401
380 400
381 400
382 400
382 399
382 398
383 398
383 397
384 397
385 397
385 396
386 396
387 396
387 395
388 395
389 395
389 394
390 394
390 393
390 392
390 391
390 390
390 389
390 388
390 387
390 386
391 386
391 385
391 384
392 384
393 384
393 383
394 383
395 383
395 382
396 382
397 382
398 382
399 382
400 382
401 382
402 382
403 382
404 382
405 382
406 382
407 382
407 383
408 383
409 383
409 384
410 384
410 385
411 385
412 385
412 386
412 387
412 388
413 388
413 389
414 389
415 389
415 390
416 390
416 391
417 391
418 391
419 391
420 391
421 391
422 391
423 391
424 391
425 391
426 391
427 391
428 391
428 392
429 392
430 392
360 410
361 410
359 410
358 410
358 411
358 412
357 412
357 413
357 414
356 414
356 415
356 416
362 410
363 410
363 409
363 408
363 407
363 406
363 405
363 404
364 404
365 404
365 403
366 403
366 402
366 401
366 400
366 399
366 398
367 398
367 399
367 400
367 401
367 402
367 403
368 403
368 404
369 404
370 404
370 405
371 405
372 405
373 405
122 472
121 472
122 473
123 473
123 474
123 475
124 475
124 476
125 476
125 477
126 477
126 478
127 478
127 479
128 479
121 471
121 470
121 469
121 468
121 467
121 466
121 465
121 464
121 463
121 462
120 462
119 462
118 462
117 462
116 462
116 461
115 461
115 460
115 459
115 458
115 457
115 456
114 456
113 456
112 456
111 456
111 455
112 455
113 455
114 455
115 455
115 454
116 454
116 453
116 452
116 451
116 450
117 450
117 449
118 449
119 449
119 448
119 447
120 447
120 446
120 445
121 445
122 445
123 445
123 444
123 443
123 442
123 441
123 440
123 439
123 438
123 437
123 436
122 436
122 435
121 435
121 434
120 434
119 434
118 434
118 433
117 433
116 433
116 432
115 432
114 432
113 432
113 431
114 431
115 431
116 431
116 430
116 429
116 428
116 427
116 426
117 426
117 425
118 425
118 424
118 423
118 422
118 421
118 420
118 419
117 419
117 418
116 418
116 417
115 417
115 416
114 416
114 415
113 415
112 415
111 415
110 415
109 415
108 415
108 414
107 414
106 414
106 413
105 413
105 412
104 412
103 412
102 412
101 412
100 412
100 411
99 411
99 410
98 410
97 410
96 410
95 410
95 409
95 408
95 407
95 406
95 405
95 404
95 403
96 403
96 402
95 402
94 402
93 402
92 402
91 402
90 402
89 402
88 402
87 402
86 402
85 402
85 403
84 403
83 403
82 403
81 403
80 403
79 403
78 403
78 402
77 402
76 402
75 402
74 402
74 403
73 403
73 404
73 405
72 405
72 406
72 407
71 407
70 407
69 407
69 406
68 406
67 406
67 405
66 405
66 404
65 404
65 403
65 402
65 401
65 400
64 400
64 399
63 399
63 398
63 397
62 397
62 396
62 395
61 395
61 394
61 393
61 392
61 391
61 390
62 390
62 389
62 388
63 388
63 387
64 387
64 386
65 386
65 385
65 384
66 384
66 383
67 383
67 382
67 381
67 380
68 380
69 380
70 380
71 380
72 380
73 380
74 380
74 381
75 381
76 381
77 381
78 381
79 381
79 380
80 380
80 379
81 379
81 378
82 378
82 377
82 376
82 375
83 375
83 374
83 373
84 373
84 372
84 371
84 370
84 369
84 368
85 368
85 367
85 366
86 366
86 365
87 365
88 365
88 364
87 364
87 363
87 362
86 362
86 361
85 361
84 361
84 360
83 360
83 359
82 359
82 358
83 358
83 357
83 356
83 355
83 354
83 353
83 352
83 351
83 350
83 349
84 349
84 348
85 348
86 348
86 347
87 347
87 346
88 346
89 346
89 345
89 344
89 343
89 342
89 341
90 341
90 340
90 339
90 338
90 337
90 336
89 336
88 336
88 335
87 335
86 335
85 335
85 334
84 334
83 334
82 334
81 334
80 334
79 334
78 334
77 334
76 334
75 334
74 334
74 333
75 333
76 333
76 332
76 331
76 330
76 329
76 328
76 327
76 326
76 325
76 324
76 323
76 322
77 322
77 321
77 320
78 320
78 319
78 318
78 317
78 316
78 315
78 314
78 313
78 312
78 311
78 310
78 309
78 308
79 308
79 307
79 306
78 306
77 306
77 305
76 305
76 304
75 304
74 304
74 303
73 303
72 303
72 302
73 302
74 302
74 301
75 301
75 300
76 300
76 299
76 298
76 297
77 297
77 296
78 296
78 295
78 294
77 294
77 293
77 292
77 291
77 290
77 289
77 288
77 287
77 286
77 285
76 285
76 284
75 284
74 284
73 284
72 284
72 283
71 283
71 282
71 281
71 280
71 279
70 279
70 278
69 278
69 277
68 277
68 276
68 275
68 274
69 274
69 273
70 273
70 272
71 272
72 272
73 272
74 272
75 272
75 273
76 273
77 273
78 273
79 273
79 272
80 272
