401 358
401 359
401 357
402 357
402 356
403 356
403 355
404 355
404 354
405 354
405 353
405 352
405 351
405 350
406 350
407 350
408 350
409 350
410 350
411 350
411 351
412 351
413 351
413 350
413 349
413 348
413 347
413 346
414 346
415 346
416 346
416 345
416 344
416 343
416 342
416 341
416 340
416 339
416 338
416 337
416 336
416 335
416 334
416 333
416 332
417 332
418 332
419 332
420 332
421 332
422 332
423 332
424 332
424 331
424 330
424 329
424 328
424 327
424 326
424 325
424 324
424 323
424 322
424 321
424 320
424 319
424 318
424 317
424 316
424 315
424 314
424 313
424 312
425 312
426 312
427 312
428 312
429 312
430 312
431 312
432 312
433 312
434 312
435 312
436 312
437 312
438 312
439 312
440 312
441 312
442 312
443 312
444 312
445 312
446 312
447 312
448 312
449 312
450 312
451 312
452 312
453 312
454 312
455 312
456 312
457 312
458 312
459 312
460 312
461 312
462 312
463 312
464 312
465 312
466 312
467 312
468 312
469 312
470 312
471 312
472 312
473 312
474 312
475 312
476 312
477 312
478 312
479 312
480 312
481 312
482 312
483 312
484 312
485 312
486 312
487 312
488 312
488 311
488 310
488 309
488 308
488 307
488 306
488 305
488 304
488 303
488 302
488 301
488 300
488 299
488 298
488 297
488 296
488 295
488 294
488 293
488 292
488 291
488 290
488 289
488 288
488 287
488 286
488 285
488 284
488 283
488 282
488 281
488 280
488 279
488 278
488 277
488 276
488 275
488 274
488 273
488 272
488 271
488 270
488 269
488 268
488 267
488 266
488 265
488 264
488 263
488 262
488 261
488 260
488 259
488 258
488 257
488 256
488 255
488 254
488 253
488 252
488 251
488 250
488 249
488 248
488 247
488 246
488 245
488 244
488 243
488 242
488 241
488 240
488 239
488 238
488 237
488 236
488 235
488 234
488 233
488 232
488 231
488 230
488 229
488 228
488 227
488 226
488 225
488 224
488 223
488 222
488 221
488 220
488 219
488 218
488 217
488 216
488 215
488 214
488 213
488 212
488 211
488 210
488 209
488 208
488 207
488 206
488 205
488 204
488 203
488 202
488 201
488 200
488 199
488 198
488 197
488 196
488 195
488 194
488 193
488 192
488 191
488 190
488 189
488 188
488 187
488 186
488 185
488 184
488 183
488 182
488 181
488 180
488 179
488 178
488 177
488 176
488 175
488 174
488 173
488 172
488 171
488 170
488 169
488 168
488 167
488 166
488 165
488 164
488 163
488 162
488 161
488 160
488 159
488 158
488 157
488 156
488 155
488 154
488 153
488 152
488 151
488 150
488 149
488 148
488 147
488 146
488 145
488 144
488 143
488 142
488 141
488 140
488 139
488 138
488 137
488 136
488 135
488 134
488 133
488 132
488 131
488 130
488 129
488 128
488 127
488 126
488 125
488 124
488 123
488 122
488 121
488 120
488 119
488 118
488 117
488 116
488 115
488 114
488 113
488 112
488 111
488 110
488 109
488 108
488 107
488 106
488 105
488 104
488 103
488 102
488 101
488 100
488 99
488 98
488 97
488 96
488 95
488 94
488 93
488 92
488 91
488 90
488 89
488 88
488 87
488 86
488 85
488 84
488 83
488 82
488 81
488 80
488 79
488 78
488 77
488 76
488 75
488 74
488 73
488 72
488 71
488 70
488 69
488 68
488 67
488 66
488 65
488 64
488 63
488 62
488 61
488 60
488 59
488 58
488 57
488 56
488 55
488 54
488 53
488 52
488 51
488 50
488 49
488 48
488 47
488 46
488 45
488 44
488 43
488 42
488 41
488 40
488 39
488 38
488 37
488 36
488 35
488 34
488 33
488 32
488 31
488 30
488 29
488 28
488 27
488 26
488 25
488 24
488 23
488 22
488 21
488 20
488 19
488 18
488 17
488 16
488 15
488 14
488 13
488 12
488 11
488 10
488 9
488 8
488 7
488 6
488 5
488 4
488 3
488 2
488 1
488 0
487 0
486 0
485 0
484 0
483 0
482 0
481 0
480 0
479 0
478 0
477 0
476 0
475 0
474 0
473 0
472 0
471 0
470 0
469 0
468 0
467 0
466 0
465 0
464 0
463 0
462 0
461 0
460 0
459 0
458 0
457 0
456 0
455 0
454 0
453 0
452 0
451 0
450 0
449 0
448 0
447 0
446 0
445 0
444 0
443 0
442 0
441 0
440 0
439 0
438 0
437 0
436 0
435 0
434 0
433 0
432 0
431 0
430 0
429 0
428 0
427 0
426 0
425 0
424 0
423 0
422 0
421 0
420 0
419 0
418 0
417 0
416 0
415 0
414 0
413 0
412 0
411 0
410 0
409 0
408 0
407 0
406 0
405 0
404 0
403 0
402 0
401 0
400 0
399 0
398 0
397 0
396 0
395 0
394 0
393 0
392 0
391 0
390 0
389 0
388 0
387 0
386 0
385 0
384 0
383 0
382 0
381 0
380 0
379 0
378 0
377 0
376 0
375 0
374 0
373 0
372 0
371 0
370 0
369 0
368 0
367 0
366 0
365 0
364 0
363 0
362 0
361 0
360 0
360 1
360 2
360 3
360 4
360 5
360 6
360 7
360 8
360 9
360 10
360 11
360 12
360 13
360 14
360 15
360 16
360 17
360 18
360 19
360 20
360 21
360 22
360 23
360 24
359 24
358 24
357 24
356 24
355 24
354 24
353 24
352 24
351 24
350 24
349 24
348 24
347 24
346 24
345 24
344 24
343 24
342 24
341 24
340 24
339 24
338 24
337 24
336 24
335 24
334 24
333 24
332 24
331 24
330 24
329 24
328 24
327 24
326 24
325 24
324 24
323 24
322 24
321 24
320 24
319 24
318 24
317 24
316 24
315 24
314 24
313 24
312 24
311 24
310 24
309 24
308 24
307 24
306 24
305 24
304 24
303 24
302 24
301 24
300 24
299 24
298 24
297 24
296 24
296 23
296 22
296 21
296 20
296 19
296 18
296 17
296 16
296 15
296 14
296 13
296 12
296 11
296 10
296 9
296 8
296 7
296 6
296 5
296 4
296 3
296 2
296 1
296 0
295 0
294 0
293 0
292 0
291 0
290 0
289 0
288 0
287 0
286 0
285 0
284 0
283 0
282 0
281 0
280 0
279 0
278 0
277 0
276 0
275 0
274 0
273 0
272 0
271 0
270 0
269 0
268 0
267 0
266 0
265 0
264 0
263 0
262 0
261 0
260 0
259 0
258 0
257 0
256 0
255 0
254 0
253 0
252 0
251 0
250 0
249 0
248 0
247 0
246 0
245 0
244 0
243 0
242 0
241 0
240 0
239 0
238 0
237 0
236 0
235 0
234 0
233 0
232 0
231 0
230 0
229 0
228 0
227 0
226 0
225 0
224 0
223 0
222 0
221 0
220 0
219 0
218 0
217 0
216 0
215 0
214 0
213 0
212 0
211 0
210 0
209 0
209 1
209 2
209 3
209 4
209 5
209 6
209 7
209 8
209 9
209 10
209 11
209 12
209 13
208 13
208 14
207 14
207 15
206 15
205 15
204 15
204 16
203 16
202 16
202 17
201 17
200 17
199 17
198 17
197 17
196 17
195 17
194 17
193 17
192 17
191 17
190 17
189 17
189 18
188 18
187 18
187 17
186 17
185 17
184 17
184 18
184 19
184 20
183 20
182 20
181 20
181 21
181 22
180 22
180 23
180 24
180 25
180 26
179 26
178 26
177 26
176 26
176 25
175 25
174 25
173 25
173 24
173 23
172 23
171 23
171 22
171 21
171 20
171 19
171 18
170 18
169 18
169 17
168 17
168 16
168 15
168 14
168 13
168 12
167 12
167 13
167 14
167 15
167 16
167 17
167 18
167 19
167 20
167 21
167 22
167 23
167 24
167 25
167 26
167 27
167 28
167 29
167 30
167 31
167 32
167 33
167 34
167 35
167 36
167 37
167 38
167 39
167 40
167 41
167 42
167 43
167 44
167 45
167 46
167 47
167 48
166 48
166 49
166 50
166 51
166 52
166 53
166 54
165 54
164 54
164 55
164 56
164 57
164 58
163 58
162 58
161 58
160 58
159 58
159 59
158 59
158 60
158 61
157 61
156 61
156 62
155 62
154 62
154 63
154 64
153 64
152 64
151 64
150 64
150 65
149 65
148 65
148 64
147 64
146 64
145 64
144 64
143 64
142 64
142 65
141 65
140 65
140 66
140 67
140 68
140 69
140 70
140 71
140 72
139 72
138 72
137 72
136 72
135 72
134 72
133 72
132 72
131 72
130 72
129 72
128 72
127 72
126 72
125 72
124 72
123 72
122 72
121 72
120 72
119 72
118 72
117 72
116 72
115 72
114 72
113 72
112 72
111 72
110 72
109 72
108 72
107 72
106 72
105 72
104 72
104 71
104 70
104 69
104 68
104 67
104 66
104 65
104 64
104 63
104 62
104 61
104 60
104 59
104 58
104 57
104 56
104 55
104 54
104 53
104 52
104 51
104 50
104 49
104 48
104 47
104 46
104 45
104 44
104 43
104 42
104 41
104 40
104 39
104 38
104 37
104 36
104 35
104 34
104 33
104 32
104 31
104 30
104 29
103 29
102 29
101 29
100 29
99 29
98 29
97 29
96 29
96 30
95 30
94 30
94 29
94 28
94 27
94 26
94 25
94 24
94 23
94 22
94 21
94 20
94 19
94 18
94 17
94 16
94 15
93 15
92 15
92 14
91 14
90 14
89 14
88 14
88 13
88 12
88 11
88 10
88 9
88 8
87 8
86 8
85 8
84 8
84 9
84 10
83 10
82 10
81 10
80 10
79 10
78 10
77 10
76 10
76 11
76 12
75 12
74 12
73 12
72 12
72 11
72 10
72 9
72 8
72 7
72 6
72 5
72 4
72 3
72 2
72 1
72 0
71 0
70 0
69 0
68 0
67 0
66 0
65 0
64 0
63 0
62 0
61 0
60 0
59 0
58 0
57 0
56 0
56 1
56 2
56 3
56 4
56 5
56 6
56 7
56 8
56 9
56 10
56 11
56 12
56 13
56 14
56 15
56 16
56 17
56 18
56 19
56 20
56 21
56 22
56 23
56 24
56 25
56 26
56 27
56 28
56 29
56 30
56 31
56 32
56 33
56 34
56 35
56 36
56 37
56 38
56 39
56 40
56 41
56 42
56 43
56 44
56 45
56 46
56 47
56 48
56 49
56 50
56 51
56 52
56 53
56 54
56 55
56 56
56 57
56 58
56 59
56 60
56 61
56 62
56 63
56 64
56 65
56 66
56 67
56 68
56 69
56 70
56 71
56 72
56 73
56 74
56 75
56 76
56 77
56 78
56 79
56 80
56 81
56 82
56 83
56 84
56 85
56 86
56 87
56 88
56 89
56 90
56 91
56 92
56 93
56 94
56 95
56 96
56 97
56 98
56 99
56 100
56 101
56 102
56 103
56 104
56 105
56 106
56 107
56 108
56 109
56 110
56 111
56 112
56 113
56 114
56 115
56 116
56 117
56 118
56 119
56 120
57 120
58 120
59 120
60 120
61 120
62 120
63 120
64 120
65 120
66 120
67 120
68 120
69 120
70 120
71 120
72 120
72 121
72 122
72 123
72 124
72 125
72 126
72 127
72 128
72 129
72 130
72 131
72 132
72 133
72 134
72 135
72 136
72 137
72 138
72 139
72 140
72 141
72 142
72 143
72 144
72 145
72 146
72 147
72 148
72 149
72 150
72 151
72 152
72 153
72 154
72 155
72 156
72 157
72 158
72 159
72 160
72 161
72 162
72 163
72 164
72 165
72 166
72 167
72 168
72 169
72 170
72 171
72 172
72 173
72 174
72 175
72 176
72 177
72 178
72 179
72 180
72 181
72 182
72 183
72 184
72 185
72 186
72 187
72 188
72 189
72 190
72 191
72 192
72 193
72 194
72 195
72 196
72 197
72 198
72 199
72 200
72 201
72 202
72 203
72 204
72 205
72 206
72 207
72 208
72 209
72 210
72 211
72 212
72 213
72 214
72 215
72 216
72 217
72 218
72 219
72 220
72 221
72 222
72 223
72 224
72 225
72 226
72 227
72 228
72 229
72 230
72 231
72 232
72 233
72 234
72 235
72 236
72 237
72 238
72 239
72 240
72 241
72 242
72 243
72 244
72 245
72 246
72 247
72 248
72 249
72 250
72 251
72 252
72 253
72 254
72 255
72 256
72 257
72 258
72 259
72 260
72 261
72 262
72 263
72 264
71 264
70 264
69 264
68 264
67 264
66 264
65 264
64 264
63 264
62 264
61 264
60 264
59 264
58 264
57 264
56 264
55 264
54 264
53 264
52 264
51 264
50 264
49 264
48 264
47 264
46 264
45 264
44 264
43 264
42 264
41 264
40 264
39 264
38 264
37 264
36 264
35 264
34 264
33 264
32 264
31 264
30 264
29 264
28 264
27 264
26 264
25 264
24 264
23 264
22 264
21 264
20 264
19 264
18 264
17 264
16 264
15 264
14 264
13 264
12 264
11 264
10 264
9 264
8 264
7 264
6 264
5 264
4 264
3 264
2 264
1 264
0 264
0 265
0 266
0 267
0 268
0 269
0 270
0 271
0 272
0 273
0 274
0 275
0 276
0 277
0 278
0 279
0 280
0 281
0 282
0 283
0 284
0 285
0 286
0 287
0 288
0 289
0 290
0 291
0 292
0 293
0 294
0 295
0 296
0 297
0 298
0 299
0 300
0 301
0 302
0 303
0 304
0 305
0 306
0 307
0 308
0 309
0 310
0 311
0 312
0 313
0 314
0 315
0 316
0 317
0 318
0 319
0 320
0 321
0 322
0 323
0 324
0 325
0 326
0 327
0 328
0 329
0 330
0 331
0 332
0 333
0 334
0 335
0 336
0 337
0 338
0 339
0 340
0 341
0 342
0 343
0 344
0 345
0 346
0 347
0 348
0 349
0 350
0 351
0 352
0 353
0 354
0 355
0 356
0 357
0 358
0 359
0 360
0 361
0 362
0 363
0 364
0 365
0 366
0 367
0 368
0 369
0 370
0 371
0 372
0 373
0 374
0 375
0 376
0 377
0 378
0 379
0 380
0 381
0 382
0 383
0 384
0 385
0 386
0 387
0 388
0 389
0 390
0 391
0 392
0 393
0 394
0 395
0 396
0 397
0 398
0 399
0 400
0 401
0 402
0 403
0 404
0 405
0 406
0 407
0 408
0 409
0 410
0 411
0 412
0 413
0 414
0 415
0 416
0 417
0 418
0 419
0 420
0 421
0 422
0 423
0 424
0 425
0 426
0 427
0 428
0 429
0 430
0 431
1 431
2 431
3 431
4 431
5 431
6 431
7 431
8 431
8 430
9 430
9 429
10 429
11 429
12 429
13 429
14 429
15 429
16 429
17 429
18 429
18 430
19 430
401 360
401 361
400 361
400 362
400 363
400 364
400 365
400 366
400 367
401 367
401 368
401 369
402 369
402 370
402 371
402 372
402 373
402 374
402 375
402 376
402 377
402 378
402 379
401 379
400 379
400 380
399 380
398 380
397 380
396 380
395 380
394 380
393 380
392 380
391 380
390 380
390 381
389 381
388 381
388 382
387 382
