161 310
161 309
161 311
161 312
161 313
162 313
162 314
163 314
163 315
164 315
161 308
161 307
161 306
161 305
161 304
161 303
160 303
159 303
158 303
158 302
157 302
157 301
156 301
17 470
17 471
17 469
17 468
17 467
16 467
16 466
17 466
18 466
19 466
19 465
20 465
20 464
21 464
21 463
22 463
22 462
23 462
23 461
24 461
24 460
25 460
26 460
26 459
27 459
28 459
28 458
29 458
29 459
30 459
31 459
32 459
33 459
34 459
35 459
36 459
37 459
38 459
38 460
38 461
39 461
39 462
39 463
39 464
39 465
39 466
39 467
39 468
39 469
39 470
39 471
39 472
39 473
39 474
38 474
37 474
37 475
37 476
36 476
36 477
36 478
36 479
36 480
36 481
35 481
35 482
35 483
35 484
34 484
34 485
34 486
33 486
33 487
33 488
33 489
33 490
33 491
32 491
18 471
18 472
18 473
18 474
18 475
18 476
18 477
18 478
18 479
18 480
18 481
18 482
18 483
19 483
20 483
20 484
21 484
21 485
22 485
22 486
23 486
24 486
25 486
26 486
27 486
27 487
28 487
28 488
29 488
29 489
29 490
30 490
31 490
31 491
162 325
162 326
162 324
163 324
163 323
163 322
163 321
163 320
163 319
163 318
163 317
163 316
162 327
162 328
161 328
161 329
160 329
160 330
159 330
159 331
158 331
158 332
392 171
391 171
393 171
394 171
395 171
396 171
396 170
397 170
398 170
399 170
400 170
401 170
402 170
403 170
404 170
404 169
405 169
405 168
406 168
406 167
407 167
408 167
408 166
409 166
409 165
410 165
410 164
411 164
411 163
412 163
412 162
412 161
412 160
412 159
412 158
412 157
411 157
411 156
410 156
410 155
390 171
389 171
388 171
388 170
387 170
387 169
386 169
385 169
385 168
384 168
383 168
383 167
383 166
382 166
382 165
382 164
382 163
382 162
382 161
382 160
383 160
383 159
384 159
384 158
385 158
385 157
385 156
385 155
385 154
385 153
385 152
384 152
384 151
383 151
383 150
383 172
383 171
383 173
383 174
383 175
383 176
383 177
383 178
384 178
384 179
385 179
386 179
386 180
387 180
387 181
387 182
387 183
387 184
387 185
387 186
388 186
388 187
389 187
389 188
383 170
383 169
393 155
394 155
392 155
391 155
390 155
389 155
388 155
387 155
387 154
386 154
386 153
395 155
396 155
397 155
397 156
398 156
399 156
399 157
400 157
400 158
401 158
401 159
401 160
402 160
402 161
403 161
404 161
405 161
406 161
407 161
408 161
409 161
409 162
410 162
410 163
234 263
235 263
234 262
233 262
232 262
231 262
231 261
230 261
229 261
228 261
227 261
226 261
225 261
224 261
223 261
222 261
221 261
220 261
220 260
220 259
220 258
221 258
221 257
221 256
221 255
221 254
222 254
222 253
236 263
237 263
238 263
239 263
239 264
240 264
240 265
241 265
241 266
241 267
241 268
242 268
242 269
243 269
244 269
245 269
245 270
246 270
246 271
246 272
246 273
247 273
247 274
248 274
249 274
249 275
197 501
197 500
198 501
198 502
198 503
199 503
199 504
199 505
200 505
201 505
202 505
203 505
204 505
205 505
206 505
206 506
207 506
207 507
208 507
208 508
208 509
209 509
209 510
210 510
211 510
211 511
212 511
213 511
214 511
196 500
196 499
195 499
195 498
194 498
193 498
193 497
192 497
192 496
192 495
192 494
192 493
191 493
191 492
191 491
190 491
190 490
189 490
189 489
188 489
187 489
187 488
186 488
185 488
184 488
183 488
182 488
181 488
180 488
180 489
179 489
179 490
178 490
177 490
177 491
176 491
176 492
175 492
175 493
174 493
174 494
174 495
173 495
173 496
173 497
172 497
172 498
172 499
171 499
170 499
169 499
168 499
167 499
167 500
166 500
165 500
165 499
164 499
163 499
162 499
161 499
161 498
160 498
159 498
159 497
158 497
158 496
157 496
156 496
156 495
155 495
155 496
154 496
153 496
152 496
151 496
150 496
149 496
148 496
147 496
147 497
147 498
147 499
147 500
146 500
145 500
145 499
144 499
144 498
144 497
144 496
144 495
144 494
144 493
143 493
143 492
142 492
142 493
141 493
140 493
140 494
139 494
138 494
137 494
136 494
135 494
134 494
133 494
132 494
131 494
131 495
131 496
131 497
131 498
131 499
130 499
130 500
195 327
195 326
195 328
196 328
196 329
196 330
197 330
197 331
198 331
199 331
199 330
200 330
200 329
201 329
201 328
201 327
202 327
202 326
203 326
204 326
205 326
206 326
206 325
207 325
207 326
208 326
208 327
208 328
208 329
208 330
209 330
209 331
210 331
210 332
211 332
212 332
213 332
214 332
215 332
216 332
216 331
217 331
217 330
218 330
218 329
218 328
219 328
219 327
220 327
221 327
222 327
223 327
223 326
223 325
223 324
223 323
223 322
223 321
223 320
223 319
223 318
223 317
224 317
225 317
226 317
227 317
227 316
228 316
228 315
229 315
229 314
230 314
230 313
231 313
232 313
232 312
233 312
233 311
234 311
234 310
235 310
235 309
236 309
236 308
236 307
236 306
236 305
236 304
236 303
237 303
237 302
238 302
239 302
240 302
241 302
242 302
243 302
243 301
242 301
241 301
241 300
241 299
241 298
241 297
241 296
241 295
240 295
240 294
240 293
240 292
240 291
240 290
240 289
241 289
241 288
241 287
240 287
240 286
239 286
239 285
238 285
238 284
237 284
237 283
237 282
236 282
236 281
235 281
235 280
234 280
234 279
234 278
235 278
236 278
237 278
238 278
239 278
240 278
241 278
241 277
242 277
242 276
243 276
244 276
245 276
246 276
247 276
248 276
248 275
195 325
195 324
195 323
195 322
195 321
195 320
195 319
194 319
194 318
193 318
192 318
191 318
190 318
189 318
188 318
187 318
186 318
185 318
185 317
184 317
184 316
183 316
182 316
181 316
180 316
179 316
179 315
178 315
178 314
178 313
177 313
177 312
176 312
176 311
175 311
175 310
174 310
173 310
172 310
171 310
170 310
169 310
169 309
169 308
168 308
168 307
168 306
168 305
168 304
167 304
167 303
166 303
165 303
164 303
163 303
162 303
420 216
419 216
421 216
421 215
422 215
423 215
423 214
424 214
425 214
426 214
426 213
427 213
428 213
428 212
429 212
430 212
431 212
432 212
433 212
434 212
435 212
436 212
437 212
438 212
438 211
439 211
439 210
440 210
441 210
442 210
443 210
444 210
444 209
445 209
446 209
447 209
447 208
448 208
449 208
450 208
450 207
451 207
451 206
451 205
451 204
451 203
451 202
451 201
451 200
451 199
451 198
451 197
451 196
451 195
450 195
450 194
449 194
448 194
447 194
446 194
445 194
445 195
444 195
444 196
443 196
442 196
441 196
440 196
440 195
440 194
440 193
439 193
439 192
439 191
438 191
438 190
437 190
437 189
436 189
436 188
435 188
435 187
434 187
434 186
433 186
433 185
432 185
432 184
431 184
431 183
430 183
430 182
429 182
429 181
429 180
429 179
429 178
429 177
429 176
429 175
428 175
428 174
427 174
426 174
426 173
425 173
424 173
424 172
423 172
423 171
423 170
422 170
422 169
421 169
421 168
420 168
419 168
419 167
418 167
417 167
416 167
416 166
415 166
414 166
413 166
413 165
412 165
412 164
418 216
417 216
416 216
415 216
415 215
414 215
414 214
413 214
412 214
412 213
411 213
410 213
409 213
408 213
407 213
406 213
405 213
404 213
403 213
402 213
401 213
400 213
399 213
398 213
397 213
396 213
395 213
395 212
394 212
394 211
393 211
393 210
392 210
392 209
392 208
392 207
392 206
392 205
392 204
392 203
392 202
392 201
391 201
391 200
391 199
391 198
391 197
391 196
391 195
391 194
391 193
391 192
391 191
391 190
390 190
390 189
389 189
446 255
447 255
445 255
445 254
444 254
444 253
443 253
443 252
442 252
442 251
441 251
441 250
440 250
440 249
440 248
441 248
441 247
441 246
441 245
441 244
441 243
441 242
441 241
441 240
442 240
443 240
444 240
445 240
445 239
446 239
447 239
448 239
449 239
450 239
450 240
451 240
451 241
452 241
453 241
454 241
455 241
456 241
457 241
458 241
459 241
460 241
460 242
460 243
461 243
462 243
463 243
464 243
465 243
466 243
467 243
468 243
468 242
469 242
470 242
470 241
470 240
470 239
470 238
471 238
471 237
471 236
472 236
472 235
472 234
473 234
474 234
474 233
475 233
476 233
477 233
477 232
477 231
478 231
478 230
478 229
478 228
479 228
479 227
478 227
478 226
477 226
477 225
477 224
476 224
476 223
476 222
476 221
476 220
476 219
476 218
476 217
476 216
476 215
476 214
475 214
475 213
474 213
473 213
472 213
471 213
470 213
469 213
469 212
469 211
469 210
469 209
469 208
468 208
468 207
468 206
468 205
468 204
468 203
469 203
470 203
470 202
471 202
471 201
472 201
472 200
472 199
472 198
471 198
471 197
471 196
470 196
470 195
469 195
469 194
469 193
468 193
468 192
467 192
467 191
466 191
466 190
465 190
464 190
464 189
463 189
463 188
462 188
461 188
461 187
460 187
459 187
459 188
459 189
459 190
459 191
458 191
458 192
457 192
457 193
456 193
455 193
455 194
454 194
453 194
453 195
452 195
452 196
452 197
452 198
448 255
449 255
450 255
451 255
452 255
453 255
453 256
454 256
454 257
454 258
455 258
456 258
457 258
458 258
459 258
460 258
460 259
461 259
461 258
461 257
461 256
461 255
461 254
461 253
461 252
461 251
461 250
461 249
461 248
461 247
461 246
461 245
461 244
462 292
463 292
462 291
461 291
461 290
460 290
460 289
459 289
459 288
459 287
458 287
458 286
458 285
457 285
457 284
457 283
457 282
457 281
457 280
457 279
457 278
457 277
457 276
457 275
458 275
458 274
459 274
459 273
460 273
460 272
461 272
462 272
462 271
463 271
463 270
463 269
462 269
462 268
461 268
461 267
461 266
461 265
461 264
461 263
461 262
461 261
461 260
464 292
465 292
466 292
466 293
467 293
467 294
467 295
467 296
467 297
468 297
469 297
470 297
470 298
471 298
472 298
472 299
473 299
474 299
474 300
475 300
475 301
476 301
477 301
477 300
478 300
479 300
479 299
480 299
480 298
481 298
103 169
103 170
103 168
102 168
102 167
102 166
101 166
101 165
100 165
99 165
99 164
98 164
98 163
97 163
97 162
96 162
96 161
95 161
95 160
94 160
94 159
93 159
103 171
103 172
103 173
103 174
103 175
103 176
103 177
103 178
102 178
102 179
101 179
101 180
101 181
101 182
100 182
100 183
99 183
99 184
98 184
97 184
97 185
96 185
96 186
95 186
94 186
93 186
93 187
92 187
91 187
91 188
90 188
90 189
89 189
89 190
88 190
88 191
87 191
86 191
86 192
85 192
85 193
84 193
84 194
83 194
82 194
82 195
169 249
170 249
169 250
169 251
169 252
169 253
169 254
169 255
169 256
169 257
170 257
170 258
170 259
170 260
170 261
170 262
171 262
171 263
171 264
172 264
173 264
173 265
174 265
175 265
175 266
174 266
174 267
173 267
172 267
171 267
170 267
169 267
168 267
168 268
167 268
167 269
166 269
166 270
166 271
165 271
165 272
165 273
164 273
164 274
164 275
163 275
163 276
162 276
162 277
161 277
161 278
161 279
161 280
160 280
160 281
160 282
159 282
159 283
159 284
158 284
158 285
158 286
159 286
159 287
159 288
159 289
160 289
160 290
161 290
161 291
162 291
163 291
163 292
164 292
164 293
165 293
165 294
165 295
166 295
166 296
167 296
167 297
167 298
168 298
168 299
168 300
168 301
167 301
167 302
166 302
170 248
171 248
172 248
173 248
174 248
175 248
176 248
177 248
177 247
177 246
178 246
178 245
178 244
178 243
178 242
178 241
177 241
177 240
177 239
177 238
177 237
177 236
176 236
176 235
176 234
175 234
175 233
175 232
175 231
175 230
175 229
175 228
175 227
175 226
175 225
174 225
174 224
175 224
176 224
177 224
177 223
178 223
178 222
178 221
178 220
178 219
178 218
178 217
178 216
178 215
178 214
178 213
178 212
178 211
178 210
177 210
177 209
177 208
176 208
176 207
75 323
76 323
74 323
73 323
72 323
71 323
70 323
69 323
69 322
68 322
67 322
66 322
65 322
64 322
63 322
62 322
62 321
61 321
61 322
60 322
60 323
60 324
60 325
60 326
60 327
60 328
60 329
60 330
60 331
60 332
60 333
60 334
60 335
60 336
60 337
60 338
60 339
60 340
60 341
61 341
62 341
63 341
64 341
65 341
66 341
67 341
68 341
77 323
78 323
79 323
79 324
79 325
80 325
80 326
80 327
81 327
81 328
82 328
82 329
83 329
84 329
85 329
85 330
86 330
86 329
87 329
87 328
87 327
87 326
87 325
87 324
88 324
89 324
90 324
91 324
92 324
93 324
94 324
95 324
96 324
97 324
98 324
99 324
100 324
101 324
101 323
101 322
101 321
101 320
101 319
101 318
101 317
102 317
102 316
101 316
101 315
100 315
100 314
100 313
99 313
98 313
97 313
96 313
95 313
95 312
94 312
94 311
93 311
92 311
91 311
90 311
89 311
89 310
88 310
88 309
87 309
87 308
86 308
86 307
85 307
84 307
84 306
83 306
83 305
82 305
82 304
81 304
81 303
80 303
80 302
79 302
79 301
79 300
78 300
78 299
78 298
77 298
77 297
76 297
75 297
75 296
74 296
74 295
74 294
73 294
73 293
73 292
73 291
73 290
73 289
73 288
73 287
73 286
73 285
73 284
73 283
73 282
73 281
74 281
75 281
76 281
77 281
78 281
78 280
79 280
79 279
79 278
79 277
79 276
79 275
79 274
79 273
80 273
80 272
81 272
81 271
81 270
82 270
271 511
272 511
270 511
269 511
268 511
267 511
266 511
265 511
264 511
263 511
262 511
261 511
260 511
259 511
258 511
257 511
257 510
258 510
258 509
258 508
258 507
258 506
257 506
257 505
256 505
256 504
256 503
256 502
256 501
256 500
256 499
255 499
255 498
254 498
254 497
253 497
253 496
252 496
251 496
251 495
250 495
250 494
249 494
249 493
249 492
249 491
248 491
248 490
247 490
246 490
245 490
244 490
244 491
243 491
242 491
242 492
241 492
240 492
239 492
239 493
239 494
239 495
239 496
239 497
239 498
239 499
239 500
239 501
239 502
239 503
239 504
238 504
238 505
237 505
236 505
235 505
234 505
233 505
232 505
231 505
231 504
230 504
229 504
229 503
228 503
228 502
227 502
227 501
226 501
225 501
225 502
225 503
224 503
224 504
224 505
223 505
223 506
222 506
221 506
220 506
219 506
218 506
218 507
217 507
217 508
216 508
216 509
215 509
215 510
214 510
273 511
274 511
275 511
276 511
277 511
278 511
279 511
280 511
281 511
282 511
283 511
284 511
284 510
284 509
285 509
285 508
285 507
285 506
285 505
285 504
285 503
285 502
285 501
286 501
287 501
288 501
289 501
290 501
291 501
292 501
293 501
294 501
295 501
296 501
296 502
296 503
297 503
298 503
299 503
300 503
301 503
302 503
303 503
304 503
305 503
306 503
307 503
308 503
308 504
309 504
310 504
310 505
311 505
312 505
313 505
314 505
315 505
316 505
317 505
317 504
318 504
319 504
319 503
319 502
320 502
320 501
321 501
322 501
323 501
323 500
324 500
324 499
325 499
325 498
326 498
326 497
326 496
327 496
327 495
328 495
329 495
330 495
331 495
332 495
333 495
334 495
335 495
336 495
337 495
338 495
338 494
339 494
340 494
341 494
342 494
343 494
343 493
343 492
343 491
342 491
342 490
342 489
342 488
342 487
342 486
342 485
342 484
341 484
341 483
340 483
340 482
340 481
340 480
339 480
338 480
337 480
336 480
335 480
334 480
333 480
333 479
332 479
331 479
331 478
330 478
329 478
328 478
328 477
327 477
327 476
326 476
326 475
326 474
325 474
325 473
325 472
324 472
324 471
324 470
323 470
323 469
322 469
321 469
321 468
320 468
319 468
319 467
318 467
318 466
317 466
317 465
316 465
316 464
315 464
315 463
315 462
314 462
314 461
314 460
313 460
313 459
313 458
314 458
314 457
314 456
315 456
315 455
316 455
316 454
317 454
317 453
317 452
318 452
318 451
319 451
319 450
320 450
320 449
321 449
321 448
322 448
322 447
321 447
321 446
321 445
321 444
321 443
321 442
321 441
321 440
322 440
322 439
327 158
327 157
328 158
328 159
329 159
330 159
331 159
332 159
333 159
334 159
335 159
336 159
337 159
337 158
338 158
338 157
338 156
338 155
338 154
338 153
338 152
338 151
339 151
340 151
340 150
341 150
342 150
343 150
344 150
345 150
346 150
347 150
348 150
348 151
349 151
349 152
350 152
350 153
351 153
351 154
351 155
352 155
352 154
353 154
353 153
354 153
354 152
355 152
356 152
357 152
358 152
359 152
360 152
361 152
362 152
363 152
364 152
365 152
366 152
366 153
366 154
367 154
367 155
367 156
368 156
368 157
369 157
369 158
370 158
370 159
371 159
371 160
372 160
373 160
374 160
375 160
376 160
376 161
377 161
378 161
379 161
380 161
381 161
326 157
326 156
326 155
325 155
325 154
325 153
325 152
324 152
324 151
323 151
322 151
322 150
321 150
321 149
320 149
319 149
318 149
317 149
316 149
315 149
314 149
314 148
313 148
313 147
313 146
313 145
313 144
313 143
313 142
312 142
312 141
312 140
312 139
312 138
312 137
312 136
312 135
312 134
312 133
312 132
312 131
312 130
312 129
312 128
311 128
311 127
310 127
309 127
308 127
307 127
306 127
305 127
305 126
304 126
304 125
304 124
304 123
303 123
303 122
302 122
302 121
301 121
301 120
300 120
300 119
300 118
299 118
299 117
298 117
298 116
297 116
296 116
296 115
295 115
295 114
295 113
295 112
295 111
295 110
294 110
294 109
294 108
295 108
295 107
295 106
296 106
296 105
296 104
296 103
296 102
297 102
297 101
296 101
296 100
295 100
295 99
295 98
294 98
293 98
292 98
292 99
291 99
290 99
289 99
288 99
287 99
286 99
286 100
285 100
285 101
284 101
283 101
282 101
281 101
280 101
279 101
279 102
278 102
278 103
277 103
277 104
276 104
276 105
275 105
274 105
273 105
273 106
272 106
271 106
270 106
270 107
269 107
269 108
268 108
268 109
267 109
266 109
265 109
264 109
263 109
262 109
261 109
260 109
259 109
259 108
258 108
257 108
256 108
255 108
254 108
253 108
252 108
251 108
250 108
249 108
249 107
249 106
248 106
248 105
247 105
246 105
245 105
244 105
243 105
242 105
241 105
240 105
239 105
238 105
238 106
238 107
238 108
237 108
71 235
72 235
70 235
69 235
68 235
68 234
67 234
67 233
66 233
66 232
65 232
65 231
64 231
64 230
64 229
64 228
63 228
63 227
62 227
62 226
61 226
60 226
59 226
58 226
57 226
56 226
55 226
55 225
54 225
53 225
53 224
52 224
51 224
51 223
52 223
52 222
53 222
53 221
54 221
55 221
56 221
57 221
58 221
59 221
60 221
61 221
62 221
63 221
64 221
65 221
66 221
66 220
67 220
67 219
68 219
68 218
69 218
69 217
69 216
69 215
69 214
69 213
69 212
69 211
70 211
70 210
71 210
72 210
72 209
73 209
74 209
75 209
76 209
77 209
77 208
78 208
79 208
79 207
80 207
81 207
82 207
83 207
83 206
82 206
81 206
80 206
80 205
80 204
80 203
80 202
80 201
80 200
80 199
80 198
80 197
80 196
80 195
81 195
73 235
74 235
74 236
74 237
75 237
75 238
75 239
75 240
75 241
75 242
75 243
75 244
75 245
75 246
75 247
75 248
75 249
74 249
74 250
73 250
72 250
72 251
71 251
71 252
70 252
70 253
69 253
68 253
68 254
67 254
67 255
66 255
66 256
66 257
65 257
65 258
65 259
64 259
64 260
64 261
64 262
64 263
64 264
64 265
64 266
64 267
65 267
65 268
65 269
66 269
66 270
66 271
67 271
67 272
68 272
69 272
69 273
70 273
71 273
71 274
71 275
72 275
72 276
73 276
73 277
73 278
73 279
73 280
74 280
75 280
76 280
77 280
3 427
3 426
3 428
3 429
3 430
3 431
3 432
4 432
5 432
5 433
6 433
6 434
6 435
6 436
6 437
7 437
7 438
7 439
8 439
8 440
8 441
8 442
8 443
8 444
8 445
9 445
9 446
10 446
10 447
11 447
11 448
12 448
12 449
13 449
13 450
14 450
14 451
15 451
16 451
16 452
17 452
17 453
18 453
19 453
20 453
21 453
22 453
22 454
23 454
24 454
25 454
25 455
26 455
26 456
27 456
27 457
28 457
3 425
4 425
4 424
4 423
5 423
5 422
6 422
7 422
8 422
8 421
9 421
9 420
9 419
9 418
9 417
9 416
9 415
10 415
10 416
11 416
12 416
12 417
13 417
14 417
15 417
16 417
17 417
17 416
18 416
19 416
19 415
20 415
20 414
21 414
22 414
22 413
23 413
23 412
24 412
24 411
23 411
23 410
23 409
23 408
23 407
23 406
22 406
22 405
21 405
21 404
21 403
21 402
21 401
21 400
20 400
20 399
19 399
19 398
18 398
18 397
17 397
16 397
16 396
15 396
15 395
14 395
14 394
13 394
13 393
12 393
12 392
11 392
11 391
10 391
10 390
10 389
10 388
10 387
9 387
8 387
7 387
7 386
6 386
6 385
5 385
4 385
4 384
3 384
3 383
3 382
2 382
2 381
1 381
1 380
1 379
1 378
1 377
0 377
0 376
399 5
399 6
399 4
398 4
398 3
397 3
397 2
396 2
396 1
395 1
395 0
394 0
400 6
400 7
400 8
400 9
400 10
400 11
400 12
400 13
400 14
400 15
400 16
400 17
400 18
399 18
399 19
399 20
398 20
398 21
397 21
397 22
396 22
395 22
395 23
394 23
394 24
393 24
393 25
393 26
393 27
392 27
392 28
391 28
391 29
390 29
390 30
390 31
389 31
389 32
389 33
388 33
387 33
386 33
385 33
384 33
383 33
382 33
381 33
380 33
379 33
378 33
378 34
378 35
377 35
376 35
376 36
375 36
375 37
375 38
375 39
375 40
375 41
375 42
375 43
376 43
376 44
376 45
377 45
377 46
378 46
378 47
379 47
380 47
381 47
381 48
382 48
383 48
384 48
385 48
385 49
385 50
385 51
385 52
385 53
386 53
386 54
386 55
387 55
387 56
387 57
388 57
388 58
388 59
388 60
388 61
388 62
388 63
388 64
388 65
388 66
388 67
388 68
388 69
389 69
389 70
390 70
390 71
391 71
391 72
392 72
392 73
392 74
392 75
391 75
391 76
390 76
390 77
389 77
389 78
388 78
388 79
388 80
387 80
387 81
387 82
387 83
387 84
387 85
387 86
387 87
387 88
387 89
387 90
387 91
387 92
387 93
388 93
388 94
388 95
389 95
389 96
390 96
390 97
390 98
390 99
390 100
390 101
390 102
390 103
390 104
390 105
390 106
389 106
388 106
388 107
387 107
387 108
386 108
386 109
387 109
387 110
387 111
388 111
388 112
388 113
388 114
388 115
388 116
387 116
387 117
386 117
385 117
385 118
384 118
383 118
383 119
382 119
382 120
382 121
381 121
381 122
381 123
381 124
381 125
381 126
381 127
380 127
380 128
380 129
380 130
379 130
379 131
378 131
377 131
376 131
375 131
374 131
373 131
372 131
371 131
370 131
369 131
369 130
368 130
368 131
368 132
368 133
368 134
368 135
368 136
368 137
369 137
369 138
369 139
369 140
369 141
368 141
368 142
367 142
367 143
367 144
367 145
367 146
367 147
367 148
367 149
367 150
367 151
367 152
367 153
131 178
130 178
132 178
133 178
134 178
135 178
135 179
136 179
137 179
137 180
138 180
138 181
138 182
138 183
139 183
139 184
140 184
140 185
141 185
141 186
142 186
143 186
144 186
145 186
146 186
147 186
147 185
148 185
148 184
149 184
149 183
150 183
151 183
151 182
152 182
153 182
154 182
155 182
155 181
156 181
156 180
157 180
158 180
159 180
160 180
161 180
162 180
163 180
163 181
164 181
164 182
165 182
165 183
166 183
166 184
167 184
167 185
168 185
169 185
170 185
171 185
171 186
172 186
172 187
172 188
173 188
173 189
173 190
174 190
174 191
175 191
175 192
176 192
176 193
177 193
177 194
177 195
177 196
177 197
178 197
178 198
178 199
178 200
178 201
178 202
178 203
178 204
178 205
178 206
177 206
176 206
129 178
128 178
127 178
127 179
126 179
126 180
125 180
124 180
123 180
122 180
122 179
121 179
121 180
120 180
119 180
118 180
117 180
116 180
115 180
114 180
113 180
112 180
111 180
110 180
109 180
108 180
107 180
106 180
105 180
105 179
104 179
104 178
270 288
270 287
270 289
270 290
270 291
270 292
270 293
270 294
269 294
269 295
268 295
267 295
266 295
265 295
264 295
263 295
262 295
262 294
261 294
260 294
260 293
259 293
259 292
258 292
257 292
257 291
256 291
256 290
256 289
256 288
255 288
255 287
255 286
255 285
255 284
254 284
254 283
254 282
254 281
254 280
254 279
254 278
254 277
254 276
254 275
253 275
252 275
251 275
250 275
271 287
271 286
272 286
273 286
274 286
275 286
276 286
277 286
277 287
278 287
279 287
280 287
281 287
282 287
282 288
283 288
283 289
284 289
285 289
285 290
286 290
287 290
288 290
289 290
290 290
291 290
292 290
293 290
294 290
295 290
296 290
296 291
297 291
254 141
254 142
254 140
254 139
254 138
254 137
253 137
252 137
252 136
251 136
250 136
249 136
248 136
248 135
247 135
247 134
246 134
246 133
245 133
245 132
244 132
244 131
244 130
244 129
244 128
244 127
244 126
244 125
244 124
244 123
244 122
244 121
244 120
245 120
245 119
245 118
245 117
245 116
245 115
245 114
245 113
245 112
245 111
245 110
245 109
244 109
243 109
242 109
241 109
240 109
239 109
238 109
237 109
254 143
254 144
254 145
254 146
254 147
253 147
253 148
252 148
251 148
251 149
250 149
249 149
248 149
248 150
247 150
246 150
245 150
244 150
243 150
243 151
242 151
241 151
240 151
239 151
239 152
238 152
237 152
237 153
236 153
236 154
235 154
234 154
233 154
232 154
231 154
230 154
229 154
228 154
227 154
226 154
225 154
225 155
224 155
224 156
224 157
223 157
223 158
223 159
223 160
222 160
222 161
222 162
222 163
222 164
222 165
222 166
222 167
222 168
221 168
220 168
220 169
219 169
219 170
218 170
217 170
216 170
216 169
215 169
214 169
214 168
213 168
212 168
212 167
211 167
210 167
209 167
209 168
208 168
207 168
207 169
206 169
206 170
205 170
205 171
205 172
204 172
204 173
204 174
204 175
203 175
203 176
202 176
202 175
201 175
200 175
199 175
198 175
197 175
196 175
196 174
195 174
195 173
194 173
194 174
194 175
194 176
193 176
192 176
191 176
190 176
189 176
188 176
187 176
186 176
185 176
184 176
183 176
183 175
182 175
182 174
181 174
181 175
180 175
180 176
180 177
179 177
179 178
179 179
178 179
178 180
177 180
177 181
177 182
177 183
177 184
176 184
176 185
176 186
175 186
175 187
174 187
174 188
174 189
272 436
273 436
271 436
270 436
269 436
268 436
268 435
267 435
267 436
266 436
266 437
266 438
266 439
265 439
265 440
264 440
264 441
263 441
263 442
262 442
262 443
261 443
261 444
260 444
260 445
259 445
258 445
257 445
256 445
255 445
255 446
254 446
254 447
253 447
253 448
252 448
251 448
251 449
250 449
250 450
249 450
249 451
248 451
248 452
247 452
246 452
246 453
245 453
245 454
244 454
244 455
243 455
243 456
242 456
242 457
241 457
240 457
239 457
239 458
239 459
240 459
240 460
240 461
240 462
240 463
240 464
240 465
240 466
240 467
240 468
240 469
239 469
238 469
238 470
237 470
236 470
236 471
236 472
235 472
235 473
235 474
234 474
234 475
234 476
234 477
234 478
234 479
235 479
235 480
235 481
235 482
235 483
235 484
235 485
235 486
235 487
235 488
235 489
236 489
236 490
237 490
238 490
238 491
239 491
274 436
275 436
276 436
277 436
278 436
279 436
280 436
281 436
282 436
282 437
283 437
284 437
285 437
286 437
287 437
288 437
289 437
290 437
290 438
291 438
291 439
292 439
292 440
293 440
293 441
294 441
295 441
296 441
297 441
298 441
299 441
300 441
301 441
302 441
302 442
303 442
304 442
305 442
305 441
306 441
307 441
308 441
309 441
310 441
311 441
312 441
312 442
313 442
314 442
315 442
316 442
317 442
318 442
319 442
319 441
320 441
361 445
361 444
361 446
361 447
361 448
360 448
359 448
359 449
358 449
358 450
358 451
358 452
358 453
358 454
358 455
358 456
358 457
357 457
357 458
361 443
361 442
361 441
361 440
361 439
361 438
360 438
360 437
359 437
359 436
360 436
360 435
361 435
361 434
361 433
361 432
361 431
362 431
362 430
362 429
362 428
362 427
362 426
362 425
362 424
361 424
360 424
360 423
360 422
360 421
360 420
360 419
360 418
360 417
361 417
361 416
362 416
363 416
363 415
364 415
364 414
364 413
365 413
365 412
366 412
366 411
367 411
367 410
368 410
369 410
369 409
370 409
370 408
371 408
371 407
372 407
372 406
353 466
352 466
353 465
353 464
354 464
354 463
354 462
354 461
354 460
354 459
355 459
356 459
356 458
352 467
351 467
351 468
350 468
350 469
349 469
348 469
348 470
347 470
346 470
346 471
345 471
345 472
344 472
344 473
344 474
344 475
344 476
344 477
344 478
344 479
344 480
343 480
343 481
343 482
343 483
342 483
36 11
37 11
35 11
34 11
33 11
32 11
31 11
30 11
29 11
28 11
27 11
26 11
25 11
25 12
24 12
23 12
22 12
21 12
20 12
20 13
19 13
18 13
18 14
17 14
16 14
15 14
14 14
13 14
12 14
11 14
10 14
10 13
9 13
8 13
7 13
7 14
6 14
5 14
5 15
4 15
3 15
2 15
1 15
0 15
0 16
0 17
0 18
1 18
1 19
1 20
1 21
1 22
1 23
1 24
1 25
2 25
2 26
2 27
2 28
2 29
2 30
2 31
2 32
2 33
3 33
3 34
4 34
4 35
5 35
6 35
7 35
8 35
8 36
9 36
9 37
10 37
10 38
11 38
11 39
11 40
11 41
12 41
12 40
12 39
12 38
12 37
12 36
13 36
13 35
14 35
14 34
15 34
16 34
16 33
16 32
17 32
17 31
17 30
17 29
18 29
18 28
19 28
19 27
20 27
20 26
20 25
21 25
22 25
23 25
24 25
25 25
26 25
27 25
28 25
38 11
39 11
40 11
41 11
42 11
43 11
43 12
44 12
45 12
45 13
46 13
47 13
47 14
48 14
49 14
50 14
51 14
52 14
53 14
54 14
55 14
56 14
56 13
56 12
57 12
57 11
57 10
58 10
58 9
59 9
60 9
60 8
61 8
62 8
62 7
63 7
63 6
64 6
64 5
65 5
65 4
66 4
67 4
68 4
69 4
70 4
71 4
72 4
73 4
74 4
75 4
75 3
75 2
76 2
76 3
76 4
77 4
78 4
79 4
79 5
80 5
80 6
81 6
81 7
82 7
82 8
83 8
84 8
85 8
85 9
86 9
86 10
86 11
86 12
86 13
86 14
87 14
87 15
87 16
87 17
87 18
87 19
87 20
87 21
87 22
87 23
86 23
85 23
84 23
84 24
85 24
86 24
86 25
87 25
87 26
87 27
88 27
88 28
89 28
89 29
89 30
90 30
90 31
91 31
92 31
93 31
94 31
95 31
96 31
96 30
96 29
96 28
96 27
97 27
97 26
98 26
99 26
100 26
101 26
102 26
103 26
104 26
104 25
105 25
105 24
105 23
106 23
106 22
106 21
107 21
107 22
108 22
108 23
109 23
110 23
111 23
112 23
113 23
114 23
114 22
114 21
114 20
114 19
114 18
115 18
115 17
115 16
116 16
116 15
117 15
118 15
119 15
120 15
121 15
122 15
123 15
124 15
125 15
126 15
127 15
128 15
128 16
128 17
129 17
129 16
130 16
130 15
130 14
130 13
130 12
131 12
131 11
132 11
133 11
133 10
134 10
134 9
135 9
135 8
135 7
136 7
137 7
138 7
139 7
140 7
141 7
142 7
143 7
144 7
145 7
146 7
147 7
148 7
149 7
150 7
151 7
152 7
153 7
153 8
154 8
155 8
155 9
156 9
157 9
157 10
158 10
159 10
160 10
160 11
161 11
162 11
163 11
164 11
165 11
166 11
167 11
168 11
169 11
170 11
171 11
171 12
170 12
170 13
169 13
169 14
168 14
168 15
168 16
168 17
168 18
168 19
167 19
167 20
167 21
167 22
167 23
167 24
167 25
167 26
168 26
168 27
168 28
168 29
168 30
168 31
169 31
169 32
170 32
170 33
170 34
170 35
170 36
170 37
170 38
171 38
172 38
173 38
173 39
174 39
175 39
176 39
177 39
178 39
179 39
179 40
180 40
180 41
181 41
181 42
182 42
182 43
182 44
183 44
184 44
184 45
185 45
186 45
187 45
187 44
188 44
189 44
190 44
191 44
191 43
191 42
191 41
191 40
191 39
190 39
190 38
189 38
188 38
188 37
187 37
187 36
187 35
186 35
186 34
186 33
186 32
186 31
186 30
187 30
187 29
186 29
185 29
184 29
183 29
182 29
182 28
181 28
180 28
180 27
179 27
266 30
266 29
266 31
266 32
267 32
267 33
267 34
267 35
267 36
267 37
266 37
266 38
266 39
265 39
265 40
265 41
265 42
265 43
265 44
265 45
265 46
266 46
266 47
267 47
267 48
268 48
269 48
270 48
271 48
272 48
273 48
274 48
275 48
275 47
276 47
276 46
277 46
277 47
278 47
278 48
279 48
279 49
280 49
280 50
280 51
280 52
280 53
281 53
281 54
282 54
282 55
283 55
284 55
284 56
284 57
284 58
285 58
285 59
285 60
286 60
286 61
286 62
286 63
286 64
286 65
286 66
286 67
286 68
286 69
287 69
287 70
287 71
288 71
288 72
288 73
288 74
288 75
288 76
289 76
289 77
289 78
289 79
289 80
289 81
288 81
288 82
287 82
287 83
286 83
285 83
284 83
283 83
282 83
281 83
280 83
280 84
281 84
281 85
281 86
281 87
281 88
281 89
281 90
280 90
280 91
279 91
279 92
278 92
278 93
278 94
278 95
279 95
279 96
279 97
279 98
279 99
279 100
266 28
266 27
266 26
265 26
265 25
264 25
264 24
263 24
263 23
263 22
262 22
262 21
262 20
261 20
261 19
260 19
260 18
259 18
259 17
258 17
257 17
256 17
256 16
255 16
254 16
254 15
253 15
253 14
252 14
251 14
250 14
249 14
249 13
248 13
248 12
248 11
247 11
247 10
247 9
247 8
247 7
247 6
246 6
245 6
244 6
243 6
242 6
241 6
241 5
241 4
241 3
241 2
241 1
241 0
240 0
239 0
238 0
237 0
236 0
235 0
234 0
233 0
232 0
231 0
230 0
229 0
228 0
227 0
226 0
225 0
224 0
223 0
223 1
223 2
222 2
222 3
221 3
221 4
220 4
219 4
219 5
219 6
219 7
219 8
219 9
219 10
219 11
219 12
219 13
219 14
220 14
220 15
221 15
221 16
221 17
221 18
221 19
222 19
222 20
221 20
221 21
220 21
220 22
219 22
218 22
217 22
216 22
215 22
214 22
213 22
213 23
212 23
212 24
211 24
211 25
210 25
210 26
209 26
208 26
207 26
207 27
206 27
205 27
205 28
204 28
203 28
203 29
202 29
202 30
202 31
202 32
202 33
202 34
201 34
201 35
200 35
200 36
199 36
198 36
198 37
197 37
196 37
196 38
195 38
194 38
193 38
192 38
191 38
511 201
511 200
511 202
511 203
511 204
511 205
511 206
511 207
511 208
511 209
511 210
511 211
511 212
511 213
511 214
511 215
511 216
511 217
510 217
509 217
508 217
507 217
506 217
506 218
505 218
504 218
503 218
502 218
501 218
500 218
500 219
499 219
499 220
498 220
497 220
497 221
496 221
496 222
495 222
494 222
493 222
492 222
492 223
492 224
492 225
492 226
491 226
490 226
489 226
488 226
487 226
486 226
485 226
484 226
483 226
482 226
481 226
480 226
479 226
511 199
511 198
511 197
511 196
511 195
511 194
511 193
511 192
511 191
511 190
511 189
511 188
511 187
511 186
511 185
511 184
511 183
511 182
511 181
511 180
511 179
511 178
511 177
511 176
511 175
511 174
511 173
511 172
511 171
510 171
509 171
508 171
507 171
507 170
506 170
505 170
504 170
504 169
503 169
502 169
502 168
502 167
502 166
502 165
501 165
501 164
500 164
500 163
500 162
500 161
500 160
500 159
500 158
501 158
501 157
501 156
502 156
502 155
502 154
503 154
503 153
503 152
504 152
504 151
504 150
505 150
505 149
506 149
506 148
507 148
507 147
507 146
507 145
508 145
508 144
508 143
508 142
508 141
508 140
508 139
509 139
509 138
509 137
509 136
509 135
509 134
509 133
509 132
510 132
510 131
511 131
511 130
511 129
511 128
511 127
511 126
511 125
511 124
511 123
511 122
511 121
511 120
511 119
511 118
511 117
511 116
511 115
511 114
511 113
511 112
511 111
511 110
511 109
511 108
511 107
511 106
511 105
511 104
511 103
510 103
510 102
509 102
509 101
509 100
509 99
509 98
508 98
508 97
507 97
506 97
506 96
505 96
504 96
504 95
503 95
502 95
501 95
501 94
501 93
501 92
501 91
501 90
501 89
501 88
501 87
502 87
502 86
502 85
503 85
503 84
504 84
505 84
506 84
507 84
508 84
509 84
402 485
403 485
401 485
401 484
400 484
400 483
399 483
399 482
399 481
398 481
398 480
398 479
398 478
398 477
398 476
399 476
399 475
399 474
400 474
400 473
401 473
401 472
402 472
402 471
402 470
401 470
401 469
401 468
401 467
401 466
401 465
401 464
401 463
401 462
400 462
400 461
400 460
400 459
400 458
400 457
400 456
400 455
400 454
400 453
400 452
399 452
398 452
398 451
397 451
397 450
397 449
397 448
397 447
397 446
397 445
397 444
397 443
397 442
396 442
396 441
396 440
395 440
395 439
395 438
394 438
394 437
393 437
392 437
392 436
391 436
391 435
391 434
391 433
391 432
391 431
391 430
391 429
391 428
391 427
392 427
392 426
393 426
393 425
394 425
394 424
395 424
395 423
396 423
396 422
396 421
396 420
396 419
396 418
396 417
395 417
395 416
394 416
394 415
393 415
393 414
392 414
391 414
391 413
390 413
389 413
388 413
388 412
387 412
386 412
385 412
385 411
384 411
384 410
383 410
383 409
382 409
382 408
381 408
380 408
379 408
378 408
377 408
376 408
375 408
374 408
374 407
373 407
373 406
404 485
405 485
406 485
407 485
408 485
409 485
410 485
410 486
411 486
411 487
411 488
411 489
412 489
412 490
413 490
414 490
415 490
415 491
416 491
416 492
416 493
416 494
416 495
416 496
416 497
416 498
416 499
416 500
416 501
416 502
416 503
416 504
417 504
417 503
418 503
419 503
420 503
421 503
422 503
423 503
424 503
425 503
425 504
426 504
427 504
427 505
428 505
428 506
429 506
430 506
430 507
430 508
431 508
431 509
431 510
432 510
432 511
433 511
434 511
435 511
436 511
437 511
438 511
439 511
440 511
441 511
442 511
443 511
444 511
445 511
446 511
447 511
447 510
447 509
447 508
447 507
448 507
448 506
449 506
449 505
450 505
450 504
450 503
450 502
450 501
450 500
450 499
451 499
452 499
453 499
454 499
455 499
456 499
457 499
458 499
459 499
460 499
461 499
462 499
463 499
463 498
463 497
464 497
464 498
464 499
464 500
464 501
464 502
464 503
464 504
464 505
464 506
464 507
464 508
464 509
464 510
463 510
463 511
462 511
461 511
460 511
459 511
458 511
457 511
456 511
455 511
493 170
492 170
494 170
495 170
495 169
495 168
495 167
495 166
496 166
496 165
497 165
498 165
498 164
499 164
499 163
491 170
490 170
489 170
488 170
487 170
486 170
485 170
484 170
483 170
482 170
481 170
481 171
481 172
481 173
481 174
480 174
480 175
479 175
478 175
477 175
476 175
475 175
474 175
474 176
473 176
473 177
472 177
471 177
470 177
469 177
469 178
468 178
467 178
467 179
466 179
465 179
465 178
464 178
464 177
464 176
464 175
464 174
464 173
464 172
464 171
463 171
463 170
462 170
462 171
461 171
461 172
460 172
459 172
459 173
459 174
458 174
458 175
458 176
458 177
458 178
458 179
458 180
457 180
457 181
457 182
457 183
457 184
457 185
457 186
458 186
459 186
466 332
465 332
467 332
468 332
469 332
470 332
470 331
470 330
470 329
470 328
470 327
470 326
470 325
471 325
471 324
471 323
472 323
472 322
472 321
472 320
472 319
472 318
472 317
472 316
472 315
472 314
471 314
470 314
470 313
469 313
469 312
470 312
471 312
472 312
473 312
473 311
474 311
474 310
474 309
475 309
475 308
475 307
475 306
476 306
476 305
476 304
476 303
476 302
464 332
463 332
462 332
461 332
460 332
460 331
460 330
460 329
459 329
459 328
458 328
458 327
457 327
457 326
456 326
456 325
455 325
455 324
454 324
454 323
454 322
454 321
454 320
454 319
454 318
453 318
453 317
452 317
223 92
223 93
222 92
222 91
221 91
221 90
220 90
220 89
219 89
219 88
219 87
219 86
219 85
219 84
219 83
219 82
219 81
219 80
219 79
219 78
219 77
219 76
218 76
217 76
217 75
216 75
216 74
215 74
214 74
214 75
213 75
213 76
212 76
211 76
210 76
209 76
208 76
207 76
206 76
206 75
205 75
204 75
204 74
203 74
203 73
203 72
202 72
202 71
202 70
201 70
201 69
201 68
201 67
201 66
201 65
201 64
202 64
202 63
202 62
202 61
202 60
201 60
201 59
201 58
200 58
200 57
199 57
199 56
199 55
199 54
198 54
198 53
198 52
197 52
197 51
196 51
196 50
196 49
196 48
196 47
196 46
195 46
195 45
194 45
194 44
193 44
192 44
192 43
224 93
224 94
225 94
225 95
226 95
226 96
227 96
227 97
228 97
228 98
229 98
229 99
229 100
230 100
230 101
231 101
231 102
232 102
233 102
233 103
234 103
235 103
235 104
236 104
236 105
236 106
236 107
237 107
137 351
137 352
137 350
137 349
136 349
136 348
135 348
135 347
134 347
133 347
132 347
131 347
130 347
129 347
128 347
127 347
126 347
125 347
125 346
124 346
124 345
123 345
123 344
122 344
122 343
121 343
121 342
120 342
120 341
119 341
118 341
118 340
117 340
116 340
115 340
114 340
113 340
112 340
112 339
111 339
111 338
110 338
110 337
110 336
109 336
109 335
108 335
108 334
108 333
108 332
108 331
108 330
108 329
108 328
108 327
107 327
107 326
106 326
105 326
104 326
103 326
103 325
102 325
101 325
137 353
137 354
137 355
138 355
138 356
139 356
140 356
140 357
141 357
142 357
143 357
143 358
144 358
144 359
144 360
145 360
145 361
145 362
146 362
146 363
147 363
148 363
149 363
149 364
150 364
150 365
151 365
151 366
152 366
152 367
153 367
154 367
155 367
155 366
156 366
156 365
156 364
157 364
157 363
158 363
158 364
159 364
160 364
161 364
161 365
162 365
163 365
164 365
165 365
166 365
167 365
168 365
169 365
169 364
170 364
170 365
171 365
171 366
172 366
173 366
174 366
175 366
176 366
177 366
178 366
179 366
180 366
181 366
181 367
181 368
182 368
182 369
183 369
184 369
184 370
185 370
186 370
186 371
187 371
187 372
188 372
188 373
189 373
189 374
190 374
190 375
191 375
192 375
193 375
194 375
195 375
196 375
197 375
198 375
198 376
199 376
199 377
199 378
199 379
199 380
199 381
200 381
200 380
200 379
200 378
200 377
200 376
200 375
201 375
201 374
202 374
202 373
203 373
203 372
203 371
203 370
203 369
204 369
205 369
205 368
206 368
207 368
208 368
209 368
209 367
210 367
210 366
210 365
211 365
211 364
211 363
212 363
213 363
214 363
215 363
216 363
217 363
218 363
219 363
220 363
220 364
220 365
221 365
221 366
221 367
221 368
222 368
222 367
223 367
223 366
224 366
225 366
226 366
227 366
228 366
229 366
230 366
231 366
232 366
232 365
233 365
233 364
233 363
234 363
234 362
234 361
234 360
234 359
234 358
233 358
233 357
232 357
232 356
231 356
231 355
230 355
230 354
229 354
229 353
228 353
228 352
228 351
228 350
227 350
227 349
227 348
227 347
227 346
227 345
227 344
226 344
226 343
226 342
225 342
225 341
224 341
223 341
222 341
221 341
220 341
219 341
219 340
218 340
218 339
218 338
218 337
218 336
218 335
218 334
218 333
217 333
217 332
418 34
419 34
417 34
416 34
415 34
414 34
414 33
413 33
413 32
413 31
412 31
412 30
412 29
411 29
411 28
410 28
410 27
409 27
409 26
408 26
408 25
408 24
408 23
407 23
407 22
407 21
406 21
406 20
405 20
405 19
405 18
404 18
404 17
403 17
402 17
401 17
420 34
421 34
422 34
423 34
424 34
424 33
425 33
426 33
426 32
427 32
427 31
428 31
429 31
430 31
431 31
432 31
433 31
434 31
435 31
436 31
436 32
437 32
438 32
439 32
439 33
440 33
441 33
442 33
443 33
444 33
445 33
445 34
446 34
447 34
447 33
448 33
449 33
449 32
450 32
451 32
452 32
453 32
454 32
454 33
454 34
454 35
454 36
454 37
454 38
454 39
454 40
455 40
455 41
456 41
457 41
457 42
458 42
458 43
458 44
458 45
459 45
459 46
460 46
460 47
461 47
462 47
463 47
464 47
465 47
466 47
466 46
466 45
466 44
466 43
466 42
466 41
466 40
466 39
467 39
468 39
469 39
470 39
471 39
472 39
473 39
474 39
475 39
476 39
477 39
478 39
479 39
479 40
480 40
480 41
480 42
480 43
480 44
480 45
480 46
480 47
480 48
480 49
480 50
481 50
482 50
483 50
483 51
483 52
483 53
483 54
483 55
483 56
484 56
485 56
486 56
487 56
488 56
489 56
490 56
491 56
491 57
492 57
493 57
493 58
494 58
495 58
496 58
497 58
498 58
499 58
500 58
501 58
501 57
502 57
502 56
502 55
502 54
502 53
503 53
503 54
504 54
504 55
505 55
505 56
505 57
506 57
506 58
507 58
507 59
507 60
507 61
507 62
507 63
507 64
507 65
507 66
508 66
509 66
510 66
510 67
511 67
511 68
510 68
509 68
508 68
507 68
507 69
506 69
506 70
505 70
505 71
505 72
504 72
504 73
503 73
503 74
503 75
503 76
503 77
503 78
503 79
503 80
503 81
503 82
504 82
504 83
505 83
506 83
507 83
508 83
349 30
350 30
349 29
348 29
348 28
347 28
347 27
346 27
345 27
345 26
344 26
343 26
342 26
341 26
341 25
340 25
339 25
339 24
338 24
337 24
336 24
335 24
334 24
333 24
332 24
331 24
330 24
329 24
350 31
351 31
351 32
352 32
353 32
354 32
355 32
356 32
357 32
358 32
359 32
360 32
361 32
362 32
363 32
364 32
365 32
366 32
367 32
368 32
369 32
370 32
370 33
370 34
371 34
371 35
372 35
372 36
373 36
373 37
374 37
374 38
374 39
105 504
106 504
104 504
103 504
102 504
101 504
100 504
99 504
98 504
98 505
98 506
97 506
97 507
96 507
96 508
95 508
95 509
94 509
94 510
93 510
93 511
92 511
91 511
90 511
89 511
88 511
87 511
86 511
85 511
84 511
83 511
82 511
81 511
80 511
79 511
78 511
77 511
76 511
75 511
74 511
73 511
72 511
71 511
70 511
69 511
68 511
67 511
66 511
65 511
64 511
64 510
64 509
63 509
63 508
63 507
63 506
63 505
62 505
62 504
61 504
61 503
60 503
60 502
59 502
59 501
58 501
58 500
57 500
57 499
56 499
55 499
55 498
54 498
53 498
53 497
52 497
51 497
50 497
49 497
48 497
47 497
46 497
45 497
44 497
44 496
43 496
43 495
43 494
43 493
43 492
44 492
44 491
45 491
45 490
46 490
47 490
48 490
48 489
47 489
47 488
46 488
46 487
46 486
45 486
45 485
44 485
43 485
42 485
41 485
41 484
40 484
39 484
38 484
37 484
36 484
107 504
108 504
109 504
110 504
111 504
112 504
113 504
114 504
115 504
116 504
117 504
118 504
119 504
120 504
121 504
122 504
123 504
124 504
125 504
126 504
127 504
128 504
129 504
129 503
129 502
129 501
130 501
56 128
57 128
56 127
55 127
55 126
54 126
54 125
54 124
54 123
53 123
53 122
53 121
52 121
52 120
51 120
51 119
50 119
50 118
49 118
49 117
48 117
48 116
47 116
47 115
46 115
46 114
45 114
45 113
44 113
44 112
44 111
44 110
43 110
43 109
43 108
42 108
42 107
42 106
42 105
41 105
41 104
40 104
40 103
39 103
39 102
39 101
39 100
39 99
39 98
39 97
39 96
39 95
39 94
39 93
39 92
39 91
39 90
39 89
40 89
40 88
39 88
39 87
38 87
38 86
37 86
37 85
37 84
36 84
35 84
35 83
34 83
33 83
32 83
32 82
31 82
30 82
30 81
29 81
28 81
27 81
26 81
25 81
24 81
24 80
24 79
24 78
24 77
23 77
23 76
23 75
23 74
22 74
22 73
21 73
21 72
21 71
21 70
21 69
21 68
21 67
22 67
23 67
24 67
25 67
26 67
27 67
28 67
29 67
29 66
30 66
31 66
32 66
33 66
33 65
34 65
35 65
36 65
36 64
35 64
34 64
33 64
33 63
32 63
32 62
32 61
32 60
32 59
31 59
31 58
30 58
30 57
30 56
30 55
30 54
30 53
30 52
29 52
29 51
28 51
28 52
27 52
26 52
25 52
24 52
23 52
22 52
21 52
20 52
20 51
19 51
19 50
18 50
18 49
17 49
17 48
16 48
16 47
16 46
15 46
15 45
14 45
14 44
13 44
13 43
12 43
12 42
57 129
58 129
58 130
59 130
60 130
60 131
61 131
61 132
61 133
61 134
61 135
62 135
62 136
63 136
63 137
64 137
64 138
65 138
66 138
66 139
67 139
67 140
68 140
68 141
69 141
69 142
70 142
70 143
71 143
71 144
72 144
73 144
74 144
75 144
76 144
76 145
77 145
77 146
77 147
77 148
77 149
77 150
77 151
77 152
77 153
77 154
77 155
78 155
78 156
78 157
78 158
78 159
79 159
79 160
79 161
79 162
79 163
78 163
78 164
78 165
78 166
78 167
78 168
79 168
79 169
79 170
80 170
80 171
81 171
81 172
82 172
82 173
82 174
82 175
82 176
82 177
82 178
82 179
82 180
82 181
82 182
82 183
82 184
82 185
82 186
82 187
81 187
80 187
80 188
81 188
81 189
81 190
81 191
81 192
81 193
81 194
312 273
313 273
312 274
311 274
311 275
311 276
310 276
310 277
310 278
310 279
310 280
310 281
310 282
309 282
309 283
308 283
308 284
307 284
307 285
307 286
306 286
306 287
306 288
305 288
305 289
305 290
304 290
303 290
302 290
301 290
300 290
299 290
298 290
297 290
313 272
313 271
314 271
314 270
315 270
315 269
315 268
316 268
317 268
317 267
317 266
318 266
318 265
318 264
319 264
319 263
320 263
320 262
321 262
321 261
321 260
321 259
321 258
321 257
321 256
321 255
321 254
321 253
321 252
321 251
320 251
320 250
299 41
299 40
298 41
298 42
297 42
297 43
296 43
295 43
294 43
294 44
293 44
293 45
292 45
292 46
292 47
292 48
292 49
291 49
291 50
290 50
290 51
290 52
289 52
289 53
288 53
288 54
287 54
286 54
285 54
284 54
283 54
300 40
300 39
301 39
302 39
303 39
304 39
305 39
306 39
307 39
308 39
308 40
309 40
309 41
310 41
311 41
312 41
312 42
313 42
314 42
314 41
314 40
314 39
314 38
314 37
314 36
314 35
314 34
315 34
315 33
316 33
316 32
317 32
317 31
318 31
318 32
319 32
320 32
320 33
321 33
322 33
323 33
324 33
325 33
326 33
326 32
327 32
328 32
328 31
328 30
328 29
328 28
328 27
328 26
329 26
329 25
312 354
312 355
312 353
312 352
312 351
312 350
312 349
313 349
313 348
313 347
313 346
313 345
313 344
313 343
313 342
313 341
313 340
313 339
313 338
313 337
312 337
312 336
311 336
311 335
311 334
310 334
310 333
310 332
310 331
310 330
310 329
310 328
310 327
310 326
310 325
310 324
310 323
309 323
309 322
308 322
307 322
307 321
306 321
305 321
305 320
305 319
304 319
303 319
303 318
302 318
301 318
301 317
300 317
300 316
300 315
300 314
300 313
300 312
300 311
300 310
299 310
299 309
299 308
298 308
298 307
298 306
297 306
297 305
297 304
297 303
296 303
296 302
296 301
295 301
295 300
295 299
295 298
295 297
295 296
295 295
295 294
295 293
295 292
296 292
312 356
312 357
312 358
313 358
313 359
314 359
315 359
316 359
317 359
317 360
318 360
319 360
319 361
320 361
321 361
321 362
322 362
322 363
323 363
324 363
324 364
325 364
325 365
326 365
327 365
328 365
329 365
329 366
330 366
330 367
330 368
331 368
331 369
331 370
331 371
331 372
331 373
331 374
331 375
331 376
331 377
330 377
330 378
329 378
329 379
328 379
328 380
328 381
328 382
328 383
329 383
330 383
331 383
332 383
333 383
334 383
335 383
336 383
337 383
338 383
339 383
340 383
340 384
341 384
342 384
343 384
343 385
344 385
345 385
345 386
346 386
347 386
348 386
349 386
350 386
351 386
352 386
352 387
353 387
354 387
354 388
355 388
356 388
357 388
358 388
359 388
360 388
360 389
361 389
362 389
363 389
364 389
365 389
366 389
366 388
367 388
368 388
368 387
369 387
370 387
370 386
370 385
370 384
370 383
371 383
372 383
373 383
373 384
374 384
375 384
375 385
375 386
375 387
375 388
375 389
375 390
374 390
374 391
374 392
373 392
373 393
373 394
372 394
372 395
371 395
370 395
369 395
369 396
369 397
369 398
369 399
369 400
370 400
370 401
370 402
371 402
371 403
372 403
372 404
372 405
23 365
23 366
23 364
23 363
24 363
24 362
24 361
25 361
25 360
26 360
27 360
28 360
29 360
30 360
30 359
31 359
31 358
32 358
33 358
34 358
35 358
36 358
37 358
38 358
39 358
40 358
40 359
41 359
42 359
43 359
44 359
45 359
46 359
47 359
48 359
49 359
50 359
51 359
52 359
52 358
53 358
54 358
54 357
55 357
56 357
57 357
57 356
58 356
59 356
60 356
61 356
62 356
63 356
64 356
65 356
66 356
67 356
67 355
67 354
67 353
67 352
67 351
67 350
67 349
66 349
66 348
66 347
66 346
66 345
66 344
66 343
67 343
67 342
68 342
23 367
23 368
23 369
23 370
23 371
22 371
22 372
21 372
21 373
20 373
20 374
20 375
19 375
19 376
19 377
19 378
19 379
18 379
18 380
17 380
16 380
15 380
14 380
13 380
12 380
11 380
10 380
9 380
8 380
7 380
6 380
5 380
4 380
3 380
2 380
102 434
102 433
102 435
102 436
102 437
102 438
101 438
100 438
100 439
100 440
99 440
99 441
99 442
99 443
99 444
99 445
99 446
100 446
100 447
100 448
100 449
100 450
100 451
100 452
101 452
101 453
102 453
102 454
103 454
103 455
104 455
104 456
105 456
105 457
106 457
106 458
106 459
107 459
108 459
109 459
109 460
110 460
111 460
111 461
112 461
113 461
114 461
115 461
116 461
117 461
118 461
119 461
120 461
120 462
121 462
121 463
122 463
122 464
122 465
122 466
122 467
122 468
122 469
123 469
123 470
123 471
124 471
124 472
124 473
124 474
125 474
125 475
125 476
126 476
126 477
127 477
128 477
128 478
129 478
130 478
130 479
130 480
130 481
130 482
130 483
130 484
130 485
130 486
131 486
132 486
133 486
133 487
134 487
134 488
134 489
134 490
134 491
134 492
133 492
133 493
132 493
131 493
102 432
102 431
102 430
102 429
102 428
102 427
103 427
103 426
103 425
103 424
103 423
103 422
104 422
104 421
104 420
105 420
105 419
105 418
105 417
105 416
105 415
105 414
105 413
104 413
104 412
103 412
103 411
102 411
101 411
100 411
99 411
98 411
97 411
97 410
96 410
96 409
95 409
95 408
94 408
94 407
93 407
92 407
92 406
91 406
90 406
90 405
89 405
89 404
88 404
88 403
87 403
87 402
86 402
86 401
85 401
85 400
85 399
85 398
85 397
85 396
85 395
85 394
85 393
85 392
85 391
85 390
85 389
85 388
84 388
84 387
83 387
83 386
82 386
82 385
81 385
80 385
80 384
79 384
78 384
77 384
77 383
76 383
75 383
75 382
75 381
75 380
75 379
75 378
75 377
76 377
76 376
77 376
77 375
78 375
78 374
78 373
78 372
78 371
78 370
78 369
77 369
77 368
77 367
76 367
76 366
75 366
74 366
74 365
73 365
72 365
72 364
71 364
71 363
71 362
70 362
70 361
70 360
70 359
69 359
69 358
68 358
68 357
68 356
68 355
68 354
68 353
412 354
412 355
413 354
413 353
414 353
414 352
414 351
415 351
415 350
416 350
417 350
417 349
418 349
419 349
420 349
420 348
421 348
422 348
422 347
422 346
422 345
422 344
422 343
422 342
423 342
423 341
424 341
424 340
425 340
426 340
427 340
428 340
429 340
430 340
431 340
431 339
432 339
432 338
432 337
433 337
433 336
434 336
434 337
434 338
435 338
435 339
435 340
436 340
437 340
437 341
438 341
439 341
440 341
441 341
442 341
443 341
444 341
444 342
445 342
445 343
446 343
446 344
447 344
447 343
447 342
447 341
447 340
448 340
448 339
449 339
449 338
450 338
450 337
451 337
451 336
452 336
453 336
454 336
455 336
456 336
456 335
456 334
457 334
457 333
457 332
457 331
457 330
457 329
457 328
411 355
410 355
410 356
409 356
408 356
408 357
407 357
406 357
406 358
405 358
404 358
403 358
402 358
401 358
400 358
400 359
399 359
398 359
397 359
396 359
395 359
394 359
393 359
392 359
391 359
390 359
390 358
390 357
390 356
390 355
390 354
390 353
389 353
389 352
388 352
387 352
386 352
386 353
385 353
385 354
384 354
384 355
383 355
383 356
383 357
383 358
383 359
383 360
383 361
383 362
383 363
383 364
383 365
382 365
381 365
381 366
380 366
380 367
379 367
378 367
378 368
378 369
377 369
377 370
376 370
376 371
375 371
375 372
374 372
373 372
373 373
373 374
373 375
373 376
373 377
373 378
372 378
372 379
372 380
371 380
370 380
370 381
369 381
369 382
370 382
199 438
199 439
199 437
199 436
200 436
200 435
200 434
201 434
201 433
201 432
201 431
201 430
200 430
200 429
199 429
199 428
199 427
199 426
199 425
199 424
199 423
199 422
198 422
198 421
198 420
198 419
198 418
198 417
198 416
198 415
198 414
198 413
198 412
198 411
198 410
198 409
199 409
199 408
199 407
199 406
199 405
199 404
199 403
199 402
199 401
199 400
199 399
198 399
198 398
197 398
197 397
196 397
196 396
195 396
195 395
195 394
195 393
195 392
195 391
195 390
195 389
195 388
195 387
196 387
196 386
196 385
197 385
197 384
198 384
198 383
199 383
200 383
200 382
199 440
199 441
199 442
199 443
199 444
200 444
201 444
201 445
202 445
202 446
202 447
202 448
202 449
203 449
203 450
203 451
204 451
204 452
205 452
205 453
206 453
207 453
208 453
208 454
209 454
209 455
210 455
211 455
212 455
213 455
214 455
215 455
215 456
216 456
217 456
217 457
217 458
217 459
217 460
217 461
217 462
218 462
218 463
218 464
219 464
219 465
220 465
220 466
221 466
222 466
222 467
223 467
224 467
225 467
226 467
227 467
228 467
229 467
230 467
231 467
232 467
233 467
234 467
234 468
234 469
234 470
234 471
234 472
234 473
382 298
382 297
382 299
382 300
382 301
382 302
381 302
381 303
381 304
381 305
382 305
382 306
382 307
383 307
383 308
384 308
384 309
384 310
385 310
385 311
385 312
385 313
385 314
384 314
384 315
383 315
382 315
381 315
381 316
382 316
383 316
384 316
385 316
386 316
387 316
388 316
388 317
388 318
388 319
389 319
389 320
389 321
390 321
390 322
390 323
390 324
390 325
390 326
390 327
391 327
391 328
392 328
392 329
393 329
393 330
393 331
393 332
393 333
393 334
393 335
393 336
393 337
393 338
392 338
392 339
392 340
391 340
391 341
390 341
390 342
389 342
388 342
388 343
387 343
387 344
387 345
386 345
386 346
386 347
386 348
386 349
386 350
386 351
387 351
382 296
382 295
382 294
382 293
382 292
383 292
383 291
383 290
384 290
384 289
383 289
382 289
381 289
380 289
380 288
379 288
379 287
378 287
378 286
378 285
378 284
378 283
378 282
378 281
378 280
378 279
377 279
377 278
377 277
377 276
377 275
376 275
376 274
376 273
377 273
377 272
377 271
378 271
378 270
378 269
379 269
379 268
379 267
379 266
379 265
379 264
379 263
379 262
379 261
380 261
380 260
380 259
380 258
380 257
380 256
380 255
381 255
381 254
381 253
381 252
382 252
382 251
382 250
382 249
383 249
383 248
384 248
385 248
386 248
387 248
388 248
389 248
389 247
389 246
389 245
390 245
390 244
391 244
391 243
392 243
393 243
393 242
394 242
394 241
395 241
395 240
396 240
397 240
398 240
398 239
399 239
399 238
398 238
397 238
396 238
395 238
394 238
394 237
393 237
393 236
393 235
393 234
393 233
393 232
393 231
393 230
393 229
393 228
393 227
393 226
393 225
393 224
393 223
394 223
395 223
395 222
395 221
396 221
396 220
397 220
397 219
397 218
397 217
397 216
397 215
397 214
396 214
309 218
310 218
309 217
308 217
308 216
308 215
308 214
308 213
308 212
308 211
308 210
308 209
307 209
306 209
305 209
305 208
306 208
307 208
307 207
308 207
309 207
309 206
310 206
310 205
311 205
311 204
311 203
311 202
311 201
311 200
311 199
311 198
311 197
311 196
311 195
310 195
310 194
311 194
311 193
311 192
312 192
312 191
312 190
313 190
313 189
313 188
314 188
314 187
315 187
315 186
315 185
316 185
316 184
316 183
317 183
317 182
318 182
318 181
319 181
320 181
321 181
321 180
322 180
322 179
322 178
323 178
323 177
324 177
324 176
324 175
325 175
325 174
325 173
326 173
326 172
326 171
326 170
325 170
325 169
325 168
325 167
325 166
324 166
324 165
324 164
325 164
325 163
326 163
326 162
327 162
328 162
329 162
330 162
331 162
332 162
333 162
333 161
334 161
334 160
335 160
336 160
310 219
311 219
311 220
311 221
312 221
312 222
313 222
313 223
314 223
314 224
315 224
315 225
315 226
315 227
316 227
316 228
316 229
316 230
316 231
316 232
316 233
317 233
317 234
317 235
317 236
317 237
317 238
318 238
318 239
318 240
319 240
319 241
319 242
320 242
320 243
320 244
320 245
320 246
320 247
320 248
320 249
