478 313
478 312
479 313
479 314
479 315
479 316
479 317
479 318
479 319
479 320
479 321
479 322
480 322
480 323
481 323
481 324
482 324
482 325
483 325
477 312
476 312
475 312
474 312
474 311
473 311
473 310
472 310
472 309
471 309
471 308
470 308
469 308
468 308
468 307
467 307
466 307
466 306
465 306
464 306
432 401
432 402
432 400
432 399
432 398
431 398
431 397
430 397
432 403
432 404
432 405
432 406
432 407
432 408
432 409
431 409
430 409
429 409
428 409
427 409
426 409
425 409
424 409
423 409
422 409
422 410
421 410
421 411
421 412
421 413
421 414
420 414
420 415
420 416
420 417
419 417
419 418
418 418
418 419
418 420
396 455
395 455
397 455
398 455
399 455
400 455
401 455
401 456
402 456
402 457
402 458
402 459
402 460
402 461
402 462
401 462
400 462
400 463
399 463
399 464
398 464
398 465
398 466
398 467
398 468
398 469
398 470
398 471
398 472
398 473
398 474
398 475
394 455
393 455
392 455
391 455
390 455
389 455
388 455
388 456
388 457
387 457
387 456
387 455
386 455
386 454
385 454
384 454
384 453
383 453
382 453
382 452
382 451
383 451
384 451
384 450
385 450
385 449
386 449
386 448
387 448
387 447
387 446
388 446
388 445
389 445
390 445
391 445
392 445
392 444
392 443
392 442
392 441
392 440
392 439
392 438
392 437
392 436
392 435
391 435
391 434
390 434
390 433
389 433
389 432
388 432
476 294
475 294
476 293
477 293
478 293
479 293
479 292
479 291
479 290
479 289
480 289
481 289
482 289
483 289
483 288
484 288
484 287
485 287
485 286
485 285
485 284
485 283
485 282
485 281
485 280
485 279
485 278
485 277
485 276
485 275
485 274
486 274
487 274
487 273
488 273
489 273
489 272
490 272
490 271
490 270
491 270
491 269
491 268
491 267
491 266
491 265
491 264
491 263
492 263
492 262
493 262
494 262
495 262
496 262
497 262
498 262
499 262
500 262
501 262
502 262
503 262
504 262
504 261
503 261
502 261
502 260
502 259
501 259
501 258
500 258
500 257
500 256
500 255
500 254
500 253
500 252
500 251
500 250
500 249
500 248
500 247
501 247
501 246
501 245
501 244
501 243
500 243
500 242
499 242
498 242
497 242
496 242
495 242
495 241
494 241
493 241
492 241
491 241
490 241
489 241
488 241
487 241
487 242
475 295
474 295
474 296
474 297
473 297
473 298
473 299
474 299
474 300
475 300
475 301
475 302
475 303
475 304
474 304
474 305
473 305
473 306
472 306
471 306
470 306
469 306
468 306
467 306
251 498
251 499
252 498
253 498
254 498
255 498
255 497
255 496
255 495
255 494
255 493
255 492
255 491
255 490
255 489
254 489
254 488
254 487
254 486
253 486
251 500
251 501
250 501
250 502
249 502
248 502
247 502
246 502
246 503
245 503
444 486
444 487
444 485
444 484
443 484
443 483
442 483
441 483
441 482
440 482
440 481
439 481
439 480
438 480
438 479
437 479
437 478
436 478
436 477
435 477
435 476
434 476
433 476
432 476
431 476
430 476
429 476
428 476
427 476
426 476
425 476
425 477
424 477
424 478
424 479
424 480
424 481
424 482
424 483
423 483
423 484
422 484
421 484
421 485
420 485
419 485
418 485
417 485
416 485
415 485
414 485
413 485
412 485
411 485
410 485
410 484
409 484
409 483
408 483
408 482
408 481
408 480
407 480
407 479
406 479
405 479
404 479
403 479
402 479
401 479
401 478
400 478
400 477
399 477
399 476
398 476
444 488
444 489
444 490
444 491
444 492
443 492
443 493
442 493
442 494
443 494
443 495
444 495
445 495
446 495
447 495
447 496
448 496
449 496
449 497
450 497
450 498
451 498
452 498
452 499
452 500
452 501
452 502
453 502
453 503
454 503
455 503
456 503
457 503
347 480
347 479
346 480
345 480
344 480
344 481
343 481
342 481
342 482
341 482
340 482
340 483
339 483
339 484
340 484
340 485
340 486
340 487
340 488
341 488
341 489
342 489
342 490
341 490
341 491
340 491
340 492
340 493
339 493
338 493
337 493
336 493
335 493
334 493
333 493
333 492
332 492
332 491
331 491
331 490
330 490
330 489
329 489
329 488
348 479
349 479
349 478
349 477
349 476
350 476
350 477
351 477
351 478
352 478
353 478
354 478
355 478
356 478
356 479
356 480
356 481
356 482
357 482
357 483
357 484
358 484
358 485
359 485
359 486
360 486
360 487
360 488
360 489
360 490
361 490
361 491
361 492
361 493
362 493
362 494
362 495
362 496
362 497
362 498
362 499
361 499
360 499
359 499
358 499
357 499
356 499
355 499
355 500
354 500
353 500
352 500
351 500
350 500
350 499
349 499
348 499
348 498
347 498
347 497
346 497
346 496
345 496
345 495
344 495
343 495
342 495
341 495
341 494
341 493
341 492
415 496
415 497
415 495
415 494
415 493
415 492
415 491
416 491
416 490
416 489
416 488
416 487
416 486
414 497
414 498
413 498
412 498
411 498
410 498
410 499
409 499
408 499
408 500
407 500
406 500
405 500
404 500
403 500
402 500
402 499
401 499
401 498
375 493
376 493
374 493
373 493
373 494
372 494
372 495
371 495
371 496
370 496
370 497
370 498
369 498
369 499
369 500
368 500
367 500
367 501
366 501
365 501
365 500
364 500
364 499
363 499
377 493
378 493
379 493
380 493
380 494
380 495
380 496
380 497
380 498
379 498
379 499
379 500
378 500
378 501
379 501
379 502
380 502
381 502
382 502
383 502
383 503
384 503
384 504
385 504
385 505
386 505
387 505
387 506
388 506
389 506
390 506
391 506
392 506
393 506
394 506
394 507
395 507
395 506
396 506
396 505
396 504
397 504
397 503
398 503
399 503
399 502
399 501
400 501
400 500
400 499
441 409
442 409
440 409
439 409
438 409
437 409
436 409
435 409
434 409
434 410
433 410
433 409
443 409
443 408
444 408
444 407
444 406
445 406
445 405
446 405
446 406
447 406
447 407
448 407
449 407
450 407
451 407
452 407
453 407
454 407
455 407
456 407
456 406
456 405
457 405
457 404
458 404
458 403
458 402
459 402
459 401
460 401
461 401
462 401
463 401
463 402
464 402
464 403
465 403
465 404
465 405
466 405
466 406
467 406
467 407
467 408
468 408
469 408
470 408
470 409
471 409
472 409
473 409
473 410
474 410
475 410
475 411
476 411
477 411
477 412
478 412
479 412
480 412
481 412
482 412
483 412
483 413
484 413
484 414
485 414
486 414
486 415
487 415
488 415
488 416
489 416
489 417
489 418
489 419
489 420
489 421
488 421
488 422
487 422
486 422
486 423
485 423
485 424
485 425
484 425
484 426
484 427
484 428
483 428
483 429
482 429
482 430
481 430
481 431
481 432
481 433
481 434
481 435
480 435
480 436
480 437
479 437
479 438
479 439
479 440
478 440
478 441
478 442
478 443
478 444
477 444
476 444
475 444
474 444
473 444
473 445
472 445
471 445
480 344
480 343
481 344
481 345
481 346
482 346
483 346
483 347
484 347
485 347
486 347
487 347
488 347
488 348
487 348
487 349
486 349
486 350
486 351
486 352
486 353
486 354
485 354
484 354
484 355
483 355
482 355
482 356
481 356
481 357
482 357
483 357
484 357
485 357
486 357
487 357
487 358
488 358
488 359
488 360
489 360
489 361
488 361
488 362
487 362
487 363
487 364
486 364
485 364
484 364
483 364
482 364
481 364
481 365
480 365
479 365
479 366
479 367
478 367
478 368
478 369
477 369
476 369
475 369
474 369
473 369
472 369
472 368
471 368
470 368
470 367
469 367
480 342
480 341
480 340
480 339
480 338
480 337
480 336
480 335
480 334
480 333
480 332
480 331
480 330
480 329
480 328
481 328
481 327
481 326
481 325
489 475
489 474
489 476
489 477
489 478
489 479
489 480
489 481
489 482
489 483
489 484
490 484
490 485
490 486
490 487
491 487
491 488
491 489
492 489
492 490
493 490
493 491
494 491
494 492
495 492
495 493
496 493
497 493
497 494
498 494
499 494
499 495
500 495
501 495
502 495
503 495
504 495
505 495
505 496
506 496
507 496
508 496
509 496
510 496
511 496
511 497
511 498
511 499
511 500
511 501
511 502
511 503
511 504
511 505
511 506
511 507
511 508
510 508
510 509
510 510
509 510
509 511
508 511
507 511
506 511
505 511
504 511
504 510
503 510
503 509
502 509
501 509
500 509
499 509
499 508
498 508
498 507
497 507
496 507
496 508
495 508
494 508
493 508
492 508
491 508
490 508
489 508
489 509
488 509
488 508
487 508
487 507
487 506
486 506
485 506
484 506
483 506
482 506
481 506
480 506
479 506
478 506
477 506
477 505
476 505
476 504
475 504
475 503
474 503
474 502
473 502
472 502
471 502
470 502
469 502
468 502
467 502
466 502
465 502
464 502
463 502
462 502
461 502
460 502
460 503
459 503
458 503
490 474
490 473
491 473
492 473
493 473
494 473
494 472
495 472
495 471
495 470
495 469
494 469
494 468
494 467
493 467
493 466
493 465
492 465
492 464
491 464
490 464
490 463
490 462
490 461
490 460
490 459
491 459
491 458
492 458
492 457
493 457
493 456
494 456
494 455
494 454
494 453
494 452
493 452
493 451
493 450
492 450
492 449
491 449
491 448
491 447
490 447
490 446
489 446
488 446
487 446
487 447
486 447
485 447
485 446
484 446
483 446
482 446
481 446
480 446
479 446
478 446
477 446
476 446
475 446
474 446
473 446
472 446
471 446
498 398
498 399
498 397
498 396
498 395
498 394
498 393
499 393
499 392
500 392
500 391
500 390
500 389
500 388
500 387
500 386
500 385
499 385
499 384
499 383
498 383
497 383
497 382
496 382
496 381
495 381
494 381
494 380
493 380
493 379
492 379
492 378
492 377
492 376
492 375
492 374
492 373
492 372
492 371
492 370
492 369
492 368
492 367
492 366
492 365
492 364
492 363
491 363
491 362
490 362
490 361
498 400
498 401
498 402
498 403
498 404
498 405
497 405
497 406
497 407
497 408
497 409
496 409
496 410
496 411
495 411
495 412
494 412
494 413
494 414
494 415
493 415
493 416
492 416
492 417
491 417
491 418
491 419
490 419
490 420
331 469
330 469
332 469
332 470
333 470
333 471
334 471
334 472
334 473
334 474
334 475
333 475
333 476
332 476
332 477
332 478
332 479
332 480
331 480
330 480
330 481
329 481
329 482
329 483
329 484
329 485
329 486
329 487
329 469
328 469
328 468
327 468
326 468
326 467
325 467
325 466
324 466
324 465
324 464
324 463
324 462
324 461
324 460
324 459
323 459
323 458
322 458
321 458
320 458
319 458
318 458
318 457
318 456
318 455
318 454
318 453
317 453
316 453
315 453
315 452
314 452
314 451
313 451
263 469
263 470
264 469
264 468
265 468
266 468
266 467
267 467
268 467
269 467
269 466
270 466
270 465
270 464
271 464
271 463
271 462
272 462
273 462
273 461
274 461
274 460
273 460
273 459
273 458
273 457
273 456
273 455
273 454
274 454
274 453
274 452
274 451
274 450
274 449
275 449
276 449
277 449
278 449
279 449
280 449
281 449
282 449
283 449
284 449
285 449
285 450
286 450
287 450
288 450
289 450
290 450
291 450
292 450
292 451
293 451
294 451
295 451
296 451
297 451
298 451
299 451
299 450
300 450
300 449
300 448
300 447
300 446
300 445
301 445
301 444
302 444
302 443
303 443
304 443
305 443
306 443
306 444
307 444
308 444
308 445
309 445
310 445
310 446
311 446
311 447
311 448
312 448
312 449
312 450
312 451
262 470
261 470
260 470
259 470
258 470
257 470
256 470
255 470
255 469
254 469
253 469
253 470
252 470
252 471
251 471
251 472
251 473
250 473
250 474
250 475
250 476
250 477
250 478
250 479
251 479
251 480
252 480
252 481
252 482
252 483
252 484
253 484
253 485
236 496
235 496
237 496
238 496
238 495
239 495
239 494
240 494
241 494
242 494
242 493
243 493
243 492
243 491
243 490
243 489
243 488
244 488
245 488
245 487
246 487
247 487
248 487
249 487
250 487
251 487
252 487
253 487
234 496
233 496
232 496
232 497
232 498
232 499
232 500
232 501
232 502
231 502
231 503
337 405
338 405
337 404
336 404
336 403
335 403
334 403
333 403
332 403
332 402
332 401
332 400
332 399
332 398
331 398
331 397
330 397
330 396
330 395
329 395
329 394
328 394
328 393
327 393
327 392
326 392
326 391
325 391
325 390
325 389
324 389
324 388
323 388
323 387
322 387
322 386
323 386
324 386
325 386
325 385
326 385
327 385
327 384
328 384
329 384
330 384
330 383
331 383
332 383
332 382
333 382
333 381
333 380
334 380
334 379
334 378
334 377
335 377
335 376
335 375
335 374
335 373
334 373
334 372
333 372
332 372
331 372
330 372
329 372
329 371
329 370
329 369
329 368
329 367
329 366
329 365
329 364
329 363
328 363
328 362
327 362
327 361
328 361
328 360
328 359
328 358
328 357
328 356
328 355
328 354
328 353
328 352
328 351
327 351
327 350
326 350
326 349
325 349
325 348
324 348
324 347
323 347
323 346
322 346
322 345
321 345
338 406
338 407
338 408
338 409
338 410
339 410
339 411
340 411
341 411
341 412
342 412
233 429
233 430
233 428
233 427
233 426
233 425
233 424
233 423
232 423
232 422
231 422
230 422
229 422
229 421
228 421
227 421
226 421
225 421
224 421
223 421
222 421
221 421
221 420
220 420
220 419
219 419
219 418
220 418
220 417
221 417
221 416
222 416
223 416
224 416
224 415
225 415
226 415
227 415
227 414
228 414
229 414
229 413
230 413
231 413
232 413
232 412
233 412
233 411
234 411
234 410
235 410
236 410
236 409
237 409
233 431
233 432
233 433
233 434
234 434
234 435
467 180
467 179
467 181
467 182
468 182
468 183
469 183
469 184
470 184
470 185
471 185
472 185
472 186
473 186
474 186
475 186
476 186
477 186
477 187
478 187
479 187
480 187
481 187
482 187
483 187
484 187
484 188
484 189
484 190
484 191
484 192
485 192
486 192
487 192
487 193
488 193
488 194
489 194
489 195
490 195
490 196
490 197
491 197
491 198
492 198
492 199
493 199
494 199
494 200
495 200
496 200
497 200
498 200
499 200
500 200
501 200
502 200
502 201
503 201
503 202
504 202
504 203
505 203
505 204
506 204
506 205
506 206
506 207
506 208
506 209
507 209
507 210
508 210
508 211
509 211
509 212
510 212
510 213
510 214
510 215
510 216
510 217
511 217
511 218
511 219
511 220
511 221
510 221
510 222
509 222
509 223
509 224
509 225
509 226
508 226
508 227
507 227
507 228
507 229
507 230
506 230
506 231
505 231
505 232
505 233
504 233
504 234
504 235
504 236
504 237
504 238
504 239
504 240
504 241
503 241
503 242
502 242
501 242
467 178
467 177
467 176
467 175
467 174
467 173
467 172
467 171
467 170
467 169
468 169
468 170
469 170
469 169
469 168
469 167
469 166
469 165
469 164
469 163
470 163
470 162
471 162
472 162
473 162
474 162
474 161
473 161
473 160
472 160
471 160
471 159
470 159
470 158
470 157
470 156
470 155
469 155
469 154
469 153
469 152
469 151
469 150
469 149
469 148
469 147
469 146
470 146
470 145
471 145
471 144
471 143
471 142
471 141
471 140
471 139
471 138
471 137
471 136
472 136
472 135
473 135
473 134
474 134
475 134
476 134
477 134
477 133
477 132
477 131
477 130
477 129
477 128
477 127
477 126
478 126
478 125
478 124
479 124
479 123
478 123
477 123
476 123
475 123
474 123
473 123
473 122
472 122
472 121
472 120
471 120
470 120
469 120
469 119
469 118
470 118
470 117
470 116
470 115
471 115
472 115
473 115
474 115
475 115
475 114
476 114
476 113
476 112
477 112
477 111
477 110
477 109
478 109
478 108
479 108
479 107
480 107
480 106
480 105
480 104
480 103
480 102
480 101
480 100
480 99
480 98
480 97
480 96
480 95
481 95
482 95
483 95
484 95
485 95
486 95
486 94
487 94
488 94
488 93
489 93
489 92
489 91
489 90
489 89
489 88
489 87
489 86
490 86
490 85
490 84
491 84
491 83
492 83
492 82
493 82
494 82
495 82
496 82
496 81
497 81
498 81
499 81
500 81
500 82
501 82
502 82
502 83
503 83
504 83
505 83
506 83
507 83
508 83
509 83
510 83
511 83
511 84
511 85
511 86
511 87
511 88
511 89
511 90
511 91
511 92
511 93
511 94
511 95
511 96
511 97
511 98
511 99
511 100
511 101
511 102
511 103
268 172
269 172
267 172
267 173
266 173
265 173
264 173
263 173
263 174
262 174
261 174
261 173
260 173
259 173
259 172
258 172
257 172
256 172
256 171
255 171
254 171
254 170
253 170
253 171
252 171
251 171
250 171
249 171
249 172
248 172
247 172
247 173
247 174
246 174
269 171
270 171
271 171
271 170
272 170
272 169
273 169
273 168
274 168
274 167
275 167
275 166
276 166
244 434
243 434
245 434
245 433
246 433
246 432
247 432
247 431
247 430
248 430
248 429
249 429
249 428
250 428
251 428
252 428
253 428
254 428
255 428
256 428
257 428
258 428
259 428
260 428
261 428
262 428
263 428
264 428
264 427
242 434
241 434
240 434
239 434
238 434
237 434
236 434
235 434
235 435
430 310
430 309
430 311
430 312
431 312
431 313
431 314
431 315
431 316
431 317
431 318
431 319
430 319
430 320
430 321
430 322
430 323
430 324
430 325
430 326
430 327
431 327
431 328
432 328
433 328
434 328
435 328
436 328
437 328
438 328
439 328
439 329
440 329
441 329
442 329
443 329
443 330
444 330
445 330
446 330
446 329
447 329
448 329
449 329
449 328
450 328
450 327
450 326
450 325
450 324
451 324
451 323
452 323
452 322
453 322
453 321
454 321
454 320
455 320
455 319
456 319
456 318
456 317
457 317
457 316
457 315
457 314
457 313
457 312
457 311
457 310
457 309
457 308
457 307
458 307
459 307
460 307
461 307
462 307
463 307
463 306
430 308
430 307
430 306
431 306
431 305
432 305
432 304
433 304
433 303
432 303
432 302
431 302
430 302
429 302
428 302
427 302
426 302
425 302
424 302
423 302
422 302
421 302
421 303
420 303
419 303
418 303
417 303
416 303
415 303
414 303
414 302
413 302
413 301
243 306
243 305
242 306
241 306
240 306
239 306
238 306
237 306
236 306
236 305
236 304
236 303
235 303
235 302
234 302
234 301
233 301
233 300
232 300
232 299
232 298
232 297
232 296
232 295
232 294
231 294
231 293
230 293
229 293
228 293
228 292
227 292
227 291
226 291
226 290
225 290
225 289
225 288
225 287
225 286
225 285
225 284
225 283
225 282
225 281
225 280
225 279
226 279
226 278
227 278
227 277
244 305
245 305
246 305
247 305
247 304
248 304
248 303
249 303
249 304
250 304
250 305
251 305
251 306
252 306
252 307
252 308
253 308
253 309
253 310
254 310
254 311
255 311
256 311
257 311
258 311
259 311
260 311
260 310
261 310
261 309
262 309
263 309
263 308
408 273
409 273
407 273
406 273
406 272
405 272
405 271
404 271
404 270
404 269
403 269
410 273
411 273
412 273
412 272
413 272
413 271
414 271
414 270
415 270
415 269
416 269
416 268
417 268
418 268
419 268
419 267
420 267
420 266
420 265
420 264
421 264
422 264
422 263
423 263
423 262
424 262
424 261
425 261
425 260
425 259
426 259
426 258
427 258
427 257
427 256
428 256
428 255
428 254
429 254
430 254
431 254
432 254
433 254
434 254
435 254
436 254
437 254
438 254
439 254
440 254
440 255
440 256
440 257
440 258
440 259
440 260
440 261
440 262
440 263
440 264
441 264
441 265
442 265
442 266
443 266
443 267
444 267
445 267
445 268
446 268
447 268
448 268
449 268
450 268
451 268
452 268
453 268
454 268
455 268
456 268
457 268
458 268
458 269
459 269
459 270
459 271
459 272
460 272
460 273
460 274
461 274
462 274
463 274
464 274
465 274
466 274
467 274
468 274
469 274
470 274
470 275
471 275
472 275
472 276
473 276
473 277
474 277
475 277
476 277
477 277
477 278
478 278
478 277
479 277
479 276
480 276
480 275
481 275
482 275
483 275
484 275
441 62
441 61
441 63
441 64
441 65
441 66
441 67
440 67
440 68
440 69
440 70
439 70
438 70
438 69
438 68
437 68
436 68
435 68
434 68
433 68
433 67
432 67
432 68
431 68
431 69
430 69
429 69
428 69
428 70
427 70
426 70
426 71
425 71
425 72
424 72
423 72
423 73
423 74
423 75
423 76
423 77
423 78
423 79
423 80
423 81
422 81
422 82
421 82
421 83
421 84
421 85
421 86
421 87
420 87
420 88
419 88
419 89
419 90
419 91
419 92
419 93
419 94
419 95
419 96
419 97
419 98
418 98
417 98
416 98
415 98
414 98
413 98
412 98
411 98
410 98
409 98
409 99
408 99
408 100
408 101
408 102
408 103
408 104
408 105
407 105
407 106
406 106
406 107
405 107
405 108
404 108
404 109
403 109
403 110
402 110
402 111
402 112
402 113
402 114
402 115
402 116
402 117
402 118
401 118
401 119
400 119
400 120
401 120
402 120
403 120
404 120
405 120
406 120
407 120
408 120
408 119
409 119
410 119
411 119
412 119
412 120
413 120
414 120
415 120
415 121
415 122
415 123
415 124
415 125
415 126
414 126
414 127
414 128
415 128
416 128
417 128
418 128
419 128
419 129
420 129
421 129
422 129
423 129
424 129
425 129
426 129
426 130
426 131
427 131
428 131
428 132
429 132
430 132
430 133
431 133
432 133
432 134
432 135
432 136
433 136
433 135
434 135
434 134
435 134
435 133
436 133
436 132
437 132
437 131
438 131
439 131
440 131
441 131
442 131
443 131
443 132
443 133
444 133
444 134
444 135
445 135
445 136
446 136
447 136
448 136
449 136
450 136
451 136
452 136
452 137
453 137
453 138
454 138
454 139
454 140
455 140
456 140
456 141
457 141
458 141
458 142
459 142
460 142
460 143
461 143
461 144
462 144
462 145
463 145
464 145
465 145
466 145
467 145
467 146
468 146
468 147
468 148
441 60
441 59
441 58
441 57
442 57
442 56
442 55
442 54
442 53
442 52
442 51
442 50
442 49
443 49
444 49
445 49
446 49
447 49
448 49
448 48
449 48
449 47
449 46
450 46
450 45
450 44
449 44
449 43
448 43
448 42
448 41
448 40
448 39
448 38
447 38
447 37
447 36
447 35
447 34
447 33
447 32
447 31
447 30
447 29
446 29
446 28
447 28
448 28
449 28
450 28
451 28
452 28
453 28
454 28
454 27
455 27
456 27
457 27
458 27
459 27
460 27
460 26
461 26
461 25
461 24
462 24
281 274
281 273
281 275
281 276
281 277
281 278
281 279
281 280
280 280
280 281
280 282
280 283
280 284
280 285
280 286
280 287
280 288
279 288
279 289
278 289
278 290
277 290
276 290
275 290
274 290
274 291
273 291
273 292
272 292
272 293
272 294
271 294
271 295
281 272
281 271
281 270
281 269
281 268
281 267
281 266
281 265
281 264
281 263
281 262
282 262
282 261
448 196
447 196
449 196
449 197
450 197
450 198
450 199
450 200
450 201
450 202
450 203
450 204
450 205
450 206
450 207
450 208
450 209
450 210
450 211
451 211
451 210
451 209
451 208
451 207
452 207
453 207
454 207
455 207
455 208
456 208
457 208
458 208
459 208
460 208
460 209
461 209
461 210
462 210
462 211
463 211
463 212
464 212
464 213
465 213
465 214
466 214
467 214
468 214
469 214
470 214
471 214
472 214
473 214
473 215
474 215
474 216
475 216
476 216
476 215
476 214
477 214
477 213
478 213
479 213
480 213
481 213
482 213
483 213
483 212
484 212
485 212
485 211
486 211
486 210
486 209
487 209
487 208
488 208
488 207
489 207
489 206
489 205
489 204
488 204
488 203
488 202
488 201
487 201
487 200
487 199
488 199
488 198
488 197
488 196
488 195
446 196
445 196
444 196
443 196
442 196
441 196
440 196
440 195
439 195
439 196
439 197
439 198
439 199
439 200
439 201
439 202
439 203
439 204
439 205
439 206
438 206
437 206
437 207
436 207
436 208
435 208
435 209
434 209
434 210
434 211
433 211
330 431
331 431
329 431
328 431
327 431
326 431
325 431
324 431
324 430
323 430
322 430
321 430
320 430
319 430
319 431
318 431
318 432
318 433
318 434
318 435
318 436
317 436
317 437
316 437
316 438
316 439
316 440
316 441
316 442
316 443
316 444
315 444
315 445
315 446
315 447
314 447
314 448
314 449
314 450
313 450
332 431
333 431
334 431
335 431
335 430
336 430
336 429
336 428
337 428
337 427
338 427
339 427
340 427
340 426
341 426
341 425
341 424
342 424
342 423
343 423
344 423
345 423
345 422
346 422
346 421
346 420
346 419
345 419
345 418
345 417
345 416
345 415
345 414
344 414
344 413
343 413
342 413
246 441
246 440
246 442
246 443
247 443
247 444
247 445
248 445
249 445
249 446
250 446
251 446
251 447
251 448
251 449
251 450
252 450
253 450
253 451
254 451
255 451
255 450
256 450
257 450
258 450
259 450
260 450
261 450
262 450
263 450
263 451
264 451
264 452
265 452
265 453
266 453
267 453
268 453
269 453
270 453
271 453
272 453
273 453
245 440
245 439
244 439
243 439
242 439
241 439
240 439
239 439
238 439
238 438
238 437
237 437
237 436
236 436
235 436
252 403
252 402
253 403
253 404
254 404
254 405
254 406
255 406
255 407
255 408
255 409
256 409
256 410
256 411
256 412
257 412
257 413
257 414
257 415
257 416
256 416
256 417
255 417
255 418
255 419
255 420
254 420
254 421
254 422
254 423
254 424
254 425
254 426
254 427
251 402
251 401
250 401
250 400
249 400
249 399
249 398
248 398
248 397
247 397
247 396
246 396
246 395
246 394
246 393
246 392
246 391
247 391
247 390
248 390
249 390
250 390
251 390
252 390
253 390
253 389
253 388
253 387
253 386
253 385
253 384
254 384
328 293
328 292
328 294
328 295
327 295
327 296
326 296
326 297
326 298
326 299
326 300
326 301
326 302
326 303
326 304
326 305
326 306
326 307
326 308
326 309
326 310
327 310
327 311
328 311
328 312
329 312
329 313
329 314
330 314
330 315
331 315
332 315
333 315
333 316
334 316
335 316
335 317
336 317
337 317
338 317
339 317
340 317
341 317
342 317
343 317
344 317
345 317
345 318
345 319
345 320
345 321
345 322
344 322
343 322
343 323
342 323
341 323
341 324
340 324
340 325
339 325
339 326
339 327
339 328
338 328
338 329
338 330
337 330
337 331
337 332
337 333
336 333
336 334
335 334
335 335
334 335
333 335
332 335
331 335
331 336
331 337
330 337
330 338
329 338
329 339
329 340
329 341
329 342
328 342
328 343
327 343
327 344
326 344
325 344
324 344
323 344
322 344
321 344
328 291
328 290
328 289
328 288
327 288
327 287
326 287
325 287
324 287
323 287
322 287
321 287
320 287
319 287
318 287
317 287
316 287
315 287
315 286
314 286
314 285
314 284
313 284
313 283
312 283
312 282
312 281
312 280
312 279
312 278
312 277
311 277
311 276
311 275
310 275
310 274
310 273
310 272
310 271
310 270
309 270
309 269
308 269
307 269
307 268
307 267
307 266
307 265
307 264
308 264
308 263
307 263
307 262
306 262
306 261
306 260
306 259
306 258
306 257
305 257
305 256
304 256
303 256
303 255
302 255
301 255
301 254
300 254
300 253
300 252
300 251
300 250
299 250
298 250
297 250
296 250
295 250
294 250
294 249
294 248
293 248
292 248
292 249
291 249
291 250
290 250
289 250
288 250
287 250
286 250
286 251
285 251
285 252
285 253
285 254
285 255
285 256
285 257
284 257
284 258
284 259
283 259
283 260
283 261
370 40
369 40
371 40
372 40
372 39
373 39
374 39
375 39
376 39
376 38
377 38
378 38
378 37
378 36
379 36
379 35
380 35
380 36
381 36
381 37
382 37
383 37
383 38
384 38
385 38
385 39
386 39
387 39
388 39
389 39
390 39
391 39
392 39
392 38
393 38
393 37
394 37
394 38
394 39
394 40
394 41
394 42
394 43
394 44
394 45
394 46
394 47
394 48
394 49
393 49
393 50
393 51
392 51
392 52
392 53
392 54
392 55
392 56
392 57
393 57
394 57
394 58
395 58
396 58
396 59
397 59
398 59
398 60
399 60
400 60
401 60
402 60
402 61
403 61
403 62
404 62
404 63
405 63
405 64
405 65
405 66
405 67
405 68
405 69
405 70
405 71
405 72
404 72
404 73
403 73
403 74
403 75
402 75
402 76
402 77
402 78
402 79
402 80
403 80
403 81
404 81
404 82
405 82
405 83
405 84
405 85
406 85
406 86
407 86
407 87
408 87
409 87
409 88
410 88
411 88
411 89
412 89
413 89
413 90
414 90
415 90
415 91
416 91
416 92
417 92
417 93
417 94
418 94
418 95
368 40
368 41
368 42
368 43
368 44
368 45
368 46
368 47
368 48
214 384
214 383
214 385
214 386
214 387
213 387
212 387
212 388
211 388
210 388
209 388
208 388
207 388
206 388
205 388
204 388
204 389
203 389
203 390
203 391
202 391
202 392
202 393
202 394
201 394
201 395
200 395
200 396
199 396
198 396
197 396
196 396
196 397
195 397
195 398
194 398
194 399
214 382
214 381
214 380
215 380
215 379
216 379
217 379
217 378
218 378
205 413
205 414
204 413
203 413
203 412
202 412
202 413
201 413
201 414
200 414
200 415
199 415
199 416
198 416
198 417
197 417
197 416
196 416
196 415
195 415
194 415
193 415
192 415
191 415
191 414
191 413
190 413
190 412
190 411
190 410
190 409
189 409
189 408
188 408
188 407
188 406
187 406
187 405
187 404
187 403
187 402
188 402
189 402
190 402
191 402
191 401
192 401
192 400
193 400
193 399
206 414
207 414
208 414
208 415
209 415
209 416
210 416
211 416
212 416
213 416
213 417
214 417
214 418
215 418
216 418
217 418
218 418
380 261
381 261
379 261
378 261
377 261
376 261
376 260
375 260
375 259
374 259
374 258
374 257
373 257
373 256
373 255
373 254
372 254
371 254
370 254
369 254
369 255
369 256
369 257
369 258
368 258
368 259
368 260
368 261
368 262
368 263
368 264
367 264
367 265
367 266
367 267
367 268
367 269
368 269
368 270
368 271
367 271
367 272
366 272
365 272
364 272
363 272
362 272
361 272
360 272
359 272
359 271
358 271
358 270
358 269
358 268
357 268
357 269
357 270
357 271
356 271
355 271
355 272
354 272
353 272
353 273
353 274
352 274
352 275
351 275
351 276
350 276
350 277
350 278
349 278
348 278
347 278
346 278
345 278
344 278
344 277
343 277
343 276
343 275
343 274
342 274
342 273
341 273
340 273
340 274
339 274
339 275
338 275
338 276
337 276
337 277
337 278
336 278
336 279
335 279
334 279
334 280
333 280
332 280
332 281
331 281
331 282
330 282
329 282
329 283
328 283
328 284
327 284
327 285
327 286
326 286
382 261
383 261
384 261
384 262
385 262
386 262
386 263
387 263
387 264
388 264
388 265
388 266
388 267
388 268
389 268
390 268
390 269
391 269
391 270
392 270
392 271
393 271
394 271
395 271
396 271
397 271
398 271
399 271
400 271
400 270
401 270
401 269
402 269
265 374
264 374
265 373
265 372
266 372
267 372
267 371
267 370
266 370
266 369
265 369
265 368
264 368
264 367
263 367
263 366
262 366
262 365
262 364
262 363
261 363
261 362
260 362
260 361
260 360
260 359
261 359
261 358
261 357
262 357
262 356
263 356
263 355
263 354
264 354
264 353
264 352
264 351
264 350
264 349
265 349
265 348
265 347
265 346
265 345
264 345
264 344
263 344
262 344
262 343
261 343
261 342
260 342
260 341
260 340
260 339
260 338
259 338
259 337
258 337
258 336
257 336
257 335
256 335
256 334
255 334
255 333
254 333
254 332
253 332
253 331
252 331
252 330
251 330
251 329
252 329
252 328
252 327
252 326
252 325
252 324
252 323
252 322
252 321
252 320
252 319
253 319
253 318
253 317
253 316
253 315
253 314
253 313
254 313
254 312
255 312
264 375
264 376
263 376
263 377
262 377
262 378
261 378
260 378
260 379
260 380
259 380
258 380
257 380
257 381
256 381
256 382
255 382
255 383
254 383
224 211
224 212
224 210
223 210
223 209
223 208
222 208
222 207
222 206
221 206
221 205
221 204
220 204
220 205
219 205
218 205
217 205
216 205
215 205
214 205
214 206
214 207
214 208
214 209
214 210
214 211
213 211
213 212
212 212
212 213
211 213
211 214
224 213
224 214
224 215
224 216
224 217
224 218
225 218
295 55
295 54
295 56
295 57
294 57
294 58
293 58
293 59
293 60
293 61
293 62
293 63
293 64
292 64
291 64
291 65
292 65
293 65
294 65
295 65
296 65
297 65
297 66
298 66
298 67
299 67
299 68
300 68
300 67
301 67
301 66
301 65
302 65
303 65
304 65
304 64
305 64
306 64
306 63
295 53
295 52
295 51
295 50
296 50
296 49
297 49
298 49
299 49
300 49
300 48
301 48
301 47
300 47
300 46
300 45
299 45
299 44
298 44
298 43
298 42
298 41
298 40
297 40
297 39
297 38
297 37
297 36
297 35
297 34
296 34
295 34
294 34
293 34
293 33
294 33
295 33
296 33
297 33
297 32
297 31
298 31
298 30
299 30
299 29
300 29
300 30
301 30
302 30
303 30
304 30
305 30
306 30
306 31
307 31
308 31
309 31
310 31
311 31
312 31
313 31
314 31
315 31
316 31
317 31
317 30
318 30
318 29
319 29
320 29
321 29
322 29
323 29
324 29
325 29
326 29
327 29
328 29
328 28
329 28
329 27
330 27
330 26
331 26
332 26
332 27
333 27
333 28
334 28
335 28
335 29
336 29
336 30
336 31
336 32
336 33
336 34
336 35
336 36
336 37
336 38
336 39
337 39
337 38
338 38
338 37
339 37
339 36
340 36
341 36
342 36
343 36
344 36
345 36
346 36
347 36
347 37
348 37
349 37
350 37
351 37
351 38
352 38
353 38
354 38
354 39
355 39
355 40
355 41
356 41
356 42
357 42
357 43
357 44
358 44
359 44
360 44
361 44
362 44
363 44
364 44
365 44
365 45
366 45
366 46
367 46
367 47
231 258
230 258
231 257
232 257
233 257
234 257
235 257
236 257
237 257
238 257
239 257
240 257
241 257
242 257
243 257
244 257
245 257
246 257
247 257
247 256
246 256
245 256
244 256
244 255
244 254
244 253
244 252
243 252
243 251
243 250
242 250
242 249
242 248
241 248
241 247
240 247
239 247
239 246
238 246
237 246
237 245
237 244
237 243
237 242
237 241
237 240
236 240
236 239
236 238
236 237
235 237
235 236
236 236
236 235
237 235
237 234
237 233
237 232
237 231
237 230
237 229
237 228
237 227
237 226
237 225
237 224
237 223
236 223
236 222
235 222
235 221
235 220
234 220
234 219
233 219
233 218
232 218
231 218
230 218
229 218
228 218
227 218
226 218
230 259
230 260
230 261
230 262
229 262
229 263
228 263
228 264
227 264
227 265
227 266
227 267
227 268
228 268
228 269
228 270
228 271
228 272
228 273
228 274
228 275
228 276
228 277
299 90
300 90
298 90
297 90
296 90
295 90
294 90
293 90
293 91
292 91
291 91
291 92
290 92
289 92
289 93
288 93
287 93
287 94
286 94
285 94
284 94
283 94
282 94
282 95
281 95
281 96
280 96
279 96
278 96
277 96
276 96
276 95
275 95
275 94
274 94
274 93
273 93
273 92
273 91
273 90
272 90
272 89
271 89
271 88
270 88
270 87
270 86
269 86
269 85
268 85
268 84
267 84
267 83
266 83
265 83
264 83
263 83
262 83
261 83
260 83
259 83
258 83
257 83
256 83
255 83
254 83
253 83
253 82
252 82
252 83
252 84
251 84
251 85
251 86
250 86
249 86
249 87
248 87
248 88
247 88
247 89
246 89
246 90
246 91
246 92
246 93
246 94
246 95
246 96
246 97
246 98
301 90
302 90
302 91
303 91
303 92
303 93
304 93
304 94
304 95
304 96
305 96
305 97
306 97
306 98
306 99
307 99
307 100
308 100
308 101
309 101
309 102
310 102
310 103
311 103
312 103
313 103
314 103
315 103
316 103
317 103
318 103
319 103
319 102
320 102
321 102
322 102
322 101
323 101
324 101
325 101
325 100
326 100
326 99
327 99
327 98
328 98
329 98
330 98
331 98
332 98
333 98
334 98
335 98
336 98
337 98
338 98
338 97
339 97
340 97
341 97
342 97
343 97
343 96
343 95
343 94
343 93
343 92
343 91
342 91
342 90
341 90
341 89
341 88
341 87
341 86
341 85
341 84
341 83
341 82
340 82
340 81
341 81
342 81
342 80
343 80
343 79
344 79
345 79
346 79
346 78
347 78
347 77
348 77
348 76
349 76
350 76
350 75
351 75
352 75
353 75
353 74
354 74
354 73
355 73
355 72
356 72
357 72
357 71
358 71
359 71
359 70
360 70
361 70
361 69
362 69
362 68
363 68
364 68
365 68
366 68
367 68
368 68
369 68
370 68
371 68
372 68
373 68
374 68
375 68
376 68
377 68
377 67
378 67
379 67
380 67
380 66
381 66
381 65
381 64
381 63
382 63
382 62
383 62
384 62
385 62
386 62
387 62
387 61
388 61
388 60
389 60
389 59
390 59
390 58
391 58
392 58
322 507
321 507
323 507
324 507
325 507
326 507
327 507
328 507
329 507
330 507
331 507
332 507
332 506
333 506
333 505
332 505
332 504
332 503
332 502
332 501
332 500
333 500
333 499
333 498
333 497
333 496
333 495
333 494
334 494
320 507
319 507
318 507
317 507
316 507
315 507
314 507
314 508
313 508
312 508
321 180
322 180
320 180
319 180
318 180
317 180
316 180
315 180
315 181
314 181
313 181
312 181
312 182
311 182
311 183
310 183
310 184
310 185
310 186
310 187
310 188
310 189
310 190
310 191
310 192
310 193
309 193
309 194
308 194
308 195
308 196
308 197
307 197
306 197
305 197
304 197
303 197
303 198
302 198
302 197
302 196
302 195
302 194
301 194
301 193
301 192
300 192
300 191
299 191
299 190
298 190
297 190
297 189
296 189
296 188
296 187
295 187
295 186
295 185
295 184
294 184
294 183
293 183
292 183
291 183
290 183
290 182
290 181
290 180
290 179
290 178
290 177
290 176
289 176
289 175
288 175
288 174
288 173
287 173
287 172
287 171
286 171
286 170
286 169
286 168
286 167
285 167
285 166
284 166
284 165
283 165
282 165
281 165
280 165
279 165
278 165
277 165
276 165
323 180
324 180
325 180
326 180
327 180
328 180
329 180
330 180
330 179
330 178
331 178
332 178
332 177
333 177
334 177
335 177
335 176
336 176
337 176
337 175
338 175
339 175
339 174
340 174
340 173
340 172
340 171
340 170
340 169
340 168
340 167
339 167
339 166
339 165
339 164
340 164
340 163
340 162
340 161
340 160
340 159
339 159
339 158
339 157
339 156
339 155
339 154
339 153
339 152
339 151
339 150
338 150
338 149
337 149
337 148
336 148
336 147
335 147
334 147
333 147
333 146
332 146
331 146
331 145
330 145
330 144
329 144
329 143
328 143
327 143
326 143
326 142
326 141
326 140
326 139
326 138
326 137
326 136
325 136
325 135
324 135
324 134
324 133
323 133
322 133
321 133
320 133
319 133
318 133
318 132
319 132
320 132
321 132
322 132
323 132
324 132
324 131
325 131
326 131
326 130
327 130
328 130
329 130
330 130
330 131
331 131
331 132
332 132
333 132
334 132
335 132
335 133
336 133
336 134
336 135
336 136
337 136
337 137
338 137
339 137
339 136
340 136
340 135
340 134
341 134
341 133
342 133
342 132
343 132
343 131
344 131
345 131
346 131
346 130
347 130
347 129
348 129
349 129
350 129
351 129
352 129
353 129
354 129
354 130
354 131
354 132
354 133
355 133
356 133
356 134
357 134
358 134
359 134
359 135
360 135
360 136
361 136
361 137
360 137
360 138
359 138
359 139
359 140
358 140
358 141
358 142
358 143
358 144
358 145
359 145
359 146
360 146
360 147
360 148
361 148
361 149
362 149
362 150
363 150
363 151
364 151
364 152
364 153
364 154
365 154
365 155
366 155
367 155
368 155
369 155
370 155
371 155
371 154
371 153
371 152
371 151
372 151
373 151
373 150
374 150
375 150
376 150
376 149
376 148
377 148
377 147
377 146
377 145
377 144
377 143
378 143
378 142
378 141
378 140
378 139
378 138
379 138
379 137
380 137
380 136
380 135
380 134
380 133
381 133
382 133
382 132
383 132
384 132
384 131
385 131
385 130
386 130
387 130
388 130
389 130
390 130
391 130
392 130
393 130
394 130
395 130
396 130
397 130
398 130
399 130
400 130
401 130
402 130
403 130
404 130
405 130
405 131
406 131
407 131
407 130
408 130
408 129
409 129
409 128
410 128
411 128
412 128
412 127
413 127
325 126
325 125
325 127
325 128
325 129
325 130
324 125
324 124
323 124
323 123
323 122
322 122
321 122
321 121
320 121
319 121
318 121
318 120
317 120
317 119
316 119
315 119
315 118
314 118
314 117
314 116
314 115
314 114
314 113
314 112
314 111
314 110
314 109
314 108
314 107
314 106
314 105
314 104
134 396
134 397
134 395
134 394
134 393
134 392
134 391
135 391
136 391
137 391
138 391
139 391
140 391
141 391
142 391
143 391
144 391
134 398
134 399
134 400
134 401
135 401
135 402
134 402
134 403
134 404
133 404
133 405
133 406
133 407
133 408
133 409
133 410
133 411
134 411
134 412
135 412
135 413
136 413
136 414
275 263
274 263
276 263
277 263
278 263
279 263
280 263
273 263
272 263
271 263
270 263
270 262
269 262
269 261
269 260
270 260
270 259
270 258
270 257
270 256
270 255
269 255
269 254
268 254
267 254
266 254
265 254
264 254
264 253
264 252
263 252
262 252
262 251
261 251
261 252
260 252
260 253
259 253
258 253
258 254
257 254
257 255
256 255
255 255
255 256
254 256
253 256
252 256
251 256
251 257
250 257
249 257
248 257
156 422
157 422
155 422
154 422
153 422
152 422
151 422
150 422
149 422
148 422
147 422
146 422
145 422
144 422
143 422
143 423
142 423
142 422
142 421
142 420
142 419
142 418
142 417
142 416
142 415
142 414
141 414
140 414
139 414
138 414
137 414
158 422
159 422
160 422
161 422
162 422
163 422
163 421
163 420
164 420
164 419
164 418
165 418
166 418
166 417
167 417
167 416
168 416
169 416
169 415
170 415
170 414
171 414
171 413
171 412
171 411
171 410
171 409
171 408
171 407
172 407
173 407
174 407
175 407
176 407
177 407
178 407
179 407
179 408
180 408
180 409
181 409
181 408
181 407
182 407
183 407
184 407
185 407
186 407
187 407
166 493
166 492
166 494
166 495
166 496
167 496
167 497
167 498
168 498
168 499
169 499
169 500
170 500
170 501
171 501
171 502
172 502
167 492
167 491
167 490
168 490
168 489
168 488
169 488
169 487
169 486
169 485
168 485
168 484
168 483
168 482
167 482
167 481
167 480
166 480
166 479
166 478
166 477
166 476
166 475
166 474
166 473
167 473
167 472
167 471
168 471
168 470
169 470
170 470
171 470
172 470
173 470
173 469
174 469
174 468
175 468
175 467
176 467
177 467
177 466
178 466
178 465
179 465
179 464
179 463
179 462
179 461
178 461
178 460
178 459
177 459
177 458
177 457
176 457
176 456
203 476
204 476
202 476
201 476
201 477
200 477
200 478
199 478
199 477
198 477
197 477
197 476
196 476
195 476
194 476
194 475
194 474
194 473
194 472
194 471
194 470
194 469
195 469
195 468
195 467
194 467
193 467
193 466
192 466
191 466
190 466
189 466
188 466
187 466
186 466
185 466
184 466
183 466
182 466
181 466
181 465
180 465
180 464
205 476
206 476
207 476
207 475
208 475
208 474
209 474
210 474
211 474
212 474
213 474
213 473
214 473
215 473
215 474
216 474
216 475
216 476
217 476
217 477
218 477
218 478
219 478
219 479
220 479
220 480
221 480
222 480
222 481
223 481
224 481
225 481
225 482
225 483
225 484
225 485
225 486
225 487
225 488
225 489
225 490
225 491
225 492
224 492
224 493
224 494
224 495
225 495
225 496
226 496
226 497
226 498
226 499
227 499
227 500
228 500
229 500
229 501
230 501
230 502
168 280
168 279
168 281
168 282
167 282
167 283
167 284
166 284
166 285
165 285
164 285
163 285
163 286
162 286
162 287
161 287
169 279
169 278
169 277
170 277
170 276
171 276
171 277
172 277
172 278
173 278
174 278
174 279
175 279
175 280
176 280
176 281
177 281
177 282
178 282
179 282
180 282
181 282
182 282
182 283
183 283
183 284
184 284
184 285
185 285
186 285
187 285
188 285
189 285
190 285
190 284
191 284
191 283
191 282
192 282
192 281
192 280
192 279
192 278
192 277
192 276
193 276
194 276
194 277
195 277
195 278
196 278
197 278
198 278
199 278
200 278
201 278
201 279
202 279
203 279
204 279
205 279
206 279
207 279
208 279
209 279
210 279
211 279
212 279
213 279
214 279
215 279
215 278
216 278
216 277
216 276
217 276
218 276
219 276
220 276
221 276
222 276
223 276
224 276
225 276
226 276
226 277
174 449
174 450
174 448
175 448
176 448
176 447
177 447
178 447
178 446
174 451
174 452
174 453
174 454
174 455
175 455
175 456
137 311
137 310
137 312
137 313
137 314
137 315
138 315
139 315
139 316
140 316
141 316
142 316
143 316
143 315
143 314
144 314
144 313
145 313
145 314
145 315
145 316
145 317
145 318
145 319
145 320
146 320
146 321
146 322
146 323
146 324
147 324
148 324
149 324
150 324
151 324
152 324
153 324
153 325
154 325
154 326
137 309
136 309
136 308
136 307
136 306
135 306
135 305
135 304
135 303
136 303
136 302
136 301
137 301
138 301
139 301
139 300
140 300
141 300
142 300
142 299
143 299
143 298
143 297
144 297
144 296
145 296
145 295
145 294
146 294
146 293
147 293
147 292
148 292
149 292
150 292
150 291
151 291
152 291
153 291
154 291
155 291
156 291
156 290
157 290
158 290
158 289
159 289
160 289
160 288
161 288
197 135
198 135
196 135
195 135
195 134
194 134
193 134
192 134
191 134
190 134
189 134
188 134
187 134
186 134
185 134
184 134
183 134
182 134
181 134
181 133
180 133
179 133
179 132
179 131
180 131
181 131
181 130
181 129
181 128
181 127
181 126
182 126
182 125
182 124
182 123
182 122
183 122
183 121
183 120
184 120
184 119
185 119
199 135
200 135
201 135
201 136
202 136
202 137
203 137
203 138
204 138
204 139
204 140
205 140
205 141
206 141
206 142
207 142
208 142
208 143
209 143
210 143
211 143
212 143
213 143
214 143
215 143
215 142
216 142
216 141
217 141
218 141
218 140
219 140
220 140
221 140
222 140
223 140
224 140
224 139
225 139
225 138
225 137
226 137
227 137
228 137
229 137
230 137
231 137
232 137
233 137
234 137
235 137
236 137
237 137
237 138
238 138
238 139
239 139
239 140
239 141
240 141
240 142
240 143
240 144
241 144
241 145
241 146
242 146
242 147
242 148
242 149
243 149
243 150
244 150
244 151
245 151
245 152
246 152
246 153
247 153
247 154
248 154
249 154
249 155
250 155
250 156
251 156
252 156
252 157
252 158
253 158
253 159
253 160
253 161
253 162
253 163
253 164
253 165
254 165
254 166
254 167
254 168
254 169
157 341
158 341
156 341
155 341
154 341
153 341
152 341
151 341
151 340
151 339
150 339
150 338
149 338
148 338
147 338
147 337
146 337
146 336
146 335
145 335
145 334
145 333
145 332
145 331
145 330
145 329
145 328
145 327
145 326
146 326
146 325
159 341
160 341
160 342
160 343
160 344
159 344
159 345
159 346
159 347
159 348
159 349
159 350
159 351
159 352
158 352
158 353
158 354
157 354
157 355
157 356
157 357
157 358
158 358
158 359
158 360
159 360
160 360
161 360
162 360
163 360
164 360
165 360
165 361
166 361
166 362
167 362
167 363
166 363
166 364
166 365
165 365
165 366
164 366
164 367
163 367
163 368
163 369
163 370
163 371
163 372
163 373
162 373
162 374
163 374
163 375
164 375
164 376
165 376
165 377
165 378
165 379
165 380
165 381
165 382
165 383
165 384
165 385
165 386
164 386
102 494
103 494
101 494
100 494
99 494
98 494
97 494
97 493
96 493
95 493
95 492
94 492
93 492
93 491
92 491
92 490
91 490
91 489
90 489
90 488
89 488
89 487
88 487
88 486
87 486
87 485
87 484
87 483
87 482
87 481
87 480
87 479
87 478
87 477
88 477
88 476
103 495
104 495
104 496
105 496
105 497
106 497
107 497
107 498
108 498
109 498
109 499
110 499
111 499
112 499
113 499
114 499
115 499
116 499
117 499
118 499
118 500
118 501
118 502
118 503
118 504
118 505
118 506
118 507
117 507
116 507
116 508
151 480
152 480
151 481
150 481
150 482
150 483
150 484
149 484
149 485
148 485
148 486
147 486
146 486
145 486
144 486
143 486
143 487
142 487
142 488
141 488
140 488
140 489
139 489
139 488
138 488
137 488
136 488
135 488
134 488
134 487
134 486
134 485
134 484
134 483
133 483
133 484
133 485
133 486
133 487
133 488
133 489
133 490
132 490
132 491
131 491
131 492
130 492
129 492
128 492
128 491
127 491
126 491
126 490
125 490
124 490
124 489
123 489
122 489
121 489
120 489
119 489
119 490
119 491
119 492
119 493
119 494
119 495
119 496
118 496
118 497
118 498
117 498
152 479
153 479
153 478
154 478
155 478
156 478
157 478
158 478
159 478
160 478
161 478
161 479
162 479
163 479
164 479
165 479
81 416
81 417
81 415
81 414
81 413
81 412
81 411
80 411
80 410
79 410
79 409
78 409
78 408
77 408
76 408
75 408
74 408
74 407
73 407
72 407
72 406
71 406
70 406
69 406
68 406
67 406
66 406
66 405
65 405
65 404
65 403
64 403
64 402
64 401
64 400
64 399
64 398
64 397
64 396
63 396
62 396
62 395
61 395
61 394
61 393
61 392
61 391
61 390
61 389
61 388
60 388
60 387
59 387
58 387
57 387
56 387
56 386
55 386
55 385
55 384
55 383
55 382
55 381
55 380
55 379
55 378
55 377
55 376
55 375
55 374
54 374
54 373
54 372
54 371
55 371
56 371
57 371
58 371
59 371
60 371
61 371
62 371
62 370
62 369
61 369
61 368
81 418
81 419
81 420
81 421
82 421
82 422
83 422
83 423
84 423
85 423
86 423
87 423
87 424
88 424
88 425
88 426
89 426
90 426
90 425
91 425
91 424
92 424
92 423
92 422
93 422
93 421
93 420
93 419
93 418
93 417
93 416
92 416
92 415
91 415
91 414
92 414
93 414
94 414
95 414
96 414
97 414
98 414
99 414
99 413
100 413
101 413
101 414
101 415
101 416
101 417
101 418
101 419
101 420
102 420
102 421
103 421
103 422
104 422
104 423
105 423
106 423
107 423
108 423
109 423
110 423
110 422
111 422
112 422
112 421
113 421
113 422
114 422
115 422
116 422
117 422
118 422
119 422
119 421
119 420
119 419
119 418
119 417
119 416
119 415
119 414
119 413
119 412
120 412
120 411
121 411
122 411
123 411
123 410
124 410
124 409
125 409
125 408
126 408
127 408
128 408
129 408
130 408
131 408
132 408
64 312
63 312
64 313
65 313
66 313
67 313
68 313
68 314
69 314
70 314
70 315
71 315
72 315
72 316
73 316
73 317
74 317
63 311
63 310
62 310
62 309
62 308
62 307
62 306
62 305
62 304
62 303
62 302
63 302
63 301
63 300
64 300
64 299
64 298
65 298
65 297
66 297
66 296
67 296
68 296
69 296
70 296
71 296
72 296
73 296
74 296
75 296
76 296
77 296
78 296
79 296
79 295
80 295
80 294
81 294
81 293
82 293
82 292
83 292
83 291
83 290
83 289
83 288
83 287
83 286
83 285
82 285
81 285
81 284
80 284
79 284
79 283
123 304
122 304
124 304
125 304
126 304
127 304
128 304
129 304
130 304
131 304
132 304
133 304
134 304
121 304
120 304
119 304
119 305
118 305
117 305
116 305
115 305
114 305
113 305
112 305
112 306
111 306
111 307
110 307
110 308
109 308
108 308
107 308
107 309
107 310
107 311
107 312
107 313
107 314
106 314
106 313
105 313
104 313
103 313
102 313
101 313
101 312
100 312
100 311
100 310
99 310
99 309
99 308
99 307
99 306
99 305
99 304
99 303
99 302
99 301
98 301
98 300
97 300
97 299
96 299
95 299
95 298
94 298
94 299
93 299
92 299
92 300
91 300
90 300
89 300
88 300
87 300
86 300
85 300
84 300
83 300
82 300
81 300
80 300
79 300
78 300
78 299
78 298
78 297
63 430
62 430
63 429
64 429
64 428
65 428
65 427
66 427
66 426
67 426
67 425
68 425
68 424
69 424
69 423
70 423
70 422
70 421
70 420
70 419
70 418
70 417
70 416
70 415
70 414
70 413
71 413
71 412
71 411
71 410
71 409
71 408
71 407
70 407
69 407
68 407
67 407
61 430
60 430
59 430
59 431
58 431
58 432
57 432
57 433
56 433
55 433
54 433
53 433
52 433
51 433
50 433
49 433
48 433
48 434
48 435
47 435
47 436
46 436
45 436
45 437
44 437
44 438
43 438
43 439
42 439
42 440
42 441
41 441
41 442
40 442
40 443
40 444
40 445
40 446
40 447
40 448
40 449
40 450
41 450
42 450
42 451
43 451
44 451
45 451
46 451
47 451
48 451
49 451
50 451
50 452
51 452
51 453
52 453
52 454
70 473
70 472
70 474
70 475
70 476
70 477
70 478
70 479
70 480
71 480
72 480
73 480
74 480
75 480
76 480
77 480
78 480
78 481
79 481
79 480
80 480
81 480
82 480
83 480
84 480
85 480
86 480
86 479
86 478
70 471
69 471
69 470
68 470
68 469
67 469
67 468
66 468
66 467
65 467
65 466
121 201
121 202
121 200
121 199
121 198
122 198
122 197
122 196
123 196
124 196
124 195
125 195
126 195
126 194
127 194
128 194
129 194
130 194
131 194
132 194
133 194
133 193
133 192
133 191
134 191
134 190
135 190
135 189
136 189
137 189
138 189
139 189
140 189
141 189
142 189
143 189
144 189
144 190
145 190
145 191
146 191
146 192
146 193
147 193
147 194
148 194
148 195
149 195
150 195
150 196
151 196
151 197
152 197
153 197
154 197
155 197
156 197
157 197
157 196
157 195
157 194
157 193
157 192
157 191
157 190
157 189
158 189
158 188
159 188
160 188
160 187
161 187
162 187
163 187
163 188
164 188
165 188
166 188
167 188
168 188
168 189
169 189
169 188
169 187
170 187
170 186
170 185
171 185
171 184
171 183
172 183
172 182
173 182
173 181
174 181
175 181
176 181
176 180
177 180
177 179
178 179
178 180
179 180
179 181
179 182
180 182
180 183
181 183
181 184
182 184
182 185
183 185
184 185
184 186
185 186
186 186
186 187
187 187
187 188
188 188
188 187
188 186
189 186
189 185
189 184
189 183
190 183
191 183
191 182
192 182
192 181
193 181
194 181
195 181
196 181
197 181
198 181
199 181
200 181
201 181
202 181
203 181
204 181
205 181
205 182
206 182
206 183
207 183
207 184
207 185
208 185
209 185
210 185
211 185
212 185
212 186
212 187
213 187
213 188
213 189
213 190
213 191
213 192
213 193
213 194
213 195
213 196
212 196
211 196
211 197
212 197
213 197
214 197
215 197
216 197
217 197
218 197
219 197
219 196
220 196
220 197
220 198
220 199
220 200
220 201
220 202
220 203
121 203
121 204
121 205
122 205
122 206
123 206
123 207
123 208
123 209
124 209
124 210
40 244
41 244
40 245
39 245
39 246
39 247
39 248
38 248
38 249
37 249
37 250
36 250
35 250
35 251
35 252
35 253
35 254
35 255
35 256
35 257
35 258
36 258
36 259
36 260
35 260
35 261
34 261
34 262
34 263
33 263
33 264
32 264
32 265
31 265
31 266
41 243
42 243
42 242
43 242
43 241
44 241
45 241
46 241
46 240
47 240
48 240
48 239
49 239
50 239
51 239
52 239
53 239
53 240
54 240
54 241
55 241
55 242
56 242
57 242
58 242
59 242
60 242
61 242
61 241
62 241
62 240
63 240
64 240
64 239
65 239
66 239
67 239
67 238
68 238
69 238
70 238
71 238
72 238
73 238
74 238
75 238
76 238
77 238
78 238
79 238
79 237
78 237
78 236
78 235
78 234
78 233
78 232
78 231
78 230
78 229
77 229
77 228
76 228
76 227
75 227
75 226
74 226
74 225
73 225
72 225
71 225
70 225
69 225
68 225
67 225
67 224
66 224
66 223
65 223
65 222
50 259
51 259
49 259
48 259
47 259
46 259
45 259
45 260
44 260
44 261
43 261
43 260
42 260
41 260
40 260
39 260
39 259
38 259
37 259
52 259
52 260
53 260
53 261
54 261
54 262
55 262
55 263
56 263
57 263
58 263
58 264
59 264
60 264
60 265
61 265
61 266
62 266
62 267
63 267
63 268
64 268
64 269
64 270
65 270
66 270
66 271
67 271
68 271
68 272
69 272
69 273
70 273
70 274
71 274
71 275
72 275
72 276
73 276
73 277
74 277
74 278
75 278
75 279
76 279
76 280
77 280
77 281
77 282
78 282
78 283
137 18
138 18
136 18
135 18
134 18
133 18
132 18
131 18
130 18
129 18
129 17
139 18
140 18
141 18
142 18
143 18
143 19
143 20
143 21
144 21
144 20
144 19
144 18
144 17
145 17
145 16
146 16
146 15
147 15
147 14
147 13
148 13
148 12
149 12
149 11
150 11
151 11
151 10
152 10
152 9
153 9
153 8
153 7
154 7
154 6
154 5
155 5
155 4
156 4
156 3
157 3
158 3
159 3
160 3
161 3
162 3
163 3
164 3
165 3
166 3
167 3
168 3
169 3
170 3
171 3
171 2
172 2
172 3
172 4
172 5
172 6
172 7
172 8
171 8
171 9
170 9
170 10
169 10
169 11
168 11
168 12
168 13
169 13
169 14
169 15
170 15
170 16
170 17
170 18
169 18
169 19
169 20
169 21
169 22
169 23
169 24
169 25
169 26
169 27
169 28
168 28
168 29
167 29
167 30
167 31
167 32
166 32
166 33
166 34
165 34
165 35
165 36
164 36
164 37
164 38
165 38
165 39
165 40
165 41
165 42
165 43
165 44
165 45
165 46
165 47
166 47
167 47
167 48
168 48
169 48
170 48
170 49
171 49
172 49
172 50
173 50
174 50
175 50
176 50
177 50
178 50
179 50
180 50
181 50
182 50
182 51
183 51
184 51
185 51
186 51
187 51
188 51
189 51
189 50
190 50
191 50
192 50
192 49
192 48
192 47
192 46
192 45
192 44
192 43
192 42
193 42
193 41
194 41
195 41
195 40
196 40
196 39
196 38
197 38
198 38
199 38
200 38
201 38
201 37
202 37
202 36
203 36
204 36
204 37
205 37
206 37
206 38
207 38
207 39
208 39
208 40
209 40
210 40
210 41
211 41
212 41
213 41
214 41
215 41
216 41
217 41
218 41
219 41
220 41
220 42
220 43
220 44
220 45
220 46
220 47
220 48
220 49
221 49
221 50
221 51
222 51
222 52
223 52
223 53
224 53
225 53
225 54
225 55
225 56
226 56
226 57
226 58
227 58
227 59
227 60
228 60
228 61
228 62
228 63
228 64
228 65
228 66
229 66
229 67
230 67
231 67
231 68
232 68
232 69
232 70
233 70
234 70
235 70
236 70
237 70
238 70
239 70
239 69
240 69
241 69
241 68
242 68
242 69
243 69
243 70
244 70
244 71
245 71
245 72
246 72
247 72
247 73
247 74
248 74
248 75
249 75
249 76
250 76
250 77
251 77
251 78
251 79
252 79
252 80
252 81
253 81
