7 6 5 4 3 2 0 1 8 9 10 11 12 13 14 
14 15 
14 4160 4159 4158 4157 4156 4155 4154 4153 4152 4151 4150 4149 4148 4147 4146 4145 4144 4143 4142 4141 4140 4139 4138 4137 4136 4135 4134 4133 4132 4131 4130 4129 4128 4127 4126 4125 4124 4123 4122 4121 4120 4119 4118 4117 4116 4115 4114 4113 4111 4112 4161 4162 4163 4164 4165 4166 4167 4168 4169 4170 4171 4172 4173 4174 4175 4176 4177 4178 4179 4180 4181 4182 4183 4184 4185 4186 4187 4188 4189 4190 4191 4192 4193 4194 4195 4196 4197 4198 4199 4200 4201 4202 4203 4204 4205 4206 4207 4208 4209 4210 4211 4212 4213 4214 4215 4216 4217 4218 4219 4220 4221 4222 4223 4224 4225 4226 4227 4228 4229 
66 65 64 63 62 61 60 59 58 57 56 55 54 53 52 51 50 49 48 47 46 45 44 43 42 41 40 39 38 37 36 35 34 33 32 31 30 29 28 27 26 25 24 23 22 21 20 19 18 16 17 68 69 70 71 72 73 74 75 76 77 78 79 80 81 82 83 84 85 86 87 88 89 90 91 92 93 94 95 96 97 98 99 100 101 102 103 104 105 106 107 108 109 110 111 112 113 114 115 116 117 118 119 120 121 122 123 124 125 126 127 128 129 130 131 132 133 134 135 136 137 138 139 140 141 142 143 144 145 146 147 148 149 150 151 152 153 154 155 156 827 826 825 824 823 822 821 820 819 818 817 816 815 814 813 812 811 810 809 808 807 806 805 804 803 802 801 800 799 798 797 796 795 794 793 792 791 790 789 788 787 786 785 784 783 782 781 780 779 778 777 776 775 774 773 772 771 770 769 768 767 766 765 764 763 762 761 760 759 758 757 756 755 754 753 752 751 750 749 748 747 746 745 744 743 742 741 740 739 738 737 736 735 734 733 732 731 730 729 728 727 726 725 724 723 722 721 720 719 718 717 716 715 714 713 712 711 710 709 708 707 706 705 704 703 702 701 
66 67 
66 1358 1357 1356 1355 1354 1353 1352 1351 1350 1349 1348 1347 1346 1345 1344 1343 1342 1341 1340 1339 1338 1337 1336 1335 1334 1333 1332 1331 1330 1329 1328 1327 1326 1325 1324 1323 1322 1321 1320 1319 1318 1317 1316 1315 1314 1313 1312 1311 1310 1309 1308 1307 1306 1305 1304 1303 1302 1301 1300 1299 1298 1297 1296 1295 1294 1293 1292 1291 1290 1289 1288 1287 1286 1285 1284 1283 1282 1281 1280 1279 1278 1277 1276 1275 1274 1273 1272 1271 1270 1269 1268 1267 1266 1265 1264 1263 1262 1261 1260 1259 1258 1257 1256 1255 1254 1253 1252 1251 1250 1249 1248 1247 1246 1245 1244 1243 1242 1241 1240 1239 1238 1237 1236 1235 1234 1233 1232 1231 1230 1229 1228 1227 1226 1225 1224 1223 1222 1221 1220 1219 1218 1217 1216 1215 1214 1213 1212 1211 1210 1209 1208 1207 1206 1205 1204 1203 1202 1201 1200 1199 1198 1197 1196 1195 1194 1193 1192 1191 1190 1189 1188 1187 1186 1185 1184 1183 1182 1181 1180 1179 1178 1177 1176 1175 1174 1173 1172 1171 1170 1169 1168 1167 1166 1165 1164 1163 1162 1161 1160 1159 1158 1157 1156 1155 1154 1153 1152 1151 1150 1149 1148 1147 1146 1145 1144 1143 1142 1141 1140 1139 1138 1137 1136 1135 1134 1133 1132 1131 1130 1129 1128 1127 1126 1125 1124 1123 1122 
183 182 181 180 179 178 177 176 175 174 173 172 171 170 169 168 167 166 165 164 163 162 161 160 159 157 158 255 256 257 258 259 260 261 262 263 
183 184 185 186 187 188 189 190 191 192 193 194 195 196 197 198 199 200 201 202 203 204 205 206 207 208 209 210 211 212 213 214 215 216 217 218 219 220 221 222 223 224 225 226 227 228 229 230 231 232 233 234 235 236 237 238 
183 458 457 456 455 454 453 452 451 450 449 448 447 446 445 444 443 442 441 440 439 438 437 436 435 434 433 432 431 430 429 428 427 426 425 424 423 422 421 420 419 418 417 416 415 414 413 412 411 410 409 408 407 406 405 404 403 402 401 400 399 398 397 396 395 394 393 392 391 390 389 388 387 386 385 384 383 382 381 380 379 378 377 376 375 374 373 372 371 370 369 368 367 366 365 364 363 362 361 360 359 358 357 356 355 354 353 352 351 350 349 348 347 346 345 344 343 342 341 340 339 338 337 336 335 334 333 332 331 330 329 328 327 326 325 265 264 266 267 268 269 270 271 272 
238 239 240 241 242 243 244 245 246 247 248 249 250 251 252 253 254 
238 488 487 486 485 484 483 482 481 480 479 478 477 476 475 474 473 472 471 470 469 468 467 466 465 464 463 462 461 459 460 489 490 491 492 493 494 495 496 497 498 499 500 501 502 503 504 505 506 507 508 509 510 511 512 513 514 515 516 517 518 519 520 521 522 523 524 525 526 527 528 529 530 531 532 533 534 535 536 537 538 539 540 541 542 543 544 545 546 547 548 549 550 551 552 553 554 555 556 557 558 559 560 561 562 563 564 565 566 567 568 569 2962 2961 2960 2959 2958 2957 2956 2955 2954 2953 2952 2951 2950 2949 2948 2947 2946 2945 2944 2943 2942 2941 2940 2939 2938 2937 2936 2935 2934 2933 2932 2931 2930 2929 2928 2927 2926 2925 2924 2923 2922 2921 2920 2919 2918 2917 2916 2915 2914 2913 2912 2911 2910 2909 2908 2907 2906 2905 2904 2903 2902 2901 2900 2899 2898 2897 2896 2895 2894 2893 2892 2891 2890 2889 2888 2887 2886 2885 2884 2883 2882 2881 2880 2879 2878 2877 2876 2875 2874 2873 2872 2871 2870 2869 2868 2867 2866 2865 2864 2863 2862 2861 2860 2859 2858 2857 2856 2855 
272 273 274 275 276 277 278 279 280 281 282 283 284 285 286 287 288 289 290 291 292 293 294 295 296 297 298 299 300 301 302 303 304 305 306 307 308 309 
272 2757 2756 2755 2754 2753 2752 2751 2750 2749 2748 2747 2746 2745 2744 2743 2742 2741 2740 2739 2738 2737 2736 2735 2734 2733 2732 2731 2730 2729 2728 2727 2726 2725 2724 2723 2722 2721 2720 2719 2718 2717 2716 2715 2714 2713 2712 2711 2710 2709 2708 2707 2706 2705 2704 2703 2702 2701 2700 2699 2698 2697 2696 2695 2694 2693 2692 2691 2690 2689 2688 2687 2686 2685 2684 2683 2682 2681 2680 2679 2678 2677 2676 2675 2674 2673 2672 2671 2670 2669 2668 2667 2666 2665 2663 2664 2758 2759 2760 2761 2762 2763 2764 2765 2766 2767 2768 2769 2770 2771 2772 2773 2774 2775 2776 2777 2778 2779 2780 2781 2782 2783 2784 2785 2786 2787 2788 2789 2790 2791 2792 2793 2794 2795 2796 2797 2798 2799 2800 2801 2802 2803 2804 2805 2806 2807 2808 2809 2810 2811 2812 2813 2814 2815 2816 2817 2818 2819 2820 2821 2822 2823 2824 2825 2826 2827 2828 2829 2830 2831 2832 2833 2834 2835 2836 2837 2838 2839 2840 2841 2842 2843 2844 2845 2846 2847 2848 2849 2850 2851 2852 2853 2854 2855 
309 310 311 312 313 314 315 316 317 318 319 320 321 322 323 324 
309 1642 1641 1640 1639 1638 1637 1636 1635 1634 1633 1632 1631 1630 1629 1628 1627 1626 1625 1624 1623 1622 1621 1620 1619 1618 1617 1616 1615 1614 1613 1612 1611 1610 1609 1608 1607 1606 1605 1604 1603 1602 1601 1600 1599 1598 1597 1596 1595 1594 1593 1592 1591 1590 1589 1588 1587 1586 1585 1584 1583 1582 1581 1580 1579 1578 1577 1576 1575 1574 1573 1484 1483 1485 1486 1487 1488 1489 1490 1491 1492 1493 1494 1495 1496 1497 1498 1499 1500 1501 1502 1503 1504 1505 1506 1507 1508 1509 1510 1511 1512 1513 1514 1515 1516 1517 1518 1519 1520 1521 1522 1523 1524 1525 1526 1527 1528 1529 1530 1531 1532 1533 1534 1535 1536 1537 1538 1539 1540 1541 1542 1543 1544 1545 1546 1547 1548 1549 1550 1551 1552 1553 1554 1555 1556 1557 1558 1559 1560 1561 1562 1563 1564 1565 1566 1567 1568 1569 1570 1571 1572 1066 
701 700 699 698 697 696 695 694 693 692 691 690 689 688 687 686 685 684 683 682 681 680 679 678 677 676 675 674 673 672 671 670 669 668 667 666 665 664 663 662 661 660 659 658 657 656 655 654 653 652 651 650 649 648 647 646 645 644 643 642 641 640 639 638 637 636 635 634 633 632 631 630 629 628 627 626 625 624 623 622 621 620 619 618 617 616 615 614 613 612 611 610 609 608 607 606 605 604 603 602 601 600 599 598 597 596 595 594 593 592 591 590 589 588 587 586 585 584 583 582 581 580 579 578 577 576 575 574 573 572 570 571 828 829 830 831 832 833 834 835 836 837 838 839 840 841 842 843 844 845 846 847 848 849 850 851 852 853 854 855 856 857 858 859 860 861 862 863 864 865 866 867 868 869 870 871 872 873 874 875 876 877 878 879 880 881 882 883 884 885 886 887 888 889 890 891 892 893 894 895 896 897 898 899 900 901 902 903 904 905 906 907 908 909 910 911 912 913 914 915 916 917 918 919 920 921 922 923 924 925 926 927 928 929 930 931 932 
701 2311 2310 2309 2308 2307 2306 2305 2304 2303 2302 2301 2300 2299 2298 2297 2296 2295 2294 2293 2292 2291 2290 2289 2288 2287 2286 2285 2284 2283 2282 2281 2280 2279 2278 2277 2276 2275 2274 2273 2272 2271 2270 2269 2268 2267 2266 2265 2264 2263 2262 2261 2260 2259 2258 2257 2256 2255 2254 2253 2252 2251 2250 2249 2248 2247 2246 2245 2244 2243 2242 2241 2240 2239 2238 2237 2236 2235 2234 2233 2232 2231 2230 2229 2228 2227 2226 2225 2224 2223 2222 2221 2220 2219 2218 2217 2216 2215 2214 2213 2212 2211 2210 2209 2208 2207 2206 2205 2204 2202 2203 2312 2313 2314 2315 2316 2317 2318 2319 2320 2321 2322 2323 2324 2325 2326 2327 2328 2329 2330 2331 2332 2333 2334 2335 2336 2337 2338 2339 2340 2341 2342 2343 2344 2345 2346 2347 2348 2557 2556 2555 2554 2553 2552 2551 2550 2549 2548 2547 2546 2545 2544 2543 2542 2541 2540 2539 2538 2537 2536 2535 2534 2533 2532 2531 2530 2529 2528 2527 2526 2525 2524 2523 2522 2521 2520 
968 967 966 965 964 963 962 961 960 959 958 957 956 955 954 953 952 951 950 949 948 947 946 945 944 943 942 941 940 939 938 937 936 935 933 934 972 973 974 975 976 977 978 979 980 981 982 983 984 985 986 987 988 989 990 991 992 993 994 995 996 997 998 999 1000 1001 1002 1003 1004 1005 1006 1007 1008 1009 1010 
968 969 970 971 
968 1915 1914 1913 1912 1911 1910 1909 1908 1907 1906 1905 1904 1903 1902 1901 1900 1899 1898 1897 1896 1895 1894 1893 1710 1709 1711 1712 1713 1714 1715 1716 1717 1718 1719 1720 1721 1722 1723 1724 1725 1726 1727 1728 1729 1730 1731 1732 1733 1734 1735 1736 1737 1738 1739 1740 1741 1742 1743 1744 1745 1746 1747 1748 1749 1750 1751 1752 1753 1754 1755 1756 1757 1758 1759 1760 1761 1762 1763 1764 1765 1766 1767 1768 1769 1770 1771 1772 1773 1774 1775 1776 1777 1778 1779 1780 1781 1782 1783 1784 1785 1786 1787 1788 1789 1790 1791 1792 1793 1794 1795 1796 1797 1798 1799 1800 1801 1802 1803 1804 1805 
1010 1011 1012 1013 1014 1015 1016 1017 1018 1019 1020 1021 1022 1023 1024 1025 1026 1027 1028 1029 1030 1031 1032 1033 
1010 2073 2072 2071 2070 2069 2068 2067 2066 2065 2064 2063 2062 2061 2060 2059 2058 2057 2056 2055 2054 2053 2052 2051 2050 2049 2048 2047 2046 2045 2044 2043 2042 2041 2040 2039 2038 2037 2036 2035 2034 2033 2032 2031 2030 2029 2028 2027 2026 2025 2024 2023 2022 2021 2020 2019 2018 2017 2016 2015 2014 2013 2012 2011 2009 2010 2074 2075 2076 2077 2078 2079 2080 2081 2082 2083 2084 2085 2086 2087 2088 2089 2090 2091 2092 2093 2094 2095 2096 2097 2098 2099 2100 2101 2102 2103 2104 2105 2106 2107 2108 2109 2110 2111 2112 2113 2114 2115 2116 2117 2118 2119 2120 2121 2122 2123 2124 2125 2126 2127 2128 2129 2130 2131 2132 2133 2134 2135 2136 2137 2138 2139 2140 2141 2142 2143 2144 2145 2146 2147 2148 2149 2150 2151 2152 2153 2154 2155 2156 2157 2158 2159 2160 2161 2162 2163 2164 2165 2166 2167 2168 2169 2170 2171 2172 2173 2174 2175 2176 2177 2178 2179 2180 2181 2182 2183 2184 2185 2186 2187 2188 2189 2190 2191 2192 2193 2194 2195 2196 2197 2198 2199 2200 2201 3291 3290 3289 3288 3287 3286 3285 3284 3283 3282 3281 3280 3279 3278 3277 3276 3275 3274 3273 3272 3271 3270 3269 3268 3267 3266 3265 3264 3263 3262 3261 3260 3259 3258 3173 3172 3174 3175 3176 3177 3178 3179 3180 3181 3182 3183 3184 3185 3186 3187 3188 3189 3190 3191 3192 3193 3194 3195 3196 3197 3198 3199 3200 3201 3202 3203 3204 3205 3206 3207 3208 3209 3210 3211 3212 3213 3214 3215 3216 3217 3218 3219 3220 3221 3222 3223 3224 3225 3226 3227 3228 3229 3230 3231 3232 3233 3234 3235 3236 3237 3238 3239 3240 3241 3242 3243 3244 3245 3246 3247 3248 3249 3250 3251 3252 3253 3254 3255 3256 3257 2008 2007 2006 2005 2004 2003 2002 2001 2000 1999 1998 1997 1996 1995 1994 1993 1992 1991 1990 1989 1988 1987 1986 1985 1984 1983 1982 1981 1980 1979 1978 1977 1976 1975 
1066 1065 1064 1063 1062 1061 1060 1059 1058 1057 1056 1055 1054 1053 1052 1051 1050 1049 1048 1047 1046 1045 1044 1043 1042 1041 1040 1039 1038 1037 1036 1034 1035 1095 1096 1097 1098 1099 1100 1101 1102 1103 1104 1105 1106 1107 1108 1109 1110 1111 1112 1113 1114 1115 1116 1117 1118 1119 1120 1121 1122 
1066 1067 1068 1069 1070 1071 1072 1073 1074 1075 1076 1077 1078 1079 1080 1081 1082 1083 1084 1085 1086 1087 1088 1089 1090 1091 1092 
1092 1093 1094 
1092 1892 1891 1890 1889 1888 1887 1886 1885 1884 1883 1882 1881 1880 1879 1878 1877 1876 1875 1874 1873 1872 1871 1870 1869 1868 1867 1866 1865 1864 1863 1862 1861 1860 1859 1858 1857 1856 1855 1854 1853 1852 1851 1850 1849 1848 1847 1846 1845 1844 1843 1842 1841 1840 1839 1838 1837 1836 1835 1834 1833 1832 1831 1830 1829 1828 1827 1826 1825 1824 1823 1822 1821 1820 1819 1818 1817 1816 1815 1814 1813 1812 1811 1810 1809 1808 1807 1806 1805 
1122 1482 1481 1480 1479 1478 1477 1476 1475 1474 1473 1472 1471 1470 1469 1468 1467 1466 1465 1464 1463 1462 1461 1460 1459 1458 1457 1456 1455 1454 1453 1452 1451 1450 1449 1448 1447 1446 1445 1444 1443 1442 1441 1440 1439 1438 1437 1436 1435 1434 1433 1432 1431 1430 1429 1428 1427 1426 1425 1424 1360 1359 1361 1362 1363 1364 1365 1366 1367 1368 1369 1370 1371 1372 1373 1374 1375 1376 1377 1378 1379 1380 1381 1382 1383 1384 1385 1386 1387 1388 1389 1390 1391 1392 1393 1394 1395 1396 1397 1398 1399 1400 1401 1402 1403 1404 1405 1406 1407 1408 1409 1410 1411 1412 1413 1414 1415 1416 1417 1418 1419 1420 1421 1422 1423 
1697 1696 1695 1694 1693 1692 1691 1690 1689 1688 1687 1686 1685 1684 1683 1682 1681 1680 1679 1678 1677 1676 1675 1674 1673 1672 1671 1670 1669 1668 1667 1666 1665 1664 1663 1662 1661 1660 1659 1658 1657 1656 1655 1654 1653 1652 1651 1650 1649 1648 1647 1646 1645 1643 1644 1698 1699 1700 1701 1702 1703 1704 1705 1706 1707 1708 3901 3900 3899 3898 3897 3896 3895 3894 3893 3892 3891 3890 3889 3888 3887 3886 3885 3884 3883 3882 3881 3880 3879 3878 3877 3876 3875 3874 3873 3872 
1805 4870 4869 4868 4867 4866 4865 4864 4863 4862 4861 4860 4859 4858 4857 4856 4855 4854 4853 4852 4851 4850 4849 4848 4847 4846 4845 4844 4843 4842 4841 4840 4839 4797 4796 4798 4799 4800 4801 4802 4803 4804 4805 4806 4807 4808 4809 4810 4811 4812 4813 4814 4815 4816 4817 4818 4819 4820 4821 4822 4823 4824 4825 4826 4827 4828 4829 4830 4831 4832 4833 4834 4835 4836 4837 4838 
1928 1927 1926 1925 1924 1923 1922 1921 1920 1919 1918 1916 1917 1949 1950 1951 1952 1953 1954 1955 1956 1957 1958 1959 1960 1961 1962 1963 1964 1965 1966 1967 1968 1969 1970 1971 1972 1973 1974 1975 
1928 1929 1930 1931 1932 1933 1934 1935 1936 1937 1938 1939 1940 1941 1942 1943 1944 1945 1946 1947 1948 
1928 3671 3670 3669 3668 3667 3666 3665 3664 3663 3662 3661 3660 3659 3658 3657 3656 3571 3570 3572 3573 3574 3575 3576 3577 3578 3579 3580 3581 3582 3583 3584 3585 3586 3587 3588 3589 3590 3591 3592 3593 3594 3595 3596 3597 3598 3599 3600 3601 3602 3603 3604 3605 3606 3607 3608 3609 3610 3611 3612 3613 3614 3615 3616 3617 3618 3619 3620 3621 3622 3623 3624 3625 3626 3627 3628 3629 3630 3631 3632 3633 3634 3635 3636 3637 3638 3639 3640 3641 3642 3643 3644 3645 3646 3647 3648 
1975 3444 3443 3442 3441 3440 3439 3438 3437 3436 3435 3434 3433 3432 3431 3430 3429 3428 3427 3426 3425 3424 3423 3422 3421 3420 3419 3418 3417 3416 3415 3414 3413 3412 3411 3410 3409 3408 3407 3406 3405 3404 3403 3402 3401 3400 3399 3398 3397 3396 3395 3394 3393 3392 3391 3390 3389 3388 3387 3386 3385 3384 3383 3382 3381 3380 3379 3378 3377 3376 3375 3374 3373 3372 3371 3370 3369 3368 
2428 2427 2426 2425 2424 2423 2422 2421 2420 2419 2418 2417 2416 2415 2414 2413 2412 2411 2410 2409 2408 2407 2406 2405 2404 2403 2402 2401 2400 2399 2398 2397 2396 2395 2394 2393 2392 2391 2390 2389 2388 2387 2386 2385 2384 2383 2382 2381 2380 2379 2378 2377 2376 2350 2349 2351 2352 2353 2354 2355 2356 2357 2358 2359 2360 2361 2362 2363 2364 2365 2366 2367 2368 2369 2370 2371 2372 2373 2374 2375 2650 2649 2648 2647 2646 2645 2644 2643 2642 2641 2640 2639 2638 2637 2636 2634 2635 2651 2652 2653 2654 2655 2656 2657 2658 2659 2660 2661 2662 
2428 2429 2430 2431 2432 2433 2434 2435 2436 2437 2438 2439 2440 2441 2442 2443 2444 2445 2446 2447 2448 2449 2450 2451 2452 2453 2454 2455 2456 2457 2458 2459 2460 2461 2462 2463 2464 2465 2466 2467 
2428 2569 2568 2567 2566 2565 2564 2563 2562 2561 2560 2558 2559 2570 2571 2572 2573 2574 2575 2576 2577 2578 2579 2580 2581 2582 2583 2584 2585 2586 2587 2588 2589 2590 2591 2592 2593 2594 2595 2596 2597 2598 2599 2600 2601 2602 2603 2604 2605 2606 2607 2608 2609 2610 2611 2612 2613 2614 2615 2616 2617 2618 2619 2620 2621 2622 2623 2624 2625 2626 2627 2628 2629 2630 2631 2632 2633 3569 3568 3567 3566 3565 3564 3563 3562 3561 3560 3559 3558 3557 3556 3555 3554 3553 3552 3551 3550 3549 3548 3547 3546 3545 3544 3543 3542 3541 3540 3539 3538 3537 3536 3535 3534 3533 3532 
2498 2497 2496 2495 2494 2493 2492 2491 2490 2489 2488 2487 2486 2485 2484 2483 2482 2481 2480 2479 2478 2477 2476 2475 2474 2473 2472 2471 2470 2468 2469 2499 2500 2501 2502 2503 2504 2505 2506 2507 2508 2509 2510 2511 2512 2513 2514 2515 2516 2517 2518 2519 2520 
2520 6114 6113 6112 6111 6110 6109 6108 6107 6106 6105 6104 6103 6102 6101 6100 6099 6098 6097 6096 6095 6094 6093 6092 6091 6090 6089 6088 6087 6086 6085 6084 6083 6082 6081 6080 6079 6078 6077 6076 6075 6074 6073 6072 6071 6070 6069 6068 6067 6066 6065 6064 6063 6062 6061 6060 6059 6058 6057 6056 6055 6054 6053 6052 6051 6050 6049 6048 6047 6046 6045 6044 6043 6042 6041 6040 6039 6038 6037 6036 6035 6034 6033 6032 6031 6030 6029 6028 6027 6026 6025 6024 6023 6022 6021 6020 6019 6018 6017 6016 6015 6014 6013 6012 6011 6010 6009 6008 6007 6006 6005 6004 6003 6002 6001 6000 5999 5998 5997 5996 5995 5994 5993 5992 5991 5990 5989 5988 5987 5986 5985 5984 5983 5982 5981 5980 5979 5978 5977 5976 5975 5974 5973 5972 5971 5970 5969 5968 5967 5966 5965 5964 5963 5962 5961 5960 5959 5958 5956 5957 6115 6116 6117 6118 6119 6120 6121 6122 6123 6124 6125 6126 6127 6128 6129 6130 6131 6132 6133 6134 6135 6136 6137 6138 6139 6140 6141 6142 6143 6144 
2855 3171 3170 3169 3168 3167 3166 3165 3164 3163 3162 3161 3160 3159 3158 3157 3156 3155 3154 3153 3152 3151 3150 3149 3148 3147 3146 3145 3144 3143 3142 3141 3140 3139 3138 3137 3136 3135 3134 3133 3132 3131 3130 3129 3128 3127 3126 3125 3124 3123 3122 3121 3120 3119 3118 3117 3116 3115 3114 3113 3112 3111 3110 3109 3108 3107 3106 3105 3104 3103 3102 3101 3100 3099 3098 3097 3096 3095 3094 3093 3092 3091 3090 3089 3088 3087 
2971 2970 2969 2968 2967 2966 2965 2963 2964 2972 2973 2974 2975 2976 2977 2978 2979 2980 2981 2982 2983 2984 2985 2986 2987 2988 2989 2990 2991 2992 2993 2994 2995 2996 2997 2998 2999 3000 3001 3002 3003 3004 3005 3006 3007 3008 3009 3010 3011 3012 3013 3014 3015 3016 3017 3018 3019 3020 3021 3022 3023 3024 3025 3026 3027 3028 3029 3030 3031 3032 3033 3034 3035 3036 3037 3038 3039 3040 3041 3042 3043 3044 3045 3046 3047 3048 3049 3050 3051 3052 3053 3054 3055 3056 3057 3058 3059 3060 3061 3062 3063 3064 3065 3066 3067 3068 3069 3070 3071 3072 3073 3074 3075 3076 3077 3078 3079 3080 3081 3082 3083 3084 3085 3086 3087 
3087 4282 4281 4280 4279 4278 4277 4276 4275 4274 4273 4272 4271 4270 4269 4268 4267 4266 4265 4264 4263 4262 4261 4260 4259 4258 4257 4256 4255 4254 4253 4252 4251 4250 4249 4248 4247 4246 4245 4244 4243 4242 4241 4240 4239 4238 4237 4236 4235 4234 4233 4232 4231 4230 4229 
3349 3348 3347 3346 3345 3344 3343 3342 3341 3340 3339 3338 3337 3336 3335 3334 3333 3332 3331 3330 3329 3328 3327 3326 3325 3324 3323 3322 3321 3320 3319 3318 3317 3316 3315 3314 3313 3312 3311 3310 3309 3308 3307 3306 3305 3304 3303 3302 3293 3292 3294 3295 3296 3297 3298 3299 3300 3301 5165 5164 5163 5162 5161 5160 5159 5158 5157 5156 5155 5154 5153 5152 5151 5150 5149 5148 5147 5146 5145 5144 5143 5142 5141 5140 5139 5138 5137 5136 5135 5134 5133 5132 5131 5130 5129 5128 5127 5126 5125 5124 5123 5122 5121 5120 5119 5118 5117 5116 5114 5115 5166 5167 5168 5169 5170 5171 5172 5173 5174 5175 5176 5177 5178 5179 5180 5181 5182 5183 5184 5185 5186 5187 5188 5189 5190 5191 5192 5193 5194 5195 5196 5197 5198 5199 5200 5201 5202 5203 5204 5205 5206 5207 5208 5209 5210 5211 5212 5213 5214 5215 5216 5217 5218 5219 5220 5221 5222 5223 5224 5225 5226 5227 5228 5229 5230 5231 5232 5233 5234 5235 5236 5237 5238 5239 5240 5241 5242 5243 5244 5245 5246 5247 5248 5249 5250 5251 5252 5253 5254 5255 5256 5257 5258 3499 
3349 3350 3351 3352 3353 3354 3355 3356 3357 3358 3359 3360 3361 3362 3363 3364 3365 3366 3367 3368 
3349 4795 4794 4793 4792 4791 4790 4789 4788 4787 4786 4785 4784 4783 4782 4781 4780 4779 4778 4777 4776 4775 4774 4773 4772 4771 4757 4756 4758 4759 4760 4761 4762 4763 4764 4765 4766 4767 4768 4769 4770 
3368 5415 5414 5413 5412 5411 5410 5409 5408 5407 5406 5405 5404 5403 5402 5401 5400 5399 5398 5397 5396 5395 5394 5393 5392 5391 5390 5389 5388 5387 5386 5385 5384 5383 5382 5381 5380 5379 5378 5377 5376 5375 5374 5373 5372 5371 5370 5369 5368 5367 5366 5365 5364 5363 5362 5361 5360 5359 5358 5357 5356 5355 5354 5353 5352 5351 5350 5349 5348 5347 5346 5345 5344 5343 5342 5341 5340 5339 5338 5337 5336 5335 5334 5333 5332 5331 5330 5329 5328 5326 5327 5416 5417 5418 5419 5420 5421 5422 5423 5424 5425 5426 5427 5428 5429 5430 5431 5432 5433 5434 5435 5436 5437 5438 5439 5440 5441 5442 5443 5444 5445 5446 5447 5448 5449 5450 5451 5452 5453 5454 5455 5456 5457 5458 5459 5460 5461 5462 5463 5464 5465 5466 5467 5468 5469 5470 5471 5472 5473 5474 5475 5476 5477 5478 5479 5480 5481 5482 5483 5484 5485 5486 5487 5488 5489 5490 5491 5492 5493 5494 5495 5496 5497 5498 5499 5500 5501 5502 5503 5504 5505 5506 5507 5508 5509 5510 5511 5512 5513 5514 5515 5516 5517 5518 5519 5520 5521 5522 5523 5524 5525 5526 5527 5528 5529 5530 5531 5532 5533 5534 5535 5536 5537 5538 5539 5540 5541 5542 5543 5544 5545 5546 5547 5548 5549 5550 5551 
3464 3463 3462 3461 3460 3459 3458 3457 3456 3455 3454 3453 3452 3451 3450 3449 3448 3447 3445 3446 3479 3480 3481 3482 3483 3484 3485 3486 3487 3488 3489 3490 3491 3492 3493 3494 3495 3496 3497 3498 3499 
3464 3465 3466 3467 3468 3469 3470 3471 3472 3473 3474 3475 3476 3477 3478 
3464 3974 3973 3972 3971 3970 3969 3968 3967 3966 3965 3964 3963 3962 3961 3960 3959 3958 3957 3956 3955 3954 3953 3952 3951 3950 3949 3948 3947 3946 3945 3944 3943 3942 3941 3940 3939 3938 3937 3903 3902 3904 3905 3906 3907 3908 3909 3910 3911 3912 3913 3914 3915 3916 3917 3918 3919 3920 3921 3922 3923 3924 3925 3926 3927 3928 3929 3930 3931 3932 3933 3934 3935 3936 
3499 3500 3501 3502 3503 3504 3505 3506 3507 3508 3509 3510 3511 3512 3513 3514 3515 3516 3517 3518 3519 3520 3521 3522 3523 3524 3525 3526 3527 3528 3529 3530 3531 3532 
3532 3861 3860 3859 3858 3857 3856 3855 3854 3853 3852 3851 3850 3849 3848 3847 3846 3845 3844 3843 3842 3841 3840 3839 3838 3837 3836 3835 3834 3833 3832 3831 3830 3829 3828 3827 3826 3825 3824 3822 3823 3862 3863 3864 3865 3866 3867 3868 3869 3870 3871 3872 
3648 3649 3650 3651 3652 3653 3654 3655 
3648 3784 3783 3782 3781 3780 3779 3778 3777 3776 3775 3774 3773 3772 3771 3770 3769 3768 3767 3766 3765 3764 3763 3762 3761 3760 3759 3758 3757 3756 3755 3754 3753 3752 3751 3750 3749 3748 3747 3746 3745 3744 3743 3742 3741 3740 3739 3738 3737 3736 3735 3734 3733 3732 3731 3730 3729 3728 3727 3726 3725 3724 3723 3722 3721 3720 3719 3718 3717 3716 3715 3714 3713 3712 3711 3710 3709 3708 3707 3706 3705 3704 3703 3702 3701 3700 3699 3698 3697 3696 3695 3694 3693 3692 3691 3690 3689 3688 3687 3686 3685 3684 3683 3682 3681 3680 3679 3678 3677 3676 3675 3674 3672 3673 3785 3786 3787 3788 3789 3790 3791 3792 3793 3794 3795 3796 3797 3798 3799 3800 3801 3802 3803 3804 3805 3806 3807 3808 3809 3810 3811 3812 3813 3814 3815 3816 3817 3818 3819 3820 3821 4110 4109 4108 4107 4106 4105 4104 4103 4102 4101 4100 4099 4098 4097 4096 4095 4094 4093 4092 4091 4090 4089 4088 4087 4086 4085 4084 4083 4082 4081 4080 4079 4078 4077 4076 4075 4074 4073 4072 4071 4070 4069 4068 4067 4066 4065 4064 4063 4062 4061 4060 4059 4058 4057 4056 4055 4054 4053 4052 4051 4050 4049 4048 4047 4046 4045 4044 4043 4042 4041 4040 4039 4038 4037 4036 4035 4034 4033 4032 3976 3975 3977 3978 3979 3980 3981 3982 3983 3984 3985 3986 3987 3988 3989 3990 3991 3992 3993 3994 3995 3996 3997 3998 3999 4000 4001 4002 4003 4004 4005 4006 4007 4008 4009 4010 4011 4012 4013 4014 4015 4016 4017 4018 4019 4020 4021 4022 4023 4024 4025 4026 4027 4028 4029 4030 4031 4755 4754 4753 4752 4751 4750 4749 4748 4747 4746 4745 4744 4743 4742 4741 4740 4739 4738 4737 4736 4735 4734 4733 4732 4731 4730 4729 4728 4727 4726 4725 4724 4723 4722 4721 4720 4719 4718 4717 4716 4715 4714 4713 4712 4711 4710 4709 4708 4707 4706 4705 4704 4703 4702 4701 4700 4699 4698 4697 4696 4695 4694 4693 4692 4691 4690 4689 4688 4687 4686 4685 4684 4683 4682 4681 4680 4679 4678 4677 4676 4675 4674 4673 4672 4671 4670 4669 4668 4667 4666 4665 4664 4663 4662 4661 4660 4659 4658 4657 4656 4655 4654 4653 4652 4651 4650 4649 4648 4647 4646 4645 4644 4643 4642 4641 4640 4639 4638 4637 4636 4635 4634 4633 4632 4631 4630 4629 4628 4627 4626 4625 4624 4623 4622 4621 4620 4619 4618 4617 4616 4615 4614 4613 4612 4611 4610 4609 4608 4607 4606 4605 4604 4603 4602 4601 
3872 4896 4895 4894 4893 4892 4891 4890 4889 4888 4887 4872 4871 4873 4874 4875 4876 4877 4878 4879 4880 4881 4882 4883 4884 4885 4886 
4229 5955 5954 5953 5952 5951 5950 5949 5948 5947 5946 5945 5944 5943 5942 5941 5940 5939 5938 5937 5936 5935 5934 5933 5932 5931 5930 5929 5928 5927 5926 5925 5924 5923 5922 5921 5920 5919 5918 5917 5916 5915 5914 5913 5912 5911 5910 5909 5908 5907 5906 5905 5904 5903 5902 5901 5900 5899 5898 5897 5896 5895 5894 5893 5892 5891 5890 5889 5888 5887 5886 5885 5884 5883 5882 5881 5880 5879 5878 5877 5876 5875 5874 5873 5872 5871 5870 5869 5868 5867 5866 5865 5864 5863 5862 5861 5860 5859 5858 5857 5856 5855 5854 5853 5852 5851 5850 5849 5848 5847 5846 5845 5844 5843 5842 5841 5840 5839 5838 5837 5836 5835 5834 5833 5832 5831 5830 5829 5828 5827 5826 5825 5824 5823 5822 5821 5820 5819 5818 5817 5816 5815 5814 5813 5812 5811 5810 5809 5808 5807 5806 5805 5804 5803 5802 5801 5800 5799 5798 5797 5796 5795 5794 5793 5792 5791 5790 5789 5788 5787 5786 5785 5784 5783 5782 5781 5780 5779 5778 5777 5776 5775 5774 5773 5772 5771 5770 5769 5768 5767 5766 5765 5764 5763 5762 5761 5760 5759 5758 5757 5756 5755 5754 5753 5752 5751 5750 5749 5748 5747 5746 5745 5744 5743 5742 5741 5740 5739 5738 5737 5736 5735 5734 5733 5732 5731 5730 5729 5728 5727 5726 5725 5724 5723 5722 5721 5720 5719 5718 5717 5716 5715 5714 5713 5712 5711 5710 5709 5708 5707 5706 5705 5704 5703 5702 5701 5700 5699 5698 5697 5696 5695 5694 5693 5692 5691 5690 5689 5688 5687 5686 5685 5684 5683 5682 5681 5680 5679 5678 5677 5676 5675 5674 5673 5672 5671 5670 5669 5668 5667 5666 5665 5664 5663 5662 5661 5660 5659 5658 5657 5656 5655 5654 5653 5652 5651 5650 5649 5648 5647 5646 5645 5644 5643 5642 5641 5640 5639 5638 5637 5636 5635 5634 5633 5632 5631 5630 5629 5628 5627 5626 5625 5624 5623 5622 5621 5620 5619 5618 5617 5616 5615 5614 5613 5612 5611 5610 5609 5608 5607 5606 5605 5604 5603 5602 5601 5600 5599 5598 5597 5596 5595 5553 5552 5554 5555 5556 5557 5558 5559 5560 5561 5562 5563 5564 5565 5566 5567 5568 5569 5570 5571 5572 5573 5574 5575 5576 5577 5578 5579 5580 5581 5582 5583 5584 5585 5586 5587 5588 5589 5590 5591 5592 5593 5594 5310 
4297 4296 4295 4294 4293 4292 4291 4290 4289 4288 4287 4286 4285 4283 4284 4330 4331 4332 4333 4334 4335 4336 4337 4338 4339 4340 4341 4342 4343 4344 4345 4346 4347 4348 4349 4350 4351 4352 4353 4354 4355 4356 4357 4358 4359 4360 4361 
4297 4298 4299 4300 4301 4302 4303 4304 4305 4306 4307 4308 4309 4310 4311 4312 4313 4314 4315 4316 4317 4318 4319 4320 4321 4322 4323 4324 4325 4326 4327 4328 4329 
4297 4470 4469 4468 4467 4466 4465 4464 4463 4462 4461 4460 4459 4458 4457 4456 4455 4454 4453 4452 4451 4450 4449 4448 4447 4446 4445 4444 4443 4442 4441 4440 
4440 4439 4438 4437 4436 4435 4434 4433 4432 4431 4430 4429 4428 4427 4426 4425 4424 4423 4422 4421 4420 4419 4418 4417 4416 4415 4414 4413 4412 4411 4410 4409 4408 4407 4406 4405 4404 4403 4402 4401 4400 4399 4398 4397 4396 4395 4394 4393 4392 4391 4390 4389 4388 4387 4386 4385 4384 4383 4382 4381 4380 4379 4378 4377 4376 4375 4374 4373 4372 4371 4370 4369 4368 4367 4366 4365 4364 4362 4363 4471 4472 4473 4474 4475 4476 4477 4478 4479 4480 4481 4482 4483 4484 4485 4486 4487 4488 4489 4490 4491 4492 4493 4494 4495 4496 4497 4498 4499 4500 4501 4502 4503 4504 4505 4506 4507 4508 4509 4510 4511 4512 4513 4514 4515 4516 4517 4518 4519 4520 4521 4522 4523 4524 4525 4526 4527 4528 4529 4530 4531 4532 4533 4534 4535 4536 4537 4538 4539 4540 4541 4542 4543 4544 4545 4546 4547 4548 4549 4550 4551 4552 4553 4554 4555 4556 4557 4558 4559 4560 4561 4562 4563 4564 4565 4566 4567 4568 4569 4570 4571 4572 4573 4574 4575 4576 4577 4578 4579 4580 4581 4582 4583 4584 4585 4586 4587 4588 4589 4590 4591 4592 4593 4594 4595 4596 4597 4598 4599 4600 4601 
4440 5274 5273 5272 5271 5270 5269 5268 5267 5266 5265 5264 5263 5262 5261 5259 5260 5275 5276 5277 5278 5279 5280 5281 5282 5283 5284 5285 5286 5287 5288 5289 5290 5291 5292 5293 5294 5295 5296 5297 5298 5299 5300 5301 5302 5303 5304 5305 5306 5307 5308 5309 5310 
4601 5091 5090 5089 5088 5087 5086 5085 5084 5083 5082 5081 5080 5079 5078 5077 5076 5075 5074 5073 5072 5071 5070 5069 5068 5067 5066 5065 5064 5063 5062 5061 5060 5059 5058 5057 5056 5055 5054 5053 5052 5051 5050 5049 5048 5047 5046 5045 5044 5043 5042 5041 5040 5039 5038 5037 5036 5035 5034 5033 5032 5031 5030 5029 5028 5027 5026 5025 5024 5023 5022 5021 5020 5019 5018 5017 5016 5015 5014 5013 5012 5011 5010 5009 5008 5007 5006 5005 5004 5003 5002 5001 5000 4999 4998 4997 4996 4995 4994 4993 4992 4991 4990 4989 4988 4987 4986 4985 4984 4983 4982 4981 4980 4979 4978 4977 4976 4975 4974 4973 4972 4971 4970 4969 4968 4967 4966 4965 4964 4963 4962 4961 4960 4959 4958 4957 4956 4955 4954 4953 4952 4951 4950 4949 4948 4947 4946 4945 4944 4943 4942 4941 4940 4939 4938 4937 4936 4935 4934 4933 4932 4931 4930 4929 4928 4927 4926 4925 4924 4923 4922 4921 4920 4919 4918 4917 4916 4915 4914 4913 4912 4911 4910 4909 4908 4907 4906 4905 4904 4903 4902 4901 4900 4899 4897 4898 5092 5093 5094 5095 5096 5097 5098 5099 5100 5101 5102 5103 5104 5105 5106 5107 5108 5109 5110 5111 5112 5113 
5310 5311 5312 5313 5314 5315 5316 5317 5318 5319 5320 5321 5322 5323 5324 5325 
