30 334
30 335
29 334
29 333
28 333
28 332
27 332
27 331
26 331
26 330
25 330
24 330
23 330
22 330
21 330
20 330
20 331
19 331
18 331
18 332
17 332
17 333
16 333
16 334
15 334
15 335
14 335
14 336
13 336
13 337
31 335
32 335
32 336
33 336
33 337
34 337
34 338
35 338
36 338
36 339
402 424
402 423
402 425
402 426
402 427
402 428
401 428
401 429
400 429
399 429
399 430
399 431
398 431
398 432
397 432
397 433
396 433
395 433
394 433
393 433
392 433
392 432
392 431
392 430
391 430
391 429
390 429
390 430
389 430
388 430
387 430
386 430
385 430
385 431
384 431
383 431
382 431
381 431
380 431
379 431
379 430
379 429
379 428
378 428
378 427
378 426
377 426
377 425
376 425
376 424
376 423
375 423
375 422
374 422
373 422
372 422
371 422
370 422
369 422
368 422
367 422
367 423
366 423
403 423
403 422
403 421
403 420
404 420
404 419
404 418
404 417
404 416
405 416
405 415
405 414
406 414
406 413
407 413
407 412
408 412
408 411
409 411
6 347
6 348
6 346
6 345
6 344
7 344
8 344
9 344
10 344
11 344
12 344
13 344
13 343
13 342
13 341
13 340
13 339
13 338
5 348
5 349
5 350
5 351
5 352
5 353
5 354
5 355
5 356
5 357
5 358
5 359
5 360
5 361
5 362
138 500
138 499
139 500
139 501
140 501
141 501
141 502
141 503
141 504
142 504
142 505
141 505
141 506
141 507
140 507
140 508
140 509
139 509
139 510
138 510
138 511
137 511
136 511
135 511
134 511
133 511
132 511
131 511
130 511
129 511
128 511
127 511
126 511
125 511
124 511
123 511
122 511
121 511
121 510
121 509
120 509
138 498
138 497
138 496
138 495
138 494
138 493
137 493
137 492
137 491
137 490
137 489
137 488
137 487
137 486
136 486
136 485
135 485
135 484
135 483
135 482
135 481
135 480
135 479
135 478
135 477
135 476
135 475
135 474
134 474
134 473
134 472
134 471
133 471
133 470
133 469
133 468
132 468
132 467
131 467
131 466
131 465
131 464
130 464
130 463
129 463
129 462
128 462
128 461
127 461
127 460
126 460
96 367
96 368
97 367
97 366
97 365
98 365
98 364
99 364
99 363
96 369
95 369
95 370
95 371
94 371
94 372
93 372
94 416
94 415
95 416
96 416
97 416
98 416
98 415
99 415
99 414
100 414
100 413
101 413
101 412
102 412
102 411
103 411
103 410
104 410
105 410
105 409
106 409
106 408
93 415
92 415
91 415
90 415
89 415
88 415
87 415
86 415
85 415
85 416
85 417
85 418
85 419
86 419
86 420
87 420
87 421
88 421
88 422
89 422
89 423
90 423
90 424
91 424
91 425
91 426
92 426
92 427
92 428
92 429
92 430
92 431
92 432
91 432
91 433
91 434
91 435
91 436
91 437
90 437
90 438
91 438
92 438
92 439
92 440
92 441
92 442
92 443
92 444
92 445
91 445
91 446
91 447
91 448
91 449
91 450
91 451
91 452
92 452
93 452
94 452
95 452
96 452
97 452
97 453
98 453
98 454
98 455
99 455
99 456
99 457
99 458
100 458
100 459
101 459
101 460
102 460
103 460
104 460
105 460
106 460
107 460
108 460
109 460
110 460
111 460
112 460
113 460
114 460
115 460
115 459
116 459
117 459
118 459
119 459
120 459
121 459
122 459
123 459
124 459
125 459
126 459
109 506
108 506
110 506
111 506
112 506
113 506
114 506
115 506
116 506
117 506
118 506
119 506
119 507
119 508
120 508
107 506
106 506
105 506
104 506
103 506
102 506
101 506
100 506
99 506
98 506
97 506
96 506
95 506
94 506
94 507
94 508
94 509
94 510
94 511
390 404
391 404
390 403
390 402
389 402
389 401
389 400
389 399
389 398
389 397
389 396
388 396
388 395
387 395
391 405
391 406
391 407
392 407
392 408
392 409
392 410
392 411
392 412
392 413
392 414
391 414
391 415
391 416
390 416
390 417
390 418
389 418
389 419
389 420
390 420
390 421
390 422
391 422
391 423
391 424
391 425
391 426
391 427
391 428
67 470
68 470
66 470
66 471
65 471
64 471
63 471
62 471
61 471
60 471
60 472
59 472
59 473
58 473
58 474
69 470
70 470
71 470
72 470
73 470
74 470
75 470
76 470
77 470
78 470
78 469
78 468
78 467
78 466
78 465
78 464
78 463
78 462
79 462
79 461
79 460
79 459
79 458
79 457
79 456
79 455
79 454
79 453
80 453
80 452
80 451
81 451
81 450
81 449
82 449
83 449
84 449
85 449
86 449
87 449
88 449
88 450
89 450
89 451
90 451
90 452
310 416
310 417
310 415
310 414
310 413
310 412
311 412
311 411
312 411
312 410
312 409
312 408
312 407
312 406
312 405
312 404
312 403
312 402
313 402
313 401
313 400
314 400
314 399
314 398
314 397
314 396
315 396
315 395
316 395
316 394
317 394
310 418
311 418
311 419
312 419
312 420
313 420
313 421
313 422
314 422
314 423
315 423
315 424
315 425
316 425
316 426
317 426
317 427
318 427
319 427
320 427
321 427
322 427
323 427
324 427
325 427
326 427
327 427
328 427
328 428
329 428
330 428
330 429
331 429
331 430
332 430
332 431
332 432
333 432
333 433
334 433
334 434
335 434
336 434
336 433
337 433
338 433
338 432
338 431
339 431
340 431
341 431
342 431
343 431
344 431
345 431
345 430
345 429
346 429
346 430
347 430
348 430
349 430
350 430
351 430
351 431
351 432
352 432
352 433
352 434
352 435
352 436
352 437
352 438
352 439
352 440
352 441
352 442
352 443
352 444
351 444
351 445
351 446
352 446
353 446
354 446
355 446
356 446
357 446
358 446
359 446
359 445
360 445
360 444
361 444
361 443
361 442
362 442
362 441
363 441
363 440
363 439
363 438
363 437
363 436
363 435
363 434
362 434
362 433
361 433
361 432
360 432
360 431
360 430
360 429
360 428
360 427
360 426
361 426
361 425
362 425
363 425
364 425
364 424
365 424
365 423
240 397
239 397
240 396
240 395
241 395
241 394
241 393
241 392
242 392
242 391
238 397
237 397
236 397
236 398
235 398
235 399
234 399
98 384
98 383
97 384
96 384
95 384
95 385
94 385
93 385
92 385
92 386
91 386
90 386
89 386
89 387
88 387
88 388
87 388
87 389
86 389
86 390
85 390
85 391
84 391
84 392
83 392
83 393
82 393
81 393
80 393
79 393
79 394
79 395
78 395
78 396
78 397
78 398
78 399
78 400
78 401
78 402
77 402
76 402
75 402
74 402
74 403
75 403
76 403
77 403
78 403
79 403
80 403
80 404
81 404
81 405
82 405
82 406
82 407
82 408
82 409
82 410
83 410
83 411
84 411
84 412
85 412
85 413
85 414
99 383
99 382
99 381
100 381
100 380
101 380
101 379
102 379
102 378
103 378
144 404
145 404
143 404
142 404
141 404
140 404
140 403
139 403
138 403
138 404
138 405
137 405
137 406
137 407
137 408
137 409
138 409
138 410
137 410
137 411
136 411
136 412
136 413
135 413
135 414
134 414
134 415
134 416
134 417
134 418
134 419
133 419
132 419
132 420
132 421
132 422
132 423
132 424
131 424
130 424
130 423
129 423
128 423
127 423
126 423
125 423
124 423
123 423
122 423
122 424
121 424
121 425
121 426
121 427
121 428
121 429
121 430
121 431
121 432
121 433
120 433
120 434
120 435
120 436
120 437
120 438
120 439
120 440
120 441
120 442
120 443
120 444
121 444
121 445
121 446
121 447
121 448
121 449
121 450
121 451
121 452
121 453
121 454
121 455
121 456
122 456
123 456
123 457
124 457
124 458
125 458
146 404
147 404
148 404
148 405
149 405
149 406
149 407
149 408
150 408
151 408
151 409
152 409
153 409
153 410
154 410
96 376
97 376
96 375
95 375
95 374
94 374
94 373
93 373
98 376
99 376
100 376
101 376
101 377
102 377
165 419
164 419
165 420
166 420
166 421
167 421
167 422
168 422
169 422
170 422
171 422
172 422
173 422
174 422
175 422
176 422
176 423
177 423
178 423
179 423
179 424
180 424
181 424
181 425
182 425
163 419
163 418
162 418
161 418
161 417
160 417
159 417
158 417
157 417
157 416
157 415
157 414
157 413
156 413
156 412
155 412
155 411
154 411
243 384
242 384
243 385
243 386
243 387
243 388
243 389
243 390
243 391
241 384
240 384
240 383
239 383
239 382
238 382
238 381
237 381
237 380
236 380
258 482
258 481
257 482
256 482
255 482
254 482
253 482
252 482
252 481
252 480
251 480
251 479
250 479
249 479
249 478
248 478
248 477
247 477
247 476
246 476
245 476
244 476
243 476
243 477
242 477
242 478
241 478
240 478
239 478
238 478
238 477
237 477
237 476
236 476
236 475
235 475
234 475
234 474
233 474
232 474
232 473
231 473
230 473
229 473
228 473
227 473
226 473
225 473
224 473
223 473
223 472
222 472
222 471
221 471
220 471
219 471
219 470
218 470
218 469
218 468
218 467
218 466
218 465
217 465
217 464
216 464
216 463
215 463
215 462
215 461
215 460
214 460
214 459
214 458
214 457
213 457
213 456
212 456
212 455
211 455
211 456
210 456
210 457
210 458
209 458
209 459
208 459
208 460
207 460
207 461
206 461
206 462
206 463
206 464
206 465
206 466
206 467
206 468
206 469
205 469
205 470
204 470
203 470
203 471
202 471
202 472
202 473
202 474
202 475
202 476
202 477
202 478
202 479
202 480
202 481
202 482
201 482
201 483
201 484
200 484
200 485
200 486
200 487
200 488
199 488
199 489
199 490
199 491
198 491
198 492
198 493
197 493
197 494
197 495
197 496
197 497
197 498
197 499
197 500
198 500
198 501
199 501
199 502
200 502
200 503
201 503
201 504
202 504
203 504
203 505
204 505
204 506
205 506
259 481
259 480
259 479
259 478
259 477
260 477
260 476
261 476
262 476
263 476
263 475
264 475
264 474
265 474
266 474
267 474
267 473
268 473
269 473
269 472
270 472
271 472
271 471
272 471
272 470
273 470
273 469
274 469
274 468
275 468
276 468
276 467
277 467
277 466
278 466
279 466
280 466
281 466
282 466
283 466
284 466
285 466
286 466
286 465
287 465
287 464
288 464
288 463
289 463
290 463
291 463
292 463
293 463
294 463
295 463
295 462
295 461
296 461
296 460
296 459
296 458
296 457
296 456
296 455
296 454
296 453
296 452
296 451
296 450
296 449
295 449
295 448
296 448
297 448
297 447
298 447
299 447
300 447
301 447
302 447
303 447
304 447
304 446
305 446
305 445
306 445
306 444
307 444
308 444
308 443
309 443
310 443
311 443
312 443
313 443
313 442
314 442
315 442
315 441
315 440
316 440
316 439
316 438
317 438
317 439
317 440
318 440
318 441
318 442
318 443
318 444
318 445
318 446
318 447
318 448
319 448
319 449
319 450
319 451
320 451
320 452
320 453
321 453
321 454
322 454
323 454
324 454
325 454
326 454
327 454
327 453
327 452
327 451
328 451
328 450
329 450
330 450
331 450
332 450
333 450
334 450
335 450
336 450
337 450
338 450
339 450
340 450
341 450
341 451
341 452
341 453
342 453
342 454
343 454
344 454
345 454
346 454
347 454
347 453
348 453
349 453
349 452
349 451
350 451
350 450
350 449
350 448
350 447
350 446
350 445
393 395
394 395
392 395
391 395
390 395
389 395
394 394
395 394
396 394
396 393
397 393
397 392
397 391
397 390
397 389
398 389
398 388
398 387
399 387
399 386
400 386
162 461
162 462
163 461
164 461
164 460
165 460
165 459
166 459
166 458
167 458
167 457
167 456
168 456
169 456
170 456
171 456
172 456
173 456
174 456
175 456
175 457
176 457
176 458
177 458
177 459
177 460
177 461
177 462
177 463
177 464
177 465
177 466
177 467
178 467
178 468
179 468
179 469
180 469
180 470
181 470
181 471
181 472
182 472
182 473
183 473
183 474
184 474
184 475
185 475
185 476
186 476
186 477
187 477
187 478
188 478
189 478
190 478
191 478
192 478
193 478
194 478
194 477
195 477
196 477
197 477
198 477
199 477
200 477
201 477
201 478
161 462
160 462
160 463
159 463
159 464
158 464
158 465
157 465
157 466
156 466
155 466
155 467
154 467
154 468
153 468
153 469
152 469
152 470
152 471
152 472
151 472
151 473
151 474
151 475
151 476
151 477
150 477
150 478
149 478
148 478
147 478
146 478
145 478
144 478
143 478
142 478
141 478
140 478
139 478
138 478
137 478
136 478
136 477
136 476
494 441
493 441
495 441
495 440
496 440
496 439
497 439
497 438
498 438
498 437
498 436
499 436
492 441
491 441
491 442
490 442
490 443
489 443
488 443
488 444
487 444
487 445
486 445
485 445
484 445
484 446
483 446
482 446
482 447
481 447
481 448
480 448
480 449
480 450
480 451
480 452
480 453
479 453
478 453
477 453
477 454
476 454
475 454
475 455
474 455
473 455
472 455
471 455
471 456
470 456
470 457
469 457
469 458
468 458
468 459
467 459
467 460
467 461
467 462
467 463
467 464
467 465
468 465
468 466
468 467
468 468
468 469
469 469
470 469
471 469
472 469
473 469
474 469
475 469
476 469
476 468
477 468
477 469
477 470
477 471
477 472
477 473
477 474
477 475
478 475
479 475
479 476
480 476
481 476
481 477
482 477
482 478
482 479
482 480
482 481
482 482
482 483
482 484
482 485
482 486
481 486
481 487
480 487
480 488
479 488
479 489
478 489
478 490
477 490
477 491
477 492
476 492
475 492
474 492
473 492
472 492
471 492
470 492
469 492
469 491
468 491
467 491
466 491
465 491
464 491
464 492
463 492
462 492
461 492
461 493
460 493
460 494
460 495
460 496
460 497
460 498
460 499
460 500
460 501
460 502
460 503
460 504
459 504
459 505
459 506
458 506
458 507
457 507
457 508
456 508
456 509
455 509
455 510
454 510
453 510
452 510
451 510
451 509
450 509
450 508
449 508
448 508
447 508
446 508
445 508
444 508
443 508
443 509
442 509
442 508
441 508
441 507
440 507
440 506
439 506
439 505
438 505
437 505
437 504
436 504
435 504
435 503
434 503
434 502
433 502
433 501
433 500
433 499
433 498
433 497
433 496
433 495
433 494
433 493
432 493
432 492
432 491
431 491
431 490
431 489
431 488
430 488
430 487
429 487
429 486
429 485
429 484
429 483
429 482
429 481
429 480
429 479
428 479
427 479
427 478
426 478
426 477
425 477
425 476
424 476
424 475
423 475
422 475
421 475
420 475
419 475
419 476
418 476
417 476
416 476
415 476
414 476
413 476
413 477
412 477
411 477
410 477
409 477
408 477
407 477
406 477
405 477
404 477
404 478
403 478
402 478
402 479
401 479
400 479
399 479
398 479
397 479
396 479
396 478
395 478
394 478
394 477
395 477
395 476
395 475
395 474
395 473
395 472
395 471
394 471
394 470
394 469
393 469
393 468
393 467
393 466
393 465
393 464
394 464
394 463
395 463
395 462
395 461
394 461
393 461
393 460
393 459
393 458
393 457
393 456
393 455
393 454
393 453
393 452
392 452
392 451
391 451
391 450
390 450
390 449
389 449
389 448
389 447
389 446
389 445
390 445
390 444
391 444
391 443
391 442
391 441
390 441
390 440
390 439
390 438
389 438
388 438
388 437
388 436
388 435
387 435
387 434
387 433
387 432
387 431
386 431
6 185
6 184
6 186
6 187
6 188
6 189
6 190
6 191
6 192
6 193
6 183
6 182
6 181
6 180
6 179
6 178
6 177
5 177
190 454
191 454
189 454
188 454
187 454
186 454
186 455
186 456
187 456
187 457
187 458
187 459
187 460
188 460
188 461
188 462
189 462
189 463
190 463
190 464
191 464
191 465
192 465
192 466
193 466
194 466
195 466
196 466
197 466
198 466
199 466
200 466
201 466
202 466
203 466
204 466
205 466
192 454
193 454
194 454
195 454
196 454
196 453
197 453
197 452
198 452
198 451
198 450
198 449
199 449
199 448
199 447
199 446
199 445
199 444
199 443
199 442
200 442
200 441
201 441
201 440
201 439
201 438
201 437
201 436
201 435
201 434
201 433
201 432
201 431
202 431
203 431
203 430
204 430
204 429
205 429
205 428
206 428
206 427
206 426
206 425
206 424
207 424
207 423
208 423
208 422
209 422
209 421
209 420
210 420
210 419
210 418
210 417
210 416
211 416
212 416
213 416
214 416
215 416
216 416
217 416
218 416
219 416
219 415
218 415
218 414
218 413
218 412
218 411
218 410
218 409
218 408
217 408
255 413
254 413
256 413
257 413
258 413
258 414
259 414
259 415
260 415
254 412
254 411
254 410
254 409
253 409
253 408
253 407
253 406
252 406
252 405
252 404
251 404
251 403
250 403
249 403
248 403
247 403
247 402
247 401
247 400
247 399
247 398
247 397
247 396
246 396
245 396
245 395
244 395
244 394
244 393
243 393
243 392
409 403
409 404
409 402
409 401
409 400
409 399
409 398
409 397
409 396
409 395
410 395
410 394
411 394
411 393
409 405
409 406
409 407
409 408
409 409
409 410
438 405
439 405
437 405
437 406
437 407
437 408
437 409
437 410
438 410
438 411
438 412
438 413
438 414
438 415
438 416
438 417
438 418
437 418
437 419
437 420
437 421
437 422
437 423
437 424
437 425
437 426
437 427
437 428
436 428
436 427
436 426
435 426
435 425
435 424
434 424
433 424
432 424
431 424
430 424
429 424
428 424
427 424
426 424
425 424
424 424
423 424
422 424
422 425
421 425
421 426
421 427
420 427
420 428
419 428
419 429
418 429
418 430
417 430
416 430
416 431
415 431
414 431
413 431
412 431
411 431
410 431
409 431
408 431
407 431
407 432
407 433
406 433
406 432
406 431
406 430
405 430
405 429
404 429
404 428
403 428
440 405
441 405
442 405
442 404
443 404
443 403
444 403
444 402
444 401
444 400
444 399
444 398
444 397
443 397
443 396
443 395
443 394
442 394
442 393
442 392
441 392
441 391
440 391
440 390
440 389
440 388
440 387
440 386
439 386
44 401
43 401
45 401
46 401
46 402
47 402
47 403
47 404
47 405
47 406
47 407
47 408
47 409
47 410
47 411
47 412
48 412
48 413
49 413
49 414
49 415
49 416
49 417
49 418
49 419
49 420
49 421
50 421
51 421
52 421
53 421
54 421
54 420
55 420
55 419
56 419
57 419
58 419
59 419
60 419
61 419
62 419
62 418
63 418
63 417
64 417
64 416
65 416
65 415
65 414
65 413
66 413
66 412
67 412
68 412
68 411
69 411
69 410
70 410
70 409
70 408
71 408
71 407
71 406
72 406
72 405
72 404
73 404
73 403
42 401
41 401
40 401
39 401
39 400
38 400
37 400
36 400
35 400
34 400
34 401
33 401
32 401
31 401
30 401
29 401
28 401
27 401
26 401
26 400
26 399
25 399
25 398
25 397
24 397
24 396
23 396
23 395
22 395
22 394
21 394
20 394
20 393
19 393
18 393
17 393
16 393
15 393
14 393
13 393
12 393
11 393
10 393
9 393
9 394
8 394
7 394
6 394
5 394
4 394
3 394
3 393
3 392
3 391
2 391
2 390
3 390
3 389
3 388
3 387
3 386
3 385
3 384
3 383
4 383
4 382
4 381
3 381
3 380
3 379
2 379
2 378
2 377
2 376
2 375
2 374
2 373
2 372
2 371
2 370
2 369
2 368
2 367
2 366
3 366
3 365
4 365
4 364
5 364
5 363
366 392
367 392
365 392
364 392
364 391
364 390
364 389
364 388
364 387
363 387
363 386
362 386
368 392
368 393
368 394
368 395
369 395
369 396
370 396
370 397
370 398
369 398
369 399
368 399
368 400
367 400
367 401
366 401
365 401
364 401
363 401
363 402
363 403
362 403
362 404
362 405
362 406
362 407
362 408
362 409
362 410
361 410
361 411
361 412
361 413
361 414
360 414
360 415
359 415
359 416
359 417
359 418
359 419
359 420
360 420
360 421
361 421
362 421
363 421
364 421
364 422
365 422
366 422
239 420
240 420
239 421
238 421
237 421
236 421
235 421
235 422
234 422
233 422
232 422
231 422
230 422
229 422
228 422
227 422
226 422
226 421
225 421
225 420
224 420
223 420
223 419
222 419
221 419
221 418
220 418
220 417
220 416
240 419
240 418
241 418
241 417
241 416
242 416
242 415
243 415
244 415
245 415
245 414
246 414
246 413
247 413
248 413
248 412
249 412
250 412
251 412
251 411
252 411
252 410
252 409
252 408
252 407
57 367
57 366
56 367
55 367
54 367
54 368
53 368
53 369
53 370
52 370
51 370
50 370
49 370
48 370
47 370
46 370
45 370
45 369
45 368
46 368
46 367
47 367
47 366
48 366
48 365
49 365
49 364
49 363
49 362
49 361
49 360
48 360
48 359
47 359
46 359
45 359
45 358
44 358
44 357
43 357
43 356
43 355
42 355
42 354
42 353
42 352
41 352
40 352
39 352
38 352
37 352
36 352
35 352
34 352
33 352
33 353
32 353
31 353
30 353
30 352
30 351
30 350
29 350
29 349
29 348
28 348
28 347
28 346
27 346
27 345
26 345
26 344
25 344
25 343
24 343
24 342
23 342
22 342
21 342
21 341
20 341
19 341
19 340
18 340
17 340
16 340
15 340
14 340
14 339
14 338
14 337
58 366
59 366
59 365
59 364
60 364
60 363
60 362
60 361
61 361
61 360
61 359
61 358
61 357
61 356
61 355
61 354
62 354
62 353
63 353
64 353
65 353
66 353
67 353
68 353
69 353
70 353
70 352
71 352
71 351
71 350
71 349
71 348
71 347
71 346
72 346
72 345
73 345
73 344
72 344
71 344
70 344
69 344
68 344
67 344
66 344
65 344
65 343
143 378
143 379
143 377
143 376
143 375
143 374
143 373
143 372
143 371
143 370
143 369
143 380
143 381
143 382
143 383
144 383
144 384
145 384
145 385
145 386
145 387
145 388
145 389
145 390
145 391
144 391
144 392
144 393
143 393
143 394
142 394
141 394
141 395
140 395
140 396
139 396
139 397
139 398
138 398
138 399
138 400
138 401
138 402
488 417
487 417
488 416
489 416
489 415
490 415
490 414
490 413
490 412
490 411
490 410
490 409
490 408
490 407
490 406
490 405
490 404
490 403
491 403
491 402
492 402
492 401
493 401
493 400
494 400
494 399
495 399
495 398
496 398
497 398
498 398
499 398
499 397
500 397
500 398
501 398
501 399
501 400
502 400
502 401
503 401
503 402
503 403
503 404
504 404
504 405
504 406
505 406
505 407
487 418
487 419
487 420
487 421
487 422
486 422
486 423
487 423
487 424
488 424
489 424
489 425
490 425
491 425
491 426
491 427
492 427
492 428
492 429
492 430
492 431
492 432
492 433
492 434
493 434
494 434
495 434
496 434
497 434
497 435
498 435
54 164
54 163
54 165
54 166
54 167
54 168
54 169
55 169
55 170
56 170
56 171
57 171
58 171
58 172
57 172
56 172
55 172
54 172
53 172
52 172
51 172
50 172
49 172
49 173
48 173
47 173
46 173
45 173
44 173
43 173
42 173
41 173
40 173
40 172
39 172
39 171
54 162
54 161
54 160
54 159
54 158
54 157
54 156
54 155
55 155
55 154
56 154
56 153
53 295
52 295
53 296
53 297
53 298
53 299
53 300
53 301
52 301
51 301
50 301
50 302
49 302
49 303
52 294
51 294
50 294
50 293
49 293
48 293
48 292
47 292
46 292
45 292
45 291
44 291
43 291
42 291
42 292
41 292
41 293
40 293
40 294
39 294
39 295
38 295
38 296
37 296
36 296
36 297
160 382
160 381
159 382
159 383
158 383
158 384
158 385
158 386
157 386
157 387
156 387
156 388
155 388
154 388
154 389
153 389
152 389
151 389
151 390
150 390
150 391
149 391
149 392
148 392
147 392
146 392
145 392
161 381
161 380
162 380
162 379
162 378
163 378
163 377
163 376
164 376
164 375
165 375
166 375
166 374
94 98
94 99
94 97
94 96
94 95
94 94
94 93
95 93
95 92
94 100
94 101
93 101
92 101
92 102
91 102
91 103
90 103
89 103
89 104
88 104
88 105
87 105
86 105
86 106
85 106
84 106
83 106
82 106
81 106
80 106
79 106
79 107
79 108
79 109
79 110
79 111
79 112
79 113
79 114
79 115
78 115
78 116
78 117
77 117
76 117
75 117
75 118
74 118
74 119
73 119
73 120
72 120
72 121
71 121
71 122
70 122
70 123
69 123
68 123
67 123
67 122
66 122
65 122
64 122
64 121
63 121
63 120
62 120
62 119
61 119
61 118
60 118
60 117
61 117
61 116
62 116
62 115
62 114
63 114
63 113
63 112
64 112
84 337
84 338
83 337
82 337
81 337
80 337
80 336
79 336
78 336
78 335
77 335
77 334
77 333
77 332
77 331
77 330
77 329
76 329
76 330
75 330
75 331
74 331
73 331
72 331
72 332
71 332
71 333
71 334
70 334
70 335
70 336
69 336
69 337
69 338
69 339
69 340
68 340
68 341
67 341
67 342
66 342
65 342
84 339
84 340
84 341
84 342
84 343
85 343
85 344
85 345
86 345
86 346
87 346
88 346
89 346
90 346
91 346
92 346
93 346
93 131
94 131
93 130
92 130
92 129
91 129
91 128
90 128
90 127
89 127
88 127
88 126
87 126
86 126
86 127
85 127
84 127
83 127
82 127
81 127
81 126
80 126
79 126
78 126
77 126
76 126
75 126
74 126
73 126
72 126
71 126
71 125
71 124
70 124
95 131
96 131
97 131
98 131
99 131
99 130
100 130
100 129
101 129
102 129
102 128
102 127
102 126
102 125
102 124
102 123
102 122
103 122
103 121
103 120
103 119
103 118
103 117
104 117
104 118
104 119
105 119
105 120
106 120
107 120
108 120
109 120
110 120
111 120
112 120
113 120
113 119
114 119
114 118
114 117
114 116
114 115
114 114
114 113
115 113
115 112
115 111
116 111
116 112
116 113
116 114
116 115
116 116
116 117
116 118
117 118
117 119
118 119
118 120
119 120
119 121
119 122
120 122
120 123
121 123
121 124
121 125
122 125
122 126
122 127
121 127
121 128
120 128
119 128
118 128
117 128
117 129
117 130
117 131
117 132
117 133
117 134
116 134
116 135
116 136
115 136
114 136
114 137
113 137
113 138
112 138
112 139
111 139
70 100
70 99
70 101
70 102
71 102
71 103
72 103
73 103
74 103
75 103
76 103
77 103
77 104
77 105
78 105
78 106
78 107
70 98
70 97
70 96
70 95
70 94
70 93
71 93
71 92
34 98
34 99
34 97
34 96
34 95
34 94
34 93
34 92
34 91
34 90
34 89
34 88
34 87
34 86
34 85
34 84
33 84
34 100
34 101
34 102
34 103
33 103
33 104
33 105
33 106
33 107
33 108
33 109
33 110
33 111
33 112
33 113
34 113
34 114
35 114
36 114
37 114
38 114
39 114
40 114
40 115
41 115
42 115
43 115
44 115
45 115
46 115
47 115
47 114
48 114
49 114
50 114
51 114
52 114
53 114
54 114
54 115
55 115
55 116
56 116
57 116
57 117
58 117
59 117
59 118
377 368
378 368
376 368
375 368
375 369
374 369
373 369
373 370
372 370
371 370
370 370
369 370
368 370
368 371
367 371
366 371
366 372
365 372
365 373
366 373
366 374
367 374
368 374
368 375
368 376
368 377
368 378
368 379
368 380
367 380
367 381
366 381
366 382
365 382
365 383
364 383
364 384
364 385
363 385
379 368
380 368
381 368
382 368
382 369
383 369
383 370
384 370
384 371
159 107
158 107
160 107
161 107
162 107
163 107
164 107
164 106
165 106
166 106
167 106
168 106
169 106
170 106
171 106
172 106
172 105
173 105
173 104
174 104
175 104
176 104
176 105
177 105
177 106
177 107
177 108
177 109
177 110
178 110
178 111
179 111
179 112
180 112
180 113
180 114
180 115
180 116
180 117
180 118
180 119
180 120
180 121
180 122
179 122
157 107
156 107
155 107
154 107
153 107
153 108
152 108
152 109
152 110
152 111
152 112
151 112
151 111
151 110
150 110
149 110
148 110
147 110
146 110
145 110
144 110
143 110
142 110
141 110
140 110
139 110
138 110
138 111
137 111
136 111
135 111
135 112
134 112
133 112
133 113
132 113
132 114
131 114
130 114
129 114
128 114
127 114
127 115
128 115
128 116
129 116
129 117
129 118
129 119
129 120
129 121
129 122
128 122
128 123
127 123
127 124
126 124
125 124
124 124
123 124
123 125
133 255
133 254
133 256
133 257
134 257
135 257
136 257
137 257
138 257
139 257
140 257
141 257
141 256
142 256
143 256
143 257
144 257
145 257
146 257
147 257
148 257
149 257
150 257
151 257
152 257
152 258
153 258
133 253
133 252
133 251
133 250
133 249
133 248
133 247
132 247
132 246
131 246
131 245
130 245
130 244
7 290
7 289
7 291
6 291
6 292
5 292
5 293
4 293
4 294
3 294
3 295
4 295
4 296
5 296
5 297
5 298
5 299
5 300
6 300
6 301
5 301
5 302
5 303
5 304
5 305
5 306
5 307
6 307
6 308
6 309
7 309
7 310
8 310
8 311
7 311
6 311
6 312
5 312
5 313
5 314
5 315
5 316
5 317
5 318
5 319
5 320
5 321
5 322
4 322
4 323
4 324
4 325
4 326
4 327
4 328
4 329
3 329
2 329
2 330
1 330
1 331
1 332
1 333
1 334
1 335
1 336
0 336
0 337
0 338
1 338
2 338
2 339
3 339
4 339
5 339
6 339
7 339
8 339
9 339
10 339
11 339
11 338
12 338
12 337
8 289
9 289
10 289
10 288
11 288
11 287
12 287
12 286
13 286
64 146
65 146
63 146
62 146
61 146
60 146
59 146
59 147
59 148
59 149
59 150
58 150
58 151
58 152
57 152
57 153
66 146
66 145
66 144
67 144
67 143
68 143
68 142
68 141
68 140
68 139
68 138
68 137
68 136
68 135
67 135
67 134
66 134
66 133
66 132
66 131
66 130
66 129
66 128
66 127
66 126
66 125
66 124
67 124
68 124
31 4
31 5
31 3
32 3
32 2
33 2
33 1
34 1
35 1
36 1
37 1
38 1
39 1
40 1
40 0
41 0
42 0
43 0
44 0
45 0
46 0
47 0
31 6
31 7
30 7
29 7
29 8
28 8
27 8
26 8
26 9
25 9
24 9
24 10
23 10
23 11
24 11
24 12
25 12
26 12
26 13
27 13
27 14
28 14
28 15
29 15
29 16
30 16
30 17
31 17
31 18
31 19
31 20
32 20
32 21
33 21
33 22
34 22
34 23
35 23
35 24
36 24
36 25
36 26
36 27
36 28
35 28
35 29
34 29
33 29
33 30
32 30
31 30
31 31
30 31
30 32
30 33
30 34
30 35
30 36
30 37
31 37
31 38
30 38
30 39
30 40
29 40
29 41
28 41
27 41
26 41
26 42
25 42
24 42
24 43
23 43
22 43
22 44
23 44
23 45
24 45
24 46
24 47
25 47
25 48
25 49
25 50
25 51
25 52
25 53
26 53
26 54
27 54
27 55
28 55
29 55
30 55
31 55
32 55
33 55
34 55
35 55
36 55
37 55
38 55
38 56
38 57
38 58
38 59
38 60
38 61
37 61
37 62
37 63
37 64
37 65
37 66
37 67
37 68
36 68
36 69
37 69
37 70
37 71
38 71
38 72
38 73
38 74
39 74
39 75
40 75
40 76
40 77
40 78
40 79
40 80
39 80
39 81
38 81
38 82
37 82
36 82
36 83
35 83
34 83
155 93
155 94
155 92
156 92
156 91
157 91
158 91
159 91
159 90
160 90
160 89
159 89
159 88
159 87
159 86
158 86
158 85
157 85
156 85
156 84
155 84
154 84
154 83
153 83
153 82
152 82
151 82
151 81
150 81
149 81
149 80
148 80
148 81
147 81
147 82
146 82
146 83
145 83
144 83
143 83
142 83
141 83
140 83
139 83
139 82
138 82
137 82
136 82
135 82
134 82
133 82
133 81
132 81
132 80
132 79
132 78
154 94
154 95
154 96
154 97
154 98
153 98
153 99
153 100
153 101
153 102
153 103
152 103
151 103
150 103
149 103
149 104
149 105
149 106
149 107
149 108
150 108
150 109
151 109
177 226
177 225
177 227
178 227
178 228
178 229
178 230
178 231
178 232
178 233
178 234
178 235
178 236
178 237
178 238
178 239
178 240
178 241
179 241
180 241
181 241
182 241
183 241
184 241
185 241
185 240
186 240
187 240
188 240
189 240
190 240
191 240
192 240
192 239
176 225
176 224
176 223
176 222
176 221
176 220
176 219
176 218
175 218
465 393
465 394
464 393
464 392
464 391
463 391
463 390
463 389
463 388
462 388
462 387
461 387
461 386
460 386
460 385
459 385
458 385
457 385
456 385
455 385
455 386
454 386
454 387
454 388
454 389
453 389
453 390
453 391
452 391
452 392
452 393
452 394
452 395
452 396
452 397
452 398
451 398
450 398
450 399
449 399
449 400
448 400
447 400
447 401
446 401
446 402
445 402
466 394
467 394
467 395
468 395
468 396
468 397
469 397
469 398
469 399
470 399
470 400
471 400
471 401
472 401
473 401
474 401
474 402
475 402
476 402
477 402
478 402
479 402
480 402
481 402
481 403
482 403
482 404
483 404
484 404
484 405
484 406
485 406
485 407
486 407
486 408
487 408
487 409
488 409
489 409
194 129
194 130
193 129
193 128
192 128
191 128
190 128
189 128
188 128
187 128
187 127
186 127
186 126
185 126
185 125
184 125
183 125
182 125
182 124
181 124
181 123
180 123
194 131
194 132
194 133
194 134
193 134
193 135
193 136
192 136
192 137
192 138
192 139
192 140
192 141
191 141
191 142
191 143
191 144
191 145
191 146
191 147
190 147
190 148
189 148
188 148
188 149
187 149
187 150
186 150
185 150
185 151
184 151
183 151
183 152
182 152
50 331
50 330
50 332
50 333
50 334
50 335
51 335
51 336
52 336
52 337
53 337
54 337
54 338
55 338
55 339
56 339
56 340
57 340
58 340
58 341
59 341
60 341
61 341
62 341
62 342
63 342
64 342
64 343
50 329
50 328
50 327
50 326
50 325
50 324
50 323
49 323
48 323
48 322
47 322
47 321
47 320
47 319
47 318
47 317
47 316
47 315
47 314
47 313
47 312
46 312
46 311
47 311
47 310
47 309
47 308
47 307
47 306
47 305
47 304
48 304
48 303
79 316
79 315
79 317
79 318
79 319
79 320
78 320
78 321
78 322
78 323
78 324
78 325
78 326
78 327
78 328
77 328
79 314
79 313
79 312
79 311
79 310
78 310
77 310
76 310
76 309
75 309
74 309
73 309
73 308
72 308
72 307
71 307
71 306
70 306
70 305
69 305
164 248
165 248
163 248
163 249
162 249
162 250
162 251
161 251
161 252
161 253
160 253
160 254
159 254
159 255
158 255
157 255
156 255
156 256
155 256
155 257
154 257
153 257
165 247
166 247
167 247
167 246
168 246
168 245
168 244
169 244
169 243
169 242
170 242
170 241
170 240
171 240
171 239
171 238
172 238
172 237
173 237
174 237
175 237
176 237
176 236
177 236
177 235
125 265
124 265
125 264
126 264
126 263
127 263
127 262
127 261
127 260
127 259
128 259
128 258
129 258
130 258
131 258
131 257
132 257
124 266
124 267
124 268
124 269
124 270
123 270
123 271
123 272
122 272
137 175
137 174
137 176
137 177
136 177
136 178
136 179
135 179
135 180
135 181
134 181
134 182
133 182
133 183
133 184
133 185
133 186
133 187
133 188
133 189
134 189
134 190
135 190
136 190
137 190
138 190
139 190
140 190
141 190
142 190
143 190
143 191
144 191
144 192
145 192
145 193
145 194
146 194
146 195
146 196
147 196
147 197
148 197
148 198
149 198
149 199
150 199
150 200
151 200
151 201
151 202
152 202
152 203
152 204
152 205
152 206
152 207
152 208
151 208
151 209
151 210
150 210
150 211
150 212
149 212
149 213
148 213
148 214
147 214
147 215
147 216
146 216
146 217
145 217
144 217
144 218
143 218
143 219
137 173
137 172
137 171
137 170
136 170
136 169
135 169
135 168
135 167
135 166
135 165
135 164
135 163
134 163
134 162
134 161
133 161
133 160
133 159
133 158
133 157
132 157
132 156
132 155
131 155
131 154
130 154
130 153
129 153
128 153
128 152
128 151
127 151
127 150
126 150
126 149
125 149
124 149
123 149
122 149
121 149
120 149
119 149
119 148
119 147
120 147
120 146
120 145
120 144
120 143
120 142
120 141
119 141
119 140
118 140
117 140
116 140
115 140
114 140
113 140
112 140
6 163
6 162
6 164
5 164
5 165
4 165
4 166
3 166
3 167
3 168
3 169
3 170
3 171
3 172
3 173
3 174
3 175
4 175
4 176
5 176
6 161
6 160
5 160
5 159
4 159
4 158
3 158
2 158
2 157
1 157
0 157
0 156
0 155
0 154
0 153
0 152
0 151
0 150
0 149
0 148
0 147
0 146
0 145
0 144
1 144
2 144
3 144
4 144
5 144
6 144
7 144
8 144
8 143
9 143
9 142
10 142
11 142
12 142
12 141
13 141
14 141
14 140
15 140
16 140
16 139
16 138
17 138
18 138
19 138
20 138
21 138
21 137
21 136
21 135
21 134
21 133
21 132
21 131
20 131
20 130
20 129
19 129
19 128
19 127
20 127
20 126
21 126
21 125
22 125
23 125
24 125
25 125
26 125
27 125
28 125
29 125
30 125
31 125
31 124
32 124
32 123
32 122
32 121
32 120
32 119
32 118
32 117
32 116
32 115
32 114
33 114
114 197
115 197
113 197
112 197
111 197
110 197
109 197
109 198
108 198
108 199
107 199
107 200
106 200
105 200
104 200
103 200
103 201
102 201
102 202
101 202
116 197
117 197
117 198
118 198
118 199
119 199
119 200
119 201
119 202
119 203
120 203
120 202
120 201
121 201
121 200
122 200
122 199
123 199
124 199
125 199
126 199
127 199
128 199
128 198
129 198
129 197
130 197
130 196
130 195
130 194
130 193
131 193
131 192
132 192
132 191
133 191
133 190
188 267
188 266
187 267
186 267
185 267
184 267
183 267
182 267
181 267
180 267
179 267
178 267
178 266
189 266
189 265
189 264
190 264
190 263
190 262
191 262
191 261
191 260
192 260
192 259
192 258
193 258
193 257
194 257
194 256
193 256
193 255
192 255
192 254
192 253
191 253
191 252
190 252
190 251
189 251
188 251
187 251
187 250
186 250
185 250
185 249
184 249
184 248
183 248
183 247
183 246
183 245
183 244
183 243
183 242
184 242
97 212
96 212
98 212
99 212
99 211
100 211
100 210
100 209
100 208
100 207
100 206
100 205
100 204
100 203
101 203
96 213
95 213
94 213
93 213
93 214
93 215
93 216
92 216
92 217
92 218
91 218
90 218
90 219
89 219
89 220
89 221
90 221
90 222
91 222
91 223
92 223
92 224
92 225
92 226
93 226
93 227
94 227
94 228
95 228
95 229
96 229
97 229
97 230
98 230
98 231
99 231
99 232
99 233
100 233
100 234
100 235
100 236
100 237
100 238
100 239
101 239
101 240
102 240
102 241
76 216
76 215
76 217
76 218
76 219
76 220
76 221
75 221
75 222
75 223
76 223
76 224
76 225
76 226
76 227
76 228
76 229
76 230
76 231
76 232
76 233
75 233
75 234
74 234
73 234
72 234
71 234
70 234
70 233
69 233
68 233
67 233
66 233
65 233
64 233
64 232
63 232
62 232
61 232
60 232
60 231
59 231
58 231
58 230
58 229
57 229
57 228
56 228
56 227
55 227
55 226
54 226
54 225
53 225
53 224
52 224
51 224
50 224
49 224
48 224
48 223
47 223
46 223
45 223
45 222
44 222
43 222
42 222
42 221
41 221
41 220
40 220
76 214
76 213
77 213
77 212
78 212
79 212
79 211
80 211
80 210
81 210
82 210
82 209
83 209
84 209
85 209
86 209
87 209
87 210
88 210
88 211
89 211
89 212
90 212
91 212
91 213
92 213
88 203
88 202
88 204
87 204
87 205
86 205
86 206
85 206
84 206
84 207
83 207
83 208
89 202
89 201
90 201
90 200
90 199
90 198
90 197
90 196
90 195
90 194
90 193
90 192
90 191
90 190
90 189
90 188
90 187
90 186
90 185
90 184
91 184
92 184
93 184
94 184
95 184
95 183
95 182
95 181
96 181
96 180
96 179
95 179
95 178
94 178
94 177
94 176
94 175
94 174
94 173
94 172
94 171
94 170
94 169
94 168
94 167
94 166
94 165
94 164
94 163
94 162
93 162
92 162
92 161
91 161
91 160
90 160
89 160
88 160
87 160
87 159
86 159
85 159
85 158
86 158
86 157
86 156
86 155
86 154
86 153
86 152
86 151
85 151
85 150
85 149
85 148
85 147
85 146
85 145
85 144
85 143
85 142
85 141
85 140
85 139
85 138
86 138
87 138
87 137
88 137
88 136
89 136
90 136
91 136
92 136
92 137
93 137
94 137
94 138
95 138
96 138
97 138
98 138
99 138
100 138
101 138
102 138
103 138
103 139
104 139
105 139
106 139
107 139
108 139
109 139
110 139
208 249
208 250
207 249
206 249
205 249
204 249
203 249
203 250
202 250
202 251
202 252
202 253
201 253
201 254
201 255
201 256
201 257
201 258
201 259
201 260
200 260
200 259
199 259
199 258
198 258
198 257
197 257
197 256
196 256
195 256
209 250
210 250
211 250
211 249
212 249
213 249
214 249
214 248
215 248
215 247
216 247
216 246
217 246
217 245
218 245
149 221
148 221
150 221
150 222
150 223
151 223
151 224
151 225
152 225
152 226
151 226
151 227
151 228
150 228
150 229
149 229
149 230
149 231
148 231
148 232
147 232
147 233
146 233
146 234
146 235
145 235
145 236
144 236
144 237
144 238
144 239
144 240
144 241
143 241
143 242
142 242
142 243
141 243
140 243
139 243
138 243
137 243
136 243
135 243
134 243
133 243
132 243
131 243
131 244
147 221
146 221
145 221
144 221
144 220
143 220
157 353
157 354
157 352
157 351
156 351
156 350
155 350
155 349
155 348
154 348
154 347
153 347
153 346
153 345
152 345
151 345
150 345
149 345
148 345
147 345
146 345
146 346
145 346
144 346
143 346
143 347
143 348
142 348
142 349
141 349
141 350
140 350
139 350
139 351
138 351
137 351
157 355
157 356
157 357
157 358
157 359
157 360
157 361
158 361
158 362
159 362
159 363
160 363
161 363
161 364
161 365
161 366
161 367
161 368
161 369
161 370
161 371
161 372
161 373
162 373
163 373
164 373
165 373
165 374
166 355
166 356
166 354
166 353
166 352
166 351
167 351
167 350
168 350
166 357
166 358
165 358
165 359
164 359
164 360
163 360
162 360
162 361
161 361
160 361
159 361
80 263
81 263
80 262
80 261
79 261
79 260
78 260
77 260
77 259
76 259
75 259
74 259
73 259
72 259
71 259
70 259
70 260
69 260
68 260
67 260
67 259
66 259
66 258
66 257
66 256
66 255
66 254
65 254
65 253
66 253
67 253
67 252
67 251
67 250
67 249
67 248
67 247
66 247
66 246
65 246
65 245
64 245
63 245
62 245
61 245
60 245
59 245
58 245
57 245
57 244
57 243
56 243
56 242
55 242
55 241
54 241
54 240
54 239
54 238
55 238
55 237
55 236
56 236
56 235
56 234
57 234
57 233
57 232
57 231
57 230
81 264
81 265
81 266
82 266
82 267
82 268
82 269
82 270
83 270
83 271
83 272
84 272
85 272
86 272
87 272
88 272
89 272
89 271
90 271
90 270
90 269
91 269
91 268
91 267
91 266
92 266
93 266
94 266
95 266
95 265
94 265
94 264
94 263
94 262
94 261
94 260
94 259
95 259
96 259
97 259
97 258
98 258
98 257
99 257
99 256
100 256
175 367
176 367
174 367
173 367
173 368
172 368
172 369
172 370
171 370
171 371
170 371
170 372
169 372
168 372
168 373
167 373
167 374
177 367
178 367
179 367
180 367
181 367
182 367
183 367
184 367
185 367
186 367
187 367
187 366
188 366
188 365
189 365
189 364
188 364
188 363
187 363
187 362
186 362
186 361
186 360
186 359
185 359
185 358
186 358
187 358
187 357
187 356
187 355
187 354
187 353
187 352
187 351
187 350
186 350
131 238
131 237
131 239
131 240
131 241
131 242
132 237
132 236
133 236
133 235
134 235
134 234
134 233
134 232
134 231
133 231
133 230
133 229
132 229
132 228
132 227
132 226
132 225
132 224
131 224
131 223
130 223
379 257
379 258
379 256
379 255
379 254
379 253
380 253
380 252
380 251
380 250
381 250
381 249
381 248
382 248
383 248
384 248
384 249
385 249
385 250
386 250
386 251
387 251
388 251
389 251
390 251
391 251
392 251
393 251
394 251
395 251
395 250
396 250
396 249
397 249
379 259
379 260
379 261
379 262
380 262
380 263
379 263
378 263
377 263
376 263
375 263
374 263
373 263
372 263
371 263
370 263
16 173
17 173
15 173
14 173
13 173
12 173
11 173
10 173
9 173
8 173
8 174
8 175
7 175
7 176
6 176
18 173
19 173
20 173
21 173
22 173
23 173
23 174
23 175
23 176
23 177
24 177
24 178
25 178
25 179
26 179
27 179
28 179
28 180
29 180
30 180
31 180
31 181
32 181
33 181
34 181
34 180
35 180
35 179
35 178
36 178
36 177
36 176
37 176
38 176
38 175
38 174
39 174
39 173
203 202
203 201
203 203
202 203
202 204
201 204
200 204
199 204
198 204
198 205
197 205
197 204
196 204
195 204
194 204
193 204
192 204
191 204
190 204
190 203
189 203
189 202
188 202
188 201
188 200
188 199
188 198
187 198
187 197
186 197
186 196
187 196
187 195
188 195
188 194
189 194
190 194
190 193
191 193
191 192
191 191
192 191
192 190
192 189
192 188
192 187
192 186
192 185
192 184
192 183
192 182
192 181
193 181
193 180
193 179
193 178
193 177
193 176
193 175
193 174
192 174
191 174
190 174
190 173
189 173
189 172
188 172
188 171
187 171
187 170
186 170
185 170
185 169
185 168
184 168
184 167
184 166
184 165
183 165
183 164
182 164
181 164
180 164
179 164
179 163
178 163
177 163
177 162
177 161
177 160
177 159
177 158
177 157
177 156
177 155
178 155
179 155
179 154
180 154
180 153
181 153
182 153
204 201
204 200
205 200
206 200
207 200
208 200
209 200
210 200
210 201
211 201
211 202
211 203
211 204
211 205
211 206
211 207
211 208
212 208
212 209
212 210
212 211
212 212
212 213
213 213
214 213
215 213
215 214
216 214
217 214
218 214
218 215
218 216
218 217
218 218
218 219
219 219
219 220
284 43
283 43
285 43
286 43
286 42
286 41
286 40
286 39
286 38
287 38
287 37
288 37
289 37
290 37
291 37
292 37
293 37
294 37
295 37
296 37
297 37
298 37
298 38
299 38
300 38
301 38
302 38
303 38
304 38
305 38
306 38
307 38
307 37
308 37
309 37
310 37
310 36
311 36
312 36
313 36
314 36
315 36
316 36
317 36
318 36
319 36
319 35
320 35
321 35
322 35
323 35
324 35
325 35
326 35
327 35
328 35
328 36
327 36
326 36
326 37
326 38
326 39
326 40
326 41
326 42
326 43
325 43
325 44
325 45
325 46
325 47
325 48
326 48
327 48
328 48
329 48
330 48
331 48
331 47
332 47
332 48
333 48
333 49
333 50
333 51
333 52
334 52
335 52
335 53
336 53
336 54
337 54
338 54
339 54
339 55
340 55
341 55
341 56
342 56
342 57
343 57
343 58
343 59
343 60
343 61
343 62
343 63
344 63
345 63
346 63
346 64
347 64
347 63
348 63
349 63
350 63
351 63
352 63
352 62
353 62
353 61
354 61
354 60
354 59
355 59
355 58
356 58
356 57
357 57
357 56
358 56
359 56
359 55
359 54
360 54
360 53
361 53
361 52
362 52
363 52
364 52
365 52
366 52
367 52
367 51
366 51
366 50
365 50
364 50
363 50
362 50
362 49
361 49
361 48
360 48
359 48
359 47
358 47
357 47
357 46
356 46
356 45
356 44
355 44
355 43
355 42
355 41
355 40
354 40
354 39
354 38
354 37
354 36
354 35
354 34
353 34
353 35
352 35
351 35
350 35
349 35
348 35
347 35
347 36
346 36
345 36
345 35
345 34
344 34
343 34
343 33
342 33
342 32
342 31
342 30
342 29
342 28
342 27
342 26
342 25
343 25
343 24
343 23
344 23
344 22
345 22
345 21
346 21
346 20
347 20
347 19
282 43
281 43
281 44
280 44
279 44
279 45
278 45
278 46
278 47
278 48
278 49
278 50
277 50
277 51
277 52
276 52
276 53
484 217
483 217
485 217
486 217
486 218
487 218
488 218
489 218
489 219
490 219
491 219
492 219
493 219
494 219
495 219
496 219
497 219
497 220
498 220
498 221
499 221
499 222
499 223
499 224
499 225
499 226
499 227
499 228
498 228
498 229
498 230
497 230
497 231
482 217
481 217
480 217
480 216
479 216
479 215
478 215
78 280
79 280
77 280
76 280
75 280
75 279
75 278
74 278
74 279
74 280
74 281
74 282
74 283
74 284
74 285
74 286
74 287
74 288
74 289
74 290
74 291
74 292
74 293
74 294
74 295
74 296
74 297
75 297
76 297
76 298
77 298
77 299
76 299
75 299
75 300
75 301
74 301
74 302
74 303
73 303
73 304
72 304
71 304
70 304
69 304
80 280
81 280
82 280
83 280
84 280
85 280
86 280
86 279
86 278
86 277
86 276
86 275
86 274
87 274
87 273
88 273
385 33
385 32
384 33
384 34
383 34
383 35
382 35
382 34
381 34
380 34
379 34
378 34
377 34
376 34
375 34
374 34
373 34
373 33
374 33
374 32
374 31
374 30
374 29
374 28
375 28
376 28
376 27
377 27
378 27
378 26
377 26
377 25
376 25
376 24
375 24
374 24
374 23
373 23
372 23
371 23
370 23
370 22
369 22
368 22
367 22
366 22
365 22
364 22
363 22
362 22
361 22
361 23
361 24
361 25
361 26
361 27
361 28
360 28
359 28
358 28
357 28
356 28
355 28
355 29
355 30
355 31
355 32
355 33
354 33
386 32
386 31
386 30
386 29
387 29
387 30
388 30
388 31
389 31
389 32
390 32
391 32
392 32
392 31
393 31
393 30
394 30
395 30
396 30
397 30
398 30
399 30
400 30
400 29
401 29
401 30
402 30
402 31
403 31
404 31
404 32
405 32
405 31
406 31
407 31
407 30
408 30
408 29
409 29
409 28
410 28
410 27
409 27
409 26
409 25
409 24
409 23
409 22
409 21
408 21
408 20
408 19
407 19
407 20
406 20
405 20
404 20
403 20
402 20
401 20
400 20
399 20
398 20
397 20
396 20
395 20
394 20
393 20
392 20
392 19
391 19
391 18
152 31
152 30
152 32
153 32
153 33
154 33
154 34
155 34
155 35
156 35
157 35
158 35
158 36
158 37
159 37
159 38
160 38
160 39
160 40
161 40
162 40
163 40
164 40
165 40
166 40
166 41
166 42
166 43
166 44
167 44
167 45
167 46
167 47
167 48
167 49
167 50
167 51
166 51
165 51
164 51
164 52
163 52
163 53
162 53
162 54
162 55
161 55
161 56
161 57
161 58
161 59
161 60
161 61
161 62
161 63
161 64
160 64
159 64
158 64
157 64
156 64
155 64
154 64
154 65
153 65
153 66
152 66
152 67
152 68
151 68
151 69
151 70
150 70
150 71
149 71
149 72
149 73
149 74
149 75
149 76
149 77
149 78
149 79
151 30
151 29
150 29
149 29
149 28
148 28
147 28
146 28
145 28
144 28
143 28
142 28
142 27
141 27
140 27
139 27
138 27
137 27
136 27
135 27
135 28
134 28
133 28
133 29
132 29
132 30
131 30
130 30
129 30
128 30
127 30
127 29
126 29
126 28
125 28
125 27
124 27
124 26
124 25
123 25
123 24
122 24
122 23
122 22
121 22
121 21
120 21
120 20
119 20
119 19
118 19
118 18
117 18
117 19
116 19
115 19
114 19
113 19
112 19
112 20
111 20
111 21
111 22
110 22
110 23
109 23
108 23
107 23
106 23
105 23
105 24
104 24
104 25
103 25
102 25
101 25
100 25
99 25
98 25
98 26
98 27
97 27
97 28
97 29
96 29
96 30
95 30
95 31
94 31
93 31
92 31
91 31
90 31
90 32
90 33
89 33
89 34
89 35
88 35
88 36
88 37
87 37
86 37
86 36
85 36
85 35
84 35
83 35
83 34
82 34
81 34
80 34
79 34
78 34
78 35
77 35
76 35
75 35
75 36
74 36
74 37
73 37
72 37
71 37
70 37
69 37
68 37
67 37
66 37
65 37
64 37
63 37
62 37
62 36
61 36
61 35
61 34
60 34
60 33
59 33
59 32
59 31
59 30
59 29
59 28
59 27
59 26
59 25
59 24
59 23
59 22
58 22
58 21
58 20
58 19
58 18
58 17
57 17
57 16
56 16
56 15
55 15
55 14
54 14
53 14
52 14
51 14
50 14
49 14
48 14
47 14
46 14
46 15
45 15
45 16
44 16
44 17
43 17
42 17
41 17
40 17
39 17
38 17
37 17
37 18
36 18
36 19
35 19
35 20
34 20
34 21
220 171
221 171
219 171
218 171
217 171
217 172
216 172
216 173
215 173
215 174
215 175
214 175
214 176
213 176
212 176
211 176
210 176
209 176
208 176
207 176
207 175
207 174
206 174
206 173
205 173
205 172
205 171
204 171
204 170
203 170
202 170
202 171
201 171
200 171
200 172
199 172
198 172
197 172
196 172
196 173
195 173
195 174
195 175
194 175
194 176
194 177
194 178
222 171
223 171
224 171
225 171
226 171
226 170
227 170
227 169
227 168
227 167
228 167
228 166
229 166
229 165
230 165
230 164
231 164
231 163
232 163
232 162
232 161
232 160
232 159
232 158
232 157
233 157
233 156
234 156
234 155
235 155
235 154
403 225
403 226
403 224
403 223
403 222
402 222
402 221
401 221
401 220
400 220
400 219
400 218
400 217
401 217
402 217
402 216
403 216
403 215
404 215
404 214
404 213
404 212
404 211
405 211
406 211
406 210
407 210
408 210
409 210
410 210
411 210
411 209
412 209
412 208
412 207
412 206
413 206
413 205
414 205
415 205
415 204
415 203
415 202
415 201
416 201
416 200
417 200
418 200
419 200
420 200
421 200
422 200
423 200
423 199
423 198
423 197
423 196
423 195
424 195
424 194
424 193
423 193
422 193
421 193
420 193
419 193
418 193
417 193
416 193
416 192
415 192
414 192
414 191
403 227
403 228
403 229
403 230
403 231
403 232
402 232
402 233
402 234
401 234
401 235
401 236
401 237
401 238
401 239
401 240
401 241
401 242
401 243
401 244
401 245
400 245
400 246
400 247
399 247
399 248
398 248
397 248
462 193
462 194
462 192
462 191
463 191
464 191
465 191
466 191
466 190
467 190
467 191
468 191
468 192
469 192
470 192
471 192
472 192
473 192
473 193
473 194
473 195
473 196
474 196
474 197
475 197
475 198
462 195
462 196
462 197
463 197
463 198
462 198
461 198
460 198
459 198
458 198
457 198
456 198
456 197
455 197
455 196
454 196
454 195
453 195
453 194
452 194
451 194
450 194
450 193
449 193
448 193
447 193
446 193
445 193
444 193
443 193
442 193
441 193
440 193
439 193
438 193
437 193
437 192
436 192
436 191
435 191
434 191
433 191
432 191
431 191
431 190
430 190
430 189
429 189
428 189
428 190
427 190
427 191
426 191
426 192
425 192
425 193
415 223
416 223
414 223
414 222
414 221
413 221
413 220
412 220
412 219
411 219
411 218
410 218
410 217
410 216
410 215
410 214
410 213
410 212
409 212
409 211
408 211
407 211
416 224
417 224
417 225
418 225
418 226
419 226
419 227
420 227
420 228
420 229
421 229
422 229
423 229
424 229
425 229
426 229
427 229
428 229
429 229
430 229
431 229
431 230
431 231
430 231
429 231
429 232
428 232
428 233
428 234
428 235
428 236
428 237
428 238
427 238
427 239
426 239
426 240
426 241
426 242
426 243
426 244
426 245
426 246
426 247
426 248
426 249
426 250
426 251
427 251
427 252
427 253
428 253
428 254
429 254
429 255
430 255
431 255
431 256
432 256
433 256
433 257
434 257
435 257
435 256
436 256
436 255
436 254
436 253
437 253
437 252
437 251
438 251
438 250
439 250
487 279
488 279
486 279
485 279
484 279
483 279
482 279
482 278
481 278
481 277
481 276
480 276
480 275
480 274
480 273
479 273
479 272
478 272
477 272
477 271
476 271
476 270
475 270
474 270
474 269
473 269
473 268
472 268
472 267
472 266
471 266
471 265
471 264
471 263
471 262
472 262
472 261
472 260
473 260
474 260
474 259
475 259
476 259
477 259
478 259
479 259
479 260
480 260
480 259
481 259
482 259
483 259
484 259
485 259
486 259
486 258
485 258
485 257
485 256
485 255
485 254
485 253
485 252
485 251
485 250
485 249
484 249
484 248
484 247
484 246
483 246
482 246
481 246
480 246
479 246
479 245
478 245
478 244
489 279
490 279
491 279
492 279
493 279
494 279
495 279
496 279
497 279
498 279
499 279
499 280
500 280
500 281
501 281
502 281
502 282
503 282
503 283
504 283
504 284
505 284
505 285
506 285
506 286
507 286
507 287
508 287
508 288
508 289
508 290
508 291
508 292
509 292
509 293
509 294
509 295
510 295
510 296
510 297
510 298
510 299
511 299
511 300
510 300
510 301
510 302
510 303
510 304
510 305
509 305
509 306
508 306
508 307
508 308
508 309
508 310
507 310
506 310
505 310
504 310
503 310
502 310
501 310
501 311
500 311
500 312
499 312
499 313
498 313
498 314
498 315
497 315
497 316
497 317
496 317
496 318
496 319
496 320
496 321
496 322
496 323
496 324
496 325
496 326
364 173
365 173
364 172
363 172
363 171
362 171
361 171
360 171
359 171
358 171
358 170
357 170
356 170
356 169
355 169
355 168
354 168
354 167
354 166
353 166
353 165
352 165
351 165
351 166
350 166
350 167
350 168
349 168
349 169
348 169
347 169
346 169
345 169
345 170
345 171
344 171
344 172
344 173
343 173
343 174
343 175
343 176
343 177
342 177
341 177
341 178
340 178
339 178
338 178
337 178
336 178
336 179
335 179
334 179
334 180
334 181
333 181
333 182
333 183
333 184
333 185
333 186
333 187
334 187
334 188
334 189
334 190
334 191
333 191
332 191
331 191
330 191
329 191
328 191
328 192
328 193
328 194
327 194
327 195
326 195
325 195
325 196
324 196
324 197
324 198
324 199
323 199
366 173
366 174
367 174
367 175
368 175
368 176
369 176
369 177
370 177
370 178
371 178
372 178
372 179
373 179
374 179
375 179
376 179
377 179
377 180
378 180
378 181
378 182
379 182
380 182
381 182
382 182
383 182
384 182
385 182
386 182
387 182
388 182
389 182
390 182
390 183
390 184
390 185
390 186
390 187
390 188
390 189
391 189
392 189
392 190
393 190
393 191
394 191
394 192
395 192
395 193
396 193
396 194
396 195
396 196
396 197
396 198
396 199
397 199
397 200
397 201
397 202
397 203
397 204
397 205
397 206
397 207
397 208
397 209
396 209
396 210
396 211
396 212
397 212
397 213
397 214
397 215
398 215
398 216
398 217
399 217
399 218
399 219
492 239
492 240
492 238
493 238
493 237
494 237
494 236
495 236
495 235
495 234
496 234
496 233
496 232
496 231
492 241
491 241
490 241
490 242
489 242
488 242
487 242
487 243
486 243
486 244
485 244
485 245
484 245
483 245
482 245
481 245
480 245
455 255
454 255
456 255
457 255
458 255
458 256
458 257
458 258
458 259
458 260
459 260
459 261
460 261
460 262
461 262
461 263
462 263
462 264
462 265
462 266
462 267
462 268
462 269
463 269
463 268
463 267
463 266
463 265
463 264
463 263
464 263
465 263
466 263
467 263
468 263
469 263
470 263
470 264
470 265
453 255
452 255
451 255
451 254
451 253
450 253
450 252
449 252
448 252
447 252
446 252
445 252
444 252
443 252
442 252
441 252
441 251
440 251
439 251
444 339
445 339
443 339
442 339
441 339
441 338
440 338
440 337
440 336
440 335
440 334
440 333
440 332
440 331
440 330
440 329
441 329
441 328
442 328
442 327
441 327
441 326
441 325
441 324
441 323
441 322
441 321
442 321
442 320
443 320
444 320
444 319
444 318
445 318
445 317
445 316
445 315
445 314
445 313
445 312
446 312
446 311
446 310
447 310
447 309
447 308
447 307
447 306
447 305
447 304
447 303
447 302
447 301
445 340
445 341
445 342
445 343
445 344
445 345
445 346
446 346
446 347
445 347
445 348
444 348
444 349
443 349
443 350
442 350
442 351
441 351
441 352
441 353
441 354
441 355
442 355
443 355
443 356
444 356
445 356
446 356
446 357
447 357
448 357
449 357
449 358
450 358
451 358
451 359
451 360
451 361
451 362
451 363
451 364
451 365
451 366
451 367
451 368
451 369
451 370
450 370
450 371
449 371
449 372
450 372
450 373
451 373
452 373
452 374
453 374
454 374
454 375
454 376
454 377
454 378
454 379
454 380
454 381
454 382
454 383
454 384
454 385
276 181
276 182
276 180
276 179
276 178
276 177
276 176
275 176
275 175
275 174
274 174
274 173
273 173
273 172
273 171
273 170
273 169
273 168
273 167
273 166
273 165
273 164
272 164
272 163
271 163
271 162
270 162
269 162
269 161
270 161
271 161
271 160
271 159
271 158
271 157
271 156
272 156
272 155
272 154
272 153
272 152
273 152
274 152
275 152
276 152
277 152
278 152
279 152
280 152
281 152
282 152
282 151
282 150
282 149
283 149
283 148
284 148
285 148
285 147
286 147
286 146
286 145
286 144
285 144
285 143
285 142
284 142
284 141
283 141
283 140
283 139
284 139
284 138
285 138
285 137
285 136
286 136
286 135
286 134
287 134
287 133
286 133
286 132
285 132
285 131
284 131
283 131
282 131
281 131
280 131
280 130
279 130
279 129
279 128
278 128
278 127
278 126
277 126
277 125
277 124
276 124
275 124
275 123
274 123
273 123
272 123
271 123
271 122
270 122
269 122
268 122
268 121
267 121
267 120
266 120
266 119
266 118
266 117
266 116
266 115
266 114
266 113
266 112
266 111
266 110
267 110
267 109
268 109
276 183
276 184
276 185
277 185
277 186
278 186
278 187
279 187
279 188
279 189
280 189
280 190
280 191
281 191
281 192
280 192
279 192
279 193
278 193
277 193
276 193
275 193
274 193
273 193
272 193
271 193
270 193
270 194
269 194
269 195
268 195
268 196
267 196
267 197
266 197
266 198
265 198
264 198
263 198
263 199
262 199
262 200
261 200
261 201
260 201
260 202
259 202
258 202
258 203
257 203
256 203
255 203
255 204
254 204
254 205
253 205
253 206
252 206
252 207
199 352
200 352
198 352
197 352
196 352
195 352
194 352
193 352
192 352
192 351
191 351
190 351
189 351
188 351
201 352
202 352
203 352
204 352
204 353
205 353
205 352
205 351
205 350
205 349
205 348
205 347
205 346
205 345
205 344
205 343
205 342
206 342
206 341
206 340
206 339
206 338
206 337
206 336
206 335
207 335
208 335
209 335
209 334
210 334
211 334
211 333
316 174
317 174
315 174
314 174
313 174
313 175
312 175
311 175
310 175
309 175
308 175
307 175
306 175
306 174
306 173
305 173
305 172
305 171
305 170
305 169
305 168
305 167
305 166
305 165
304 165
304 166
303 166
302 166
302 167
301 167
300 167
299 167
298 167
297 167
296 167
295 167
294 167
293 167
292 167
291 167
290 167
290 168
289 168
289 169
289 170
288 170
288 171
288 172
288 173
288 174
288 175
288 176
288 177
288 178
288 179
288 180
288 181
287 181
286 181
286 182
285 182
284 182
284 183
283 183
283 184
282 184
282 185
281 185
281 186
281 187
281 188
281 189
281 190
318 174
319 174
320 174
321 174
322 174
323 174
324 174
324 175
324 176
324 177
324 178
324 179
325 179
326 179
327 179
328 179
329 179
330 179
331 179
332 179
333 179
466 319
467 319
465 319
465 320
464 320
464 321
464 322
463 322
463 323
463 324
463 325
462 325
462 326
462 327
461 327
461 328
461 329
461 330
460 330
460 331
459 331
458 331
457 331
456 331
455 331
454 331
453 331
452 331
451 331
450 331
449 331
448 331
447 331
447 330
446 330
445 330
445 329
444 329
444 328
443 328
468 319
469 319
470 319
471 319
472 319
472 318
473 318
473 317
474 317
474 316
473 316
473 315
472 315
471 315
471 314
470 314
470 313
469 313
469 312
468 312
468 311
468 310
468 309
468 308
468 307
469 307
469 306
469 305
470 305
470 304
471 304
472 304
472 303
473 303
474 303
474 302
475 302
475 301
475 300
475 299
475 298
475 297
475 296
475 295
474 295
474 294
473 294
473 293
473 292
474 292
474 291
474 290
475 290
475 289
475 288
475 287
476 287
477 287
478 287
479 287
479 286
480 286
480 285
480 284
481 284
481 283
481 282
481 281
481 280
481 279
386 75
385 75
387 75
388 75
389 75
389 74
389 73
390 73
390 72
390 71
390 70
390 69
390 68
391 68
392 68
393 68
394 68
395 68
396 68
397 68
397 67
398 67
398 66
399 66
399 65
399 64
399 63
399 62
399 61
400 61
400 60
401 60
402 60
403 60
404 60
405 60
406 60
407 60
408 60
409 60
409 59
410 59
411 59
411 58
412 58
412 57
412 56
413 56
413 55
413 54
414 54
414 53
415 53
415 54
416 54
416 55
417 55
417 56
418 56
418 57
419 57
419 58
420 58
420 57
421 57
421 56
422 56
422 55
423 55
423 54
424 54
424 53
425 53
425 52
426 52
426 51
427 51
427 50
428 50
428 49
428 48
429 48
429 47
430 47
430 46
431 46
431 45
431 44
431 43
431 42
431 41
431 40
431 39
431 38
431 37
432 37
432 36
431 36
430 36
429 36
428 36
428 35
427 35
426 35
425 35
425 34
424 34
423 34
422 34
421 34
420 34
419 34
418 34
417 34
416 34
416 35
415 35
414 35
413 35
413 34
412 34
412 33
411 33
411 32
411 31
411 30
411 29
410 29
384 75
383 75
382 75
382 76
382 77
382 78
382 79
382 80
381 80
381 81
380 81
380 82
381 82
381 83
382 83
382 84
383 84
384 84
385 84
385 85
385 86
386 86
387 86
387 87
387 88
387 89
387 90
387 91
387 92
387 93
387 94
387 95
387 96
387 97
387 98
387 99
387 100
386 100
386 101
385 101
385 102
385 103
385 104
385 105
385 106
385 107
385 108
384 108
384 109
383 109
383 110
382 110
382 111
381 111
381 112
380 112
380 113
380 114
380 115
380 116
380 117
380 118
379 118
379 119
378 119
378 120
378 121
378 122
378 123
378 124
378 125
378 126
378 127
378 128
378 129
379 129
379 130
378 130
377 130
376 130
375 130
374 130
373 130
372 130
371 130
370 130
369 130
368 130
367 130
366 130
365 130
364 130
364 131
364 132
363 132
363 133
362 133
362 134
361 134
360 134
359 134
358 134
357 134
356 134
355 134
354 134
353 134
352 134
351 134
351 133
351 132
351 131
351 130
351 129
351 128
351 127
351 126
351 125
351 124
352 124
352 123
353 123
353 122
353 121
353 120
353 119
353 118
353 117
353 116
352 116
351 116
350 116
349 116
348 116
347 116
346 116
345 116
344 116
344 117
343 117
342 117
341 117
341 118
340 118
340 119
339 119
339 120
338 120
337 120
336 120
335 120
334 120
333 120
332 120
332 121
333 121
333 122
334 122
334 123
334 124
334 125
334 126
334 127
334 128
333 128
333 129
332 129
332 130
332 131
332 132
332 133
332 134
332 135
333 135
333 136
334 136
334 137
335 137
335 138
336 138
336 139
336 140
336 141
336 142
336 143
337 143
337 144
337 145
337 146
337 147
337 148
337 149
337 150
338 150
338 151
338 152
339 152
340 152
340 153
341 153
341 154
341 155
342 155
342 156
342 157
343 157
344 157
345 157
346 157
347 157
348 157
349 157
349 158
350 158
350 159
351 159
351 160
351 161
351 162
351 163
351 164
352 164
217 227
217 226
217 228
216 228
216 229
215 229
214 229
214 230
213 230
212 230
211 230
211 231
210 231
209 231
208 231
207 231
206 231
205 231
205 232
206 232
206 233
207 233
207 234
208 234
209 234
210 234
211 234
211 235
211 236
211 237
210 237
210 238
210 239
209 239
209 240
209 241
209 242
208 242
208 243
208 244
208 245
208 246
208 247
207 247
206 247
205 247
204 247
203 247
203 248
218 226
218 225
218 224
218 223
218 222
218 221
219 221
254 265
254 266
254 264
255 264
256 264
256 263
257 263
257 262
258 262
258 261
259 261
259 260
260 260
260 259
261 259
261 258
262 258
263 258
263 257
264 257
264 256
265 256
265 255
254 267
254 268
254 269
254 270
253 270
253 271
253 272
252 272
252 273
252 274
251 274
251 275
250 275
250 276
249 276
249 277
249 278
249 279
248 279
248 280
247 280
247 281
246 281
246 282
245 282
244 282
244 283
243 283
243 284
243 285
242 285
242 286
242 287
241 287
241 288
241 289
240 289
240 290
239 290
239 291
238 291
238 292
238 293
237 293
378 329
379 329
377 329
377 330
376 330
375 330
375 331
374 331
374 332
373 332
380 329
381 329
382 329
383 329
383 330
383 331
384 331
384 332
384 333
384 334
385 334
385 335
386 335
386 336
386 337
385 337
385 338
384 338
384 339
383 339
382 339
381 339
380 339
379 339
379 340
378 340
377 340
377 341
376 341
376 342
375 342
374 342
374 343
374 344
373 344
373 345
373 346
373 347
373 348
372 348
372 349
372 350
371 350
371 351
371 352
371 353
371 354
371 355
372 355
372 356
373 356
373 357
374 357
375 357
375 358
376 358
376 359
376 360
376 361
376 362
376 363
377 363
378 363
379 363
379 364
380 364
380 365
380 366
380 367
381 367
442 287
442 288
442 286
441 286
440 286
440 285
439 285
439 284
438 284
438 283
438 282
437 282
437 281
437 280
436 280
436 279
435 279
435 280
434 280
434 281
433 281
432 281
431 281
430 281
430 282
430 283
430 284
430 285
430 286
430 287
430 288
431 288
431 289
430 289
429 289
428 289
427 289
426 289
425 289
424 289
423 289
422 289
422 290
422 291
421 291
421 292
442 289
442 290
442 291
442 292
441 292
441 293
441 294
440 294
440 295
439 295
438 295
438 296
437 296
437 297
437 298
437 299
437 300
437 301
437 302
437 303
437 304
437 305
437 306
437 307
437 308
437 309
437 310
437 311
437 312
438 312
438 313
439 313
440 313
441 313
442 313
443 313
444 313
355 308
354 308
356 308
357 308
358 308
359 308
360 308
360 307
361 307
361 306
362 306
362 305
362 304
362 303
362 302
363 302
363 301
364 301
364 300
365 300
365 299
365 298
365 297
365 296
365 295
366 295
367 295
367 296
367 297
368 297
369 297
370 297
371 297
372 297
373 297
374 297
374 298
375 298
375 299
376 299
377 299
378 299
379 299
380 299
381 299
382 299
383 299
384 299
353 308
352 308
351 308
350 308
350 309
349 309
348 309
348 308
348 307
347 307
347 306
346 306
346 305
345 305
345 306
345 307
344 307
343 307
343 308
342 308
342 309
341 309
340 309
339 309
338 309
337 309
336 309
335 309
334 309
259 108
258 108
260 108
261 108
262 108
263 108
264 108
265 108
266 108
267 108
258 107
257 107
257 106
256 106
255 106
254 106
254 105
253 105
253 104
252 104
251 104
251 103
250 103
250 102
249 102
249 101
249 100
248 100
248 101
248 102
248 103
248 104
248 105
248 106
248 107
248 108
248 109
248 110
248 111
247 111
247 112
246 112
246 113
245 113
244 113
244 114
243 114
243 115
242 115
242 116
241 116
240 116
240 117
239 117
239 118
238 118
238 119
238 120
238 121
238 122
238 123
238 124
239 124
239 125
240 125
240 126
240 127
241 127
241 128
242 128
242 129
243 129
243 130
244 130
244 131
245 131
246 131
246 132
247 132
247 133
247 134
247 135
246 135
246 136
246 137
246 138
245 138
244 138
243 138
242 138
242 139
241 139
241 140
240 140
239 140
238 140
237 140
236 140
235 140
234 140
233 140
233 139
232 139
232 138
231 138
230 138
229 138
228 138
227 138
226 138
226 139
226 140
225 140
225 141
225 142
225 143
224 143
223 143
223 142
222 142
222 141
222 140
222 139
221 139
221 138
220 138
219 138
218 138
217 138
217 139
216 139
215 139
215 140
215 141
214 141
214 142
214 143
214 144
214 145
214 146
213 146
213 147
212 147
211 147
211 148
210 148
210 149
209 149
208 149
208 150
207 150
207 151
206 151
206 152
205 152
205 151
204 151
203 151
202 151
201 151
200 151
200 150
199 150
199 149
198 149
198 148
197 148
197 147
197 146
197 145
196 145
196 144
195 144
195 143
194 143
194 142
193 142
193 141
321 339
321 340
321 338
321 337
320 337
320 336
319 336
319 335
318 335
318 334
317 334
317 333
316 333
316 332
315 332
315 331
314 331
313 331
312 331
312 330
311 330
311 329
311 328
311 327
311 326
311 325
311 324
311 323
311 322
311 321
311 320
310 320
310 319
311 319
312 319
313 319
314 319
315 319
316 319
317 319
318 319
319 319
320 319
320 318
321 318
322 318
323 318
324 318
325 318
326 318
327 318
328 318
329 318
329 317
330 317
330 316
330 315
330 314
330 313
330 312
331 312
331 311
332 311
332 310
333 310
333 309
321 341
321 342
321 343
321 344
321 345
321 346
321 347
322 347
322 348
323 348
323 349
324 349
325 349
325 350
326 350
327 350
327 351
326 351
326 352
325 352
324 352
323 352
322 352
321 352
320 352
320 353
319 353
319 354
318 354
317 354
317 355
317 356
318 356
318 357
319 357
319 358
320 358
320 359
320 360
321 360
321 361
322 361
322 362
322 363
322 364
322 365
323 365
323 366
324 366
324 367
325 367
325 368
326 368
327 368
327 369
328 369
329 369
329 370
329 371
329 372
330 372
330 373
330 374
329 374
329 375
328 375
327 375
327 376
328 376
328 377
329 377
329 378
330 378
330 379
331 379
331 380
331 381
330 381
330 382
330 383
329 383
329 384
329 385
329 386
329 387
329 388
329 389
329 390
328 390
328 391
327 391
326 391
326 392
325 392
324 392
324 393
323 393
323 394
322 394
321 394
320 394
319 394
318 394
414 345
414 346
414 344
414 343
413 343
413 342
413 341
413 340
414 340
414 339
414 338
414 337
415 337
415 336
414 336
413 336
412 336
411 336
410 336
409 336
408 336
407 336
407 335
406 335
406 334
405 334
404 334
403 334
402 334
402 333
401 333
415 346
415 347
416 347
416 348
416 349
415 349
415 350
415 351
415 352
415 353
415 354
415 355
415 356
414 356
414 357
414 358
413 358
413 359
413 360
413 361
413 362
413 363
413 364
414 364
414 365
415 365
415 366
415 367
415 368
415 369
415 370
415 371
415 372
415 373
415 374
415 375
416 375
416 376
417 376
417 377
418 377
418 378
419 378
420 378
420 379
421 379
421 380
422 380
422 381
423 381
423 382
424 382
425 382
426 382
427 382
428 382
429 382
429 381
430 381
430 382
431 382
432 382
432 383
433 383
434 383
434 384
435 384
436 384
437 384
438 384
438 385
439 385
250 239
249 239
251 239
252 239
252 240
253 240
254 240
254 241
255 241
255 242
256 242
256 243
256 244
256 245
256 246
256 247
257 247
257 248
257 249
258 249
258 250
259 250
259 251
260 251
261 251
262 251
263 251
263 252
263 253
264 253
264 254
264 255
248 239
247 239
246 239
245 239
245 238
244 238
244 237
244 236
244 235
244 234
244 233
244 232
244 231
244 230
244 229
244 228
244 227
244 226
245 226
245 225
246 225
246 224
246 223
246 222
246 221
246 220
246 219
247 219
248 219
249 219
250 219
251 219
252 219
252 218
253 218
253 217
254 217
254 216
255 216
255 215
255 214
255 213
255 212
255 211
254 211
254 210
254 209
253 209
253 208
252 208
495 40
494 40
495 39
496 39
497 39
498 39
499 39
499 38
499 37
499 36
499 35
499 34
499 33
499 32
500 32
500 31
501 31
501 30
501 29
502 29
502 28
502 27
502 26
503 26
503 25
503 24
503 23
503 22
504 22
504 21
504 20
505 20
506 20
507 20
508 20
509 20
510 20
510 19
511 19
511 18
493 40
492 40
491 40
490 40
489 40
488 40
487 40
486 40
485 40
484 40
483 40
482 40
481 40
481 39
480 39
479 39
478 39
477 39
476 39
475 39
475 40
475 41
475 42
475 43
475 44
474 44
474 45
473 45
472 45
472 46
471 46
470 46
470 47
469 47
469 48
468 48
468 49
468 50
467 50
466 50
465 50
464 50
464 51
463 51
463 52
463 53
463 54
463 55
463 56
462 56
462 57
462 58
462 59
462 60
461 60
460 60
460 61
459 61
459 62
458 62
458 63
457 63
457 64
456 64
455 64
454 64
453 64
453 63
452 63
451 63
450 63
449 63
449 62
449 61
449 60
449 59
448 59
448 58
447 58
446 58
445 58
444 58
443 58
443 59
442 59
441 59
440 59
439 59
438 59
438 58
438 57
438 56
438 55
438 54
438 53
438 52
438 51
438 50
438 49
438 48
437 48
436 48
435 48
434 48
433 48
432 48
432 47
431 47
277 266
277 267
277 265
277 264
277 263
277 262
277 261
277 260
277 259
278 259
278 258
279 258
279 259
280 259
280 260
281 260
282 260
283 260
283 261
284 261
285 261
286 261
286 260
287 260
287 259
287 258
288 258
289 258
290 258
291 258
292 258
293 258
294 258
295 258
296 258
297 258
298 258
298 257
299 257
299 258
299 259
300 259
301 259
301 260
302 260
302 261
303 261
303 262
304 262
304 263
305 263
306 263
306 264
307 264
308 264
308 265
309 265
310 265
310 266
311 266
312 266
313 266
313 265
314 265
315 265
316 265
317 265
318 265
319 265
320 265
321 265
322 265
322 264
322 263
322 262
322 261
322 260
322 259
322 258
323 258
323 257
324 257
324 256
325 256
326 256
326 255
327 255
327 254
328 254
328 253
329 253
329 252
330 252
331 252
331 251
332 251
333 251
333 250
334 250
335 250
335 249
336 249
336 248
336 247
336 246
336 245
336 244
336 243
336 242
336 241
336 240
336 239
336 238
337 238
338 238
339 238
340 238
341 238
342 238
342 239
343 239
344 239
344 240
345 240
346 240
347 240
348 240
349 240
350 240
351 240
352 240
353 240
353 241
354 241
355 241
356 241
357 241
358 241
358 242
359 242
359 243
360 243
360 244
361 244
361 245
362 245
363 245
364 245
365 245
366 245
366 244
367 244
367 243
367 242
368 242
368 241
368 240
368 239
368 238
368 237
368 236
368 235
369 235
369 234
370 234
370 233
370 232
370 231
370 230
369 230
369 229
368 229
368 228
367 228
366 228
366 227
366 226
366 225
366 224
366 223
366 222
367 222
367 221
368 221
369 221
369 220
370 220
370 219
371 219
371 218
371 217
372 217
372 216
372 215
372 214
372 213
372 212
372 211
372 210
373 210
373 209
374 209
374 208
375 208
376 208
377 208
378 208
379 208
380 208
381 208
381 207
381 206
382 206
382 205
383 205
384 205
385 205
385 206
386 206
387 206
387 207
388 207
388 208
388 209
388 210
388 211
388 212
388 213
389 213
389 212
390 212
391 212
392 212
393 212
394 212
395 212
277 268
277 269
277 270
277 271
277 272
277 273
278 273
278 274
279 274
279 275
470 71
469 71
471 71
472 71
473 71
474 71
475 71
475 72
476 72
477 72
477 73
468 71
467 71
466 71
466 70
466 69
466 68
466 67
466 66
465 66
465 65
465 64
464 64
464 63
464 62
463 62
463 61
462 61
