80 497
80 496
80 498
80 499
80 500
81 500
81 501
82 501
82 502
83 502
84 502
84 503
85 503
85 504
86 504
86 505
87 505
88 505
88 506
89 506
90 506
91 506
91 505
92 505
93 505
94 505
95 505
96 505
96 504
97 504
98 504
99 504
100 504
101 504
101 503
102 503
102 502
103 502
103 501
104 501
104 500
105 500
105 499
106 499
107 499
107 500
108 500
108 501
108 502
109 502
109 503
109 504
109 505
109 506
110 506
111 506
112 506
112 507
113 507
113 508
114 508
80 495
80 494
80 493
80 492
81 492
81 491
81 490
82 490
82 489
83 489
83 488
84 488
85 488
86 488
87 488
88 488
89 488
90 488
90 489
91 489
92 489
92 490
93 490
93 491
94 491
94 492
95 492
95 493
95 494
96 494
97 494
98 494
99 494
100 494
101 494
102 494
103 494
103 495
104 495
104 496
104 497
104 498
105 498
377 4
377 5
377 3
377 2
377 1
376 1
376 0
375 0
377 6
377 7
377 8
377 9
378 9
378 10
377 10
376 10
375 10
374 10
373 10
372 10
371 10
371 11
370 11
369 11
368 11
367 11
367 10
366 10
366 9
365 9
365 10
364 10
364 11
363 11
362 11
361 11
360 11
359 11
358 11
357 11
356 11
356 10
356 9
356 8
356 7
356 6
356 5
204 290
203 290
205 290
205 291
206 291
206 292
207 292
207 293
208 293
208 294
208 295
208 296
208 297
208 298
208 299
209 299
209 300
210 300
211 300
212 300
213 300
214 300
215 300
216 300
217 300
218 300
219 300
219 299
220 299
220 300
221 300
221 301
222 301
222 302
223 302
223 303
224 303
224 304
225 304
226 304
227 304
228 304
229 304
230 304
230 305
231 305
231 306
232 306
232 307
232 308
232 309
232 310
232 311
231 311
231 312
231 313
230 313
230 314
230 315
230 316
229 316
229 317
229 318
228 318
228 319
227 319
227 320
227 321
227 322
227 323
227 324
227 325
227 326
227 327
227 328
226 328
226 329
225 329
224 329
223 329
222 329
221 329
220 329
219 329
219 330
218 330
218 331
217 331
216 331
215 331
214 331
213 331
212 331
211 331
210 331
209 331
209 332
208 332
208 333
207 333
206 333
206 334
205 334
204 334
203 334
202 334
202 333
201 333
200 333
200 332
199 332
198 332
197 332
196 332
195 332
194 332
193 332
193 333
192 333
192 334
192 335
192 336
191 336
191 337
191 338
190 338
190 339
189 339
189 340
189 341
188 341
188 340
188 339
187 339
186 339
185 339
185 338
184 338
184 337
183 337
183 336
182 336
182 335
181 335
180 335
179 335
178 335
177 335
177 336
176 336
176 337
175 337
175 338
175 339
174 339
174 340
174 341
174 342
174 343
174 344
174 345
173 345
172 345
171 345
170 345
169 345
168 345
168 346
168 347
168 348
168 349
168 350
168 351
168 352
167 352
167 351
166 351
166 350
165 350
165 349
164 349
164 348
163 348
163 347
162 347
162 348
161 348
160 348
160 349
159 349
158 349
157 349
156 349
156 348
155 348
155 347
154 347
154 346
153 346
153 345
152 345
151 345
150 345
149 345
148 345
148 346
147 346
146 346
145 346
144 346
143 346
142 346
141 346
140 346
139 346
138 346
138 345
139 345
140 345
140 344
140 343
140 342
140 341
140 340
140 339
141 339
141 338
141 337
141 336
140 336
140 335
139 335
139 334
138 334
137 334
137 333
136 333
136 332
136 331
136 330
136 329
136 328
135 328
135 327
135 326
135 325
135 324
135 323
135 322
135 321
135 320
136 320
136 319
137 319
138 319
138 318
139 318
139 317
140 317
141 317
142 317
143 317
144 317
145 317
145 318
146 318
147 318
148 318
149 318
150 318
151 318
152 318
152 319
152 320
153 320
153 319
154 319
154 318
154 317
154 316
155 316
155 315
156 315
156 314
157 314
158 314
159 314
160 314
160 313
160 312
160 311
160 310
160 309
160 308
160 307
159 307
202 290
201 290
200 290
199 290
198 290
197 290
197 291
196 291
196 292
195 292
194 292
193 292
192 292
191 292
191 293
190 293
190 294
189 294
189 295
189 296
189 297
189 298
189 299
188 299
188 300
188 301
188 302
188 303
188 304
188 305
187 305
186 305
186 304
185 304
185 303
184 303
183 303
182 303
181 303
180 303
179 303
178 303
177 303
176 303
175 303
174 303
173 303
173 304
172 304
172 303
171 303
170 303
169 303
168 303
167 303
166 303
165 303
164 303
163 303
163 304
162 304
162 305
161 305
161 306
160 306
159 306
264 392
265 392
263 392
262 392
261 392
260 392
260 391
259 391
259 390
258 390
258 389
257 389
257 388
256 388
256 387
256 386
256 385
256 384
256 383
256 382
257 382
257 381
257 380
256 380
256 379
256 378
256 377
256 376
256 375
256 374
256 373
256 372
256 371
255 371
255 370
254 370
253 370
252 370
252 369
251 369
250 369
250 368
250 367
249 367
249 366
249 365
249 364
249 363
248 363
247 363
246 363
246 362
247 362
248 362
249 362
250 362
251 362
251 361
251 360
251 359
251 358
251 357
251 356
251 355
251 354
251 353
251 352
252 352
252 351
252 350
253 350
253 349
253 348
254 348
254 347
254 346
254 345
254 344
254 343
254 342
254 341
253 341
253 340
252 340
251 340
251 339
250 339
250 338
249 338
249 337
248 337
248 336
247 336
247 335
246 335
246 334
245 334
245 333
245 332
244 332
244 331
244 330
243 330
243 329
243 328
243 327
243 326
243 325
243 324
243 323
242 323
242 322
241 322
241 321
240 321
240 320
239 320
239 319
238 319
237 319
237 318
236 318
235 318
235 317
234 317
233 317
232 317
231 317
230 317
266 392
267 392
268 392
269 392
270 392
271 392
272 392
273 392
273 391
274 391
274 392
275 392
276 392
276 393
277 393
277 394
278 394
278 395
279 395
279 396
279 397
279 398
279 399
279 400
279 401
279 402
280 402
280 401
281 401
282 401
283 401
283 400
284 400
284 399
285 399
285 398
286 398
286 397
287 397
287 396
288 396
288 395
289 395
289 394
290 394
290 393
291 393
291 392
292 392
292 391
293 391
293 390
294 390
295 390
296 390
297 390
298 390
299 390
300 390
301 390
302 390
303 390
304 390
304 389
304 388
304 387
305 387
305 386
306 386
306 385
306 384
306 383
306 382
305 382
305 381
304 381
304 380
304 379
303 379
302 379
302 378
301 378
300 378
300 377
299 377
299 376
298 376
319 387
320 387
318 387
317 387
316 387
315 387
314 387
313 387
312 387
311 387
310 387
309 387
308 387
307 387
307 386
307 385
321 387
322 387
323 387
324 387
325 387
326 387
327 387
327 386
328 386
328 385
329 385
329 384
330 384
330 383
331 383
331 384
332 384
333 384
333 385
334 385
335 385
335 386
335 387
336 387
336 388
337 388
338 388
339 388
340 388
341 388
342 388
343 388
344 388
345 388
346 388
346 387
347 387
348 387
348 386
349 386
350 386
350 385
351 385
352 385
353 385
354 385
355 385
356 385
357 385
358 385
359 385
360 385
360 384
359 384
359 383
359 382
359 381
359 380
359 379
360 379
361 379
362 379
362 378
363 378
364 378
365 378
366 378
366 377
367 377
367 376
368 376
369 376
397 42
397 41
397 43
397 44
397 45
397 46
396 46
396 47
395 47
395 48
394 48
394 49
394 50
393 50
393 51
393 52
393 53
393 54
392 54
392 55
391 55
390 55
389 55
388 55
387 55
386 55
385 55
384 55
383 55
382 55
381 55
381 56
382 56
382 57
382 58
382 59
382 60
382 61
382 62
382 63
382 64
383 64
383 65
382 65
382 66
382 67
382 68
382 69
382 70
382 71
382 72
381 72
381 73
380 73
380 74
379 74
379 75
378 75
378 76
377 76
377 77
376 77
376 78
375 78
374 78
374 79
373 79
373 80
372 80
372 81
372 82
372 83
372 84
373 84
373 85
374 85
375 85
375 86
376 86
397 40
397 39
397 38
396 38
396 37
396 36
396 35
396 34
396 33
396 32
396 31
396 30
396 29
396 28
396 27
395 27
395 26
394 26
394 25
393 25
392 25
392 24
391 24
390 24
389 24
388 24
387 24
386 24
385 24
385 23
385 22
385 21
384 21
384 20
383 20
382 20
381 20
381 19
380 19
380 18
380 17
380 16
380 15
380 14
380 13
381 13
381 12
382 12
382 11
381 11
380 11
380 10
379 10
119 470
119 469
119 471
119 472
119 473
119 474
119 475
119 476
119 477
118 477
118 478
117 478
117 479
117 480
117 481
116 481
115 481
114 481
113 481
112 481
111 481
110 481
110 482
109 482
109 483
108 483
108 484
108 485
108 486
108 487
108 488
108 489
108 490
108 491
107 491
107 492
107 493
106 493
106 494
106 495
106 496
106 497
106 498
119 468
119 467
119 466
119 465
119 464
120 464
120 463
121 463
122 463
122 462
123 462
123 461
123 460
124 460
124 459
124 458
124 457
124 456
124 455
124 454
124 453
124 452
123 452
122 452
121 452
121 451
120 451
120 450
120 449
120 448
120 447
120 446
120 445
120 444
120 443
120 442
120 441
120 440
120 439
120 438
120 437
120 436
120 435
120 434
121 434
121 433
121 432
122 432
122 431
121 431
120 431
119 431
119 430
119 429
119 428
119 427
120 427
120 426
120 425
120 424
120 423
120 422
120 421
120 420
121 420
121 419
121 418
122 418
122 417
123 417
123 416
124 416
124 415
125 415
126 415
127 415
127 414
128 414
129 414
130 414
130 413
131 413
131 412
132 412
132 411
133 411
133 410
133 409
133 408
134 408
134 407
134 406
135 406
135 405
135 404
135 403
135 402
135 401
135 400
135 399
136 399
136 398
136 397
137 397
137 396
138 396
138 395
139 395
139 394
139 393
139 392
139 391
139 390
139 389
139 388
139 387
139 386
139 385
139 384
139 383
139 382
139 381
139 380
139 379
138 379
138 378
137 378
137 377
138 377
139 377
140 377
141 377
141 376
142 376
143 376
144 376
145 376
146 376
146 375
146 374
147 374
147 373
147 372
147 371
147 370
147 369
147 368
146 368
146 367
146 366
146 365
145 365
145 364
145 363
145 362
145 361
145 360
145 359
145 358
146 358
147 358
147 357
148 357
148 356
148 355
149 355
149 354
149 353
150 353
150 352
151 352
151 351
152 351
152 350
152 349
152 348
152 347
152 346
26 338
26 337
26 339
26 340
26 341
25 341
25 342
25 343
24 343
24 344
23 344
23 345
23 346
23 347
23 348
23 349
23 350
23 351
23 352
23 353
22 353
22 354
21 354
21 355
21 356
20 356
20 357
19 357
19 358
20 358
20 359
20 360
20 361
20 362
20 363
20 364
20 365
20 366
21 366
22 366
22 367
23 367
24 367
24 368
25 368
25 369
26 369
26 370
27 370
27 371
27 372
27 373
27 374
28 374
28 373
28 372
28 371
28 370
28 369
29 369
29 368
30 368
30 367
31 367
32 367
32 366
33 366
34 366
35 366
36 366
37 366
38 366
39 366
40 366
40 367
41 367
42 367
42 366
43 366
44 366
44 365
45 365
45 364
46 364
26 336
26 335
26 334
26 333
27 333
27 332
27 331
28 331
28 330
28 329
28 328
28 327
29 327
29 326
29 325
28 325
28 324
28 323
28 322
28 321
28 320
28 319
28 318
27 318
27 317
26 317
26 316
26 315
26 314
26 313
26 312
26 311
25 311
25 310
24 310
24 309
23 309
23 308
23 307
23 306
22 306
22 305
22 304
23 304
23 303
23 302
24 302
24 301
24 300
25 300
25 299
25 298
26 298
27 298
28 298
28 297
29 297
30 297
31 297
32 297
33 297
34 297
35 297
35 296
36 296
37 296
38 296
39 296
40 296
40 295
41 295
41 294
42 294
43 294
43 293
44 293
45 293
46 293
46 292
47 292
47 291
47 290
47 289
47 288
47 287
47 286
47 285
47 284
47 283
46 283
45 283
44 283
44 282
44 281
45 281
46 281
46 280
47 280
47 279
48 279
48 278
48 277
48 276
49 276
49 275
50 275
51 275
52 275
53 275
54 275
54 274
55 274
55 273
56 273
56 272
56 271
57 271
58 271
58 270
59 270
59 269
59 268
60 268
60 267
61 267
61 266
61 265
62 265
62 264
62 263
63 263
63 262
63 261
64 261
64 260
65 260
66 260
67 260
67 259
68 259
69 259
69 258
70 258
71 258
72 258
73 258
74 258
75 258
76 258
77 258
77 259
78 259
79 259
79 258
79 257
79 256
79 255
79 254
80 254
80 253
80 252
81 252
81 251
82 251
82 250
82 249
82 248
81 248
81 247
80 247
80 246
81 246
82 246
83 246
84 246
85 246
85 245
85 244
85 243
85 242
84 242
84 241
85 241
86 241
86 240
87 240
87 239
87 238
87 237
88 237
88 236
88 235
89 235
90 235
90 236
91 236
91 237
92 237
92 238
92 239
93 239
93 240
94 240
94 241
95 241
95 242
95 243
96 243
96 244
97 244
97 245
98 245
98 246
97 246
97 247
96 247
96 248
96 249
96 250
96 251
96 252
96 253
96 254
96 255
97 255
97 256
98 256
98 257
98 258
98 259
98 260
98 261
98 262
98 263
98 264
98 265
97 265
97 266
96 266
95 266
94 266
93 266
92 266
91 266
309 480
308 480
310 480
311 480
312 480
313 480
314 480
315 480
315 481
315 482
315 483
315 484
315 485
315 486
316 486
316 487
317 487
317 488
317 489
317 490
317 491
317 492
317 493
317 494
317 495
317 496
317 497
317 498
317 499
316 499
316 500
316 501
315 501
315 502
315 503
315 504
315 505
315 506
315 507
314 507
314 508
313 508
313 509
312 509
312 510
312 511
307 480
306 480
305 480
305 479
304 479
303 479
302 479
301 479
300 479
299 479
298 479
297 479
296 479
295 479
295 478
295 477
295 476
294 476
294 477
293 477
292 477
291 477
290 477
289 477
288 477
287 477
286 477
286 476
285 476
284 476
283 476
282 476
281 476
280 476
279 476
279 475
278 475
277 475
277 476
276 476
275 476
275 477
275 478
275 479
275 480
275 481
275 482
275 483
275 484
275 485
275 486
275 487
275 488
276 488
276 489
276 490
275 490
275 491
275 492
274 492
274 493
273 493
273 494
272 494
271 494
270 494
269 494
268 494
267 494
266 494
265 494
264 494
263 494
262 494
261 494
261 495
260 495
259 495
259 496
258 496
258 497
257 497
257 498
256 498
357 118
357 119
357 117
357 116
357 115
357 114
357 113
357 112
357 111
357 110
357 109
357 108
356 108
356 107
357 107
358 107
359 107
359 106
360 106
360 105
360 104
360 103
361 103
361 102
362 102
362 101
363 101
363 100
364 100
364 99
365 99
365 98
365 97
365 96
365 95
366 95
366 94
367 94
368 94
368 93
367 93
367 92
367 91
367 90
367 89
366 89
366 88
365 88
365 87
366 87
367 87
367 86
368 86
368 85
369 85
369 84
370 84
370 83
371 83
371 82
357 120
357 121
357 122
357 123
357 124
357 125
357 126
357 127
357 128
356 128
356 129
355 129
355 130
354 130
354 131
354 132
353 132
353 133
369 144
370 144
368 144
367 144
366 144
365 144
364 144
363 144
362 144
361 144
360 144
359 144
358 144
357 144
356 144
355 144
354 144
354 143
354 142
354 141
354 140
354 139
354 138
354 137
354 136
354 135
353 135
353 134
370 145
371 145
372 145
372 146
373 146
374 146
375 146
376 146
377 146
378 146
379 146
380 146
381 146
381 147
382 147
382 148
382 149
382 150
383 150
384 150
384 149
385 149
385 148
385 147
385 146
385 145
385 144
386 144
386 143
386 142
387 142
25 283
25 282
26 283
26 284
27 284
27 285
27 286
27 287
27 288
27 289
27 290
28 290
28 291
29 291
30 291
31 291
32 291
33 291
34 291
35 291
35 292
36 292
36 293
37 293
38 293
38 294
39 294
40 294
24 282
23 282
22 282
22 281
21 281
20 281
20 280
20 279
19 279
19 278
18 278
18 277
18 276
17 276
17 275
16 275
16 274
15 274
15 273
14 273
14 272
13 272
13 271
12 271
12 270
11 270
11 269
11 268
11 267
10 267
10 266
9 266
8 266
7 266
7 265
6 265
5 265
4 265
3 265
2 265
1 265
1 266
0 266
0 265
0 264
0 263
0 262
0 261
0 260
0 259
1 259
1 258
2 258
394 491
393 491
394 490
395 490
395 489
395 488
396 488
397 488
398 488
399 488
400 488
400 489
401 489
402 489
402 490
403 490
404 490
405 490
406 490
407 490
408 490
409 490
410 490
410 491
411 491
412 491
412 492
413 492
414 492
415 492
416 492
417 492
418 492
418 493
418 494
419 494
419 495
420 495
420 496
420 497
420 498
420 499
420 500
420 501
420 502
420 503
421 503
421 504
421 505
422 505
422 506
422 507
423 507
423 508
393 492
392 492
392 493
392 494
391 494
391 495
390 495
389 495
388 495
388 496
387 496
387 495
386 495
386 494
385 494
385 493
385 492
384 492
384 491
383 491
383 490
382 490
381 490
380 490
380 491
379 491
379 492
378 492
377 492
377 491
377 490
376 490
376 489
375 489
375 488
374 488
373 488
373 487
372 487
371 487
370 487
369 487
368 487
367 487
366 487
366 488
365 488
364 488
364 489
363 489
362 489
362 490
362 491
361 491
361 492
361 493
360 493
360 494
360 495
359 495
358 495
358 496
357 496
356 496
355 496
355 497
354 497
354 498
353 498
353 499
352 499
352 500
351 500
351 501
350 501
350 502
349 502
348 502
347 502
346 502
345 502
344 502
343 502
342 502
342 503
341 503
340 503
340 504
339 504
339 505
338 505
337 505
337 506
336 506
336 507
336 508
335 508
335 509
335 510
335 511
334 511
333 511
333 510
332 510
332 509
331 509
330 509
329 509
328 509
327 509
326 509
325 509
324 509
324 510
324 511
323 511
322 511
321 511
320 511
319 511
318 511
317 511
316 511
315 511
314 511
313 511
128 310
128 309
129 310
130 310
130 311
131 311
131 312
132 312
133 312
133 313
134 313
134 314
134 315
135 315
135 316
135 317
135 318
136 318
127 309
126 309
125 309
124 309
123 309
122 309
121 309
120 309
119 309
118 309
117 309
117 308
116 308
116 307
115 307
115 306
114 306
114 305
113 305
113 304
112 304
112 303
112 302
112 301
112 300
112 299
111 299
110 299
110 298
109 298
109 297
108 297
108 296
107 296
107 295
107 294
106 294
106 293
106 292
106 291
105 291
105 290
105 289
105 288
105 287
104 287
104 286
104 285
103 285
103 284
103 283
102 283
102 282
102 281
102 280
102 279
102 278
102 277
102 276
102 275
102 274
102 273
102 272
102 271
103 271
104 271
105 271
105 270
104 270
103 270
102 270
101 270
100 270
99 270
99 269
98 269
98 268
97 268
97 267
96 267
87 350
86 350
87 349
88 349
88 348
89 348
89 347
90 347
91 347
92 347
93 347
94 347
94 346
94 345
94 344
94 343
94 342
94 341
94 340
95 340
95 339
95 338
95 337
95 336
96 336
96 337
96 338
96 339
96 340
96 341
97 341
98 341
99 341
100 341
101 341
102 341
103 341
104 341
104 340
105 340
106 340
107 340
108 340
109 340
110 340
111 340
111 339
112 339
112 338
112 337
113 337
113 336
113 335
113 334
114 334
114 333
115 333
116 333
117 333
118 333
119 333
119 332
120 332
121 332
121 331
122 331
122 330
123 330
123 329
124 329
125 329
125 328
126 328
126 327
126 326
126 325
127 325
127 324
128 324
128 325
129 325
130 325
131 325
131 326
132 326
133 326
134 326
86 351
86 352
85 352
85 353
84 353
83 353
82 353
81 353
80 353
79 353
78 353
78 354
77 354
76 354
75 354
74 354
73 354
72 354
71 354
70 354
70 355
69 355
69 356
69 357
69 358
68 358
68 359
67 359
66 359
66 360
65 360
64 360
63 360
63 361
63 362
62 362
62 363
61 363
60 363
59 363
59 364
58 364
57 364
56 364
56 365
55 365
54 365
53 365
52 365
51 365
50 365
49 365
48 365
47 365
47 364
479 287
479 286
480 287
480 288
481 288
481 289
482 289
482 290
483 290
483 291
484 291
485 291
486 291
487 291
487 292
488 292
488 293
487 293
487 294
487 295
487 296
487 297
487 298
487 299
487 300
487 301
486 301
486 302
486 303
486 304
485 304
485 305
484 305
483 305
482 305
481 305
480 305
479 305
478 305
477 305
476 305
476 306
476 307
476 308
476 309
476 310
476 311
476 312
476 313
477 313
477 314
478 314
478 315
479 315
479 316
479 317
478 317
478 318
477 318
477 319
477 320
477 321
477 322
477 323
477 324
477 325
476 325
476 326
475 326
475 327
474 327
474 328
473 328
473 329
473 330
473 331
472 331
472 332
472 333
471 333
470 333
470 334
469 334
469 335
468 335
468 336
467 336
467 337
466 337
465 337
464 337
463 337
462 337
461 337
461 338
460 338
460 339
459 339
459 340
458 340
458 341
457 341
457 342
457 343
456 343
455 343
455 344
454 344
454 345
454 346
453 346
453 347
453 348
452 348
451 348
450 348
449 348
448 348
447 348
446 348
445 348
444 348
444 349
444 350
444 351
444 352
443 352
442 352
441 352
440 352
439 352
438 352
438 351
439 351
439 350
439 349
439 348
439 347
439 346
438 346
438 345
437 345
436 345
435 345
434 345
433 345
432 345
431 345
430 345
430 344
429 344
428 344
428 343
427 343
427 342
426 342
425 342
424 342
423 342
422 342
421 342
420 342
419 342
419 343
419 344
419 345
418 345
418 344
418 343
418 342
417 342
417 341
416 341
415 341
415 340
414 340
413 340
413 339
412 339
411 339
411 340
411 341
411 342
411 343
411 344
411 345
410 345
410 346
410 347
409 347
409 348
408 348
407 348
406 348
406 349
405 349
405 350
404 350
403 350
402 350
401 350
400 350
400 349
399 349
399 348
398 348
398 347
397 347
397 346
396 346
396 345
395 345
394 345
393 345
392 345
391 345
390 345
389 345
388 345
388 346
388 347
388 348
387 348
386 348
386 349
385 349
384 349
384 350
384 351
383 351
383 352
383 353
383 354
383 355
383 356
383 357
383 358
382 358
381 358
381 359
380 359
380 360
379 360
378 360
377 360
376 360
375 360
374 360
373 360
373 361
372 361
372 362
371 362
371 363
370 363
370 364
370 365
370 366
370 367
370 368
369 368
369 369
369 370
369 371
369 372
369 373
369 374
369 375
478 286
477 286
477 285
476 285
475 285
475 284
474 284
473 284
473 283
472 283
472 282
471 282
470 282
469 282
468 282
467 282
466 282
465 282
464 282
463 282
463 283
463 284
462 284
462 285
462 286
462 287
462 288
462 289
462 290
462 291
461 291
460 291
459 291
459 292
459 293
460 293
461 293
461 294
462 294
462 295
462 296
462 297
462 298
462 299
463 299
463 300
464 300
464 301
465 301
466 301
467 301
467 302
468 302
469 302
470 302
471 302
472 302
472 303
473 303
474 303
474 304
475 304
475 305
442 170
442 171
441 170
441 169
440 169
440 168
439 168
439 167
439 166
438 166
438 165
437 165
436 165
435 165
434 165
433 165
432 165
432 164
432 163
431 163
430 163
430 162
429 162
429 161
428 161
428 160
428 159
428 158
428 157
428 156
428 155
428 154
428 153
427 153
427 152
426 152
426 151
425 151
424 151
423 151
422 151
421 151
420 151
420 150
419 150
419 149
419 148
419 147
419 146
419 145
419 144
419 143
419 142
419 141
419 140
420 140
420 139
421 139
421 138
422 138
422 137
423 137
424 137
425 137
425 136
426 136
426 135
427 135
427 134
428 134
429 134
429 133
430 133
430 132
431 132
431 131
432 131
433 131
434 131
435 131
436 131
437 131
437 130
437 129
436 129
436 128
436 127
437 127
438 127
439 127
440 127
441 127
441 126
442 126
442 125
443 125
443 124
443 123
444 123
444 122
444 121
444 120
444 119
445 119
445 118
445 117
445 116
445 115
445 114
445 113
445 112
445 111
445 110
446 110
447 110
448 110
449 110
450 110
451 110
452 110
452 109
453 109
453 108
454 108
454 107
454 106
454 105
454 104
454 103
454 102
454 101
454 100
453 100
453 99
453 98
453 97
453 96
453 95
453 94
454 94
455 94
456 94
456 93
443 171
443 172
443 173
443 174
444 174
444 175
445 175
445 176
446 176
447 176
447 175
448 175
449 175
450 175
451 175
452 175
452 174
452 173
453 173
453 172
453 171
454 171
454 170
455 170
455 169
456 169
456 168
457 168
457 167
458 167
458 166
459 166
459 165
460 165
461 165
461 164
462 164
463 164
463 163
464 163
465 163
465 164
466 164
467 164
468 164
469 164
470 164
470 165
471 165
471 166
471 167
471 168
471 169
471 170
471 171
471 172
472 172
502 215
502 214
502 216
501 216
500 216
500 217
500 218
501 218
501 219
501 220
501 221
501 222
501 223
502 223
503 223
503 224
502 224
501 224
501 225
500 225
499 225
498 225
498 226
497 226
497 227
498 227
498 228
498 229
498 230
498 231
498 232
498 233
498 234
499 234
499 235
499 236
499 237
499 238
499 239
499 240
499 241
498 241
497 241
496 241
495 241
494 241
493 241
492 241
491 241
490 241
489 241
489 240
488 240
487 240
486 240
485 240
484 240
483 240
482 240
482 239
481 239
480 239
480 238
479 238
478 238
477 238
476 238
475 238
474 238
474 237
473 237
473 238
472 238
472 239
472 240
472 241
472 242
472 243
471 243
471 244
471 245
470 245
470 246
469 246
469 247
469 248
469 249
469 250
468 250
468 251
468 252
467 252
466 252
465 252
464 252
464 253
463 253
463 254
462 254
462 255
461 255
461 256
460 256
460 257
460 258
460 259
460 260
460 261
459 261
459 262
458 262
457 262
456 262
455 262
454 262
453 262
452 262
451 262
451 263
451 264
451 265
451 266
451 267
452 267
452 268
452 269
452 270
452 271
452 272
453 272
453 273
454 273
454 274
454 275
455 275
456 275
456 276
457 276
458 276
459 276
460 276
461 276
461 277
461 278
461 279
461 280
462 280
462 281
462 282
502 213
502 212
503 212
504 212
504 211
505 211
506 211
506 210
507 210
507 209
508 209
508 208
509 208
510 208
511 208
511 207
511 206
511 205
511 204
511 203
511 202
511 201
511 200
511 199
511 198
511 197
511 196
510 196
510 195
509 195
508 195
508 194
507 194
506 194
506 193
505 193
504 193
504 192
503 192
503 191
502 191
502 190
502 189
503 189
503 188
504 188
504 187
504 186
505 186
506 186
506 185
506 184
506 183
506 182
506 181
506 180
506 179
506 178
506 177
507 177
508 177
508 176
509 176
510 176
510 175
509 175
508 175
507 175
506 175
505 175
504 175
504 174
504 173
504 172
504 171
504 170
504 169
504 168
504 167
504 166
503 166
502 166
501 166
500 166
499 166
499 165
498 165
497 165
496 165
495 165
494 165
493 165
492 165
491 165
490 165
489 165
488 165
487 165
487 166
486 166
485 166
484 166
483 166
483 167
482 167
482 166
482 165
482 164
482 163
482 162
481 162
481 161
481 160
480 160
480 161
479 161
478 161
478 162
477 162
477 163
476 163
476 164
476 165
475 165
475 166
474 166
474 167
474 168
474 169
474 170
473 170
473 171
473 172
222 209
221 209
222 210
222 211
222 212
222 213
222 214
222 215
222 216
222 217
223 217
223 218
223 219
224 219
224 220
225 220
225 221
226 221
226 222
227 222
227 223
227 224
228 224
228 225
229 225
229 226
230 226
231 226
232 226
233 226
234 226
235 226
236 226
237 226
238 226
239 226
239 227
240 227
240 228
240 229
241 229
241 230
242 230
242 231
243 231
244 231
244 232
245 232
246 232
246 233
247 233
247 234
248 234
249 234
249 235
250 235
250 236
251 236
251 237
251 238
251 239
251 240
251 241
251 242
250 242
250 243
250 244
250 245
250 246
250 247
250 248
250 249
250 250
250 251
250 252
250 253
251 253
251 254
251 255
251 256
251 257
251 258
251 259
251 260
251 261
250 261
250 262
250 263
250 264
250 265
250 266
250 267
250 268
250 269
250 270
250 271
250 272
250 273
250 274
251 274
251 275
250 275
250 276
250 277
250 278
249 278
249 279
248 279
248 280
247 280
247 281
246 281
246 282
245 282
245 283
245 284
244 284
244 285
243 285
243 286
242 286
241 286
241 287
241 288
241 289
241 290
241 291
241 292
241 293
241 294
242 294
242 295
243 295
244 295
244 296
245 296
245 297
246 297
246 298
246 299
246 300
246 301
246 302
246 303
245 303
244 303
243 303
242 303
241 303
240 303
239 303
238 303
237 303
237 304
236 304
235 304
235 305
234 305
234 306
233 306
233 307
233 308
233 309
221 208
221 207
221 206
220 206
220 205
220 204
220 203
219 203
219 202
219 201
219 200
218 200
218 199
217 199
217 198
216 198
216 197
215 197
214 197
213 197
213 196
212 196
212 195
211 195
211 194
211 193
211 192
211 191
211 190
212 190
212 189
213 189
213 188
214 188
214 187
215 187
215 186
216 186
216 185
217 185
217 184
217 183
217 182
217 181
217 180
217 179
217 178
217 177
217 176
217 175
217 174
216 174
216 173
216 172
216 171
216 170
216 169
216 168
216 167
216 166
216 165
217 165
217 164
217 163
217 162
217 161
217 160
218 160
218 159
219 159
219 158
219 157
219 156
219 155
219 154
219 153
219 152
219 151
218 151
217 151
216 151
216 150
217 150
218 150
218 149
219 149
219 148
219 147
220 147
220 146
220 145
221 145
221 144
222 144
223 144
223 143
224 143
224 142
224 141
224 140
225 140
225 141
225 142
225 143
225 144
225 145
225 146
226 146
226 147
227 147
227 148
227 149
228 149
228 150
229 150
230 150
231 150
232 150
232 149
233 149
234 149
234 148
235 148
236 148
237 148
237 147
238 147
238 146
238 145
238 144
238 143
238 142
239 142
239 141
240 141
240 140
241 140
241 139
241 138
242 138
243 138
244 138
245 138
246 138
247 138
247 137
248 137
249 137
249 136
250 136
251 136
252 136
252 135
253 135
253 134
253 133
253 132
254 132
255 132
255 133
256 133
257 133
257 134
258 134
259 134
259 133
259 132
259 131
259 130
259 129
259 128
259 127
259 126
259 125
259 124
259 123
269 132
268 132
270 132
270 133
271 133
272 133
272 134
273 134
273 135
274 135
274 136
275 136
276 136
277 136
278 136
279 136
280 136
281 136
282 136
283 136
284 136
284 137
285 137
286 137
286 138
287 138
288 138
289 138
290 138
291 138
292 138
293 138
294 138
295 138
296 138
297 138
297 137
297 136
297 135
298 135
298 134
299 134
299 133
299 132
299 131
299 130
299 129
299 128
300 128
300 127
301 127
302 127
303 127
303 126
304 126
305 126
306 126
307 126
307 125
306 125
306 124
305 124
305 123
305 122
305 121
305 120
305 119
305 118
305 117
305 116
305 115
304 115
304 114
304 113
303 113
303 112
302 112
301 112
301 111
300 111
299 111
298 111
297 111
296 111
296 110
297 110
297 109
297 108
297 107
297 106
297 105
297 104
297 103
297 102
297 101
297 100
297 99
298 99
298 98
298 97
298 96
298 95
298 94
298 93
299 93
299 92
300 92
301 92
301 91
301 90
302 90
302 89
302 88
302 87
302 86
301 86
301 85
302 85
302 84
303 84
304 84
305 84
305 83
306 83
306 82
307 82
307 81
307 80
308 80
308 79
309 79
309 78
310 78
310 77
311 77
312 77
312 76
313 76
313 75
313 74
314 74
314 73
314 72
315 72
315 71
316 71
316 70
317 70
317 69
316 69
316 68
315 68
314 68
314 67
314 66
314 65
314 64
314 63
314 62
315 62
315 61
315 60
316 60
316 59
317 59
318 59
319 59
320 59
321 59
322 59
323 59
324 59
324 60
325 60
326 60
327 60
328 60
329 60
330 60
331 60
332 60
333 60
333 59
333 58
333 57
333 56
333 55
333 54
334 54
334 53
335 53
335 52
336 52
336 51
336 50
337 50
337 49
338 49
338 48
339 48
339 47
339 46
339 45
339 44
339 43
339 42
340 42
341 42
341 41
342 41
343 41
344 41
345 41
346 41
347 41
348 41
349 41
349 40
349 39
350 39
350 38
350 37
351 37
352 37
352 36
353 36
353 35
353 34
353 33
353 32
353 31
353 30
353 29
352 29
352 28
353 28
354 28
354 27
354 26
354 25
354 24
355 24
355 23
355 22
355 21
356 21
356 20
356 19
356 18
356 17
356 16
356 15
356 14
356 13
356 12
267 132
266 132
265 132
264 132
263 132
262 132
261 132
260 132
488 87
487 87
489 87
490 87
491 87
492 87
493 87
493 86
493 85
494 85
494 84
495 84
496 84
497 84
498 84
499 84
500 84
501 84
502 84
503 84
503 85
504 85
504 86
504 87
504 88
505 88
505 89
505 90
505 91
505 92
505 93
506 93
506 94
507 94
508 94
509 94
510 94
510 95
511 95
511 96
511 97
511 98
511 99
511 100
510 100
510 101
509 101
508 101
507 101
506 101
506 102
505 102
505 103
504 103
504 104
503 104
503 105
503 106
502 106
502 107
502 108
501 108
501 109
502 109
502 110
503 110
503 111
503 112
503 113
503 114
504 114
504 115
504 116
504 117
504 118
504 119
504 120
504 121
505 121
505 122
506 122
507 122
507 123
508 123
509 123
509 124
509 125
509 126
509 127
509 128
509 129
509 130
509 131
509 132
509 133
508 133
508 134
507 134
507 135
507 136
506 136
506 137
506 138
506 139
506 140
506 141
506 142
506 143
507 143
507 144
508 144
509 144
510 144
510 145
511 145
511 146
511 147
511 148
511 149
511 150
511 151
511 152
511 153
511 154
510 154
510 155
509 155
509 156
508 156
508 157
507 157
507 158
507 159
508 159
508 160
509 160
509 161
510 161
510 162
511 162
511 163
511 164
510 164
510 165
509 165
508 165
507 165
506 165
505 165
505 166
486 87
485 87
484 87
483 87
482 87
482 86
481 86
480 86
479 86
478 86
477 86
476 86
476 85
476 84
476 83
476 82
475 82
475 81
474 81
473 81
472 81
471 81
470 81
469 81
468 81
467 81
466 81
465 81
465 82
465 83
464 83
464 84
464 85
464 86
464 87
464 88
464 89
463 89
463 90
463 91
462 91
462 92
461 92
461 93
460 93
459 93
458 93
457 93
489 479
489 478
489 480
488 480
488 481
487 481
486 481
485 481
484 481
484 482
483 482
483 483
483 484
482 484
482 485
482 486
482 487
482 488
482 489
482 490
483 490
484 490
484 491
485 491
485 492
485 493
485 494
486 494
487 494
487 495
488 495
489 495
489 496
488 496
487 496
486 496
485 496
484 496
484 497
483 497
483 498
482 498
481 498
481 499
480 499
480 500
479 500
479 501
478 501
477 501
476 501
476 500
475 500
475 499
474 499
474 498
474 497
473 497
472 497
472 498
471 498
471 499
470 499
470 500
469 500
469 501
468 501
467 501
467 502
466 502
465 502
464 502
463 502
462 502
461 502
460 502
459 502
459 503
458 503
457 503
457 504
456 504
456 505
456 506
455 506
455 505
455 504
454 504
453 504
452 504
451 504
450 504
449 504
449 505
448 505
448 506
447 506
446 506
445 506
444 506
443 506
442 506
441 506
440 506
439 506
439 505
439 504
438 504
438 503
437 503
436 503
435 503
434 503
434 502
433 502
433 503
432 503
432 504
431 504
431 505
430 505
430 506
430 507
429 507
428 507
427 507
426 507
425 507
424 507
490 478
490 477
491 477
491 476
492 476
493 476
494 476
495 476
496 476
497 476
498 476
499 476
500 476
500 475
500 474
501 474
502 474
502 473
503 473
504 473
505 473
506 473
507 473
508 473
509 473
510 473
511 473
511 472
511 471
511 470
511 469
511 468
511 467
511 466
511 465
511 464
511 463
511 462
511 461
511 460
510 460
510 459
509 459
508 459
508 458
508 457
508 456
508 455
508 454
508 453
508 452
508 451
508 450
507 450
507 449
506 449
505 449
505 448
504 448
503 448
502 448
501 448
500 448
499 448
498 448
497 448
496 448
496 447
497 447
497 446
497 445
497 444
497 443
497 442
497 441
497 440
497 439
497 438
497 437
497 436
498 436
499 436
500 436
500 435
501 435
502 435
502 434
503 434
503 433
504 433
505 433
505 432
506 432
405 82
406 82
404 82
404 83
403 83
403 84
403 85
403 86
403 87
402 87
402 88
402 89
401 89
401 90
400 90
400 91
399 91
399 92
399 93
399 94
398 94
398 95
397 95
396 95
395 95
395 96
394 96
394 97
393 97
393 96
392 96
392 95
392 94
391 94
391 93
390 93
389 93
389 92
388 92
388 91
388 90
387 90
387 89
386 89
386 88
385 88
384 88
383 88
382 88
381 88
380 88
379 88
378 88
377 88
377 87
376 87
407 82
408 82
408 81
409 81
410 81
410 82
411 82
412 82
413 82
413 83
414 83
414 84
415 84
415 85
416 85
416 86
416 87
416 88
417 88
417 89
418 89
418 90
419 90
419 91
420 91
421 91
421 92
422 92
423 92
423 93
424 93
425 93
426 93
427 93
428 93
429 93
430 93
431 93
432 93
433 93
434 93
435 93
436 93
437 93
438 93
439 93
440 93
441 93
442 93
443 93
443 92
444 92
445 92
446 92
447 92
448 92
449 92
449 93
450 93
451 93
451 94
452 94
181 63
181 64
182 63
183 63
183 62
184 62
185 62
185 61
186 61
187 61
187 60
188 60
188 59
189 59
190 59
190 58
191 58
191 57
191 56
191 55
191 54
191 53
192 53
192 52
192 51
193 51
193 50
193 49
193 48
193 47
193 46
194 46
195 46
196 46
196 45
197 45
198 45
199 45
199 44
200 44
201 44
202 44
203 44
204 44
205 44
205 43
206 43
207 43
208 43
209 43
209 42
209 41
209 40
209 39
209 38
209 37
210 37
211 37
211 36
212 36
212 35
213 35
214 35
214 34
215 34
215 33
216 33
217 33
218 33
219 33
220 33
221 33
221 32
222 32
222 31
223 31
223 30
224 30
225 30
225 29
226 29
227 29
228 29
228 30
229 30
230 30
231 30
231 31
232 31
233 31
233 32
234 32
234 33
234 34
235 34
236 34
236 33
237 33
238 33
239 33
240 33
241 33
242 33
243 33
244 33
245 33
246 33
246 32
246 31
246 30
246 29
247 29
247 28
247 27
247 26
248 26
249 26
250 26
251 26
252 26
253 26
254 26
255 26
256 26
257 26
258 26
259 26
260 26
261 26
262 26
263 26
264 26
265 26
266 26
266 27
267 27
267 28
268 28
269 28
270 28
271 28
272 28
273 28
274 28
274 29
273 29
273 30
273 31
273 32
273 33
273 34
273 35
273 36
273 37
273 38
273 39
273 40
273 41
274 41
274 42
275 42
275 43
276 43
277 43
278 43
279 43
280 43
280 44
281 44
281 45
282 45
283 45
284 45
285 45
286 45
287 45
287 44
288 44
288 43
289 43
289 42
290 42
290 41
291 41
291 42
292 42
293 42
294 42
295 42
295 43
296 43
297 43
297 44
298 44
299 44
300 44
301 44
302 44
303 44
304 44
304 43
305 43
306 43
306 44
306 45
306 46
307 46
307 47
307 48
307 49
307 50
308 50
308 51
309 51
309 52
309 53
310 53
310 54
311 54
311 55
312 55
312 56
313 56
314 56
314 57
315 57
315 58
316 58
181 65
181 66
181 67
181 68
181 69
180 69
180 70
180 71
180 72
180 73
180 74
179 74
178 74
178 75
177 75
177 76
176 76
176 77
176 78
175 78
153 496
154 496
153 497
152 497
152 498
151 498
151 499
150 499
150 500
149 500
148 500
148 501
147 501
147 500
146 500
146 499
145 499
145 498
144 498
143 498
143 497
142 497
142 496
141 496
140 496
140 495
139 495
138 495
137 495
136 495
135 495
134 495
133 495
133 496
132 496
132 497
131 497
130 497
129 497
128 497
128 498
127 498
127 497
127 496
127 495
127 494
126 494
126 493
125 493
125 492
124 492
124 491
123 491
123 490
122 490
122 489
121 489
121 488
120 488
120 487
119 487
119 486
120 486
120 485
120 484
121 484
121 483
121 482
121 481
122 481
123 481
123 480
124 480
124 479
123 479
123 478
122 478
122 477
121 477
120 477
154 495
155 495
156 495
157 495
157 494
158 494
159 494
159 493
160 493
161 493
162 493
163 493
164 493
165 493
166 493
167 493
168 493
169 493
170 493
171 493
172 493
173 493
173 492
174 492
174 493
174 494
174 495
174 496
174 497
174 498
174 499
174 500
174 501
174 502
173 502
173 503
174 503
175 503
176 503
177 503
178 503
179 503
179 502
180 502
180 501
181 501
181 500
182 500
182 499
183 499
183 498
184 498
185 498
186 498
186 497
187 497
188 497
188 496
188 495
188 494
188 493
188 492
188 491
189 491
189 490
190 490
191 490
191 489
191 488
190 488
190 487
190 486
190 485
190 484
190 483
190 482
190 481
190 480
190 479
191 479
191 478
191 477
191 476
192 476
192 475
192 474
193 474
194 474
195 474
196 474
197 474
198 474
198 475
199 475
199 476
200 476
201 476
202 476
203 476
204 476
205 476
206 476
207 476
208 476
209 476
209 475
210 475
210 474
211 474
212 474
213 474
214 474
215 474
216 474
217 474
218 474
218 473
219 473
219 472
220 472
221 472
222 472
223 472
224 472
225 472
225 471
226 471
227 471
228 471
229 471
230 471
231 471
231 472
232 472
232 471
233 471
234 471
235 471
236 471
237 471
238 471
239 471
240 471
241 471
241 472
242 472
243 472
244 472
244 473
245 473
245 474
245 475
245 476
245 477
245 478
245 479
245 480
245 481
245 482
245 483
245 484
245 485
246 485
246 486
246 487
247 487
247 488
247 489
248 489
248 490
248 491
248 492
248 493
248 494
249 494
249 495
250 495
250 496
251 496
251 497
252 497
253 497
254 497
254 498
255 498
447 47
447 46
447 48
447 49
446 49
446 50
446 51
446 52
446 53
446 54
446 55
446 56
446 57
446 58
445 58
445 59
444 59
444 60
443 60
443 61
443 62
443 63
443 64
443 65
443 66
443 67
443 68
444 68
445 68
446 68
447 68
447 69
448 69
449 69
449 70
450 70
450 71
450 72
451 72
451 73
452 73
452 74
452 75
453 75
453 76
453 77
453 78
453 79
453 80
453 81
453 82
453 83
453 84
453 85
453 86
454 86
454 87
455 87
456 87
456 88
456 89
456 90
456 91
456 92
448 46
448 45
448 44
449 44
449 43
449 42
450 42
450 41
451 41
451 40
452 40
452 39
453 39
454 39
455 39
456 39
456 40
457 40
223 432
224 432
223 433
222 433
222 434
221 434
221 435
221 436
221 437
221 438
221 439
221 440
220 440
220 441
219 441
219 442
218 442
218 443
217 443
217 444
216 444
216 445
215 445
215 446
215 447
214 447
214 448
213 448
213 449
212 449
212 450
211 450
211 451
211 452
210 452
209 452
208 452
208 453
207 453
207 454
206 454
206 455
205 455
205 456
204 456
203 456
203 457
202 457
202 458
202 459
202 460
202 461
202 462
203 462
204 462
204 463
205 463
205 464
206 464
207 464
207 465
208 465
208 466
208 467
209 467
209 468
209 469
209 470
209 471
209 472
209 473
210 473
225 432
226 432
227 432
228 432
229 432
230 432
231 432
232 432
233 432
234 432
235 432
235 431
235 430
236 430
236 429
237 429
237 428
237 427
238 427
238 426
239 426
239 425
239 424
239 423
240 423
241 423
242 423
243 423
244 423
245 423
246 423
247 423
248 423
248 422
249 422
250 422
250 421
250 420
250 419
251 419
251 418
251 417
252 417
252 416
253 416
253 415
254 415
254 414
254 413
254 412
254 411
254 410
254 409
253 409
252 409
252 408
252 407
252 406
252 405
252 404
252 403
253 403
253 402
254 402
254 401
255 401
256 401
256 400
257 400
257 399
258 399
258 398
258 397
258 396
258 395
258 394
258 393
258 392
258 391
304 440
304 441
303 440
303 439
303 438
302 438
302 437
302 436
301 436
301 435
301 434
301 433
300 433
300 432
299 432
299 431
299 430
299 429
299 428
299 427
299 426
299 425
299 424
298 424
297 424
297 423
296 423
295 423
294 423
294 422
294 421
294 420
293 420
293 419
293 418
293 417
293 416
293 415
292 415
292 414
292 413
292 412
292 411
292 410
292 409
292 408
292 407
292 406
293 406
293 405
294 405
295 405
295 404
296 404
296 403
296 402
296 401
296 400
296 399
296 398
296 397
295 397
295 396
294 396
294 395
294 394
293 394
293 393
292 393
305 441
306 441
307 441
308 441
309 441
309 442
309 443
309 444
309 445
309 446
308 446
308 447
308 448
308 449
308 450
308 451
308 452
308 453
308 454
308 455
308 456
307 456
307 457
306 457
306 458
307 458
308 458
309 458
310 458
311 458
312 458
313 458
314 458
314 459
314 460
314 461
314 462
315 462
315 463
316 463
317 463
318 463
319 463
320 463
321 463
321 464
322 464
322 465
323 465
323 466
323 467
324 467
324 468
325 468
325 469
326 469
326 470
327 470
328 470
328 471
328 472
329 472
329 473
330 473
330 474
331 474
331 475
332 475
332 476
332 477
332 478
332 479
333 479
333 480
332 480
332 481
331 481
331 482
330 482
330 483
330 484
329 484
329 485
328 485
328 486
327 486
327 487
326 487
326 488
325 488
324 488
324 489
324 490
324 491
324 492
323 492
323 493
322 493
321 493
320 493
319 493
318 493
318 494
318 495
318 496
318 497
318 498
458 408
458 409
458 407
458 406
458 405
458 404
458 403
458 402
458 401
458 400
457 400
457 399
457 398
457 397
457 396
457 395
457 394
457 393
457 392
457 391
457 390
458 390
458 389
459 389
459 388
459 387
460 387
460 386
461 386
461 385
461 384
462 384
462 383
462 382
462 381
462 380
462 379
462 378
462 377
462 376
462 375
462 374
461 374
461 373
461 372
461 371
460 371
460 370
459 370
459 369
458 369
458 368
457 368
457 367
456 367
456 366
455 366
454 366
454 365
453 365
452 365
452 364
453 364
454 364
455 364
456 364
457 364
457 363
458 363
458 362
458 361
458 360
458 359
458 358
458 357
457 357
456 357
456 356
455 356
455 355
454 355
454 354
453 354
453 353
453 352
453 351
453 350
453 349
458 410
459 410
459 411
459 412
459 413
459 414
459 415
459 416
459 417
459 418
459 419
459 420
459 421
459 422
459 423
459 424
460 424
460 425
460 426
461 426
461 427
461 428
462 428
462 429
462 430
463 430
464 430
465 430
466 430
467 430
468 430
469 430
470 430
471 430
472 430
473 430
474 430
475 430
476 430
477 430
478 430
479 430
480 430
480 431
481 431
482 431
483 431
484 431
485 431
486 431
487 431
488 431
489 431
489 430
490 430
491 430
492 430
493 430
494 430
494 429
495 429
496 429
497 429
497 430
498 430
499 430
499 431
500 431
501 431
501 432
502 432
503 432
504 432
385 299
384 299
386 299
386 298
387 298
387 297
387 296
387 295
388 295
388 294
389 294
390 294
391 294
391 293
392 293
392 292
393 292
394 292
394 291
395 291
395 292
396 292
397 292
398 292
398 293
399 293
400 293
401 293
402 293
402 294
403 294
403 295
403 296
403 297
404 297
404 298
405 298
406 298
407 298
408 298
409 298
410 298
410 297
411 297
411 296
412 296
412 295
413 295
413 294
413 293
414 293
415 293
415 292
416 292
416 291
417 291
417 290
417 289
417 288
417 287
416 287
416 286
415 286
415 285
415 284
416 284
416 283
417 283
417 282
418 282
418 281
419 281
420 281
420 280
420 279
420 278
420 277
421 277
421 276
421 275
421 274
421 273
421 272
421 271
422 271
423 271
424 271
425 271
426 271
427 271
427 270
428 270
429 270
429 269
430 269
431 269
431 268
432 268
433 268
434 268
435 268
435 267
436 267
436 268
436 269
436 270
436 271
436 272
436 273
436 274
436 275
436 276
437 276
437 277
437 278
438 278
438 279
438 280
438 281
438 282
438 283
439 283
439 284
440 284
440 283
441 283
441 282
442 282
443 282
443 281
444 281
444 280
445 280
445 279
446 279
447 279
447 278
448 278
449 278
450 278
450 277
451 277
451 276
452 276
452 275
452 274
453 274
383 299
382 299
381 299
380 299
379 299
378 299
377 299
376 299
375 299
374 299
373 299
373 298
372 298
371 298
371 297
371 296
371 295
371 294
371 293
371 292
371 291
371 290
371 289
371 288
371 287
371 286
370 286
370 287
369 287
369 288
368 288
368 289
368 290
367 290
367 291
366 291
366 292
365 292
364 292
363 292
362 292
361 292
360 292
359 292
358 292
357 292
357 291
356 291
355 291
354 291
354 292
353 292
353 293
352 293
352 294
351 294
351 295
351 296
351 297
351 298
351 299
351 300
350 300
350 301
350 302
350 303
350 304
349 304
349 305
349 306
348 306
348 307
347 307
347 308
347 309
347 310
347 311
346 311
345 311
345 312
344 312
104 173
103 173
105 173
106 173
107 173
108 173
108 172
109 172
109 171
110 171
111 171
111 170
112 170
113 170
114 170
115 170
116 170
117 170
118 170
119 170
120 170
121 170
121 169
122 169
122 168
123 168
123 167
124 167
124 166
125 166
125 165
126 165
127 165
127 164
128 164
129 164
130 164
130 163
131 163
132 163
132 162
133 162
133 161
133 160
133 159
133 158
133 157
133 156
134 156
134 155
134 154
135 154
135 153
136 153
136 152
137 152
137 151
138 151
139 151
139 150
140 150
141 150
142 150
142 151
143 151
144 151
144 152
145 152
145 153
145 154
145 155
145 156
146 156
146 157
147 157
148 157
149 157
150 157
150 158
151 158
151 159
152 159
152 160
153 160
153 161
153 162
154 162
155 162
155 163
156 163
157 163
157 164
158 164
159 164
159 165
159 166
159 167
159 168
159 169
159 170
159 171
159 172
159 173
159 174
160 174
161 174
162 174
163 174
164 174
165 174
166 174
166 175
167 175
168 175
169 175
170 175
171 175
172 175
173 175
174 175
174 174
175 174
175 173
176 173
176 172
177 172
178 172
178 171
179 171
179 170
180 170
180 169
180 168
180 167
180 166
180 165
181 165
181 164
182 164
183 164
184 164
185 164
186 164
187 164
188 164
189 164
190 164
191 164
191 163
191 162
191 161
191 160
192 160
193 160
193 161
194 161
194 162
195 162
196 162
196 163
197 163
198 163
199 163
200 163
201 163
202 163
203 163
204 163
205 163
206 163
206 164
207 164
207 165
208 165
209 165
210 165
211 165
212 165
213 165
214 165
215 165
102 173
102 172
101 172
100 172
99 172
98 172
97 172
96 172
95 172
94 172
93 172
92 172
91 172
90 172
89 172
88 172
87 172
86 172
86 173
85 173
84 173
83 173
82 173
82 172
82 171
82 170
82 169
82 168
82 167
82 166
82 165
82 164
82 163
81 163
81 162
81 161
81 160
81 159
81 158
80 158
80 157
79 157
79 156
78 156
77 156
76 156
75 156
74 156
73 156
73 155
72 155
71 155
70 155
70 154
69 154
68 154
67 154
66 154
65 154
65 153
64 153
64 152
64 151
63 151
63 150
63 149
63 148
63 147
63 146
63 145
63 144
63 143
63 142
64 142
64 141
63 141
62 141
61 141
61 142
60 142
59 142
58 142
57 142
56 142
55 142
54 142
54 141
54 140
54 139
54 138
54 137
54 136
54 135
54 134
54 133
53 133
53 132
52 132
52 131
51 131
50 131
50 130
49 130
48 130
47 130
47 129
46 129
45 129
45 128
44 128
44 127
43 127
43 126
43 125
42 125
42 124
41 124
40 124
39 124
38 124
37 124
37 123
36 123
36 122
35 122
34 122
34 121
33 121
33 120
32 120
31 120
30 120
29 120
28 120
27 120
26 120
25 120
24 120
23 120
22 120
22 119
21 119
21 118
21 117
20 117
20 116
19 116
19 115
82 213
82 214
82 212
82 211
82 210
82 209
82 208
82 207
82 206
82 205
82 204
82 203
81 203
80 203
80 202
79 202
79 201
80 201
80 200
80 199
80 198
81 198
81 197
81 196
82 196
82 195
82 194
82 193
82 192
82 191
81 191
81 190
81 189
80 189
80 188
80 187
79 187
79 186
79 185
79 184
79 183
79 182
78 182
78 181
78 180
78 179
78 178
78 177
78 176
78 175
78 174
79 174
79 173
80 173
81 173
82 215
82 216
82 217
82 218
82 219
82 220
82 221
83 221
83 222
84 222
85 222
85 223
86 223
86 224
87 224
87 225
87 226
88 226
88 227
88 228
88 229
88 230
88 231
88 232
88 233
88 234
89 234
310 253
309 253
311 253
311 252
311 251
312 251
312 250
312 249
312 248
312 247
312 246
312 245
312 244
312 243
311 243
311 242
312 242
312 241
313 241
313 240
314 240
314 239
315 239
316 239
316 238
317 238
317 237
317 236
317 235
317 234
317 233
317 232
317 231
317 230
317 229
317 228
317 227
317 226
316 226
315 226
314 226
313 226
312 226
311 226
310 226
310 225
311 225
311 224
311 223
311 222
311 221
311 220
311 219
310 219
310 218
310 217
309 217
309 216
309 215
309 214
308 214
308 213
308 212
308 211
308 210
308 209
308 208
309 208
309 207
309 206
310 206
310 205
310 204
311 204
311 203
311 202
312 202
312 201
312 200
312 199
312 198
312 197
312 196
312 195
312 194
311 194
311 193
311 192
311 191
311 190
311 189
311 188
311 187
312 187
313 187
314 187
315 187
316 187
317 187
318 187
319 187
319 188
320 188
320 187
321 187
321 186
322 186
323 186
324 186
325 186
326 186
327 186
327 185
328 185
328 184
328 183
328 182
328 181
328 180
328 179
329 179
330 179
330 180
330 181
330 182
331 182
331 183
332 183
333 183
334 183
334 184
335 184
336 184
337 184
338 184
339 184
340 184
341 184
341 183
342 183
343 183
343 182
344 182
345 182
346 182
347 182
348 182
349 182
350 182
351 182
351 181
352 181
352 180
352 179
352 178
352 177
352 176
352 175
352 174
353 174
353 173
353 172
353 171
353 170
353 169
353 168
353 167
353 166
353 165
353 164
353 163
353 162
354 162
355 162
356 162
357 162
357 163
358 163
359 163
360 163
361 163
362 163
363 163
364 163
365 163
365 162
366 162
367 162
368 162
369 162
370 162
371 162
371 161
372 161
372 160
373 160
373 159
374 159
374 158
374 157
374 156
374 155
374 154
374 153
375 153
375 152
376 152
377 152
378 152
379 152
380 152
381 152
382 152
382 151
383 151
309 254
308 254
308 255
308 256
308 257
308 258
308 259
308 260
308 261
308 262
308 263
308 264
308 265
308 266
307 266
307 267
306 267
305 267
304 267
304 268
304 269
304 270
304 271
304 272
305 272
305 273
305 274
304 274
304 275
303 275
303 276
303 277
303 278
303 279
304 279
304 280
305 280
305 281
306 281
306 282
307 282
308 282
309 282
309 283
310 283
310 284
311 284
312 284
313 284
313 285
314 285
315 285
316 285
316 286
317 286
317 287
317 288
317 289
317 290
317 291
317 292
317 293
317 294
317 295
317 296
318 296
318 297
319 297
320 297
320 298
321 298
321 299
322 299
322 300
323 300
323 301
324 301
325 301
325 302
326 302
326 303
326 304
327 304
328 304
329 304
330 304
330 305
331 305
332 305
332 306
332 307
333 307
333 308
333 309
334 309
334 310
335 310
335 311
336 311
337 311
338 311
339 311
340 311
341 311
342 311
343 311
343 312
142 135
142 136
143 135
143 134
144 134
145 134
146 134
147 134
148 134
148 133
149 133
149 132
149 131
149 130
149 129
149 128
149 127
149 126
149 125
150 125
150 124
150 123
151 123
151 122
152 122
152 121
153 121
153 120
154 120
154 119
155 119
155 118
156 118
156 117
157 117
157 116
157 115
157 114
157 113
157 112
157 111
157 110
157 109
158 109
158 108
158 107
158 106
158 105
158 104
158 103
158 102
159 102
159 101
160 101
160 100
161 100
161 99
161 98
162 98
162 97
163 97
163 96
163 95
164 95
164 94
164 93
164 92
165 92
165 91
165 90
166 90
166 89
166 88
167 88
167 87
167 86
168 86
168 85
169 85
169 84
170 84
171 84
171 83
171 82
171 81
172 81
172 80
173 80
173 79
174 79
175 79
142 137
142 138
142 139
142 140
142 141
142 142
142 143
142 144
142 145
142 146
142 147
141 147
141 148
141 149
140 149
