65 360
65 359
65 361
66 361
66 362
67 362
67 363
68 363
69 363
69 364
70 364
71 364
71 365
72 365
72 364
73 364
73 363
74 363
74 362
75 362
75 361
76 361
76 360
77 360
77 359
78 359
78 358
78 357
79 357
79 356
79 355
79 354
79 353
79 352
80 352
80 351
81 351
81 350
82 350
82 349
81 349
80 349
80 348
79 348
79 347
78 347
78 346
77 346
76 346
76 345
75 345
75 344
74 344
74 343
73 343
73 342
72 342
71 342
70 342
69 342
68 342
67 342
66 342
65 342
64 342
64 343
63 343
63 342
62 342
62 341
61 341
61 340
61 339
60 339
60 338
59 338
59 337
58 337
58 336
58 335
58 334
58 333
58 332
58 331
58 330
58 329
57 329
57 328
57 327
57 326
57 325
57 324
57 323
57 322
57 321
56 321
56 320
56 319
56 318
56 317
56 316
56 315
55 315
54 315
54 314
55 314
56 314
57 314
57 313
57 312
57 311
57 310
57 309
57 308
57 307
58 307
58 306
59 306
59 305
59 304
60 304
61 304
61 303
62 303
62 302
63 302
64 302
64 301
65 301
66 301
67 301
68 301
69 301
70 301
70 300
71 300
72 300
73 300
74 300
75 300
76 300
77 300
77 299
78 299
78 298
79 298
80 298
80 297
80 296
80 295
80 294
80 293
80 292
80 291
80 290
80 289
81 289
81 288
82 288
82 287
83 287
84 287
84 286
83 286
83 285
83 284
83 283
83 282
83 281
83 280
84 280
84 279
84 278
84 277
85 277
85 276
86 276
87 276
87 275
88 275
89 275
90 275
90 274
91 274
92 274
92 273
93 273
93 274
94 274
95 274
95 275
96 275
96 276
97 276
97 277
98 277
98 278
99 278
100 278
100 279
101 279
101 280
101 281
101 282
101 283
102 283
102 284
102 285
102 286
102 287
102 288
102 289
103 289
104 289
105 289
106 289
106 290
107 290
108 290
108 291
109 291
109 292
110 292
110 293
110 294
111 294
111 295
111 296
112 296
112 297
113 297
113 298
114 298
115 298
116 298
116 299
117 299
117 300
118 300
119 300
119 301
120 301
121 301
122 301
122 302
122 303
122 304
122 305
123 305
123 306
124 306
124 307
125 307
126 307
126 308
126 309
126 310
126 311
126 312
126 313
125 313
124 313
124 314
123 314
123 315
123 316
123 317
122 317
122 318
122 319
121 319
121 320
121 321
121 322
121 323
121 324
120 324
120 325
119 325
118 325
117 325
116 325
115 325
115 326
114 326
113 326
112 326
111 326
110 326
109 326
108 326
107 326
107 327
107 328
106 328
106 329
106 330
105 330
105 331
105 332
104 332
104 333
103 333
103 334
103 335
103 336
103 337
103 338
103 339
103 340
103 341
103 342
103 343
102 343
102 344
64 359
64 358
63 358
63 357
63 356
63 355
63 354
63 353
63 352
63 351
62 351
62 350
61 350
61 349
62 349
62 348
62 347
62 346
62 345
62 344
63 344
402 153
403 153
401 153
401 152
400 152
399 152
399 151
398 151
398 150
397 150
396 150
396 149
395 149
394 149
393 149
392 149
391 149
390 149
389 149
389 150
388 150
388 151
387 151
387 152
386 152
386 153
386 154
386 155
386 156
386 157
386 158
386 159
386 160
386 161
386 162
385 162
385 163
385 164
385 165
385 166
385 167
385 168
385 169
385 170
385 171
404 153
405 153
406 153
407 153
407 152
408 152
408 151
409 151
409 150
409 149
410 149
410 148
410 147
411 147
411 146
411 145
411 144
411 143
411 142
411 141
411 140
411 139
412 139
412 138
413 138
414 138
414 137
415 137
415 136
416 136
416 135
417 135
418 135
418 134
418 133
419 133
419 132
420 132
421 132
421 131
422 131
423 131
423 130
424 130
425 130
425 129
426 129
426 128
427 128
427 127
426 127
426 126
425 126
425 125
425 124
424 124
424 123
424 122
423 122
423 121
423 120
422 120
422 119
422 118
421 118
421 117
421 116
421 115
421 114
420 114
419 114
418 114
418 113
417 113
417 112
90 346
91 346
89 346
88 346
87 346
86 346
86 347
85 347
85 348
84 348
83 348
83 349
92 346
93 346
94 346
95 346
96 346
97 346
98 346
99 346
100 346
100 345
101 345
101 344
72 271
72 272
72 270
71 270
71 269
71 268
71 267
70 267
70 266
70 265
70 264
70 263
70 262
70 261
71 261
71 260
72 260
72 259
72 258
72 257
72 256
72 255
73 255
74 255
75 255
76 255
77 255
78 255
79 255
79 256
80 256
81 256
81 257
82 257
83 257
84 257
85 257
86 257
86 258
87 258
87 259
87 260
88 260
88 261
88 262
89 262
89 263
90 263
90 264
91 264
91 265
92 265
92 266
92 267
93 267
93 268
93 269
93 270
93 271
93 272
72 273
73 273
74 273
74 274
75 274
76 274
76 275
77 275
77 276
77 277
78 277
79 277
79 278
80 278
81 278
81 279
82 279
82 280
82 281
82 282
82 283
82 284
82 285
82 286
53 275
53 274
53 276
53 277
53 278
53 279
52 279
52 280
52 281
52 282
52 283
52 284
52 285
52 286
52 287
52 288
52 289
51 289
51 290
51 291
51 292
51 293
51 294
51 295
51 296
51 297
51 298
51 299
51 300
51 301
51 302
51 303
50 303
50 304
50 305
50 306
50 307
50 308
49 308
49 309
48 309
48 310
49 310
49 311
50 311
50 312
51 312
51 313
52 313
52 314
53 314
53 273
53 272
53 271
53 270
53 269
53 268
54 268
54 267
54 266
54 265
55 265
55 264
55 263
55 262
55 261
55 260
55 259
55 258
56 258
56 257
57 257
57 256
58 256
59 256
59 255
60 255
60 254
61 254
61 253
62 253
63 253
64 253
64 254
65 254
66 254
67 254
68 254
69 254
70 254
71 254
71 255
243 69
243 68
244 69
244 70
244 71
245 71
246 71
247 71
248 71
248 72
249 72
249 73
250 73
250 74
251 74
251 75
250 75
249 75
248 75
247 75
246 75
245 75
245 76
244 76
243 76
243 77
242 77
241 77
241 78
243 67
242 67
242 66
241 66
240 66
239 66
239 65
238 65
238 64
238 63
238 62
238 61
238 60
238 59
238 58
238 57
238 56
238 55
238 54
237 54
237 53
236 53
235 53
235 52
234 52
234 51
233 51
233 50
233 49
232 49
232 48
231 48
231 47
230 47
229 47
228 47
227 47
226 47
226 48
225 48
225 49
224 49
224 50
223 50
223 51
222 51
221 51
220 51
220 50
219 50
350 420
349 420
351 420
351 421
352 421
352 422
352 423
352 424
353 424
353 423
353 422
353 421
354 421
354 420
354 419
355 419
356 419
357 419
358 419
359 419
360 419
361 419
362 419
363 419
364 419
365 419
366 419
367 419
368 419
368 420
368 421
369 421
369 422
348 420
347 420
347 419
346 419
345 419
344 419
344 418
344 417
343 417
343 416
342 416
342 415
341 415
341 414
340 414
340 413
339 413
339 412
121 277
121 278
121 276
121 275
121 274
121 273
121 272
121 271
121 270
121 269
121 268
121 267
121 266
121 265
122 265
122 264
123 264
124 264
124 263
125 263
126 263
127 263
128 263
129 263
129 262
129 261
129 260
129 259
130 259
130 258
130 257
130 256
131 256
132 256
133 256
134 256
134 257
135 257
136 257
136 256
136 255
137 255
138 255
139 255
140 255
141 255
142 255
143 255
144 255
145 255
146 255
147 255
147 254
121 279
121 280
121 281
121 282
121 283
121 284
121 285
121 286
121 287
121 288
121 289
121 290
122 290
122 291
123 291
123 292
123 293
124 293
124 294
123 294
123 295
123 296
123 297
123 298
123 299
123 300
123 301
123 302
123 303
123 304
316 423
317 423
315 423
314 423
313 423
313 424
312 424
312 425
312 426
312 427
311 427
311 426
311 425
311 424
311 423
310 423
310 422
309 422
309 421
309 420
309 419
309 418
309 417
309 416
308 416
308 415
307 415
307 414
306 414
305 414
304 414
303 414
302 414
301 414
300 414
299 414
298 414
297 414
296 414
295 414
294 414
293 414
292 414
291 414
290 414
290 413
289 413
289 412
289 411
289 410
289 409
289 408
289 407
288 407
287 407
286 407
285 407
284 407
284 406
283 406
283 405
283 404
282 404
282 403
281 403
281 402
281 401
280 401
279 401
278 401
277 401
276 401
275 401
274 401
274 400
273 400
273 399
272 399
272 398
271 398
270 398
270 397
269 397
268 397
267 397
266 397
265 397
264 397
263 397
262 397
261 397
260 397
259 397
259 396
258 396
258 397
257 397
256 397
255 397
254 397
253 397
252 397
251 397
250 397
250 396
250 395
249 395
249 394
249 393
248 393
248 392
247 392
247 391
246 391
245 391
245 390
244 390
244 389
244 388
244 387
243 387
243 386
242 386
242 387
241 387
241 388
240 388
239 388
239 389
238 389
238 390
238 391
237 391
237 392
238 392
238 393
238 394
238 395
238 396
238 397
239 397
240 397
240 398
241 398
318 423
319 423
320 423
320 422
321 422
322 422
322 421
323 421
323 420
324 420
324 419
325 419
325 418
326 418
326 417
327 417
327 418
328 418
329 418
330 418
331 418
332 418
333 418
334 418
335 418
335 419
336 419
336 420
337 420
337 419
337 418
337 417
337 416
337 415
337 414
337 413
338 413
338 412
91 379
91 380
91 378
91 377
91 376
91 375
91 374
91 373
91 372
91 371
91 370
91 369
91 368
90 368
90 367
90 366
89 366
89 365
90 365
91 365
91 364
92 364
92 363
93 363
93 362
94 362
95 362
95 361
96 361
97 361
98 361
98 360
99 360
100 360
100 359
101 359
102 359
102 358
103 358
103 357
104 357
104 356
105 356
105 355
104 355
104 354
104 353
103 353
103 352
103 351
102 351
102 350
102 349
102 348
102 347
102 346
102 345
91 381
91 382
91 383
92 383
92 384
91 384
91 385
90 385
89 385
88 385
88 386
87 386
86 386
86 387
85 387
85 388
84 388
84 389
84 390
83 390
83 391
83 392
82 392
82 393
82 394
81 394
80 394
79 394
79 395
78 395
77 395
76 395
75 395
75 396
75 397
75 398
75 399
75 400
74 400
74 401
73 401
72 401
71 401
70 401
70 402
69 402
69 403
69 404
68 404
68 405
67 405
67 406
67 407
66 407
66 408
65 408
64 408
64 409
63 409
62 409
61 409
60 409
59 409
58 409
58 408
58 407
57 407
57 408
57 409
57 410
57 411
57 412
57 413
58 413
58 414
59 414
59 415
60 415
60 416
60 417
61 417
61 418
62 418
63 418
64 418
65 418
65 419
66 419
66 420
65 420
65 421
65 422
65 423
65 424
65 425
64 425
64 426
64 427
64 428
64 429
64 430
64 431
64 432
65 432
66 432
66 433
66 434
66 435
66 436
66 437
66 438
66 439
66 440
66 441
66 442
66 443
66 444
66 445
67 445
67 446
68 446
69 446
69 447
70 447
70 448
71 448
71 449
70 449
70 450
70 451
70 452
70 453
70 454
70 455
70 456
70 457
70 458
70 459
70 460
70 461
70 462
70 463
70 464
70 465
71 465
72 465
73 465
74 465
74 466
75 466
75 467
75 468
75 469
76 469
76 468
76 467
76 466
76 465
77 465
77 464
78 464
79 464
80 464
81 464
82 464
83 464
84 464
85 464
86 464
87 464
87 465
88 465
88 466
89 466
89 467
89 468
90 468
90 469
90 470
90 471
90 472
91 472
91 473
91 474
92 474
92 475
92 476
92 477
92 478
92 479
93 479
93 480
94 480
95 480
96 480
97 480
98 480
99 480
99 481
98 481
98 482
97 482
97 483
97 484
97 485
97 486
96 486
96 487
96 488
96 489
96 490
97 490
97 491
98 491
99 491
100 491
101 491
101 492
102 492
102 493
103 493
103 494
103 495
104 495
105 495
106 495
107 495
108 495
109 495
110 495
111 495
111 494
112 494
112 493
112 492
112 491
112 490
113 490
113 489
113 488
114 488
114 487
114 486
115 486
115 487
116 487
117 487
118 487
119 487
120 487
120 488
120 489
120 490
120 491
120 492
120 493
121 493
121 492
122 492
122 491
123 491
124 491
125 491
125 490
126 490
126 489
127 489
127 488
128 488
129 488
130 488
131 488
131 487
132 487
132 486
133 486
133 485
132 485
131 485
131 484
130 484
129 484
129 483
129 482
129 481
129 480
129 479
129 478
128 478
128 477
127 477
127 476
152 452
152 453
152 451
152 450
152 449
152 448
152 447
152 446
152 445
152 444
152 443
152 442
152 441
153 441
153 440
154 440
155 440
156 440
157 440
158 440
159 440
160 440
160 441
161 441
162 441
162 440
163 440
164 440
165 440
165 439
166 439
166 438
167 438
167 437
167 436
167 435
167 434
168 434
169 434
170 434
170 433
169 433
169 432
169 431
169 430
169 429
169 428
169 427
169 426
168 426
167 426
166 426
165 426
164 426
163 426
162 426
161 426
160 426
159 426
158 426
157 426
157 427
156 427
156 426
156 425
155 425
155 424
155 423
155 422
155 421
155 420
155 419
155 418
155 417
155 416
155 415
155 414
155 413
155 412
156 412
156 411
157 411
158 411
158 410
157 410
156 410
155 410
154 410
154 409
154 408
154 407
154 406
154 405
154 404
154 403
154 402
154 401
154 400
154 399
155 399
155 398
156 398
156 397
157 397
158 397
158 396
159 396
159 395
160 395
160 394
161 394
161 393
161 392
162 392
162 391
163 391
163 390
164 390
164 389
165 389
166 389
167 389
168 389
169 389
170 389
170 388
170 387
170 386
170 385
170 384
169 384
169 383
168 383
168 382
167 382
166 382
165 382
164 382
163 382
162 382
162 381
161 381
160 381
159 381
159 380
158 380
157 380
156 380
155 380
155 379
155 378
154 378
154 377
153 377
152 377
152 376
152 375
152 374
152 373
152 372
152 371
151 371
150 371
150 370
149 370
149 371
148 371
147 371
146 371
145 371
145 372
144 372
144 373
143 373
142 373
141 373
140 373
139 373
138 373
138 374
137 374
137 373
137 372
136 372
136 371
136 370
135 370
135 369
135 368
134 368
134 367
134 366
134 365
133 365
132 365
132 366
131 366
130 366
129 366
128 366
127 366
126 366
125 366
124 366
124 367
123 367
123 368
122 368
122 369
121 369
121 370
120 370
120 371
119 371
119 370
119 369
119 368
119 367
119 366
119 365
118 365
118 364
118 363
117 363
117 362
116 362
115 362
115 361
114 361
113 361
112 361
112 360
111 360
110 360
109 360
109 359
108 359
108 358
107 358
107 357
106 357
106 356
152 454
152 455
151 455
151 456
151 457
151 458
151 459
151 460
151 461
151 462
151 463
152 463
153 463
153 464
154 464
155 464
155 465
156 465
157 465
157 466
157 467
157 468
157 469
157 470
158 470
158 471
158 472
158 473
159 473
159 474
158 474
158 475
157 475
157 476
156 476
156 477
155 477
155 478
155 479
154 479
153 479
152 479
151 479
150 479
149 479
148 479
147 479
146 479
145 479
145 478
144 478
143 478
143 477
142 477
141 477
141 476
140 476
140 475
139 475
139 474
138 474
138 473
137 473
136 473
135 473
134 473
133 473
133 474
132 474
131 474
130 474
129 474
129 475
128 475
128 476
94 191
95 191
94 192
93 192
93 193
92 193
92 194
91 194
91 195
91 196
91 197
90 197
89 197
89 198
88 198
87 198
87 199
87 200
86 200
86 201
85 201
85 202
84 202
84 203
83 203
82 203
81 203
80 203
80 204
79 204
79 205
78 205
78 206
77 206
77 207
76 207
76 208
75 208
75 209
75 210
75 211
75 212
75 213
75 214
75 215
76 215
76 216
76 217
76 218
76 219
77 219
77 220
76 220
75 220
74 220
73 220
72 220
71 220
70 220
69 220
68 220
67 220
67 221
67 222
67 223
67 224
67 225
67 226
67 227
67 228
67 229
67 230
66 230
66 231
65 231
65 232
64 232
63 232
63 233
62 233
61 233
61 234
60 234
60 235
59 235
59 236
58 236
58 237
57 237
57 238
56 238
56 239
55 239
55 240
54 240
54 241
53 241
53 242
52 242
52 243
52 244
51 244
51 245
51 246
50 246
50 247
51 247
51 248
51 249
52 249
52 250
52 251
52 252
52 253
53 253
53 254
54 254
54 255
55 255
56 255
57 255
58 255
95 190
95 189
96 189
96 188
97 188
97 187
98 187
98 186
99 186
99 185
100 185
101 185
102 185
103 185
104 185
104 184
105 184
105 183
105 182
106 182
107 182
108 182
109 182
110 182
110 181
111 181
111 180
111 179
111 178
111 177
111 176
111 175
111 174
111 173
111 172
111 171
111 170
112 170
112 169
113 169
113 168
114 168
114 167
115 167
116 167
117 167
118 167
119 167
120 167
121 167
122 167
123 167
123 166
123 165
123 164
123 163
123 162
123 161
123 160
123 159
123 158
123 157
123 156
123 155
122 155
122 154
122 153
121 153
121 152
121 151
121 150
121 149
121 148
121 147
121 146
120 146
120 145
120 144
119 144
119 143
118 143
118 142
117 142
117 141
116 141
116 140
116 139
116 138
116 137
117 137
117 136
118 136
118 135
119 135
120 135
120 134
121 134
121 133
122 133
122 132
122 131
123 131
123 130
123 129
123 128
124 128
124 127
124 126
124 125
124 124
124 123
125 123
125 122
126 122
127 122
128 122
128 123
128 124
129 124
129 125
130 125
130 126
131 126
131 127
132 127
133 127
133 128
133 129
134 129
135 129
136 129
137 129
138 129
139 129
140 129
141 129
141 128
141 127
142 127
142 126
142 125
143 125
143 124
143 123
143 122
144 122
144 121
145 121
145 120
146 120
147 120
147 119
148 119
148 118
149 118
149 117
150 117
151 117
152 117
152 118
153 118
154 118
155 118
156 118
157 118
157 119
158 119
158 118
159 118
159 117
160 117
161 117
162 117
163 117
164 117
165 117
166 117
167 117
168 117
169 117
170 117
171 117
172 117
173 117
174 117
174 116
175 116
175 115
176 115
176 114
176 113
176 112
176 111
176 110
176 109
177 109
178 109
178 108
179 108
180 108
181 108
182 108
183 108
183 107
184 107
185 107
185 108
186 108
187 108
188 108
189 108
190 108
191 108
191 109
192 109
192 110
193 110
193 111
194 111
194 112
193 112
193 113
193 114
193 115
193 116
192 116
192 117
192 118
192 119
192 120
192 121
192 122
192 123
193 123
193 124
194 124
194 125
195 125
196 125
197 125
198 125
199 125
199 126
200 126
200 127
201 127
202 127
203 127
204 127
204 126
205 126
206 126
206 125
207 125
208 125
209 125
209 124
210 124
210 123
211 123
212 123
213 123
214 123
215 123
216 123
217 123
219 325
219 324
219 326
219 327
219 328
219 329
219 330
219 331
220 331
220 332
221 332
221 333
222 333
223 333
224 333
225 333
225 334
225 335
224 335
224 336
224 337
223 337
223 338
222 338
222 339
221 339
221 340
221 341
221 342
221 343
221 344
221 345
221 346
222 346
222 347
222 348
223 348
223 349
223 350
223 351
224 351
224 352
224 353
225 353
225 354
225 355
225 356
225 357
225 358
225 359
225 360
225 361
225 362
225 363
225 364
225 365
226 365
226 366
227 366
227 367
228 367
228 368
228 369
228 370
228 371
228 372
228 373
229 373
230 373
230 374
231 374
232 374
232 375
233 375
234 375
234 376
234 377
235 377
235 378
235 379
236 379
236 380
236 381
237 381
237 382
238 382
238 383
239 383
239 384
240 384
241 384
241 385
242 385
219 323
219 322
219 321
219 320
219 319
219 318
219 317
219 316
219 315
220 315
221 315
222 315
223 315
224 315
225 315
225 314
226 314
227 314
227 313
228 313
228 312
228 311
229 311
229 310
230 310
230 309
230 308
231 308
231 307
231 306
230 306
230 305
229 305
229 304
228 304
228 303
228 302
227 302
251 408
251 407
251 409
251 410
251 411
251 412
252 412
252 413
253 413
253 414
254 414
254 415
255 415
255 416
255 417
256 417
257 417
258 417
259 417
259 418
260 418
261 418
262 418
263 418
264 418
265 418
266 418
267 418
267 417
268 417
268 416
268 415
269 415
269 414
270 414
270 413
271 413
272 413
272 412
272 411
273 411
273 410
274 410
274 409
274 408
274 407
274 406
274 405
274 404
274 403
274 402
252 407
252 406
253 406
253 405
253 404
253 403
253 402
253 401
253 400
253 399
253 398
252 398
0 166
0 165
0 167
0 168
0 169
1 169
1 170
2 170
3 170
4 170
4 171
5 171
5 172
6 172
7 172
7 173
8 173
9 173
9 174
9 175
10 175
10 176
10 177
11 177
11 178
12 178
13 178
14 178
15 178
15 179
16 179
16 180
17 180
17 181
18 181
18 182
19 182
20 182
20 183
21 183
21 184
21 185
21 186
21 187
22 187
22 188
23 188
24 188
24 189
23 189
22 189
22 190
22 191
21 191
21 192
20 192
20 193
20 194
19 194
19 195
19 196
19 197
19 198
20 198
20 199
21 199
22 199
22 200
23 200
23 201
24 201
24 202
24 203
25 203
25 204
26 204
26 205
27 205
27 206
28 206
28 207
28 208
29 208
29 209
29 210
29 211
30 211
30 212
31 212
31 213
32 213
32 214
33 214
33 215
34 215
35 215
35 216
36 216
37 216
38 216
39 216
40 216
41 216
42 216
43 216
43 215
44 215
44 214
44 213
45 213
45 212
46 212
46 211
47 211
47 210
48 210
49 210
50 210
51 210
52 210
53 210
54 210
55 210
56 210
57 210
57 211
57 212
58 212
58 213
58 214
59 214
59 215
60 215
61 215
61 216
62 216
63 216
63 217
64 217
64 218
65 218
65 219
66 219
66 220
0 164
0 163
0 162
0 161
0 160
282 199
282 198
282 200
282 201
282 202
282 203
283 203
283 204
284 204
284 205
284 206
284 207
284 208
284 209
284 210
284 211
284 212
284 213
284 214
283 214
283 215
282 215
282 216
282 217
281 217
281 218
280 218
280 217
279 217
279 216
278 216
277 216
276 216
275 216
274 216
273 216
272 216
271 216
270 216
269 216
268 216
267 216
266 216
265 216
264 216
263 216
262 216
262 217
262 218
261 218
261 219
261 220
260 220
259 220
258 220
257 220
256 220
255 220
254 220
253 220
252 220
251 220
250 220
250 221
249 221
249 222
248 222
248 221
248 220
248 219
247 219
247 218
246 218
246 217
245 217
244 217
244 216
243 216
242 216
242 215
241 215
240 215
240 214
239 214
238 214
238 215
237 215
236 215
235 215
234 215
233 215
232 215
231 215
230 215
229 215
229 216
229 217
230 217
230 218
230 219
230 220
230 221
230 222
231 222
231 223
231 224
231 225
231 226
231 227
230 227
230 228
229 228
228 228
227 228
226 228
225 228
225 229
224 229
223 229
222 229
221 229
220 229
219 229
218 229
217 229
216 229
216 228
215 228
215 227
214 227
214 226
213 226
213 225
213 224
213 223
213 222
213 221
213 220
213 219
213 218
212 218
211 218
210 218
209 218
209 219
208 219
208 220
207 220
207 221
206 221
206 222
205 222
204 222
204 223
203 223
203 224
202 224
201 224
200 224
199 224
198 224
198 225
198 226
198 227
197 227
197 228
197 229
197 230
196 230
196 231
196 232
195 232
194 232
194 231
193 231
193 230
192 230
192 229
191 229
191 228
190 228
190 227
189 227
188 227
188 226
187 226
186 226
185 226
184 226
184 227
183 227
182 227
182 228
181 228
180 228
179 228
178 228
177 228
176 228
175 228
174 228
173 228
172 228
171 228
171 229
171 230
170 230
170 231
170 232
170 233
169 233
169 234
168 234
167 234
167 235
167 236
168 236
168 237
168 238
168 239
168 240
168 241
168 242
168 243
168 244
168 245
168 246
168 247
168 248
168 249
167 249
166 249
165 249
164 249
164 250
164 251
163 251
163 252
163 253
163 254
162 254
162 255
162 256
161 256
161 257
161 258
161 259
160 259
160 260
159 260
159 261
158 261
158 262
157 262
156 262
156 263
155 263
154 263
153 263
152 263
152 262
151 262
150 262
149 262
148 262
147 262
147 261
147 260
147 259
147 258
147 257
147 256
282 197
282 196
282 195
281 195
281 194
280 194
280 193
279 193
278 193
278 192
277 192
277 191
276 191
275 191
275 190
274 190
274 189
273 189
273 190
272 190
272 191
271 191
270 191
269 191
268 191
267 191
267 192
266 192
266 193
266 194
266 195
266 196
266 197
266 198
266 199
266 200
266 201
266 202
266 203
266 204
266 205
266 206
266 207
265 207
265 208
264 208
264 209
264 210
263 210
263 211
262 211
262 212
262 213
262 214
262 215
284 177
284 176
284 178
284 179
283 179
283 180
282 180
281 180
281 181
280 181
280 182
279 182
279 181
278 181
277 181
277 180
276 180
275 180
274 180
273 180
272 180
271 180
271 179
270 179
269 179
269 180
269 181
268 181
268 182
268 183
267 183
267 184
266 184
266 185
265 185
264 185
264 186
264 187
265 187
265 188
266 188
266 189
266 190
266 191
285 176
285 175
286 175
286 174
287 174
288 174
289 174
290 174
291 174
291 173
291 172
292 172
292 171
292 170
292 169
292 168
292 167
292 166
292 165
292 164
291 164
291 163
290 163
290 162
289 162
289 161
288 161
288 160
287 160
287 159
286 159
286 158
285 158
284 158
283 158
283 157
282 157
281 157
281 156
280 156
279 156
278 156
277 156
276 156
275 156
274 156
274 157
273 157
272 157
272 158
271 158
271 159
270 159
270 160
270 161
269 161
269 162
268 162
268 163
267 163
266 163
266 164
265 164
265 165
265 166
265 167
265 168
265 169
265 170
266 170
266 171
266 172
266 173
266 174
266 175
266 176
266 177
266 178
266 179
266 180
266 181
266 182
266 183
19 454
18 454
20 454
21 454
22 454
23 454
24 454
25 454
26 454
27 454
27 455
28 455
29 455
30 455
30 456
31 456
31 457
32 457
32 458
32 459
33 459
33 460
34 460
34 461
35 461
36 461
36 460
37 460
38 460
38 459
39 459
39 458
40 458
40 457
40 456
40 455
40 454
41 454
41 453
42 453
42 452
43 452
44 452
45 452
46 452
47 452
48 452
49 452
50 452
50 451
51 451
52 451
52 450
53 450
54 450
54 449
55 449
56 449
57 449
58 449
59 449
60 449
60 450
61 450
61 451
62 451
62 452
63 452
64 452
65 452
66 452
67 452
68 452
69 452
69 453
18 453
17 453
17 452
17 451
17 450
16 450
16 449
16 448
16 447
16 446
16 445
16 444
16 443
15 443
15 442
15 441
16 441
17 441
18 441
19 441
20 441
21 441
22 441
23 441
23 440
23 439
23 438
23 437
23 436
24 436
24 435
24 434
25 434
26 434
27 434
27 433
28 433
29 433
29 432
30 432
31 432
32 432
32 431
33 431
33 430
33 429
33 428
33 427
33 426
34 426
34 425
35 425
35 424
36 424
36 423
37 423
37 422
38 422
39 422
39 421
39 420
39 419
39 418
39 417
40 417
40 416
41 416
42 416
42 415
43 415
44 415
45 415
46 415
46 416
47 416
47 415
48 415
48 414
49 414
49 413
50 413
50 412
51 412
51 411
51 410
51 409
52 409
52 408
52 407
52 406
53 406
54 406
55 406
56 406
57 406
105 96
105 97
104 96
103 96
103 95
103 94
102 94
102 93
101 93
101 92
100 92
100 91
100 90
100 89
99 89
98 89
97 89
96 89
95 89
94 89
93 89
93 88
92 88
92 87
92 86
91 86
91 85
91 84
91 83
91 82
90 82
90 81
89 81
89 80
88 80
87 80
87 79
86 79
85 79
84 79
83 79
83 78
83 77
83 76
83 75
83 74
83 73
83 72
83 71
84 71
84 70
84 69
84 68
85 68
85 67
85 66
86 66
87 66
87 65
88 65
88 64
88 63
88 62
88 61
88 60
88 59
88 58
87 58
87 57
86 57
85 57
84 57
83 57
83 56
82 56
81 56
80 56
80 55
79 55
79 54
78 54
77 54
76 54
76 53
75 53
74 53
74 52
73 52
72 52
72 51
71 51
70 51
69 51
68 51
67 51
66 51
65 51
64 51
63 51
62 51
61 51
60 51
59 51
58 51
57 51
56 51
55 51
55 50
54 50
53 50
52 50
51 50
51 51
50 51
49 51
48 51
47 51
47 50
46 50
46 51
45 51
44 51
43 51
42 51
41 51
40 51
39 51
38 51
37 51
36 51
35 51
34 51
33 51
32 51
31 51
30 51
29 51
28 51
27 51
27 52
27 53
26 53
26 52
26 51
26 50
26 49
26 48
26 47
26 46
26 45
26 44
26 43
26 42
26 41
26 40
26 39
26 38
26 37
26 36
26 35
26 34
26 33
27 33
27 32
28 32
106 97
106 98
107 98
107 99
108 99
108 100
109 100
109 101
110 101
110 102
110 103
111 103
111 104
111 105
111 106
112 106
112 107
112 108
112 109
112 110
112 111
112 112
112 113
113 113
114 113
114 114
115 114
116 114
117 114
118 114
118 115
119 115
120 115
120 114
121 114
121 113
122 113
122 112
122 111
122 110
122 109
122 108
122 107
123 107
123 106
124 106
125 106
126 106
127 106
128 106
129 106
130 106
131 106
131 107
132 107
132 108
132 109
133 109
133 110
134 110
135 110
135 111
136 111
137 111
137 112
138 112
139 112
139 113
140 113
141 113
142 113
143 113
144 113
145 113
145 114
146 114
146 115
147 115
148 115
148 116
149 116
150 116
213 73
213 74
213 72
213 71
213 70
214 70
214 69
215 69
215 68
216 68
216 67
217 67
217 66
218 66
219 66
219 65
219 64
220 64
220 63
220 62
220 61
221 61
221 60
221 59
221 58
221 57
221 56
221 55
221 54
221 53
221 52
213 75
213 76
213 77
212 77
212 78
212 79
212 80
212 81
212 82
212 83
211 83
211 82
210 82
209 82
208 82
207 82
206 82
206 81
206 80
205 80
205 79
205 78
204 78
204 77
203 77
203 76
202 76
201 76
200 76
199 76
198 76
197 76
196 76
195 76
194 76
193 76
193 77
192 77
191 77
191 78
190 78
190 79
190 80
189 80
189 81
189 82
189 83
189 84
189 85
189 86
190 86
190 87
189 87
189 88
188 88
188 89
188 90
187 90
187 91
187 92
186 92
186 93
185 93
184 93
184 94
183 94
182 94
181 94
181 95
180 95
180 96
180 97
180 98
180 99
179 99
179 100
179 101
179 102
180 102
180 103
181 103
181 104
181 105
182 105
182 106
183 106
184 106
14 200
13 200
15 200
16 200
16 199
17 199
18 199
19 199
13 201
12 201
12 202
11 202
11 203
10 203
10 204
10 205
9 205
9 206
9 207
9 208
9 209
9 210
9 211
9 212
9 213
9 214
9 215
9 216
9 217
8 217
8 218
7 218
6 218
6 219
5 219
4 219
3 219
2 219
1 219
0 219
0 220
0 221
0 222
0 223
0 224
0 225
0 226
0 227
0 228
0 229
0 230
0 231
0 232
0 233
0 234
1 234
2 234
3 234
4 234
5 234
5 235
6 235
6 236
7 236
8 236
8 237
9 237
10 237
10 236
11 236
12 236
13 236
14 236
15 236
16 236
17 236
18 236
19 236
20 236
21 236
22 236
22 235
23 235
24 235
24 234
25 234
25 233
26 233
27 233
27 232
28 232
29 232
29 231
30 231
31 231
32 231
33 231
33 230
33 229
33 228
33 227
34 227
34 226
34 225
33 225
32 225
31 225
31 224
30 224
29 224
29 223
28 223
28 222
28 221
28 220
28 219
28 218
28 217
28 216
28 215
28 214
29 214
30 214
31 214
324 253
323 253
325 253
325 252
326 252
326 251
327 251
327 250
328 250
328 249
329 249
330 249
330 248
331 248
332 248
333 248
334 248
335 248
336 248
336 247
337 247
337 246
338 246
338 245
339 245
339 244
340 244
341 244
342 244
343 244
344 244
344 243
345 243
345 244
346 244
347 244
348 244
349 244
350 244
351 244
352 244
353 244
354 244
354 245
355 245
355 246
356 246
357 246
358 246
359 246
360 246
361 246
362 246
363 246
363 247
363 248
363 249
363 250
363 251
363 252
363 253
363 254
364 254
364 255
364 256
365 256
365 257
366 257
367 257
367 258
368 258
368 259
369 259
370 259
371 259
372 259
373 259
374 259
374 258
374 257
375 257
375 256
376 256
376 255
377 255
377 254
378 254
378 253
379 253
379 252
379 251
380 251
380 250
380 249
381 249
381 248
382 248
382 247
382 246
382 245
382 244
382 243
382 242
382 241
382 240
383 240
383 239
383 238
383 237
384 237
384 236
384 235
385 235
385 234
386 234
386 233
387 233
387 232
388 232
389 232
390 232
390 231
391 231
391 230
392 230
393 230
393 229
394 229
394 228
395 228
395 227
396 227
396 226
397 226
397 225
398 225
399 225
400 225
401 225
402 225
402 224
403 224
404 224
404 223
405 223
405 222
406 222
406 221
407 221
407 220
408 220
408 219
409 219
409 218
410 218
410 217
410 216
410 215
411 215
412 215
412 214
413 214
414 214
415 214
416 214
416 213
416 212
416 211
416 210
416 209
416 208
416 207
416 206
416 205
416 204
416 203
416 202
416 201
417 201
417 200
417 199
417 198
417 197
417 196
417 195
417 194
417 193
417 192
417 191
417 190
418 190
419 190
419 189
420 189
421 189
421 188
422 188
422 187
423 187
423 186
423 185
423 184
423 183
423 182
424 182
424 183
425 183
426 183
427 183
428 183
429 183
430 183
430 182
430 181
431 181
432 181
432 180
433 180
433 179
433 178
433 177
433 176
433 175
433 174
433 173
432 173
432 172
431 172
430 172
430 171
429 171
428 171
427 171
426 171
426 170
425 170
424 170
424 169
423 169
423 168
422 168
422 167
421 167
421 166
420 166
419 166
418 166
417 166
416 166
415 166
414 166
413 166
413 165
412 165
412 164
412 163
412 162
412 161
412 160
411 160
411 159
411 158
410 158
410 157
410 156
409 156
409 155
409 154
408 154
408 153
322 253
321 253
320 253
319 253
319 252
319 251
318 251
317 251
316 251
316 252
316 253
316 254
315 254
315 255
315 256
314 256
314 257
313 257
313 258
312 258
312 259
312 260
312 261
312 262
312 263
312 264
312 265
312 266
312 267
311 267
310 267
309 267
308 267
308 268
307 268
307 269
306 269
306 270
306 271
306 272
306 273
306 274
306 275
306 276
305 276
305 277
304 277
304 278
304 279
304 280
304 281
304 282
304 283
304 284
304 285
303 285
303 286
303 287
303 288
303 289
303 290
303 291
303 292
303 293
303 294
303 295
303 296
303 297
302 297
302 298
302 299
302 300
302 301
301 301
300 301
300 302
299 302
298 302
297 302
297 303
296 303
295 303
294 303
293 303
292 303
291 303
291 304
291 305
291 306
291 307
291 308
292 308
292 309
293 309
293 310
294 310
294 311
294 312
294 313
294 314
294 315
294 316
294 317
294 318
294 319
294 320
293 320
293 321
293 322
293 323
294 323
294 324
295 324
296 324
297 324
298 324
298 325
299 325
299 326
300 326
300 327
301 327
302 327
302 326
303 326
304 326
305 326
306 326
307 326
308 326
309 326
310 326
310 327
311 327
312 327
312 328
312 329
313 329
313 330
313 331
314 331
314 332
314 333
314 334
314 335
313 335
313 336
313 337
312 337
312 338
312 339
311 339
311 340
310 340
310 341
310 342
310 343
310 344
310 345
310 346
310 347
311 347
311 348
312 348
312 349
313 349
314 349
315 349
316 349
317 349
318 349
319 349
320 349
321 349
321 350
322 350
322 351
323 351
323 352
323 353
323 354
323 355
323 356
323 357
322 357
322 358
322 359
321 359
321 360
321 361
321 362
321 363
321 364
321 365
321 366
321 367
322 367
322 366
323 366
324 366
325 366
326 366
327 366
328 366
328 365
329 365
329 364
330 364
330 363
331 363
332 363
333 363
334 363
334 362
335 362
336 362
336 363
337 363
338 363
338 364
339 364
340 364
340 365
341 365
342 365
342 366
343 366
343 367
343 368
344 368
344 369
344 370
344 371
344 372
344 373
344 374
344 375
344 376
344 377
344 378
344 379
344 380
345 380
345 381
345 382
345 383
345 384
345 385
345 386
345 387
345 388
345 389
345 390
345 391
345 392
346 392
346 393
346 394
347 394
347 395
348 395
348 396
349 396
350 396
351 396
352 396
352 397
353 397
353 398
354 398
354 399
355 399
356 399
357 399
358 399
359 399
360 399
360 400
360 401
360 402
360 403
359 403
359 404
359 405
359 406
359 407
360 407
360 408
360 409
360 410
360 411
360 412
360 413
360 414
360 415
360 416
360 417
360 418
267 507
267 508
266 507
265 507
264 507
264 506
263 506
263 505
262 505
261 505
261 504
261 503
260 503
260 502
259 502
259 501
258 501
257 501
257 500
256 500
255 500
254 500
253 500
252 500
251 500
250 500
249 500
249 499
250 499
250 498
250 497
250 496
250 495
250 494
250 493
250 492
250 491
249 491
249 490
248 490
247 490
246 490
245 490
244 490
244 491
243 491
243 492
243 493
242 493
242 494
268 508
269 508
269 509
270 509
270 510
271 510
271 511
272 511
273 511
274 511
275 511
276 511
277 511
278 511
279 511
280 511
281 511
282 511
283 511
284 511
285 511
286 511
287 511
288 511
289 511
290 511
291 511
292 511
293 511
294 511
295 511
296 511
297 511
298 511
298 510
299 510
299 509
299 508
300 508
300 507
301 507
302 507
303 507
304 507
305 507
305 506
306 506
307 506
307 505
308 505
309 505
310 505
311 505
312 505
313 505
314 505
315 505
316 505
317 505
318 505
319 505
320 505
321 505
321 504
321 503
322 503
322 502
322 501
322 500
322 499
322 498
322 497
322 496
322 495
322 494
323 494
323 493
324 493
325 493
326 493
326 492
327 492
327 491
326 491
325 491
324 491
323 491
322 491
321 491
321 490
321 489
321 488
321 487
321 486
321 485
320 485
320 484
319 484
319 483
319 482
319 481
319 480
319 479
319 478
319 477
319 476
318 476
317 476
316 476
315 476
314 476
313 476
312 476
311 476
310 476
309 476
309 475
308 475
308 474
307 474
307 473
306 473
305 473
305 472
305 471
305 470
305 469
305 468
305 467
306 467
306 466
307 466
307 465
307 464
307 463
307 462
307 461
307 460
307 459
307 458
308 458
308 457
308 456
308 455
308 454
309 454
309 453
309 452
310 452
310 451
310 450
311 450
311 449
311 448
311 447
311 446
311 445
311 444
311 443
311 442
310 442
310 441
310 440
310 439
309 439
309 438
309 437
308 437
308 436
307 436
307 435
307 434
307 433
307 432
307 431
307 430
307 429
308 429
309 429
310 429
310 428
311 428
372 271
372 270
372 272
371 272
371 273
371 274
371 275
371 276
371 277
372 277
372 278
372 279
372 280
372 281
372 282
372 283
372 284
372 285
372 286
373 286
373 287
374 287
374 288
375 288
375 289
376 289
377 289
377 290
377 291
377 292
377 293
377 294
377 295
378 295
378 296
377 296
376 296
375 296
374 296
373 296
373 297
372 297
372 298
371 298
370 298
370 299
369 299
368 299
368 300
367 300
366 300
365 300
365 301
364 301
364 302
364 303
363 303
363 304
363 305
363 306
363 307
363 308
363 309
362 309
361 309
360 309
360 310
359 310
359 311
359 312
358 312
358 313
358 314
358 315
358 316
358 317
358 318
358 319
358 320
357 320
357 321
357 322
357 323
357 324
357 325
357 326
357 327
357 328
356 328
356 329
355 329
355 330
355 331
355 332
354 332
354 333
353 333
353 334
352 334
352 335
351 335
350 335
350 336
349 336
349 337
348 337
347 337
347 338
346 338
345 338
345 339
344 339
344 340
343 340
342 340
342 341
341 341
341 342
340 342
340 343
339 343
339 344
338 344
337 344
336 344
335 344
334 344
334 345
333 345
332 345
331 345
330 345
330 346
329 346
329 347
328 347
327 347
326 347
326 348
325 348
325 349
324 349
324 350
323 350
372 269
372 268
372 267
372 266
372 265
372 264
372 263
372 262
372 261
372 260
371 260
370 260
369 260
113 59
113 60
112 59
111 59
111 58
110 58
109 58
108 58
107 58
106 58
105 58
104 58
103 58
102 58
101 58
101 57
100 57
100 56
99 56
98 56
97 56
96 56
95 56
94 56
93 56
92 56
91 56
91 57
90 57
89 57
88 57
114 60
115 60
116 60
117 60
118 60
119 60
119 59
120 59
121 59
121 58
122 58
122 57
122 56
122 55
123 55
123 54
124 54
124 53
125 53
125 52
126 52
127 52
127 51
128 51
128 52
129 52
130 52
130 53
131 53
132 53
133 53
133 54
134 54
135 54
136 54
137 54
138 54
138 55
139 55
139 56
140 56
141 56
142 56
143 56
144 56
145 56
145 57
146 57
146 58
146 59
147 59
148 59
148 60
149 60
150 60
151 60
152 60
153 60
153 61
154 61
154 62
154 63
155 63
155 64
156 64
157 64
158 64
159 64
160 64
161 64
162 64
162 65
163 65
164 65
165 65
166 65
167 65
168 65
169 65
170 65
171 65
172 65
173 65
173 66
174 66
174 67
174 68
174 69
175 69
175 70
176 70
176 71
176 72
176 73
176 74
176 75
176 76
177 76
177 77
178 77
178 78
178 79
179 79
179 80
180 80
181 80
181 81
182 81
182 82
183 82
184 82
185 82
186 82
186 83
187 83
187 84
188 84
188 85
293 477
294 477
293 478
292 478
292 479
291 479
291 480
291 481
290 481
290 482
290 483
289 483
288 483
287 483
287 482
286 482
285 482
284 482
283 482
282 482
281 482
280 482
279 482
278 482
278 481
278 480
277 480
277 479
276 479
275 479
274 479
273 479
272 479
271 479
270 479
269 479
269 480
268 480
268 481
268 482
267 482
266 482
265 482
264 482
263 482
263 481
262 481
262 482
262 483
261 483
260 483
259 483
258 483
257 483
256 483
255 483
255 482
254 482
254 481
253 481
253 480
252 480
251 480
250 480
249 480
248 480
247 480
247 479
246 479
246 480
246 481
246 482
245 482
245 483
244 483
243 483
242 483
242 484
241 484
241 485
240 485
240 486
240 487
240 488
240 489
240 490
240 491
240 492
240 493
240 494
241 494
294 476
295 476
295 475
296 475
296 474
297 474
297 473
298 473
299 473
299 472
300 472
301 472
302 472
302 471
303 471
303 470
303 469
304 469
304 468
153 204
152 204
153 205
154 205
154 206
154 207
155 207
155 208
155 209
156 209
156 210
157 210
157 211
158 211
158 212
159 212
160 212
161 212
162 212
163 212
164 212
165 212
166 212
167 212
167 213
167 214
167 215
167 216
167 217
167 218
167 219
167 220
167 221
167 222
167 223
168 223
169 223
170 223
171 223
171 224
171 225
171 226
171 227
152 203
151 203
150 203
150 202
149 202
149 201
148 201
148 200
148 199
148 198
148 197
148 196
148 195
149 195
149 194
149 193
149 192
149 191
149 190
149 189
149 188
148 188
148 189
148 190
147 190
146 190
145 190
144 190
143 190
142 190
141 190
140 190
139 190
139 189
138 189
137 189
137 188
136 188
135 188
135 187
135 186
135 185
135 184
135 183
135 182
135 181
135 180
135 179
135 178
134 178
134 177
133 177
133 176
133 175
132 175
131 175
131 174
130 174
130 173
129 173
128 173
127 173
126 173
125 173
124 173
123 173
122 173
121 173
121 172
121 171
121 170
121 169
121 168
122 168
480 467
480 466
480 468
480 469
480 470
480 471
480 472
480 473
480 474
480 475
480 476
480 477
479 477
478 477
478 478
477 478
477 479
476 479
476 480
475 480
475 481
475 482
475 483
475 484
475 485
474 485
474 486
473 486
472 486
471 486
470 486
469 486
468 486
467 486
466 486
465 486
464 486
463 486
462 486
462 485
461 485
460 485
459 485
458 485
458 484
457 484
456 484
456 483
456 482
455 482
455 481
454 481
454 482
454 483
454 484
454 485
454 486
454 487
454 488
454 489
453 489
453 488
452 488
452 487
451 487
450 487
449 487
449 488
448 488
447 488
447 489
446 489
446 490
445 490
445 491
444 491
444 492
444 493
443 493
443 494
442 494
441 494
440 494
439 494
438 494
437 494
437 495
436 495
435 495
435 496
434 496
434 497
433 497
433 498
432 498
432 499
432 500
432 501
432 502
431 502
431 503
430 503
430 504
429 504
428 504
428 503
428 502
428 501
427 501
426 501
425 501
424 501
423 501
422 501
421 501
420 501
419 501
418 501
417 501
416 501
415 501
414 501
413 501
413 500
412 500
411 500
410 500
410 499
409 499
408 499
408 498
408 497
408 496
407 496
407 495
407 494
406 494
406 493
405 493
404 493
403 493
402 493
401 493
400 493
399 493
399 492
398 492
397 492
397 491
396 491
396 490
395 490
395 489
394 489
394 488
394 487
394 486
394 485
394 484
394 483
393 483
393 482
392 482
392 481
391 481
391 480
390 480
390 479
389 479
388 479
387 479
386 479
385 479
384 479
384 480
384 481
384 482
383 482
383 483
382 483
382 482
381 482
380 482
379 482
378 482
377 482
377 481
376 481
376 480
376 479
376 478
375 478
375 477
375 476
375 475
375 474
375 473
375 472
375 471
375 470
375 469
375 468
375 467
374 467
373 467
372 467
371 467
370 467
370 466
369 466
369 465
368 465
368 464
367 464
367 463
367 462
366 462
366 461
365 461
365 460
364 460
364 461
363 461
363 462
362 462
362 463
361 463
361 464
360 464
360 465
360 466
360 467
359 467
359 468
358 468
358 469
357 469
356 469
355 469
354 469
353 469
353 470
352 470
352 471
351 471
350 471
350 472
349 472
349 473
348 473
348 474
347 474
347 475
346 475
346 476
345 476
344 476
344 477
343 477
343 478
343 479
343 480
343 481
343 482
343 483
343 484
343 485
343 486
342 486
341 486
340 486
339 486
339 487
338 487
337 487
337 488
336 488
335 488
335 489
334 489
333 489
332 489
332 490
331 490
330 490
329 490
328 490
328 491
481 466
481 465
482 465
482 464
482 463
482 462
482 461
482 460
482 459
482 458
482 457
482 456
482 455
482 454
483 454
483 453
483 452
483 451
483 450
483 449
483 448
484 448
485 448
485 447
486 447
487 447
487 446
487 445
488 445
488 444
488 443
487 443
487 442
486 442
485 442
485 441
484 441
484 440
483 440
483 439
483 438
482 438
482 437
481 437
481 436
481 435
480 435
480 434
480 433
479 433
479 432
479 431
478 431
478 430
477 430
203 397
204 397
202 397
201 397
200 397
200 396
199 396
199 395
198 395
197 395
197 394
196 394
196 393
195 393
194 393
194 392
193 392
192 392
192 391
191 391
191 390
191 389
190 389
190 388
189 388
188 388
188 387
187 387
186 387
185 387
185 386
184 386
183 386
183 385
183 384
182 384
182 383
181 383
181 382
180 382
179 382
178 382
177 382
176 382
176 383
175 383
174 383
173 383
172 383
171 383
170 383
205 397
206 397
207 397
208 397
209 397
209 396
210 396
210 395
211 395
211 394
211 393
211 392
211 391
212 391
212 390
212 389
213 389
213 388
213 387
213 386
214 386
214 385
215 385
216 385
217 385
217 384
218 384
218 383
219 383
219 382
220 382
220 381
221 381
222 381
223 381
224 381
225 381
226 381
227 381
228 381
229 381
230 381
230 380
231 380
231 379
232 379
232 378
232 377
232 376
233 376
439 258
438 258
440 258
441 258
442 258
443 258
444 258
445 258
446 258
447 258
447 257
447 256
448 256
448 255
449 255
449 254
449 253
450 253
450 252
450 251
451 251
451 250
452 250
452 249
452 248
452 247
452 246
452 245
452 244
453 244
453 243
452 243
452 242
451 242
451 241
450 241
449 241
448 241
447 241
446 241
445 241
445 240
437 258
436 258
435 258
434 258
433 258
433 259
432 259
431 259
430 259
429 259
429 260
429 261
429 262
429 263
429 264
428 264
427 264
426 264
426 265
425 265
425 266
425 267
425 268
425 269
425 270
425 271
425 272
424 272
423 272
423 273
422 273
421 273
421 274
420 274
420 273
419 273
418 273
417 273
417 274
416 274
415 274
414 274
414 275
413 275
412 275
411 275
410 275
410 276
409 276
408 276
408 277
407 277
406 277
405 277
405 278
404 278
404 279
403 279
403 280
402 280
401 280
400 280
399 280
398 280
398 281
398 282
397 282
397 283
397 284
397 285
397 286
396 286
395 286
395 287
394 287
394 288
393 288
392 288
391 288
391 289
390 289
389 289
388 289
387 289
386 289
385 289
384 289
384 288
383 288
383 287
382 287
382 286
381 286
381 285
380 285
380 284
379 284
379 283
378 283
377 283
376 283
376 284
375 284
374 284
374 285
373 285
235 268
235 269
235 267
235 266
235 265
236 265
236 264
237 264
238 264
238 263
239 263
239 262
239 261
239 260
239 259
240 259
241 259
241 258
241 257
241 256
241 255
241 254
241 253
242 253
242 252
242 251
243 251
244 251
244 250
245 250
246 250
247 250
248 250
249 250
249 249
250 249
251 249
252 249
253 249
254 249
254 248
253 248
252 248
251 248
250 248
250 247
249 247
248 247
247 247
247 246
247 245
247 244
247 243
247 242
247 241
247 240
247 239
247 238
247 237
246 237
245 237
245 236
246 236
246 235
247 235
248 235
248 234
249 234
250 234
250 233
251 233
251 232
252 232
252 231
252 230
253 230
253 229
254 229
254 228
254 227
254 226
254 225
254 224
254 223
254 222
254 221
255 221
235 270
235 271
235 272
235 273
235 274
235 275
235 276
235 277
235 278
235 279
235 280
235 281
234 281
233 281
233 282
233 283
232 283
232 284
231 284
231 285
230 285
230 286
230 287
229 287
229 288
228 288
228 289
227 289
227 290
228 290
228 291
229 291
229 292
229 293
229 294
229 295
229 296
229 297
229 298
229 299
229 300
228 300
228 301
227 301
227 436
226 436
228 436
229 436
230 436
231 436
231 435
231 434
232 434
232 433
232 432
232 431
233 431
234 431
235 431
236 431
237 431
237 430
238 430
239 430
239 429
240 429
240 428
241 428
241 427
242 427
242 428
243 428
243 429
244 429
245 429
246 429
247 429
248 429
249 429
249 428
250 428
251 428
252 428
252 427
253 427
253 426
254 426
254 425
254 424
254 423
254 422
255 422
255 421
255 420
256 420
256 419
257 419
258 419
259 419
225 436
225 435
224 435
224 436
223 436
222 436
221 436
220 436
220 437
219 437
219 438
218 438
218 439
217 439
217 440
217 441
216 441
216 442
215 442
215 443
215 444
215 445
215 446
215 447
215 448
214 448
214 447
213 447
213 446
212 446
211 446
210 446
209 446
209 445
208 445
208 446
208 447
208 448
208 449
208 450
208 451
207 451
207 452
206 452
205 452
204 452
203 452
203 453
202 453
201 453
201 454
200 454
199 454
198 454
197 454
196 454
196 455
195 455
195 456
194 456
194 457
194 458
194 459
194 460
194 461
194 462
193 462
192 462
191 462
191 461
190 461
189 461
189 460
188 460
188 459
187 459
187 458
186 458
186 457
185 457
184 457
183 457
183 456
183 455
182 455
182 454
181 454
181 453
181 452
181 451
181 450
181 449
180 449
180 448
179 448
178 448
178 447
177 447
176 447
175 447
174 447
174 446
173 446
173 445
173 444
173 443
173 442
173 441
173 440
173 439
173 438
173 437
173 436
172 436
172 435
171 435
171 434
153 30
153 31
153 29
153 28
152 28
152 27
151 27
151 26
151 25
150 25
149 25
149 24
149 23
149 22
149 21
149 20
148 20
148 19
147 19
147 18
146 18
145 18
144 18
143 18
142 18
142 19
141 19
141 20
140 20
139 20
138 20
137 20
136 20
135 20
134 20
134 21
153 32
153 33
153 34
154 34
154 35
154 36
154 37
154 38
154 39
154 40
154 41
154 42
154 43
154 44
154 45
154 46
154 47
154 48
154 49
154 50
153 50
153 51
152 51
151 51
150 51
150 52
149 52
148 52
148 53
148 54
147 54
147 55
147 56
147 57
147 58
213 464
213 465
213 463
213 462
212 462
212 461
212 460
212 459
212 458
212 457
212 456
212 455
211 455
211 454
210 454
210 453
209 453
209 452
208 452
213 466
213 467
213 468
214 468
215 468
216 468
216 469
217 469
218 469
219 469
220 469
220 470
221 470
222 470
223 470
224 470
225 470
226 470
227 470
228 470
229 470
230 470
231 470
232 470
233 470
233 471
234 471
235 471
235 472
236 472
237 472
237 473
238 473
239 473
240 473
241 473
242 473
243 473
244 473
244 474
244 475
244 476
245 476
245 477
245 478
246 478
41 482
42 482
41 483
41 484
41 485
41 486
41 487
41 488
41 489
41 490
40 490
40 491
39 491
38 491
37 491
36 491
35 491
34 491
33 491
32 491
31 491
30 491
29 491
28 491
27 491
26 491
25 491
25 492
24 492
24 493
23 493
23 494
23 495
23 496
22 496
22 497
22 498
21 498
21 499
20 499
42 481
42 480
43 480
43 479
44 479
44 478
45 478
46 478
47 478
48 478
48 477
49 477
49 476
49 475
49 474
49 473
49 472
49 471
48 471
47 471
46 471
46 470
45 470
44 470
44 469
43 469
42 469
42 468
41 468
41 467
40 467
40 466
40 465
40 464
40 463
40 462
39 462
39 461
38 461
37 461
296 257
296 256
296 258
296 259
297 259
297 260
298 260
298 261
299 261
299 262
299 263
300 263
300 264
300 265
301 265
301 266
302 266
303 266
303 267
304 267
305 267
305 268
306 268
296 255
296 254
296 253
296 252
296 251
296 250
296 249
296 248
296 247
296 246
297 246
297 245
297 244
297 243
297 242
297 241
297 240
297 239
298 239
298 238
298 237
299 237
299 236
299 235
298 235
297 235
296 235
296 234
295 234
294 234
293 234
293 235
292 235
291 235
290 235
289 235
288 235
287 235
286 235
285 235
284 235
283 235
283 236
282 236
281 236
280 236
279 236
278 236
278 235
278 234
278 233
278 232
278 231
278 230
278 229
279 229
279 228
279 227
279 226
280 226
280 225
280 224
280 223
280 222
280 221
280 220
280 219
0 144
0 145
0 143
0 142
0 141
0 140
0 139
0 138
0 137
0 136
0 135
0 134
0 133
0 132
0 131
0 130
0 129
0 128
0 127
0 126
0 125
0 124
0 123
0 122
0 121
1 121
2 121
2 120
3 120
4 120
5 120
6 120
7 120
8 120
9 120
10 120
10 119
11 119
12 119
12 118
12 117
13 117
13 116
14 116
14 115
15 115
16 115
17 115
18 115
19 115
19 116
20 116
20 115
20 114
20 113
21 113
21 112
21 111
21 110
21 109
21 108
21 107
21 106
21 105
22 105
23 105
24 105
24 104
25 104
26 104
26 103
26 102
27 102
28 102
29 102
30 102
31 102
31 101
32 101
32 100
32 99
32 98
32 97
32 96
32 95
32 94
31 94
31 93
31 92
31 91
31 90
31 89
31 88
31 87
31 86
32 86
32 85
32 84
32 83
32 82
32 81
32 80
33 80
33 79
32 79
32 78
32 77
32 76
32 75
32 74
32 73
31 73
31 72
32 72
32 71
32 70
33 70
33 69
34 69
35 69
36 69
36 68
37 68
38 68
38 67
39 67
39 66
40 66
40 65
41 65
41 64
41 63
42 63
42 62
42 61
43 61
44 61
44 60
45 60
45 59
45 58
45 57
45 56
45 55
46 55
46 54
47 54
47 53
47 52
0 146
0 147
0 148
0 149
0 150
0 151
0 152
0 153
0 154
0 155
0 156
0 157
0 158
0 159
271 59
270 59
271 60
272 60
272 61
273 61
273 62
274 62
275 62
275 63
276 63
277 63
278 63
278 64
278 65
278 66
278 67
278 68
279 68
280 68
281 68
282 68
283 68
284 68
285 68
285 67
286 67
286 66
287 66
287 65
287 64
288 64
288 63
288 62
289 62
289 61
270 58
269 58
269 57
268 57
268 56
268 55
267 55
266 55
265 55
264 55
263 55
262 55
261 55
260 55
259 55
258 55
258 56
257 56
257 57
256 57
255 57
254 57
253 57
252 57
251 57
250 57
249 57
248 57
247 57
246 57
245 57
244 57
243 57
242 57
242 56
241 56
241 55
240 55
239 55
239 54
236 153
237 153
235 153
234 153
233 153
232 153
231 153
230 153
229 153
228 153
227 153
226 153
225 153
224 153
223 153
223 154
222 154
222 155
221 155
220 155
219 155
218 155
217 155
216 155
215 155
214 155
213 155
213 154
212 154
211 154
210 154
210 153
209 153
208 153
207 153
206 153
205 153
205 152
204 152
204 151
203 151
202 151
201 151
201 150
200 150
200 149
200 148
200 147
200 146
200 145
199 145
199 144
198 144
198 143
198 142
197 142
197 141
197 140
197 139
197 138
197 137
197 136
197 135
197 134
197 133
197 132
198 132
198 131
199 131
199 130
199 129
200 129
200 128
201 128
237 154
238 154
239 154
240 154
241 154
242 154
242 155
243 155
244 155
245 155
246 155
246 156
247 156
248 156
249 156
249 157
250 157
250 158
250 159
251 159
252 159
252 160
253 160
254 160
254 161
255 161
256 161
256 162
256 163
257 163
258 163
259 163
260 163
261 163
262 163
263 163
263 164
264 164
328 80
328 79
329 80
329 81
330 81
330 82
330 83
330 84
331 84
331 85
331 86
332 86
332 87
332 88
333 88
333 89
333 90
334 90
334 91
335 91
335 92
336 92
336 93
336 94
337 94
338 94
339 94
340 94
341 94
342 94
343 94
344 94
345 94
345 93
346 93
346 92
346 91
347 91
347 90
348 90
348 89
349 89
350 89
351 89
352 89
353 89
354 89
355 89
356 89
356 88
356 87
356 86
356 85
356 84
356 83
356 82
357 82
357 81
358 81
359 81
360 81
360 80
361 80
362 80
362 79
363 79
363 78
364 78
364 77
365 77
365 76
365 75
364 75
364 74
364 73
364 72
364 71
364 70
364 69
364 68
364 67
364 66
363 66
363 65
363 64
363 63
363 62
362 62
362 61
362 60
361 60
361 59
360 59
360 58
359 58
358 58
358 57
357 57
357 56
356 56
355 56
355 55
354 55
353 55
352 55
351 55
350 55
349 55
348 55
348 54
347 54
346 54
345 54
344 54
343 54
342 54
342 53
341 53
341 52
341 51
340 51
340 50
340 49
340 48
341 48
341 47
341 46
341 45
341 44
341 43
342 43
342 42
342 41
342 40
342 39
342 38
342 37
342 36
342 35
342 34
342 33
342 32
341 32
340 32
339 32
338 32
337 32
337 33
336 33
335 33
334 33
334 34
333 34
333 35
332 35
332 36
331 36
331 37
331 38
330 38
330 39
329 39
328 39
328 40
328 41
328 42
328 43
327 43
327 44
326 44
325 44
324 44
323 44
322 44
321 44
321 45
321 46
320 46
320 47
319 47
319 48
319 49
318 49
318 50
318 51
318 52
317 52
316 52
315 52
314 52
313 52
312 52
312 53
311 53
311 54
311 55
310 55
310 56
309 56
309 57
308 57
308 56
307 56
307 55
307 54
306 54
305 54
304 54
303 54
302 54
302 53
301 53
300 53
299 53
298 53
297 53
296 53
295 53
294 53
293 53
292 53
292 54
291 54
291 55
291 56
291 57
291 58
291 59
291 60
290 60
290 61
327 79
326 79
326 78
325 78
325 77
325 76
325 75
326 75
326 74
326 73
326 72
326 71
326 70
326 69
326 68
326 67
326 66
326 65
325 65
324 65
324 66
323 66
322 66
321 66
320 66
319 66
319 65
318 65
317 65
316 65
316 64
316 63
316 62
316 61
316 60
315 60
315 59
314 59
313 59
312 59
311 59
311 58
310 58
309 58
375 90
375 91
375 89
376 89
377 89
377 88
378 88
379 88
380 88
381 88
381 87
382 87
383 87
384 87
385 87
386 87
387 87
387 86
388 86
388 85
389 85
389 84
389 83
389 82
389 81
389 80
388 80
388 79
387 79
386 79
385 79
385 78
384 78
383 78
383 77
382 77
382 76
382 75
381 75
381 74
380 74
380 73
379 73
378 73
377 73
376 73
375 73
374 73
373 73
372 73
371 73
370 73
370 74
369 74
369 75
368 75
367 75
366 75
375 92
375 93
375 94
375 95
375 96
375 97
375 98
375 99
375 100
376 100
376 101
376 102
377 102
377 103
378 103
379 103
380 103
381 103
381 104
382 104
383 104
383 105
383 106
383 107
383 108
384 108
384 109
385 109
386 109
386 110
387 110
388 110
388 111
388 112
388 113
389 113
389 114
389 115
390 115
390 116
391 116
392 116
392 115
393 115
394 115
395 115
396 115
397 115
398 115
399 115
400 115
401 115
402 115
403 115
403 116
403 117
403 118
404 118
404 119
404 120
405 120
405 121
406 121
406 122
406 123
406 124
406 125
406 126
407 126
407 127
408 127
408 128
408 129
408 130
408 131
408 132
408 133
408 134
409 134
410 134
411 134
412 134
413 134
414 134
414 135
414 136
432 238
432 239
432 237
432 236
432 235
432 234
432 233
432 232
431 232
431 231
431 230
431 229
430 229
430 228
430 227
430 226
430 225
430 224
429 224
429 223
428 223
428 222
427 222
426 222
425 222
424 222
423 222
422 222
422 221
421 221
420 221
419 221
419 220
419 219
419 218
419 217
418 217
418 216
418 215
417 215
417 214
432 240
432 241
432 242
432 243
432 244
433 244
433 245
434 245
434 246
433 246
433 247
433 248
433 249
433 250
433 251
433 252
433 253
433 254
433 255
433 256
433 257
434 257
416 420
415 420
417 420
418 420
419 420
420 420
421 420
421 421
422 421
422 422
422 423
423 423
424 423
425 423
426 423
427 423
428 423
429 423
430 423
430 422
431 422
431 421
432 421
433 421
433 420
434 420
434 419
435 419
436 419
436 418
437 418
438 418
438 417
439 417
440 417
440 416
441 416
442 416
443 416
444 416
445 416
446 416
446 415
446 414
447 414
447 415
448 415
448 416
448 417
448 418
449 418
449 419
449 420
449 421
449 422
449 423
450 423
450 424
450 425
451 425
452 425
452 426
452 427
452 428
453 428
453 427
453 426
453 425
454 425
455 425
456 425
457 425
458 425
459 425
459 426
460 426
461 426
462 426
462 425
463 425
464 425
465 425
466 425
467 425
468 425
469 425
470 425
470 426
470 427
470 428
470 429
471 429
472 429
473 429
474 429
475 429
476 429
477 429
414 420
413 420
412 420
411 420
411 421
410 421
409 421
408 421
407 421
407 422
406 422
406 423
405 423
405 422
404 422
404 421
403 421
402 421
401 421
400 421
399 421
398 421
397 421
396 421
396 420
395 420
395 419
395 418
395 417
395 416
396 416
396 415
396 414
396 413
395 413
395 412
394 412
394 411
393 411
393 410
392 410
392 409
391 409
390 409
389 409
388 409
387 409
387 408
386 408
386 407
387 407
387 406
387 405
387 404
387 403
387 402
388 402
388 401
388 400
389 400
389 399
390 399
390 398
391 398
391 397
392 397
392 396
393 396
393 395
393 394
392 394
392 393
391 393
391 392
390 392
389 392
389 391
388 391
387 391
387 390
386 390
386 389
386 388
386 387
386 386
386 385
386 384
385 384
385 383
384 383
383 383
382 383
381 383
380 383
379 383
379 382
378 382
378 381
377 381
376 381
375 381
374 381
373 381
372 381
371 381
370 381
369 381
368 381
367 381
366 381
365 381
364 381
363 381
362 381
361 381
361 380
360 380
359 380
358 380
357 380
356 380
355 380
354 380
353 380
352 380
351 380
350 380
349 380
348 380
347 380
346 380
358 155
357 155
359 155
360 155
361 155
362 155
363 155
364 155
365 155
366 155
367 155
367 154
368 154
369 154
370 154
371 154
372 154
373 154
374 154
375 154
376 154
376 153
376 152
376 151
377 151
377 152
378 152
378 153
379 153
379 154
380 154
381 154
382 154
383 154
384 154
385 154
385 153
356 155
355 155
354 155
354 156
353 156
352 156
351 156
351 157
350 157
349 157
348 157
347 157
346 157
345 157
344 157
343 157
342 157
341 157
341 158
340 158
339 158
338 158
337 158
337 159
336 159
335 159
334 159
333 159
332 159
331 159
331 158
330 158
330 157
329 157
329 156
328 156
327 156
327 155
326 155
326 154
325 154
325 153
324 153
324 152
323 152
323 151
322 151
322 150
322 149
321 149
321 148
320 148
319 148
318 148
318 149
317 149
316 149
316 150
315 150
314 150
313 150
313 151
312 151
311 151
310 151
309 151
309 152
308 152
308 153
308 154
307 154
307 155
306 155
305 155
304 155
303 155
303 156
302 156
302 157
301 157
301 158
301 159
300 159
300 160
300 161
299 161
299 160
299 159
298 159
298 158
297 158
297 157
296 157
296 156
295 156
294 156
293 156
292 156
291 156
291 155
290 155
290 154
289 154
289 153
288 153
288 154
287 154
286 154
286 155
285 155
284 155
283 155
282 155
282 156
228 18
228 17
228 19
228 20
228 21
228 22
229 22
229 23
230 23
230 24
230 25
231 25
231 26
231 27
231 28
231 29
232 29
232 30
233 30
233 31
233 32
233 33
233 34
234 34
235 34
235 35
235 36
235 37
235 38
235 39
235 40
235 41
234 41
234 42
234 43
234 44
234 45
233 45
233 46
232 46
231 46
228 16
228 15
228 14
228 13
228 12
227 12
227 11
226 11
226 10
225 10
224 10
224 9
224 8
223 8
223 7
223 6
222 6
222 5
222 4
222 3
222 2
222 1
222 0
223 0
224 0
225 0
226 0
227 0
228 0
229 0
230 0
231 0
232 0
233 0
234 0
235 0
236 0
237 0
238 0
239 0
240 0
241 0
242 0
243 0
244 0
245 0
246 0
247 0
248 0
249 0
250 0
251 0
252 0
253 0
254 0
255 0
256 0
257 0
258 0
259 0
260 0
261 0
262 0
263 0
264 0
265 0
266 0
267 0
268 0
269 0
270 0
271 0
272 0
273 0
274 0
275 0
276 0
277 0
278 0
279 0
280 0
281 0
282 0
283 0
284 0
285 0
286 0
287 0
288 0
289 0
290 0
291 0
292 0
293 0
294 0
295 0
296 0
297 0
298 0
299 0
300 0
301 0
302 0
303 0
304 0
305 0
306 0
306 1
306 2
306 3
306 4
307 4
308 4
308 3
309 3
310 3
311 3
311 2
312 2
313 2
313 1
314 1
314 0
315 0
316 0
317 0
318 0
319 0
320 0
321 0
322 0
323 0
324 0
325 0
326 0
327 0
328 0
329 0
329 1
330 1
330 2
330 3
331 3
331 4
332 4
332 5
332 6
332 7
332 8
331 8
331 9
330 9
329 9
329 10
329 11
328 11
328 12
327 12
327 13
327 14
326 14
326 15
326 16
326 17
327 17
327 18
327 19
327 20
327 21
327 22
327 23
327 24
327 25
327 26
327 27
328 27
328 28
328 29
327 29
327 30
327 31
327 32
327 33
328 33
329 33
330 33
331 33
332 33
332 34
54 128
53 128
55 128
56 128
57 128
58 128
58 129
59 129
60 129
61 129
61 130
62 130
63 130
64 130
65 130
65 131
66 131
67 131
68 131
69 131
69 132
70 132
71 132
72 132
73 132
73 133
74 133
75 133
75 134
76 134
77 134
78 134
79 134
80 134
81 134
82 134
83 134
84 134
85 134
85 135
86 135
87 135
87 136
87 137
88 137
88 138
89 138
90 138
91 138
92 138
93 138
94 138
95 138
96 138
96 137
97 137
97 136
98 136
98 135
99 135
99 134
99 133
100 133
100 132
100 131
101 131
101 130
102 130
102 129
103 129
103 128
104 128
105 128
105 127
106 127
107 127
108 127
109 127
110 127
111 127
111 126
112 126
112 125
112 124
112 123
112 122
113 122
113 121
113 120
113 119
114 119
114 118
114 117
114 116
114 115
52 128
51 128
50 128
49 128
48 128
47 128
47 127
47 126
46 126
46 125
46 124
45 124
45 123
44 123
44 122
43 122
42 122
42 121
41 121
40 121
40 120
40 119
39 119
39 118
38 118
37 118
36 118
36 117
35 117
34 117
34 116
33 116
32 116
31 116
30 116
29 116
28 116
27 116
27 115
26 115
25 115
24 115
23 115
22 115
21 115
491 87
491 86
492 87
492 88
492 89
493 89
493 90
494 90
494 91
495 91
495 92
496 92
497 92
497 93
498 93
499 93
499 94
500 94
501 94
501 95
502 95
502 96
503 96
503 97
503 98
503 99
503 100
504 100
504 101
505 101
506 101
507 101
508 101
509 101
510 101
511 101
511 102
491 85
491 84
490 84
490 83
490 82
489 82
489 81
488 81
488 80
487 80
487 79
486 79
485 79
484 79
483 79
482 79
481 79
480 79
479 79
478 79
478 78
478 77
477 77
477 76
476 76
476 75
475 75
474 75
473 75
472 75
471 75
470 75
469 75
468 75
467 75
466 75
465 75
464 75
464 74
464 73
464 72
463 72
462 72
462 71
461 71
460 71
459 71
459 70
458 70
458 71
457 71
457 72
456 72
456 73
455 73
455 74
454 74
454 75
453 75
453 76
452 76
451 76
451 77
450 77
450 78
449 78
448 78
448 79
447 79
446 79
445 79
444 79
443 79
443 80
442 80
441 80
440 80
439 80
438 80
437 80
437 81
436 81
436 82
435 82
435 83
434 83
434 84
434 85
434 86
434 87
434 88
434 89
434 90
434 91
434 92
434 93
433 93
432 93
432 94
431 94
431 95
430 95
430 96
430 97
429 97
429 98
429 99
429 100
429 101
429 102
429 103
429 104
429 105
429 106
429 107
428 107
427 107
427 108
426 108
425 108
425 109
424 109
423 109
423 110
423 111
422 111
421 111
420 111
419 111
418 111
418 112
420 17
421 17
420 16
420 15
420 14
420 13
420 12
420 11
420 10
420 9
420 8
420 7
419 7
418 7
418 6
417 6
417 5
416 5
416 4
415 4
415 3
415 2
415 1
414 1
414 0
413 0
413 1
412 1
412 2
412 3
411 3
411 4
410 4
409 4
408 4
408 5
407 5
406 5
405 5
404 5
403 5
402 5
401 5
400 5
400 4
399 4
399 3
398 3
397 3
397 2
396 2
395 2
394 2
394 1
393 1
393 0
392 0
391 0
390 0
389 0
388 0
388 1
387 1
387 2
386 2
386 3
385 3
385 4
385 5
385 6
385 7
384 7
383 7
382 7
381 7
380 7
379 7
379 8
378 8
378 9
377 9
376 9
376 10
375 10
375 11
374 11
373 11
372 11
371 11
371 12
371 13
371 14
371 15
370 15
370 16
370 17
369 17
369 18
369 19
368 19
368 20
368 21
367 21
366 21
366 22
365 22
365 23
365 24
364 24
364 25
363 25
363 26
362 26
361 26
361 27
360 27
359 27
359 28
358 28
358 29
358 30
357 30
356 30
355 30
354 30
353 30
352 30
352 31
352 32
351 32
351 33
350 33
349 33
349 34
348 34
347 34
346 34
345 34
344 34
343 34
343 33
421 18
421 19
422 19
422 20
423 20
423 21
424 21
424 22
425 22
425 23
426 23
427 23
427 24
428 24
429 24
429 25
430 25
430 26
431 26
431 27
432 27
432 28
433 28
433 29
434 29
435 29
436 29
436 30
437 30
438 30
439 30
439 31
439 32
440 32
440 33
440 34
441 34
441 35
441 36
441 37
441 38
441 39
442 39
443 39
444 39
445 39
446 39
447 39
448 39
449 39
450 39
451 39
452 39
453 39
454 39
455 39
456 39
456 38
457 38
457 37
457 36
458 36
458 35
459 35
460 35
460 34
461 34
461 33
462 33
463 33
464 33
465 33
465 32
466 32
467 32
468 32
469 32
469 33
470 33
471 33
471 34
472 34
472 35
472 36
472 37
472 38
472 39
472 40
473 40
473 41
473 42
472 42
471 42
470 42
469 42
469 43
468 43
468 44
467 44
467 45
467 46
466 46
465 46
465 47
464 47
464 48
463 48
463 49
463 50
463 51
463 52
463 53
463 54
464 54
464 55
465 55
465 56
465 57
466 57
466 58
467 58
467 59
467 60
468 60
468 61
469 61
469 62
469 63
469 64
469 65
469 66
469 67
468 67
468 68
468 69
467 69
467 70
466 70
465 70
464 70
463 70
462 70
461 70
460 70
