433 3
433 2
434 3
434 4
435 4
436 4
436 5
437 5
438 5
439 5
440 5
432 2
432 1
431 1
431 0
430 0
429 0
441 9
441 10
441 8
441 7
441 6
440 6
441 11
441 12
441 13
441 14
441 15
441 16
442 16
442 17
443 17
449 35
449 36
449 34
449 33
448 33
448 32
447 32
447 31
449 37
449 38
449 39
464 407
465 407
463 407
462 407
461 407
461 408
460 408
460 407
460 406
460 405
460 404
459 404
459 403
458 403
457 403
457 402
456 402
455 402
455 401
454 401
453 401
453 402
453 403
452 403
452 404
452 405
451 405
451 406
451 407
451 408
451 409
452 409
452 410
452 411
451 411
451 412
450 412
450 413
449 413
449 414
449 415
448 415
448 416
447 416
447 417
447 418
447 419
447 420
446 420
446 421
447 421
447 422
448 422
449 422
450 422
450 423
451 423
451 424
451 425
452 425
452 426
453 426
466 407
467 407
468 407
468 406
468 405
468 404
468 403
468 402
468 401
469 401
469 400
469 399
469 398
469 397
469 396
470 396
471 396
472 396
473 396
474 396
475 396
476 396
476 395
477 395
438 23
438 24
438 22
439 22
439 21
440 21
440 20
440 19
441 19
441 18
442 18
438 25
437 25
437 26
437 27
422 481
423 481
422 482
421 482
420 482
420 483
419 483
419 484
419 485
419 486
419 487
420 487
421 487
421 488
421 489
421 490
421 491
421 492
421 493
421 494
420 494
420 495
419 495
419 496
419 497
418 497
418 498
418 499
418 500
418 501
418 502
418 503
418 504
418 505
418 506
418 507
418 508
423 480
423 479
424 479
424 478
425 478
426 478
427 478
428 478
429 478
430 478
431 478
432 478
432 479
432 480
432 481
432 482
433 482
433 483
434 483
434 484
435 484
435 485
436 485
437 485
437 486
438 486
438 487
438 488
439 488
439 489
439 490
439 491
440 491
440 492
441 492
442 492
442 493
443 493
443 494
444 494
445 494
446 494
447 494
448 494
449 494
450 494
451 494
452 494
453 494
453 493
454 493
454 492
455 492
455 491
456 491
456 490
457 490
458 490
459 490
459 491
460 491
461 491
462 491
463 491
464 491
465 491
466 491
467 491
467 492
468 492
468 493
468 494
468 495
469 495
469 496
469 497
469 498
469 499
469 500
469 501
487 476
487 477
488 476
488 475
489 475
490 475
491 475
492 475
493 475
494 475
494 474
494 473
494 472
495 472
495 473
495 474
495 475
495 476
495 477
496 477
496 478
497 478
497 479
497 480
497 481
497 482
497 483
497 484
497 485
486 477
485 477
485 478
485 479
484 479
484 480
483 480
483 481
483 482
483 483
483 484
482 484
482 483
481 483
480 483
479 483
478 483
478 484
477 484
477 485
477 486
477 487
477 488
477 489
477 490
477 491
477 492
477 493
476 493
475 493
475 494
474 494
474 495
473 495
473 496
472 496
472 497
471 497
471 498
471 499
470 499
470 500
484 497
485 497
483 497
482 497
481 497
480 497
479 497
478 497
477 497
476 497
475 497
474 497
473 497
486 497
487 497
488 497
489 497
490 497
490 496
491 496
491 495
492 495
492 494
493 494
494 494
495 494
496 494
496 493
497 493
497 492
498 492
498 491
498 490
498 489
498 488
498 487
498 486
498 485
439 32
439 31
440 32
441 32
442 32
443 32
444 32
445 32
446 32
438 31
438 30
438 29
438 28
437 28
405 455
405 456
405 454
405 453
405 452
405 451
405 450
406 450
406 449
406 448
406 447
406 446
406 445
405 445
405 444
406 444
406 443
407 443
408 443
409 443
409 442
410 442
411 442
411 441
412 441
413 441
414 441
414 440
415 440
415 439
415 438
416 438
416 437
416 436
416 435
416 434
417 434
417 433
418 433
419 433
419 434
420 434
421 434
421 435
422 435
422 436
423 436
424 436
425 436
425 437
426 437
426 438
427 438
427 439
427 440
427 441
427 442
427 443
427 444
427 445
428 445
428 446
429 446
429 445
430 445
430 444
431 444
432 444
433 444
434 444
435 444
436 444
437 444
438 444
439 444
440 444
441 444
405 457
405 458
405 459
405 460
405 461
405 462
405 463
405 464
405 465
405 466
404 466
403 466
402 466
401 466
401 467
400 467
400 468
399 468
399 469
398 469
397 469
396 469
395 469
394 469
393 469
393 470
392 470
391 470
391 471
390 471
390 472
389 472
389 471
388 471
387 471
386 471
385 471
384 471
383 471
382 471
381 471
381 472
382 472
383 472
383 473
383 474
383 475
383 476
383 477
383 478
383 479
384 479
384 480
384 481
384 482
384 483
384 484
384 485
384 486
384 487
384 488
385 488
385 489
385 490
386 490
386 491
386 492
387 492
387 493
388 493
388 494
389 494
389 495
390 495
391 495
392 495
393 495
394 495
395 495
395 496
396 496
396 497
395 497
395 498
394 498
394 499
394 500
394 501
393 501
393 502
392 502
392 503
393 503
393 504
394 504
394 505
395 505
395 506
396 506
397 506
397 507
398 507
398 508
399 508
399 507
400 507
401 507
401 506
402 506
403 506
403 507
403 508
403 509
403 510
404 510
404 511
405 511
406 511
407 511
408 511
409 511
410 511
411 511
412 511
413 511
414 511
415 511
416 511
416 510
416 509
417 509
417 508
447 438
447 437
446 438
446 439
445 439
445 440
444 440
444 441
444 442
444 443
443 443
443 444
442 444
448 437
448 436
449 436
450 436
450 435
451 435
451 434
452 434
452 433
452 432
452 431
452 430
452 429
452 428
452 427
474 426
475 426
474 425
473 425
472 425
472 424
472 423
472 422
472 421
472 420
471 420
471 419
470 419
470 418
469 418
468 418
468 417
467 417
466 417
465 417
464 417
464 418
463 418
463 419
462 419
461 419
461 420
460 420
460 421
460 422
459 422
458 422
457 422
456 422
455 422
455 423
455 424
454 424
454 425
453 425
476 426
477 426
478 426
479 426
480 426
481 426
482 426
482 425
483 425
483 426
483 427
483 428
483 429
484 429
484 430
485 430
486 430
487 430
487 431
486 431
486 432
485 432
485 433
485 434
484 434
483 434
483 435
482 435
481 435
481 436
480 436
480 437
479 437
479 438
480 438
480 439
480 440
480 441
480 442
480 443
480 444
480 445
480 446
480 447
480 448
480 449
479 449
479 450
478 450
478 451
478 452
477 452
477 453
477 454
476 454
476 455
476 456
476 457
476 458
476 459
475 459
475 460
474 460
474 461
473 461
473 462
472 462
471 462
471 463
470 463
469 463
469 464
468 464
467 464
467 465
466 465
465 465
464 465
463 465
462 465
462 466
462 467
462 468
462 469
462 470
461 470
461 471
460 471
459 471
458 471
458 472
457 472
457 473
456 473
455 473
454 473
454 474
455 474
455 475
455 476
455 477
455 478
455 479
455 480
454 480
454 481
453 481
453 482
453 483
454 483
454 484
455 484
455 485
455 486
456 486
456 487
456 488
456 489
458 108
457 108
459 108
460 108
461 108
462 108
463 108
464 108
465 108
466 108
466 107
467 107
467 106
468 106
468 105
469 105
469 104
470 104
471 104
472 104
473 104
474 104
475 104
476 104
477 104
478 104
479 104
480 104
481 104
482 104
483 104
483 103
484 103
484 104
485 104
486 104
487 104
487 103
488 103
489 103
489 102
490 102
491 102
491 101
492 101
493 101
493 100
494 100
495 100
495 99
496 99
497 99
497 98
498 98
499 98
499 97
498 97
497 97
497 96
497 95
497 94
497 93
497 92
497 91
498 91
498 90
499 90
500 90
501 90
502 90
503 90
504 90
505 90
505 89
506 89
507 89
508 89
509 89
509 88
510 88
511 88
456 108
455 108
454 108
454 107
454 106
453 106
453 105
452 105
451 105
451 104
451 103
451 102
451 101
451 100
451 99
450 99
450 98
449 98
448 98
448 97
447 97
447 96
446 96
445 96
444 96
443 96
442 96
441 96
440 96
439 96
438 96
437 96
436 96
436 95
435 95
435 94
436 94
436 93
436 92
436 91
437 91
437 90
437 89
437 88
438 88
438 87
438 86
438 85
437 85
437 84
436 84
436 83
435 83
435 82
435 81
435 80
435 79
435 78
436 78
436 77
436 76
437 76
437 75
438 75
438 74
438 73
438 72
438 71
437 71
436 71
435 71
434 71
433 71
432 71
432 70
431 70
430 70
430 69
429 69
428 69
427 69
426 69
426 68
425 68
425 67
424 67
423 67
423 66
422 66
421 66
421 65
420 65
420 64
420 63
420 62
419 62
419 63
419 64
418 64
418 65
417 65
416 65
415 65
414 65
413 65
413 66
412 66
412 67
411 67
411 68
410 68
410 69
410 70
410 71
410 72
410 73
410 74
410 75
411 75
411 76
412 76
412 77
412 463
413 463
412 464
412 465
412 466
411 466
410 466
409 466
408 466
407 466
406 466
413 462
413 461
414 461
414 460
415 460
415 459
416 459
417 459
418 459
419 459
420 459
421 459
422 459
423 459
424 459
425 459
426 459
426 458
426 457
427 457
427 456
428 456
428 455
429 455
429 454
429 453
429 452
429 451
429 450
429 449
429 448
429 447
428 447
417 31
417 30
416 31
416 32
416 33
416 34
416 35
416 36
416 37
416 38
415 38
415 39
416 39
416 40
416 41
416 42
416 43
416 44
416 45
417 45
417 46
418 46
419 46
419 47
419 48
419 49
419 50
419 51
419 52
419 53
418 53
418 54
418 55
417 55
417 56
417 57
417 58
417 59
418 59
418 60
418 61
419 61
418 30
419 30
420 30
421 30
421 29
422 29
422 30
423 30
423 31
424 31
425 31
425 32
426 32
427 32
427 31
428 31
429 31
429 30
430 30
430 29
431 29
432 29
433 29
434 29
435 29
435 28
436 28
436 27
455 5
455 4
456 5
457 5
458 5
459 5
460 5
461 5
461 4
462 4
462 3
463 3
455 3
455 2
455 1
455 0
454 0
453 0
452 0
451 0
450 0
449 0
449 1
448 1
447 1
446 1
445 1
444 1
443 1
442 1
442 2
442 3
441 3
441 4
440 4
424 4
424 5
424 3
425 3
426 3
426 2
427 2
427 1
428 1
428 0
423 5
423 6
422 6
421 6
420 6
419 6
419 7
418 7
417 7
417 8
417 9
417 10
416 10
416 11
416 12
416 13
416 14
416 15
416 16
416 17
416 18
417 18
417 19
418 19
418 20
419 20
419 21
419 22
420 22
420 23
421 23
421 24
421 25
421 26
421 27
421 28
482 34
482 35
482 33
482 32
483 32
484 32
485 32
486 32
487 32
488 32
488 31
489 31
489 30
490 30
491 30
491 29
492 29
492 28
493 28
493 27
493 26
493 25
493 24
493 23
493 22
492 22
492 21
491 21
491 20
490 20
489 20
488 20
488 19
487 19
487 18
486 18
486 17
485 17
485 16
484 16
483 16
482 16
482 15
481 15
480 15
480 14
479 14
479 13
479 12
479 11
479 10
479 9
479 8
479 7
479 6
479 5
479 4
479 3
478 3
477 3
476 3
475 3
474 3
473 3
472 3
471 3
470 3
470 2
469 2
468 2
467 2
466 2
465 2
464 2
463 2
482 36
482 37
481 37
481 38
481 39
481 40
481 41
481 42
481 43
481 44
480 44
479 44
478 44
477 44
477 45
476 45
476 46
476 47
476 48
477 48
477 49
478 49
478 50
478 51
478 52
478 53
478 54
479 54
479 55
479 56
480 56
481 56
481 57
482 57
482 58
483 58
484 58
484 59
485 59
486 59
486 60
487 60
487 61
488 61
488 62
489 62
490 62
491 62
491 63
491 64
491 65
491 66
491 67
491 68
491 69
492 69
492 70
492 71
492 72
492 73
492 74
492 75
493 75
493 76
494 76
495 76
496 76
496 77
497 77
497 78
498 78
499 78
499 79
500 79
501 79
502 79
503 79
504 79
504 80
505 80
505 81
505 82
505 83
505 84
505 85
505 86
505 87
505 88
506 88
507 88
508 88
304 501
303 501
305 501
306 501
307 501
307 502
308 502
309 502
309 503
310 503
310 504
311 504
312 504
312 505
313 505
314 505
315 505
316 505
317 505
318 505
319 505
319 506
320 506
321 506
321 505
322 505
323 505
324 505
324 504
325 504
325 503
325 502
326 502
326 501
326 500
326 499
326 498
326 497
326 496
326 495
326 494
325 494
325 493
325 492
325 491
324 491
324 490
323 490
323 489
324 489
324 488
324 487
325 487
325 486
325 485
325 484
325 483
326 483
326 482
327 482
328 482
329 482
330 482
331 482
332 482
333 482
333 481
333 480
333 479
333 478
333 477
333 476
334 476
334 475
335 475
335 474
336 474
336 473
337 473
337 472
338 472
338 471
339 471
340 471
340 470
341 470
341 469
342 469
343 469
344 469
345 469
346 469
347 469
348 469
349 469
350 469
351 469
352 469
352 468
353 468
353 467
354 467
355 467
356 467
357 467
358 467
359 467
360 467
361 467
362 467
363 467
364 467
364 468
364 469
364 470
364 471
364 472
364 473
365 473
365 474
366 474
366 475
367 475
367 476
367 477
367 478
367 479
368 479
368 480
369 480
369 481
369 482
370 482
370 483
370 484
370 485
370 486
370 487
371 487
372 487
373 487
373 486
374 486
374 485
374 484
375 484
375 483
376 483
377 483
377 482
378 482
379 482
379 481
380 481
381 481
382 481
382 480
383 480
302 501
301 501
301 500
301 499
301 498
301 497
301 496
301 495
301 494
301 493
302 493
62 89
63 89
62 88
62 87
61 87
61 86
60 86
60 85
63 90
64 90
64 91
64 92
65 92
65 93
66 93
66 94
67 94
67 95
67 96
68 96
68 97
69 97
69 98
69 99
70 99
71 99
72 99
72 100
72 101
72 102
72 103
72 104
72 105
72 106
71 106
71 107
71 108
70 108
70 109
69 109
69 110
69 111
68 111
68 112
68 113
68 114
68 115
69 115
69 116
69 117
70 117
70 118
70 119
71 119
71 120
70 120
70 121
70 122
70 123
70 124
70 125
69 125
69 126
69 127
69 128
69 129
69 130
69 131
70 131
70 132
70 133
70 134
70 135
70 136
70 137
70 138
70 139
70 140
70 141
69 141
69 142
69 143
69 144
69 145
69 146
69 147
68 147
68 148
67 148
67 149
66 149
65 149
64 149
63 149
62 149
61 149
61 150
60 150
60 151
59 151
59 152
58 152
58 153
57 153
56 153
56 154
55 154
54 154
54 155
53 155
52 155
52 156
51 156
51 157
51 158
50 158
50 159
50 160
50 161
50 162
50 163
50 164
50 165
49 165
49 166
48 166
48 167
48 168
47 168
47 169
47 170
47 171
46 171
46 172
46 173
46 174
45 174
45 175
45 176
44 176
43 176
43 177
42 177
41 177
41 178
41 179
41 180
41 181
40 181
40 180
39 180
38 180
37 180
36 180
35 180
34 180
33 180
32 180
32 181
31 181
31 182
31 183
30 183
30 184
29 184
29 185
28 185
28 186
27 186
27 187
26 187
26 188
25 188
24 188
24 189
23 189
23 190
22 190
21 190
20 190
19 190
18 190
18 191
17 191
17 192
16 192
15 192
15 193
14 193
14 194
14 195
14 196
13 196
13 197
12 197
12 196
11 196
11 195
11 194
11 193
10 193
10 192
9 192
9 191
9 190
8 190
8 189
7 189
180 156
181 156
179 156
178 156
177 156
177 155
177 154
176 154
176 153
175 153
174 153
174 152
173 152
172 152
171 152
170 152
170 151
169 151
168 151
168 150
167 150
166 150
166 149
165 149
164 149
164 148
165 148
165 147
166 147
166 146
167 146
168 146
168 145
169 145
169 144
170 144
170 143
171 143
171 142
172 142
173 142
173 141
173 140
174 140
174 139
174 138
174 137
175 137
175 136
176 136
176 135
176 134
177 134
177 133
178 133
178 132
178 131
178 130
178 129
178 128
178 127
178 126
177 126
177 125
176 125
176 124
175 124
175 123
175 122
175 121
175 120
175 119
175 118
175 117
176 117
176 116
177 116
177 115
177 114
178 114
178 113
179 113
179 112
180 112
181 112
181 111
182 111
182 110
183 110
184 110
184 109
185 109
186 109
187 109
187 108
188 108
189 108
189 107
190 107
190 106
191 106
191 105
191 104
191 103
192 103
192 102
193 102
193 101
194 101
195 101
196 101
197 101
198 101
199 101
199 100
182 156
183 156
184 156
185 156
186 156
187 156
188 156
189 156
190 156
191 156
192 156
192 157
193 157
193 158
193 159
193 160
193 161
193 162
193 163
193 164
193 165
194 165
194 166
193 166
193 167
193 168
193 169
193 170
192 170
192 171
192 172
191 172
190 172
190 173
189 173
188 173
188 174
187 174
186 174
185 174
185 175
184 175
183 175
182 175
182 176
181 176
180 176
179 176
178 176
177 176
176 176
175 176
174 176
173 176
172 176
171 176
170 176
169 176
168 176
167 176
166 176
165 176
164 176
163 176
163 175
162 175
162 174
161 174
161 173
160 173
160 172
159 172
159 171
159 170
159 169
159 168
159 167
159 166
159 165
159 164
159 163
159 162
159 161
159 160
159 159
159 158
159 157
160 157
160 156
161 156
161 155
162 155
162 154
162 153
162 152
163 152
163 151
163 150
163 149
105 257
106 257
104 257
103 257
103 258
102 258
102 259
101 259
100 259
100 258
99 258
98 258
97 258
96 258
95 258
94 258
93 258
92 258
91 258
90 258
89 258
89 257
88 257
87 257
87 256
86 256
85 256
84 256
83 256
82 256
81 256
81 255
80 255
80 256
80 257
80 258
80 259
80 260
80 261
80 262
80 263
79 263
79 264
78 264
77 264
77 265
76 265
76 266
75 266
75 267
74 267
74 268
73 268
73 269
72 269
71 269
71 270
70 270
69 270
68 270
67 270
66 270
66 271
67 271
68 271
68 272
69 272
70 272
70 273
70 274
70 275
70 276
70 277
70 278
70 279
70 280
70 281
70 282
70 283
70 284
70 285
70 286
70 287
70 288
69 288
69 289
68 289
68 290
68 291
67 291
67 292
66 292
66 293
65 293
65 294
64 294
64 295
63 295
62 295
62 296
62 297
61 297
61 298
60 298
59 298
58 298
58 299
58 300
58 301
58 302
58 303
58 304
57 304
56 304
56 305
55 305
54 305
54 306
53 306
53 307
52 307
51 307
51 306
51 305
51 304
51 303
51 302
50 302
50 301
50 300
49 300
49 301
49 302
48 302
48 303
47 303
46 303
45 303
45 304
44 304
43 304
43 305
42 305
42 306
41 306
40 306
39 306
38 306
37 306
37 305
36 305
36 304
36 303
35 303
34 303
34 302
33 302
33 301
32 301
31 301
30 301
29 301
28 301
27 301
26 301
26 302
26 303
26 304
26 305
26 306
26 307
26 308
25 308
25 309
24 309
23 309
22 309
22 310
21 310
20 310
19 310
18 310
17 310
16 310
15 310
15 311
14 311
13 311
13 312
13 313
13 314
12 314
12 315
11 315
11 316
10 316
10 317
10 318
10 319
9 319
9 320
8 320
7 320
6 320
5 320
5 319
4 319
3 319
2 319
2 318
1 318
0 318
0 317
107 257
108 257
109 257
110 257
111 257
112 257
2 280
2 281
2 279
2 278
2 277
1 277
1 276
0 276
0 275
0 274
0 273
0 272
0 271
0 270
0 269
0 268
0 267
0 266
0 265
1 265
1 264
1 263
1 262
1 261
2 261
3 261
3 260
3 259
3 258
3 257
3 256
3 255
4 255
4 254
4 253
4 252
5 252
5 251
6 251
7 251
8 251
9 251
9 250
10 250
10 249
11 249
11 248
11 247
11 246
11 245
11 244
11 243
11 242
11 241
12 241
12 240
13 240
13 239
14 239
14 238
14 237
15 237
15 236
15 235
16 235
16 234
17 234
18 234
19 234
20 234
20 233
21 233
21 234
22 234
23 234
24 234
25 234
26 234
27 234
28 234
28 233
28 232
28 231
28 230
28 229
28 228
28 227
28 226
28 225
28 224
29 224
29 223
30 223
30 222
31 222
32 222
33 222
34 222
35 222
35 221
36 221
36 220
37 220
37 219
37 218
37 217
37 216
37 215
37 214
37 213
37 212
37 211
37 210
37 209
38 209
38 208
37 208
37 207
36 207
36 206
35 206
35 205
34 205
34 204
34 203
34 202
33 202
33 201
33 200
32 200
32 199
32 198
32 197
32 196
32 195
32 194
33 194
33 193
33 192
32 192
32 191
32 190
31 190
31 189
30 189
30 188
30 187
30 186
30 185
2 282
2 283
2 284
2 285
3 285
3 286
3 287
3 288
3 289
3 290
2 290
2 291
1 291
1 292
0 292
0 293
0 294
0 295
0 296
0 297
0 298
0 299
0 300
0 301
0 302
0 303
0 304
0 305
0 306
0 307
1 307
1 308
2 308
2 309
3 309
4 309
4 310
5 310
6 310
7 310
8 310
9 310
10 310
11 310
12 310
13 310
133 228
133 227
133 229
133 230
133 231
132 231
132 232
132 233
131 233
131 234
131 235
131 236
130 236
130 237
129 237
128 237
128 238
127 238
127 239
126 239
126 240
125 240
125 241
124 241
124 242
124 243
123 243
123 244
123 245
122 245
122 246
121 246
121 247
121 248
120 248
120 249
119 249
119 250
118 250
118 251
117 251
116 251
116 252
115 252
115 253
114 253
114 254
114 255
113 255
113 256
112 256
133 226
133 225
133 224
134 224
135 224
136 224
137 224
138 224
139 224
139 223
140 223
141 223
141 222
142 222
142 221
143 221
143 220
143 219
143 218
143 217
142 217
142 216
142 215
142 214
142 213
142 212
142 211
142 210
142 209
142 208
142 207
142 206
143 206
143 205
144 205
145 205
146 205
147 205
148 205
149 205
150 205
150 204
150 203
151 203
151 202
152 202
152 201
152 200
152 199
153 199
153 198
153 197
154 197
155 197
156 197
157 197
158 197
159 197
160 197
160 196
161 196
162 196
162 195
163 195
163 194
163 193
164 193
164 192
163 192
163 191
163 190
162 190
162 189
162 188
161 188
161 187
161 186
161 185
161 184
161 183
161 182
161 181
161 180
161 179
161 178
161 177
161 176
161 175
2 168
2 167
2 169
1 169
1 170
0 170
0 171
0 172
0 173
0 174
0 175
0 176
0 177
0 178
1 178
1 179
0 179
0 180
0 181
0 182
0 183
0 184
1 184
2 184
3 184
4 184
5 184
6 184
6 185
6 186
6 187
6 188
7 188
2 166
2 165
3 165
3 164
3 163
3 162
3 161
3 160
3 159
3 158
3 157
3 156
3 155
3 154
3 153
2 153
1 153
1 152
0 152
0 151
0 150
0 149
0 148
0 147
0 146
0 145
0 144
1 144
1 143
2 143
2 142
3 142
3 141
4 141
4 140
4 139
4 138
4 137
5 137
5 136
5 135
6 135
6 134
7 134
7 133
8 133
8 132
9 132
9 131
9 130
9 129
9 128
9 127
9 126
9 125
9 124
10 124
11 124
12 124
13 124
14 124
14 123
15 123
16 123
16 122
17 122
17 121
17 120
17 119
17 118
17 117
17 116
16 116
15 116
14 116
13 116
13 115
12 115
11 115
10 115
9 115
9 114
8 114
8 113
7 113
7 112
7 111
8 111
9 111
10 111
11 111
12 111
12 110
12 109
13 109
13 108
13 107
13 106
14 106
14 105
14 104
14 103
15 103
15 102
16 102
16 101
17 101
17 100
18 100
18 99
18 98
18 97
18 96
18 95
19 95
19 94
19 93
20 93
20 92
21 92
22 92
22 91
23 91
23 90
23 89
23 88
23 87
23 86
23 85
24 85
25 85
25 86
26 86
27 86
28 86
29 86
30 86
30 87
31 87
32 87
33 87
34 87
34 88
34 89
35 89
36 89
36 88
37 88
37 87
38 87
38 86
39 86
39 85
40 85
41 85
42 85
43 85
44 85
45 85
45 86
46 86
46 87
47 87
47 88
48 88
49 88
49 89
50 89
50 88
51 88
52 88
53 88
54 88
55 88
56 88
56 87
57 87
58 87
58 86
59 86
59 85
232 506
231 506
232 505
233 505
233 504
234 504
234 503
234 502
235 502
235 501
236 501
236 500
237 500
238 500
238 499
239 499
240 499
241 499
242 499
243 499
244 499
245 499
246 499
247 499
248 499
249 499
250 499
251 499
252 499
252 500
252 501
253 501
253 502
253 503
253 504
253 505
254 505
254 506
255 506
255 505
256 505
257 505
258 505
259 505
259 504
260 504
261 504
262 504
263 504
263 503
264 503
265 503
265 502
266 502
266 501
267 501
268 501
269 501
270 501
271 501
272 501
272 500
273 500
274 500
274 499
275 499
276 499
277 499
278 499
278 500
279 500
280 500
281 500
282 500
283 500
284 500
285 500
286 500
287 500
288 500
289 500
290 500
291 500
291 499
291 498
292 498
292 497
292 496
293 496
293 495
294 495
295 495
296 495
297 495
298 495
299 495
300 495
230 506
229 506
228 506
227 506
226 506
226 505
225 505
225 504
225 503
225 502
225 501
225 500
226 500
226 499
226 498
227 498
228 498
228 497
229 497
230 497
230 496
230 495
230 494
230 493
230 492
230 491
229 491
228 491
227 491
226 491
225 491
224 491
223 491
223 490
222 490
221 490
221 491
220 491
220 492
219 492
218 492
217 492
216 492
215 492
214 492
213 492
212 492
211 492
210 492
209 492
208 492
207 492
206 492
205 492
204 492
203 492
202 492
201 492
200 492
200 491
199 491
198 491
198 490
197 490
196 490
196 491
195 491
194 491
193 491
192 491
191 491
190 491
189 491
188 491
187 491
187 492
187 493
187 494
187 495
186 495
186 496
185 496
184 496
183 496
182 496
181 496
180 496
180 497
179 497
179 498
178 498
177 498
176 498
175 498
175 499
174 499
173 499
173 500
172 500
172 501
172 502
172 503
172 504
172 505
172 506
172 507
172 508
172 509
172 510
171 510
171 511
282 101
281 101
283 101
284 101
285 101
286 101
287 101
288 101
289 101
290 101
291 101
291 102
291 103
291 104
291 105
292 105
292 106
280 101
279 101
278 101
277 101
276 101
275 101
274 101
274 100
273 100
272 100
271 100
270 100
269 100
269 101
268 101
267 101
266 101
265 101
264 101
263 101
262 101
261 101
260 101
260 102
259 102
258 102
257 102
256 102
256 101
256 100
255 100
255 99
255 98
255 97
255 96
255 95
255 94
256 94
256 93
257 93
257 92
258 92
259 92
259 91
260 91
261 91
261 90
262 90
262 89
263 89
264 89
264 88
265 88
266 88
266 87
266 86
266 85
266 84
266 83
267 83
267 82
267 81
268 81
268 80
268 79
268 78
269 78
269 77
269 76
270 76
270 75
271 75
271 74
271 73
271 72
271 71
271 70
271 69
271 68
271 67
272 67
272 66
272 65
272 64
271 64
270 64
269 64
268 64
267 64
267 63
267 62
266 62
266 61
265 61
265 60
264 60
264 59
263 59
263 58
262 58
262 57
261 57
260 57
259 57
258 57
257 57
256 57
255 57
254 57
253 57
253 56
253 55
252 55
252 54
252 53
252 52
252 51
253 51
253 50
253 49
253 48
253 47
253 46
253 45
253 44
253 43
253 42
253 41
253 40
253 39
253 38
253 37
253 36
252 36
251 36
250 36
250 35
249 35
248 35
247 35
246 35
245 35
244 35
243 35
242 35
241 35
241 36
240 36
239 36
239 37
238 37
238 38
238 39
238 40
238 41
238 42
238 43
237 43
237 44
237 45
237 46
237 47
237 48
237 49
237 50
237 51
236 51
236 52
235 52
235 53
235 54
234 54
233 54
233 55
232 55
231 55
230 55
230 56
229 56
228 56
227 56
226 56
225 56
224 56
223 56
223 57
222 57
221 57
221 58
220 58
219 58
218 58
217 58
216 58
215 58
214 58
214 59
214 60
214 61
214 62
213 62
213 63
212 63
212 64
211 64
211 65
210 65
209 65
208 65
207 65
206 65
205 65
205 66
204 66
203 66
203 67
202 67
202 68
201 68
201 69
202 69
202 70
202 71
203 71
203 72
203 73
203 74
203 75
203 76
203 77
203 78
203 79
203 80
203 81
202 81
202 82
201 82
201 83
201 84
202 84
202 85
202 86
203 86
203 87
204 87
204 88
205 88
206 88
206 89
206 90
206 91
205 91
204 91
203 91
202 91
201 91
201 92
200 92
200 93
200 94
200 95
200 96
200 97
200 98
200 99
200 100
194 57
194 56
195 57
195 58
196 58
196 59
196 60
197 60
197 61
197 62
198 62
198 63
198 64
199 64
199 65
199 66
200 66
200 67
200 68
193 56
192 56
192 55
191 55
190 55
189 55
188 55
188 54
187 54
187 53
187 52
188 52
188 51
188 50
188 49
189 49
189 48
189 47
189 46
189 45
189 44
189 43
189 42
189 41
189 40
189 39
188 39
187 39
186 39
186 38
187 38
188 38
189 38
190 38
191 38
192 38
192 37
193 37
193 36
194 36
194 35
194 34
195 34
196 34
196 33
197 33
198 33
199 33
199 32
200 32
201 32
201 31
202 31
202 30
203 30
203 29
204 29
204 28
204 27
205 27
205 26
206 26
206 25
207 25
208 25
208 24
209 24
210 24
210 23
211 23
211 22
212 22
213 22
213 21
214 21
214 22
215 22
215 23
215 24
215 25
215 26
216 26
216 27
217 27
218 27
218 28
219 28
220 28
221 28
222 28
223 28
223 29
224 29
224 30
225 30
225 31
226 31
226 32
227 32
227 33
228 33
228 34
228 35
229 35
229 36
230 36
231 36
232 36
232 37
233 37
234 37
235 37
236 37
236 38
237 38
16 359
16 358
16 360
16 361
17 361
17 362
17 363
17 364
17 365
18 365
18 366
18 367
17 367
17 368
16 368
15 368
15 369
14 369
13 369
13 370
12 370
12 371
11 371
11 372
10 372
10 373
10 374
10 375
10 376
11 376
11 377
12 377
12 378
13 378
13 379
14 379
14 380
14 381
14 382
14 383
15 383
15 384
15 385
16 385
16 386
15 386
15 387
14 387
14 388
13 388
12 388
12 389
11 389
10 389
10 390
9 390
9 391
9 392
9 393
9 394
9 395
9 396
8 396
8 397
15 358
15 357
14 357
14 356
13 356
13 355
12 355
12 354
11 354
10 354
9 354
8 354
7 354
6 354
5 354
4 354
3 354
2 354
1 354
0 354
0 353
0 352
0 351
0 350
0 349
0 348
0 347
0 346
0 345
0 344
0 343
0 342
1 342
1 341
2 341
2 340
3 340
4 340
4 339
5 339
6 339
6 338
7 338
7 337
8 337
8 336
9 336
10 336
11 336
12 336
13 336
14 336
15 336
16 336
17 336
18 336
19 336
20 336
21 336
22 336
22 335
22 334
22 333
22 332
22 331
22 330
22 329
22 328
22 327
22 326
22 325
22 324
22 323
22 322
22 321
22 320
22 319
22 318
22 317
22 316
22 315
22 314
22 313
22 312
22 311
141 119
141 118
141 120
141 121
141 122
141 123
142 123
142 124
142 125
143 125
143 126
144 126
145 126
145 127
146 127
146 128
147 128
147 129
147 130
147 131
147 132
147 133
148 133
148 134
149 134
150 134
151 134
152 134
153 134
154 134
155 134
155 133
156 133
157 133
157 132
158 132
158 131
158 130
159 130
159 129
159 128
160 128
161 128
162 128
163 128
164 128
165 128
166 128
167 128
168 128
169 128
170 128
170 127
170 126
171 126
172 126
172 125
173 125
173 124
174 124
141 117
141 116
141 115
141 114
141 113
141 112
142 112
142 111
143 111
143 110
143 109
143 108
144 108
144 107
145 107
146 107
146 106
147 106
147 105
147 104
147 103
147 102
147 101
147 100
147 99
147 98
146 98
146 97
145 97
145 96
145 95
144 95
143 95
143 94
142 94
141 94
141 93
140 93
140 92
140 91
140 90
141 90
141 89
142 89
142 88
142 87
143 87
143 86
143 85
143 84
144 84
144 83
144 82
144 81
144 80
144 79
144 78
145 78
145 77
146 77
147 77
147 76
147 75
148 75
148 74
149 74
149 73
150 73
150 72
151 72
151 71
151 70
151 69
152 69
152 68
153 68
154 68
154 67
155 67
155 66
156 66
157 66
158 66
159 66
159 65
160 65
160 64
160 63
161 63
162 63
162 62
163 62
164 62
165 62
165 61
166 61
167 61
167 60
168 60
168 59
169 59
169 58
170 58
170 57
171 57
171 56
170 56
170 55
169 55
169 54
169 53
169 52
169 51
169 50
169 49
169 48
169 47
169 46
170 46
170 45
171 45
172 45
173 45
173 44
174 44
174 43
174 42
174 41
175 41
175 40
176 40
176 39
177 39
178 39
178 38
179 38
180 38
181 38
182 38
183 38
184 38
185 38
323 57
324 57
322 57
321 57
320 57
319 57
319 58
318 58
317 58
317 57
316 57
315 57
314 57
314 56
313 56
312 56
312 55
311 55
311 54
310 54
309 54
308 54
307 54
306 54
305 54
304 54
303 54
303 55
303 56
302 56
301 56
301 57
300 57
299 57
299 58
298 58
297 58
296 58
295 58
294 58
293 58
292 58
291 58
290 58
290 59
289 59
289 58
288 58
288 57
287 57
287 56
286 56
285 56
285 55
284 55
284 54
284 53
283 53
283 52
283 51
282 51
282 52
281 52
281 53
281 54
281 55
280 55
280 56
279 56
279 57
279 58
278 58
278 59
277 59
277 60
276 60
276 61
275 61
274 61
274 62
273 62
273 63
272 63
325 57
326 57
327 57
328 57
329 57
330 57
331 57
332 57
333 57
334 57
335 57
335 58
336 58
336 59
337 59
337 60
338 60
338 61
339 61
340 61
341 61
342 61
343 61
344 61
344 62
345 62
346 62
346 61
346 60
346 59
346 58
346 57
347 57
347 56
347 55
346 55
346 54
346 53
346 52
346 51
346 50
346 49
346 48
346 47
346 46
346 45
346 44
346 43
346 42
347 42
347 43
348 43
349 43
350 43
351 43
352 43
353 43
353 44
354 44
355 44
355 45
356 45
356 46
357 46
357 47
358 47
358 48
359 48
360 48
360 49
361 49
362 49
363 49
363 50
364 50
365 50
366 50
367 50
368 50
369 50
370 50
371 50
371 49
370 49
370 48
369 48
369 47
369 46
369 45
369 44
369 43
369 42
369 41
368 41
368 40
368 39
367 39
367 38
367 37
367 36
366 36
366 35
366 34
366 33
366 32
366 31
366 30
366 29
367 29
367 28
368 28
368 27
369 27
369 26
370 26
370 25
370 24
371 24
371 23
371 22
371 21
372 21
372 20
372 19
373 19
373 18
374 18
375 18
376 18
376 17
377 17
377 18
377 19
377 20
377 21
377 22
377 23
377 24
378 24
378 25
379 25
379 26
380 26
381 26
381 27
381 28
381 29
381 30
381 31
382 31
383 31
383 30
384 30
384 29
385 29
385 28
385 27
385 26
385 25
385 24
385 23
386 23
386 22
387 22
387 21
388 21
389 21
390 21
390 22
391 22
392 22
392 23
393 23
394 23
394 24
394 25
394 26
394 27
394 28
393 28
393 29
394 29
394 30
395 30
395 31
396 31
396 32
397 32
398 32
399 32
400 32
401 32
402 32
402 33
403 33
404 33
404 34
405 34
406 34
406 35
407 35
407 36
408 36
409 36
410 36
411 36
412 36
413 36
414 36
414 37
415 37
0 403
0 404
0 402
0 401
0 400
0 399
0 398
0 397
0 396
0 395
1 395
2 395
3 395
4 395
5 395
6 395
7 395
7 396
0 405
0 406
0 407
0 408
0 409
0 410
0 411
0 412
0 413
0 414
0 415
0 416
0 417
0 418
0 419
0 420
0 421
0 422
0 423
0 424
0 425
0 426
0 427
0 428
0 429
0 430
0 431
0 432
1 432
2 432
2 433
3 433
3 434
4 434
4 435
4 436
4 437
4 438
4 439
4 440
4 441
4 442
4 443
3 443
3 444
2 444
2 445
1 445
1 446
0 446
0 447
0 448
0 449
0 450
0 451
1 451
1 452
2 452
2 453
3 453
3 454
4 454
4 455
4 456
4 457
5 457
5 458
5 459
5 460
5 461
5 462
5 463
5 464
4 464
4 465
3 465
3 466
3 467
3 468
3 469
3 470
2 470
2 471
1 471
1 472
0 472
0 473
0 474
219 126
218 126
220 126
221 126
222 126
223 126
223 127
224 127
224 128
225 128
225 127
226 127
226 126
227 126
227 125
227 124
228 124
228 123
228 122
228 121
229 121
229 120
230 120
230 119
231 119
231 118
232 118
232 117
233 117
234 117
234 116
235 116
235 115
236 115
236 114
237 114
238 114
239 114
240 114
241 114
242 114
243 114
244 114
244 113
245 113
245 112
246 112
247 112
248 112
249 112
250 112
250 111
251 111
251 110
251 109
251 108
252 108
252 107
252 106
253 106
253 105
254 105
254 104
255 104
255 103
256 103
217 126
216 126
215 126
214 126
214 127
213 127
213 128
213 129
212 129
212 130
212 131
211 131
211 132
211 133
211 134
211 135
210 135
210 136
210 137
210 138
209 138
208 138
208 139
207 139
207 140
206 140
206 141
206 142
205 142
205 143
204 143
203 143
203 144
202 144
201 144
200 144
200 145
199 145
198 145
198 146
197 146
197 147
197 148
197 149
197 150
196 150
196 151
196 152
195 152
195 153
194 153
193 153
193 154
193 155
192 155
101 70
101 69
101 71
101 72
100 72
99 72
98 72
97 72
97 73
96 73
96 74
96 75
96 76
95 76
95 77
94 77
93 77
93 78
92 78
91 78
91 79
90 79
89 79
89 80
89 81
88 81
88 82
88 83
87 83
87 84
87 85
86 85
86 86
86 87
85 87
84 87
83 87
82 87
82 88
81 88
80 88
79 88
78 88
77 88
77 89
76 89
76 90
76 91
75 91
75 92
74 92
74 93
74 94
74 95
74 96
74 97
74 98
74 99
73 99
101 68
102 68
102 67
103 67
103 66
104 66
104 65
105 65
106 65
107 65
108 65
108 64
109 64
109 63
110 63
110 62
110 61
111 61
111 60
112 60
112 59
113 59
113 58
113 57
114 57
114 56
115 56
116 56
117 56
118 56
119 56
119 55
120 55
120 54
121 54
121 53
121 52
122 52
122 51
123 51
123 52
123 53
123 54
123 55
123 56
123 57
124 57
124 58
125 58
125 59
125 60
126 60
126 61
127 61
127 62
127 63
128 63
128 64
129 64
129 65
130 65
130 66
131 66
132 66
132 67
133 67
133 68
133 69
133 70
134 70
134 71
134 72
134 73
135 73
135 74
136 74
137 74
137 75
138 75
139 75
140 75
140 76
141 76
142 76
142 77
143 77
143 78
127 504
127 505
126 504
126 503
125 503
125 502
124 502
123 502
122 502
121 502
121 503
120 503
119 503
119 504
118 504
118 505
117 505
116 505
116 504
115 504
114 504
113 504
112 504
111 504
111 503
110 503
110 502
109 502
108 502
108 501
128 505
129 505
129 506
130 506
131 506
132 506
133 506
134 506
135 506
135 507
136 507
136 508
136 509
136 510
137 510
137 511
138 511
138 510
139 510
139 509
140 509
140 508
141 508
141 507
142 507
143 507
144 507
145 507
146 507
147 507
148 507
149 507
150 507
151 507
152 507
152 508
153 508
153 509
154 509
154 510
155 510
155 511
156 511
157 511
158 511
159 511
160 511
161 511
162 511
163 511
164 511
165 511
166 511
167 511
168 511
169 511
170 511
118 11
118 10
119 11
119 12
120 12
120 13
120 14
120 15
120 16
120 17
121 17
122 17
123 17
124 17
125 17
126 17
126 18
127 18
127 19
128 19
129 19
130 19
131 19
131 20
132 20
132 21
132 22
132 23
132 24
132 25
132 26
132 27
132 28
133 28
133 29
133 30
132 30
131 30
130 30
129 30
128 30
127 30
126 30
126 31
126 32
125 32
125 33
124 33
124 34
124 35
124 36
124 37
124 38
124 39
124 40
124 41
124 42
124 43
124 44
124 45
124 46
123 46
123 47
123 48
123 49
123 50
117 10
117 9
116 9
116 8
116 7
116 6
116 5
116 4
116 3
116 2
116 1
116 0
115 0
114 0
113 0
112 0
111 0
110 0
109 0
108 0
107 0
106 0
105 0
104 0
103 0
102 0
101 0
100 0
99 0
98 0
97 0
97 1
97 2
97 3
97 4
96 4
96 5
95 5
95 6
94 6
93 6
92 6
91 6
90 6
90 7
89 7
89 8
88 8
88 9
87 9
86 9
86 10
85 10
85 11
84 11
84 12
84 13
84 14
84 15
84 16
84 17
83 17
82 17
81 17
80 17
79 17
78 17
77 17
76 17
75 17
74 17
74 16
73 16
72 16
71 16
71 17
71 18
71 19
71 20
71 21
71 22
71 23
70 23
70 24
69 24
69 25
68 25
68 26
68 27
67 27
67 28
67 29
67 30
66 30
65 30
64 30
63 30
62 30
62 31
61 31
61 32
61 33
60 33
60 34
59 34
59 35
58 35
58 36
57 36
56 36
56 37
55 37
55 38
54 38
54 39
53 39
53 40
52 40
51 40
51 41
50 41
50 42
49 42
49 43
48 43
48 44
48 45
48 46
48 47
48 48
48 49
47 49
47 50
46 50
46 51
46 52
45 52
45 53
46 53
46 54
46 55
46 56
46 57
46 58
46 59
46 60
46 61
45 61
45 62
45 63
44 63
44 64
44 65
44 66
44 67
44 68
44 69
44 70
44 71
43 71
42 71
42 72
41 72
40 72
40 73
39 73
39 74
38 74
38 75
38 76
38 77
38 78
39 78
39 79
40 79
40 80
40 81
40 82
40 83
40 84
44 506
43 506
45 506
46 506
47 506
48 506
49 506
50 506
51 506
52 506
52 507
52 508
52 509
52 510
52 511
53 511
54 511
55 511
56 511
57 511
58 511
59 511
60 511
61 511
62 511
62 510
62 509
62 508
62 507
62 506
62 505
63 505
63 504
63 503
64 503
64 502
64 501
65 501
65 500
66 500
67 500
67 499
68 499
68 498
69 498
69 497
69 496
70 496
70 495
71 495
71 494
71 493
72 493
72 492
73 492
74 492
74 491
75 491
76 491
77 491
77 490
78 490
78 489
79 489
79 488
79 487
79 486
79 485
80 485
80 484
81 484
82 484
82 483
83 483
84 483
85 483
86 483
87 483
88 483
89 483
90 483
91 483
92 483
93 483
94 483
94 484
94 485
95 485
95 486
95 487
95 488
95 489
95 490
95 491
95 492
94 492
94 493
93 493
93 494
92 494
92 495
92 496
91 496
91 497
91 498
91 499
91 500
91 501
91 502
91 503
91 504
91 505
92 505
92 506
93 506
94 506
95 506
96 506
97 506
97 507
98 507
98 508
98 509
99 509
99 510
100 510
100 511
101 511
101 510
101 509
102 509
102 508
103 508
104 508
104 507
105 507
105 506
105 505
106 505
106 504
106 503
107 503
107 502
42 506
41 506
40 506
39 506
38 506
37 506
36 506
35 506
34 506
33 506
32 506
32 507
31 507
30 507
29 507
28 507
27 507
27 508
27 509
27 510
26 510
26 511
25 511
24 511
23 511
22 511
21 511
20 511
19 511
18 511
17 511
16 511
15 511
15 510
15 509
15 508
15 507
14 507
14 506
14 505
14 504
13 504
12 504
12 503
11 503
10 503
10 504
9 504
9 505
9 506
9 507
8 507
7 507
6 507
5 507
4 507
3 507
3 506
2 506
2 505
1 505
1 504
0 504
0 503
0 502
0 501
0 500
0 499
0 498
0 497
0 496
0 495
0 494
1 494
2 494
2 493
3 493
4 493
4 492
5 492
5 491
5 490
5 489
5 488
5 487
5 486
5 485
5 484
4 484
4 483
3 483
3 482
2 482
2 481
2 480
2 479
2 478
2 477
1 477
1 476
1 475
0 475
511 246
511 245
511 247
511 248
511 249
511 250
510 250
509 250
508 250
507 250
507 249
506 249
506 250
505 250
505 251
505 252
505 253
505 254
504 254
504 255
504 256
505 256
505 257
505 258
505 259
506 259
506 260
506 261
507 261
507 262
508 262
508 263
509 263
510 263
510 264
511 264
511 265
511 266
511 267
511 268
511 269
511 270
511 271
511 272
511 273
511 274
511 275
511 276
510 276
509 276
508 276
508 277
509 277
510 277
511 277
511 278
511 279
511 280
511 281
511 282
511 283
511 284
511 285
511 286
511 287
511 288
511 289
511 290
511 291
511 292
511 293
511 294
511 295
511 296
511 297
511 298
511 299
511 300
511 301
511 302
511 303
511 304
511 305
511 306
511 307
511 308
511 309
511 310
511 311
511 312
511 313
511 314
511 315
511 316
511 317
511 318
511 319
511 320
511 321
511 322
511 323
511 324
511 325
511 326
511 327
511 328
511 329
511 330
511 331
511 332
511 333
511 334
511 335
511 336
511 337
511 338
511 339
511 340
511 341
511 342
511 343
511 344
511 345
510 345
510 346
509 346
509 347
509 348
509 349
509 350
509 351
508 351
508 352
507 352
507 353
507 354
506 354
506 355
506 356
505 356
504 356
503 356
502 356
501 356
500 356
499 356
498 356
497 356
497 355
496 355
496 356
496 357
496 358
496 359
496 360
495 360
494 360
493 360
492 360
491 360
490 360
490 361
489 361
488 361
487 361
486 361
485 361
484 361
483 361
482 361
481 361
481 362
481 363
480 363
480 364
479 364
479 365
479 366
479 367
479 368
479 369
479 370
479 371
478 371
478 372
478 373
477 373
477 374
477 375
477 376
478 376
478 377
479 377
480 377
480 378
481 378
482 378
482 379
481 379
480 379
479 379
479 380
478 380
478 381
478 382
478 383
478 384
478 385
478 386
478 387
477 387
477 388
477 389
477 390
477 391
477 392
477 393
477 394
511 244
511 243
511 242
511 241
511 240
511 239
511 238
511 237
511 236
511 235
511 234
511 233
511 232
511 231
511 230
511 229
511 228
510 228
510 227
510 226
510 225
510 224
510 223
510 222
511 222
511 221
511 220
511 219
511 218
511 217
511 216
511 215
511 214
511 213
511 212
511 211
511 210
511 209
511 208
511 207
511 206
511 205
511 204
511 203
511 202
510 202
510 201
511 201
511 200
511 199
511 198
511 197
511 196
511 195
511 194
511 193
511 192
511 191
511 190
511 189
511 188
511 187
511 186
511 185
511 184
511 183
511 182
511 181
511 180
511 179
511 178
511 177
511 176
511 175
511 174
511 173
511 172
511 171
511 170
511 169
511 168
511 167
511 166
511 165
511 164
510 164
509 164
509 163
508 163
507 163
507 162
506 162
506 161
506 160
506 159
506 158
506 157
506 156
506 155
506 154
505 154
505 153
504 153
504 152
504 151
504 150
504 149
504 148
504 147
503 147
503 146
502 146
501 146
501 145
500 145
499 145
499 144
500 144
500 143
500 142
500 141
500 140
500 139
501 139
502 139
503 139
503 138
502 138
502 137
502 136
502 135
502 134
501 134
501 133
501 132
501 131
501 130
501 129
500 129
500 128
500 127
500 126
500 125
500 124
499 124
499 123
498 123
498 122
497 122
496 122
495 122
494 122
493 122
493 121
492 121
492 120
491 120
490 120
489 120
488 120
487 120
486 120
485 120
484 120
484 119
484 118
483 118
483 117
482 117
482 116
481 116
481 115
480 115
480 116
479 116
478 116
478 115
478 114
478 113
478 112
478 111
478 110
478 109
478 108
478 107
478 106
478 105
477 105
476 105
