38 37 36 35 34 33 32 31 30 1 0 2 3 4 5 6 7 8 9 10 11 12 13 14 15 16 17 18 19 20 21 22 23 24 25 26 27 28 29 264 263 262 261 260 259 258 257 256 255 254 253 252 251 250 249 248 247 246 245 244 243 242 241 240 239 238 237 236 235 234 233 232 231 230 229 228 227 226 225 224 223 222 221 220 219 218 217 216 215 214 213 212 211 210 209 208 207 206 205 204 203 202 201 199 200 265 266 267 268 269 270 271 272 273 274 275 276 277 278 279 280 281 
38 39 40 41 42 43 44 45 46 47 48 49 50 51 52 53 54 55 56 
38 72 71 70 69 68 67 66 65 64 63 62 61 60 59 57 58 73 74 75 76 77 78 79 80 81 82 83 84 85 86 87 1720 1719 1718 1717 1716 1715 1714 1713 1712 1711 1710 1709 1708 1707 1706 1705 1704 1703 1702 1701 1700 1699 1698 1697 1696 1695 1694 1693 1692 1691 1690 1689 1688 1687 1686 1685 1684 1683 1682 1681 1680 1679 1678 1677 1676 1675 1674 1673 1672 1671 1670 1669 1668 1667 1666 1665 1664 1663 1662 1661 1660 1659 1658 
101 100 99 98 97 96 95 94 93 92 91 90 88 89 137 138 139 140 141 142 143 144 145 146 147 148 149 150 151 152 153 154 155 156 157 158 159 160 161 162 163 164 165 166 167 168 169 170 171 
101 102 103 104 105 106 107 108 109 110 111 
101 2876 2875 2874 2873 2872 2871 2870 2869 2868 2867 2866 2865 2864 2863 2862 2861 2860 2859 2858 2857 2856 
111 112 113 114 115 116 117 118 119 120 121 122 123 124 125 126 127 128 129 130 131 132 133 134 135 
111 198 197 196 195 194 193 192 191 190 189 188 187 186 185 184 183 182 181 180 179 178 177 176 175 174 173 172 171 
135 136 1522 1521 1520 1519 1518 1517 1516 1515 1514 1513 1512 1511 1510 1509 1508 1507 1506 1505 1504 1503 1502 1501 1500 1499 1498 1497 1496 1495 1494 1433 1432 1434 1435 1436 1437 1438 1439 1440 1441 1442 1443 1444 1445 1446 1447 1448 1449 1450 1451 1452 1453 1454 1455 1456 1457 1458 1459 1460 1461 1462 1463 1464 1465 1466 1467 1468 1469 1470 1471 1472 1473 1474 1475 1476 1477 1478 1479 1480 1481 1482 1483 1484 1485 1486 1487 1488 1489 1490 1491 1492 1493 3499 
135 1271 1270 1269 1268 1267 1266 1265 1264 1263 1262 1261 1260 1259 1258 1257 1256 1255 1254 1253 1252 1251 1250 1249 1248 1247 1246 1245 1244 1243 1242 1241 
171 419 418 417 416 415 414 413 412 411 410 409 408 407 406 405 404 403 402 401 400 399 398 397 396 395 394 393 392 391 390 389 388 387 386 385 384 383 382 381 380 379 378 377 375 376 420 421 422 423 424 425 426 427 428 429 
281 282 283 284 285 286 287 288 289 290 291 292 293 294 295 296 297 298 299 300 
281 329 328 327 326 325 324 323 322 321 320 319 318 317 316 315 314 313 312 311 310 309 308 307 306 305 304 302 303 330 331 332 333 334 335 336 337 338 339 340 341 342 343 344 345 346 347 348 349 350 351 352 353 354 355 356 357 358 359 360 361 362 363 364 365 366 367 368 369 370 371 372 373 374 
300 301 2066 2065 2064 2063 2062 2061 2060 2059 2058 2057 2056 2055 2054 2053 2052 2051 2050 2049 2048 2047 2046 2045 2044 2043 2042 2041 2040 2039 2038 2037 2036 2035 2034 2033 2032 2031 2030 2029 2028 2027 2026 2025 2024 2023 2022 2021 2020 2019 2018 2017 2016 2015 2014 2013 2012 2011 2010 2009 2008 2007 2006 2005 2004 2003 2002 2001 2000 1999 1998 1997 1996 1995 1994 1993 1992 1991 1990 1989 1988 1987 1986 1985 1984 1983 1982 1981 1980 1979 1978 1977 1976 1975 1974 1973 1972 1971 1970 1969 1968 1967 1966 1965 1964 1963 1962 1961 1960 1959 1958 1957 1956 1955 1954 1953 1952 1874 1873 1875 1876 1877 1878 1879 1880 1881 1882 1883 1884 1885 1886 1887 1888 1889 1890 1891 1892 1893 1894 1895 1896 1897 1898 1899 1900 1901 1902 1903 1904 1905 1906 1907 1908 1909 1910 1911 1912 1913 1914 1915 1916 1917 1918 1919 1920 1921 1922 1923 1924 1925 1926 1927 1928 1929 1930 1931 1932 1933 1934 1935 1936 1937 1938 1939 1940 1941 1942 1943 1944 1945 1946 1947 1948 1949 1950 1951 936 
300 1394 1393 1392 1391 1390 1389 1388 1387 1386 1385 1384 1383 1382 1381 1380 1379 1378 1377 1376 1375 1374 1373 1372 1371 1370 1369 1368 1367 1366 1365 1364 1363 1362 1361 1360 1359 1358 1357 1356 1355 1354 1353 1352 1351 1350 1349 1348 1347 1346 1345 1344 1343 1342 1341 1340 1339 1338 1337 1336 1335 1334 1333 1332 1331 1330 1329 1328 1327 1326 1325 1324 1323 1322 1321 1320 1319 1318 1317 1316 1315 1314 1313 1312 1311 1310 1309 1308 1307 1306 1305 1304 1303 1302 1301 1300 1299 1298 1297 1296 1295 1293 1294 1395 1396 1397 1398 1399 1400 1401 1402 1403 1404 1405 1406 1407 1408 
429 430 431 432 433 434 435 436 437 438 439 440 441 442 
429 2899 2898 2897 2896 2895 2894 2893 2892 2891 2890 2889 2888 2887 2886 2885 2884 2883 2882 2881 2880 2879 2877 2878 2900 2901 2902 2903 2904 2905 2906 2907 2908 2909 2910 2911 2912 2913 2914 2915 2916 2917 2918 2919 2920 2921 2922 2923 2924 
442 443 444 445 446 447 448 449 450 451 452 453 454 455 456 457 458 459 460 
442 483 482 481 480 479 478 477 476 475 474 473 472 471 470 469 468 467 466 465 464 463 461 462 484 485 486 487 488 489 
489 490 491 492 493 494 495 496 497 498 499 500 501 502 503 504 505 506 507 508 509 
489 3132 3131 3130 3129 3128 3127 3126 3125 3124 3123 3122 3121 3120 3119 3118 3117 3116 3115 3114 3113 3112 3111 3110 3109 3108 3107 3106 3105 3104 3103 3102 3101 3100 3099 3098 3097 3096 3095 3094 3093 3092 3091 3090 3089 3088 3087 3086 3085 3084 3083 3082 3081 3080 3079 3078 3077 3076 3075 3074 3073 3072 3071 3070 3069 3068 3067 3066 3065 3064 3063 3062 3061 3060 3059 3058 3057 3056 3055 3054 3053 3052 3051 3050 3049 3048 3047 3046 3045 3044 3043 3042 3041 3040 3039 3038 3037 3036 3035 3034 3033 3032 3031 3030 3029 3028 3027 3026 3025 3024 3023 3022 3021 3020 3019 3018 3017 3016 3015 3014 3013 3012 3011 3010 3009 3008 3007 3006 3005 3004 3003 3002 3001 3000 2999 2998 2997 2996 2995 2994 2993 2992 2991 2990 2989 2988 2987 2986 2985 2984 2983 2982 2981 2980 
509 510 511 512 513 514 515 516 517 518 519 520 521 522 523 524 525 526 527 528 529 
509 4930 4929 4928 4927 4926 4925 4924 4923 4922 4921 4920 4919 4918 4917 4916 4915 4914 4913 4912 4911 4910 4909 4908 4907 4906 4905 4904 4903 4902 4901 4900 4899 4898 4897 4896 4895 4894 4893 4892 4891 4890 4889 4888 4887 4886 4885 4884 4883 4882 4881 4880 4879 4878 4877 4876 4875 4874 4873 4872 4871 4870 4869 4868 4867 4866 4865 4864 4863 
529 530 531 532 533 534 535 536 537 538 539 540 541 542 543 544 545 546 547 548 
529 1872 1871 1870 1869 1868 1867 1866 1865 1864 1863 1862 1861 1860 1859 1858 1857 1856 1855 1854 1853 1852 1851 1850 1849 1848 1847 1846 1845 1844 1843 1842 1841 1840 1839 1838 1837 1836 1835 1834 1833 1832 1831 1830 1829 1828 1827 1826 1825 1824 1823 1822 1821 1820 1819 1818 1817 1816 1815 1814 1813 1812 1811 1810 1809 1808 1778 1777 1779 1780 1781 1782 1783 1784 1785 1786 1787 1788 1789 1790 1791 1792 1793 1794 1795 1796 1797 1798 1799 1800 1801 1802 1803 1804 1805 1806 1807 583 
583 582 581 580 579 578 577 576 575 574 573 572 571 570 569 568 567 566 565 564 563 562 561 560 559 558 557 556 555 554 553 552 551 549 550 737 738 739 740 741 742 743 744 745 746 747 748 749 750 751 752 753 754 755 756 757 758 759 760 761 762 763 764 765 766 767 768 769 770 771 772 773 774 775 776 777 778 779 780 781 782 783 784 785 786 787 788 789 790 791 792 793 794 795 796 797 798 799 800 801 802 803 804 805 806 807 808 809 810 811 812 813 814 815 816 817 818 819 820 821 822 823 824 825 826 827 828 829 830 831 832 833 834 835 836 837 838 839 840 841 842 843 844 845 846 847 848 849 850 851 852 853 854 855 856 857 858 859 860 861 862 863 864 865 866 867 868 869 870 871 872 873 874 875 
583 584 585 586 587 588 589 590 591 592 593 594 595 596 597 598 599 600 601 602 603 604 605 606 607 608 609 610 611 612 613 614 615 616 617 618 619 620 621 622 623 624 625 626 
626 627 628 629 630 631 632 633 634 635 636 637 638 639 640 641 642 643 644 645 646 647 648 649 650 651 652 653 654 655 656 657 658 659 660 661 662 663 664 665 666 667 668 669 670 671 672 673 674 675 676 677 678 679 680 681 682 683 684 685 686 687 688 689 690 691 692 693 694 695 696 697 698 699 700 701 702 703 704 705 706 707 708 709 710 711 712 713 714 715 716 717 718 719 720 721 722 723 724 725 726 727 728 729 730 731 732 733 734 735 736 
626 2452 2451 2450 2449 2448 2447 2446 2445 2444 2443 2442 2441 2440 2439 2438 2437 2436 2435 2434 2433 2432 2431 2430 2429 2428 2427 2426 2425 2424 2423 2422 2421 2420 2419 2418 2417 2416 2415 2414 2413 2412 2411 2410 2409 2408 2407 2406 2405 2404 2403 2402 2401 2400 2399 2398 2397 2396 2395 2394 2393 2392 2391 2390 2389 2388 2387 2386 2385 2384 2383 2382 2381 2380 2379 2378 2377 2376 2375 2374 2373 2372 2371 2370 2369 2368 2367 2366 2365 2364 2363 2362 2361 2360 2359 2358 2357 2356 2355 2354 2353 2352 2351 
736 2319 2318 2317 2316 2315 2314 2313 2312 2310 2311 2320 2321 2322 2323 2324 2325 2326 2327 2328 2329 2330 2331 2332 2333 2334 2335 2336 2337 2338 2339 2340 2341 2342 2343 2344 2345 2346 2347 2348 2349 2350 2351 
736 8208 8207 8206 8205 8204 8203 8202 8201 8200 8199 8198 8197 8196 8195 8194 8193 8192 8191 8190 8189 8188 8187 8186 8185 8184 8183 8182 8181 8180 8179 8178 8177 8176 8175 8174 8173 8172 8171 8170 8169 8168 8167 8166 8165 8164 8163 8162 8161 8160 8159 8157 8158 8209 8210 8211 8212 8213 8214 8215 8216 8217 8218 8219 8220 8221 8222 8223 8224 8225 8226 8227 8228 8229 8230 8231 8232 8233 8234 8235 8236 8237 8238 8239 7580 
875 876 877 878 879 880 881 882 883 884 885 886 887 888 889 890 891 892 893 894 895 896 897 898 899 900 901 902 
875 4796 4795 4794 4793 4792 4791 4790 4789 4788 4787 4786 4785 4784 4783 4782 4781 4780 4779 4778 4777 4776 4775 4774 4773 4772 4771 4770 4769 4768 4767 4766 4765 4764 4763 4762 4761 4760 4759 4758 4757 4756 4755 4754 4753 4752 4751 4750 4749 4748 4747 4746 4745 4744 4743 4742 4741 4740 4739 4738 4737 4736 4735 4734 4733 4732 4731 4730 4729 4728 4727 4726 4725 4724 4723 4722 4721 4719 4720 4797 4798 4799 4800 4801 4802 4803 4804 4805 4806 4807 4808 4809 4810 4811 4812 3329 3328 3327 3326 3325 3324 3323 3322 3321 3320 3319 3318 3317 3316 3315 3314 3313 3312 3311 3310 3309 3308 3307 3306 3305 3304 3303 3302 3301 3300 3299 3298 3297 3296 3295 3294 3293 3292 3291 3290 3289 3288 3287 3286 3285 3284 3283 3282 3281 3280 3279 3278 3277 3276 3275 3274 3273 3272 3271 3270 3269 3268 3267 3266 3265 3264 3263 3262 3261 3260 3259 3258 3257 3256 3255 3254 3253 3252 3251 3250 3249 3248 3247 3246 3245 3244 3243 3242 3241 3240 3239 3238 3237 3236 3235 3234 3233 3232 3231 3230 3229 3228 3227 3226 3225 3224 3223 3222 3221 3220 3219 3218 3217 3216 3215 3214 3213 3212 3211 3210 3209 3208 3207 3206 3205 3204 3203 3202 3201 3200 3199 3198 3197 3196 3195 3194 3193 3192 3191 3190 3189 3188 
936 935 934 933 932 931 930 929 928 927 926 925 924 923 922 921 920 919 918 917 916 915 914 913 912 911 910 909 908 907 906 905 903 904 1092 1093 1094 1095 1096 1097 1098 1099 1100 
936 937 938 939 940 941 942 943 944 945 946 947 948 949 950 951 952 953 954 955 956 957 958 959 960 961 962 963 964 965 966 967 968 969 970 971 972 973 974 975 976 977 978 979 980 981 982 983 984 985 986 987 988 989 990 991 992 993 994 995 996 997 998 999 1000 1001 1002 1003 1004 1005 1006 1007 1008 1009 1010 1011 1012 1013 1014 1015 1016 1017 1018 1019 1020 1021 1022 1023 1024 1025 1026 1027 1028 1029 1030 1031 1032 1033 1034 1035 1036 1037 1038 1039 1040 1041 1042 1043 1044 1045 1046 1047 1048 1049 1050 1051 1052 1053 1054 1055 1056 1057 1058 1059 1060 1061 1062 1063 1064 1065 1066 1067 1068 1069 1070 1071 1072 1073 1074 1075 1076 1077 1078 1079 1080 1081 1082 1083 1084 1085 1086 1087 1088 1089 1090 
1090 1091 
1090 6262 6261 6260 6259 6258 6257 6256 6255 6254 6253 6252 6251 6250 6249 6248 6247 6246 6245 6244 6243 6242 6241 6240 6239 6238 6237 6236 6235 6234 6233 6232 6231 6230 6229 6228 6227 6226 6225 6224 6223 6222 6221 6220 6219 6218 6217 6216 6215 6214 6213 6212 6211 6210 6209 6208 6207 6206 6205 6204 6203 6202 6201 6200 6199 6198 6197 6196 6195 6194 6193 6192 6191 6190 6189 6188 6187 6186 6185 6184 6183 6182 6181 6180 6179 6178 6177 6176 6175 6174 6173 6121 6120 6122 6123 6124 6125 6126 6127 6128 6129 6130 6131 6132 6133 6134 6135 6136 6137 6138 6139 6140 6141 6142 6143 6144 6145 6146 6147 6148 6149 6150 6151 6152 
1111 1110 1109 1108 1107 1106 1105 1104 1103 1101 1102 1272 1273 1274 1275 1276 1277 1278 1279 1280 1281 1282 1283 1284 1285 1286 1287 1288 1289 1290 1291 1292 1165 
1111 1112 1113 1114 1115 1116 1117 1118 1119 
1111 2294 2293 2292 2291 2290 2289 2288 2287 2286 2285 2284 2283 2282 2281 2280 2279 2278 2277 2276 2275 2274 2273 2272 2271 2270 2269 2268 2267 2266 2265 2264 2263 2261 2262 2295 2296 2297 2298 2299 2300 2301 2302 2303 2304 2305 2306 2307 2308 2309 2144 
1119 1120 1121 1122 1123 1124 1125 1126 1127 1128 1129 1130 1131 1132 1133 1134 1135 1136 1137 1138 1139 
1119 5410 5409 5408 5407 5406 5405 5404 5403 5402 5401 5400 5399 5398 5397 5396 5395 5394 5393 5392 5391 5390 5389 5388 5387 5386 5385 5384 5383 5382 5381 5380 5379 5378 5377 5376 5375 5374 5373 5372 5371 5370 5369 5368 5367 5366 5365 5364 5363 5362 5361 5360 5359 5358 5357 5356 5355 5354 5353 5352 5351 5350 5349 5348 5347 5346 5345 5344 5343 5342 5341 5340 5339 5338 5337 5336 5335 5334 5333 5332 5331 5330 5329 5328 5327 5326 5325 5324 5323 5322 5321 5320 5319 5318 5317 5316 5315 5314 5313 5312 5311 5310 5309 5308 5307 5306 5305 5304 5303 5302 5301 5300 5299 5298 5297 5296 5295 5294 5293 5292 5291 5290 5289 5288 5287 5286 5285 5284 5283 5282 5281 5280 5279 5278 5277 5276 5275 5274 5273 5272 5271 5270 5269 5268 5267 5266 5265 5264 5263 5262 5261 5260 5259 5258 5257 5256 5255 5254 5253 5252 5251 5250 5249 5248 5247 5246 5245 5244 5243 5242 5241 5240 5239 5238 5237 5236 5235 5234 5233 5232 5231 5230 5229 5228 5227 5226 5225 5224 5223 5222 5221 5220 5219 5218 5217 5216 5215 5214 5213 5212 5211 5210 5209 5208 5207 5206 5205 5204 5203 5202 5201 5200 5199 5198 5197 5196 5195 5194 5193 5192 5191 5190 5189 5188 5187 5186 5185 5184 5183 5182 5181 5180 5179 5178 5177 5176 5175 5174 5173 5172 5171 5170 5169 5168 5167 5166 5165 5164 5163 5162 5161 5160 5159 5158 5157 5156 5155 5154 5153 5152 5151 5150 5149 5148 5147 5146 5145 5144 5143 5142 5141 5140 5139 5138 5137 5136 5135 5134 5133 5132 5131 5130 5129 5128 5127 5126 5125 5124 5123 5122 5121 5120 5119 5118 5117 5116 5115 5114 5113 5112 5082 5081 5083 5084 5085 5086 5087 5088 5089 5090 5091 5092 5093 5094 5095 5096 5097 5098 5099 5100 5101 5102 5103 5104 5105 5106 5107 5108 5109 5110 5111 4695 
1139 1140 1141 1142 1143 1144 1145 1146 1147 1148 1149 1150 1151 1152 1153 1154 1155 1156 1157 1158 1159 1160 1161 1162 1163 1164 1165 
1139 1776 1775 1774 1773 1772 1771 1770 1769 1768 1767 1766 1765 1764 1763 1762 1761 1760 1759 1758 1757 1756 1755 1754 1753 1752 1751 1750 1749 1748 1747 1746 1745 1744 1743 1742 1741 1740 1739 1738 1737 1736 1735 1734 1733 1732 1731 1730 1729 1728 1727 1726 1725 1724 1723 1722 1721 1524 1523 1525 1526 1527 1528 1529 1530 1531 1532 
1165 1166 1167 1168 1169 1170 1171 1172 1173 1174 1175 1176 1177 1178 1179 1180 1181 1182 1183 1184 1185 1186 1187 1188 1189 1190 1191 1192 1193 1194 1195 1196 1197 1198 1199 1200 1201 1202 1203 1204 1205 1206 1207 1208 1209 1210 1211 1212 1213 1214 1215 1216 1217 1218 1219 1220 1221 1222 1223 1224 1225 1226 1227 1228 1229 1230 1231 1232 1233 
1233 1234 1235 1236 1237 1238 1239 1240 1241 
1233 3549 3548 3547 3546 3545 3544 3543 3542 3541 3540 3539 3538 3537 3536 3535 3534 3533 3532 3531 3530 3529 3528 3527 3526 3525 3524 3523 3522 3521 3520 3519 3518 3517 3516 3515 3514 3513 3512 3511 3510 3509 3508 3507 3506 3505 3504 3503 3502 3501 3500 3469 3468 3470 3471 3472 3473 3474 3475 3476 3477 3478 3479 3480 3481 3482 3483 3484 3485 3486 3487 3488 3489 3490 3491 3492 3493 3494 3495 3496 3497 3498 3499 
1241 2251 2250 2249 2248 2247 2246 2245 2244 2243 2242 2241 2240 2239 2238 2237 2236 2235 2234 2233 2232 2231 2230 2229 2228 2227 2226 2225 2224 2223 2222 2221 2220 2219 2218 2217 2216 2215 2214 2213 2212 2211 2210 2209 2208 2207 2206 2205 2204 2203 2202 2201 2200 2199 2198 2197 2196 2195 2194 2193 2192 2191 2190 2189 2188 2187 2186 2185 2184 2183 2182 2181 2180 2179 2178 2177 2176 2175 2174 2173 2172 2171 2170 2169 2168 2167 2166 2165 2164 
1408 1409 1410 1411 1412 1413 1414 1415 1416 1417 1418 1419 1420 1421 1422 1423 1424 1425 1426 1427 1428 1429 1430 1431 
1408 6172 6171 6170 6169 6168 6167 6166 6165 6164 6163 6162 6161 6160 6159 6158 6157 6156 6155 6154 6153 6152 
1532 1533 1534 1535 1536 1537 1538 1539 1540 1541 1542 1543 1544 1545 1546 1547 1548 1549 1550 1551 1552 1553 1554 1555 1556 1557 1558 
1532 5655 5654 5653 5652 5651 5650 5649 5648 5647 5646 5645 5644 5643 5642 5641 5640 5639 5638 5637 5636 5635 5634 5633 5632 5631 5630 5629 5628 5627 5626 5625 5624 5623 5622 5621 5620 5619 5618 5617 5616 5615 5614 5613 5612 5611 5610 5609 5608 5607 5606 5605 5604 5603 5602 5601 5600 5599 5597 5598 5656 5657 5658 5659 5660 5661 5662 5663 5664 5665 5666 5667 5668 5669 5670 5671 5672 5673 5674 5675 5676 5677 5678 5679 5680 5681 5682 5683 5684 5685 5686 5687 5688 5689 5690 5691 5692 5693 5694 5695 5696 5697 5698 5699 5700 5701 5702 5703 5704 5705 5706 5707 
1558 1559 1560 1561 1562 1563 1564 1565 1566 1567 1568 1569 1570 1571 1572 1573 1574 1575 1576 1577 1578 1579 1580 1581 1582 1583 1584 1585 1586 1587 1588 1589 1590 1591 1592 1593 1594 1595 1596 1597 1598 1599 1600 1601 1602 1603 1604 1605 1606 1607 1608 1609 1610 1611 1612 1613 1614 1615 1616 1617 1618 1619 1620 1621 1622 1623 1624 1625 1626 1627 1628 1629 1630 1631 1632 1633 1634 1635 1636 1637 1638 1639 1640 1641 1642 1643 1644 1645 1646 1647 1648 1649 1650 1651 1652 1653 1654 1655 1656 1657 1658 
1558 4033 4032 4031 4030 4029 4028 4027 4026 4025 4024 4023 4022 4021 4020 4019 4018 4017 4016 4015 4014 4013 4012 4011 4010 4009 4008 4007 4006 4005 4004 4003 4002 4001 4000 3999 3998 3997 3996 3995 3994 3993 3992 3991 3990 3989 3988 3987 3986 3985 3984 3983 3982 3981 3980 3979 3978 3977 3976 3975 3974 3973 3972 3971 3970 3969 3968 3967 3966 3965 3964 3963 3962 3961 3960 3959 3958 3957 3956 3955 3954 3953 3952 3951 3950 3949 
1658 4105 4104 4103 4102 4101 4100 4099 4098 4097 4096 4095 4094 4093 4092 4091 4090 4089 4088 4087 4086 4085 4084 4083 4082 4081 4080 4079 4078 4077 4076 4075 4074 4073 4072 4071 4070 4069 4068 4067 4066 4065 4064 4063 4062 4061 4060 4059 4058 4057 4056 4055 4054 4053 4052 4051 4050 4049 4048 4047 4046 4045 4044 4043 4042 4041 4040 4039 4038 4037 4036 4035 4034 3938 3937 3939 3940 3941 3942 3943 3944 3945 3946 3947 3948 3949 
2092 2091 2090 2089 2088 2087 2086 2085 2084 2083 2082 2081 2080 2079 2078 2077 2076 2075 2074 2073 2072 2071 2070 2069 2067 2068 2252 2253 2254 2255 2256 2257 2258 2259 2260 2137 
2092 2093 2094 2095 2096 2097 2098 2099 2100 2101 2102 2103 2104 2105 2106 2107 2108 2109 2110 2111 2112 2113 2114 2115 2116 2117 2118 2119 2120 2121 2122 2123 2124 2125 2126 2127 2128 2129 2130 2131 2132 2133 2134 2135 2136 2137 
2092 5596 5595 5594 5593 5592 5591 5590 5589 5588 5587 5586 5585 5584 5583 5582 5581 5580 5579 5578 5577 5576 5575 5574 5573 5572 5571 5570 5569 5568 5567 5566 5565 5564 5563 5562 5561 5560 5559 5558 5557 5556 5555 5554 5553 5552 5551 5550 5549 5548 5547 5546 5545 5544 5543 5542 5541 5540 5539 5538 5537 5536 5535 5534 5522 5521 5523 5524 5525 5526 5527 5528 5529 5530 5531 5532 5533 
2137 2138 2139 2140 2141 2142 2143 2144 
2144 2145 2146 2147 2148 2149 2150 2151 2152 2153 2154 2155 2156 2157 2158 2159 2160 2161 2162 2163 2164 
2164 3467 3466 3465 3464 3463 3462 3461 3460 3459 3458 3457 3456 3455 3454 3453 3452 3451 3450 3449 3448 3447 3446 3445 3444 3443 3442 3441 3440 3439 
2351 6508 6507 6506 6505 6504 6503 6502 6501 6500 6499 6498 6497 6496 6495 6494 6493 6492 6491 6490 6489 6488 6487 6486 6485 6484 6483 6482 6481 6480 6479 6478 6477 6476 6475 6474 6473 6472 6471 6470 6469 6468 6467 6466 6465 6464 6463 6462 6461 6460 6459 6458 6457 6456 6455 6454 6453 6452 6451 6450 6449 6448 6447 6446 6445 6444 6443 6442 6441 6440 6439 6438 6437 6436 6435 6434 6433 6432 6431 6430 6429 6428 6427 6426 6425 6424 6423 6422 6421 6420 6419 6418 6417 6416 6415 6414 6413 6412 6411 6410 6409 6408 6407 6406 6405 6404 6403 6402 6401 6400 6399 6398 6397 6396 6395 6394 6393 6392 6391 6390 6389 6388 6387 6386 6385 6384 6383 6382 6381 6380 6379 6378 6377 6376 6375 6374 6373 6372 6371 6370 
2465 2464 2463 2462 2461 2460 2459 2458 2457 2456 2455 2453 2454 2466 2467 2468 2469 2470 2471 2472 2473 2474 2475 2476 2477 2478 2479 2480 2481 2482 2483 2484 2485 2486 2487 2488 2489 
2489 2490 2491 2492 2493 2494 2495 2496 2497 2498 2499 2500 2501 2502 2503 2504 2505 2506 2507 2508 2509 2510 2511 2512 2513 2514 2515 2516 2517 2518 2519 2520 2521 2522 2523 2524 2525 2526 2527 2528 2529 2530 2531 2532 2533 2534 2535 2536 2537 2538 2539 2540 2541 2542 2543 2544 2545 2546 2547 2548 2549 2550 2551 2552 2553 2554 2555 2556 2557 2558 2559 2560 2561 2562 2563 2564 
2489 5505 5504 5503 5502 5501 5500 5499 5498 5497 5496 5495 5494 5493 5492 5491 5490 5489 5488 5487 5486 5485 5484 5483 5482 5481 5480 5479 5478 5477 5476 5475 5473 5474 5506 5507 5508 5509 5510 5511 5512 5513 5514 5515 5516 5517 5518 5519 5520 4115 
2564 2565 2566 2567 2568 2569 2570 2571 2572 2573 2574 2575 2576 2577 2578 2579 2580 2581 2582 2583 2584 2585 2586 2587 2588 2589 2590 2591 2592 2593 4123 4122 4121 4120 4119 4118 4117 
2564 4259 4258 4257 4256 4255 4254 4253 4252 4251 4250 4249 4248 4247 4246 4245 4244 4243 4242 4241 4240 4239 4238 4237 4236 4235 4234 
2605 2604 2603 2602 2601 2600 2599 2598 2597 2596 2594 2595 2714 2715 2716 2717 2718 2719 2720 2721 2722 2723 2724 2725 2726 2727 2728 2729 2730 2731 2732 2733 2734 2735 2736 2737 2738 2739 2740 2741 2742 2743 2744 2745 2746 2747 2748 2749 2750 2751 2752 2753 2754 2755 2756 2757 2758 2759 2760 2761 2762 2763 2764 2765 2766 2767 2768 2769 2770 2771 2772 2773 2774 2775 2776 2777 2778 2779 2780 2781 2782 2783 2784 2785 2786 2787 2788 2789 2790 2791 2792 2793 2794 2795 2796 2797 2798 2799 2800 2801 2802 2803 2804 2805 2806 2807 2808 2809 2810 2811 2812 2813 2814 2815 2816 2817 2818 2819 2820 2821 2822 2823 2824 2825 2826 2827 2828 2829 2830 2831 2832 2833 2834 2835 2836 2837 2838 2839 2840 2841 2842 2843 2844 2845 2846 2847 2848 2849 2850 2851 2852 2853 2854 2855 2856 
2605 2606 2607 2608 2609 2610 2611 2612 2613 2614 2615 2616 2617 2618 2619 2620 2621 2622 2623 2624 2625 2626 2627 2628 2629 2630 2631 2632 2633 2634 
2605 2961 2960 2959 2958 2957 2956 2955 2954 2953 2952 2951 2950 2948 2949 2962 2963 2964 2965 2966 2967 2968 2969 2970 2971 2972 2973 2974 2975 2976 2977 2978 2979 2980 
2634 2635 2636 2637 2638 2639 2640 2641 2642 2643 2644 2645 2646 2647 2648 2649 2650 2651 2652 2653 2654 2655 2656 2657 2658 2659 2660 2661 2662 2663 2664 2665 2666 2667 2668 2669 2670 2671 2672 2673 2674 2675 2676 2677 2678 2679 2680 2681 2682 2683 2684 2685 2686 2687 2688 2689 2690 2691 2692 2693 2694 2695 2696 2697 2698 2699 
2634 3869 3868 3867 3866 3865 3864 3863 3862 3861 3860 3859 3858 3857 3856 3855 3854 3853 3852 3851 3850 3849 3848 3847 3846 3845 3844 3843 3842 3841 3840 3839 3838 3837 3836 3835 3834 3833 3832 3831 3830 3829 3828 3827 3826 3825 3824 3823 3822 3821 3820 3819 3818 3817 3816 3815 3776 3775 3777 3778 3779 3780 3781 3782 3783 3784 3785 3786 3787 3788 3789 3790 3791 3792 3793 3794 3795 3796 3797 3798 3799 3800 3801 3802 3803 3804 3805 3806 3807 3808 3809 3810 3811 3812 3813 3814 2980 
2699 2700 2701 2702 2703 2704 2705 2706 2707 2708 2709 2710 2711 2712 2713 
2699 4535 4534 4533 4532 4531 4530 4529 4528 4527 4526 4525 4524 4523 4522 4521 4520 4519 4518 4517 4516 4515 4514 4513 4512 4511 4510 4509 4508 4507 4506 4505 4504 4503 4502 4501 4500 4499 4498 4497 4496 4495 4494 4493 4492 4491 4490 4489 4488 4487 4486 4485 4484 4483 4482 4481 4480 4479 4478 4477 4476 4475 4474 4473 4472 4471 4470 4469 4468 4467 4466 4465 4464 4463 4462 4461 4460 4459 4458 4457 4456 4455 4454 4453 4452 4451 4450 4449 4448 4447 4446 4445 4444 4443 4442 4441 4440 4439 4438 4437 4436 4435 4434 4433 4432 4431 4430 4429 4428 4427 4426 4425 4424 4423 4422 4421 4420 4419 4418 4417 4416 4415 4414 4413 4412 4411 4410 4409 4408 4407 4406 4405 4404 4403 4402 4401 4400 4399 4398 4397 4396 4395 4394 4393 4392 4391 4390 4389 4388 4387 4386 4385 4384 4383 4382 4381 4380 4379 
2856 3427 3426 3425 3424 3423 3422 3421 3420 3419 3418 3417 3416 3415 3414 3413 3412 3411 3410 3409 3408 3407 
2924 2925 2926 2927 2928 2929 2930 2931 2932 2933 2934 2935 2936 2937 2938 2939 2940 2941 2942 2943 2944 2945 2946 2947 3574 
2924 3615 3614 3613 3612 3611 3610 3609 3608 3607 3606 3605 3604 3603 3602 3601 3600 3599 3598 3597 3596 3595 3594 3593 3592 3591 3590 3589 3588 3587 3586 3585 3584 3583 3582 3581 3580 3579 3578 3577 3576 3575 3551 3550 3552 3553 3554 3555 3556 3557 3558 3559 3560 3561 3562 3563 3564 3565 3566 3567 3568 3569 3570 3571 3572 3573 3574 
3168 3167 3166 3165 3164 3163 3162 3161 3160 3159 3158 3157 3156 3155 3154 3153 3152 3151 3150 3149 3148 3147 3146 3145 3144 3143 3142 3141 3140 3139 3138 3137 3136 3135 3133 3134 3330 3331 3332 3333 3334 3335 3336 3337 3338 3339 3340 3341 3342 3343 3344 3345 3346 3347 3348 3349 3350 3351 3352 3353 3354 3355 3356 3357 3358 3359 3360 3361 3362 3363 3364 3365 3366 3367 3368 3369 3370 3371 3372 3373 3374 3375 3376 3377 3378 3379 3380 4551 4550 4549 4548 4547 4546 4545 4544 4543 4542 4541 4540 4539 4538 4537 4536 4354 4353 4355 4356 4357 4358 4359 4360 4361 4362 4363 4364 4365 4366 4367 4368 4369 4370 4371 4372 4373 4374 4375 4376 4377 4378 4379 
3168 3169 3170 3171 3172 3173 3174 3175 3176 3177 3178 3179 3180 3181 3182 3183 3184 3185 3186 3187 3188 
3168 5888 5887 5886 5885 5884 5883 5882 5881 5880 5879 5878 5877 5876 5875 5874 5873 5872 5871 5870 5869 5868 5867 5866 5865 5864 5863 5862 5861 5860 5859 5858 5857 5856 5855 5854 5853 5852 5851 5850 5849 5848 5847 5846 5845 5844 5843 5842 5841 5840 5839 5837 5838 5889 5890 5891 5892 5893 5894 5895 5896 5897 5898 5899 5900 5901 5902 5903 5904 5905 3681 
3188 3668 3667 3666 3665 3664 3663 3662 3661 3660 3659 3658 3657 3656 3655 3654 3653 3652 3651 3650 3649 3648 3647 3646 3645 3644 3643 3642 3641 3640 3639 3638 3637 3636 3635 3634 3633 3632 3631 3630 3629 3628 3627 3626 3625 3624 3623 3622 3621 3620 3619 3618 3616 3617 3669 3670 3671 3672 3673 3674 3675 3676 3677 3678 3679 3680 3681 
3407 3406 3405 3404 3403 3402 3401 3400 3399 3398 3397 3396 3395 3394 3393 3392 3391 3390 3389 3388 3387 3386 3385 3384 3383 3381 3382 3428 3429 3430 3431 3432 3433 3434 3435 3436 3437 3438 3439 
3407 3902 3901 3900 3899 3898 3897 3896 3895 3894 3893 3892 3891 3890 3889 3888 3887 3886 3885 3884 3883 3882 3881 3880 3879 3878 3877 3876 3875 3874 3873 3872 3870 3871 3903 3904 3905 3906 3907 3908 3909 3910 3911 3912 3913 3914 3915 3916 3439 
3499 7529 7528 7527 7526 7525 7524 7523 7522 7521 7520 7519 7518 7517 7516 7515 7514 7513 7512 7511 7510 7509 7508 7507 7506 7505 7504 7441 7440 7442 7443 7444 7445 7446 7447 7448 7449 7450 7451 7452 7453 7454 7455 7456 7457 7458 7459 7460 7461 7462 
3574 5427 5426 5425 5424 5423 5422 5421 5420 5419 5418 5417 5416 5415 5414 5413 5411 5412 5428 5429 5430 5431 5432 5433 5434 5435 5436 5437 5438 5439 5440 5441 5442 5443 5444 5445 5446 5447 5448 5449 5450 5451 5452 5453 5454 5455 5456 
3681 3682 3683 3684 3685 3686 3687 3688 3689 3690 3691 3692 3693 3694 3695 3696 3697 3698 3699 3700 3701 3702 3703 3704 3705 3706 3707 3708 3709 3710 3711 3712 3713 3714 3715 3716 3717 3718 3719 3720 3721 3722 3723 3724 3725 3726 3727 3728 3729 3730 3731 3732 3733 3734 3735 3736 3737 3738 3739 3740 3741 3742 3743 3744 3745 3746 3747 3748 3749 3750 3751 3752 3753 3754 3755 3756 3757 3758 3759 3760 3761 3762 3763 3764 3765 3766 3767 3768 3769 3770 3771 3772 3773 3774 
3949 6685 6684 6683 6682 6681 6680 6679 6678 6677 6676 6675 6674 6673 6672 6671 6670 6669 6668 6667 6666 6665 6664 6663 6662 6661 6660 6659 6658 6657 6656 6655 6654 6653 6652 6651 6650 6649 6648 6647 6646 6645 6644 6643 6642 6641 6640 6639 6638 6637 6636 6635 6634 6633 6632 6631 6630 6629 6628 6627 6626 6625 6624 6623 6622 6621 6620 6619 6618 6617 6616 6615 6614 6613 6612 6611 6610 6609 6608 6607 6606 6605 6604 6603 6602 6601 6600 6599 6598 6597 6595 6596 6686 6687 6688 6689 6690 6691 6692 6693 6694 6695 6696 6697 6698 6699 6700 6701 6702 6703 6704 6705 6706 6707 6708 6709 6710 6711 6712 6713 6714 6715 6716 
4115 4114 4113 4112 4111 4110 4109 4108 4106 4107 4124 4125 4126 4127 4128 4129 
4115 4116 4117 
4117 4173 4172 4171 4170 4169 4168 4167 4166 4165 4164 4163 4162 4161 4160 4159 4158 4157 4156 4155 4154 4153 4152 4151 4150 4149 4148 4147 4146 4145 4144 4143 4142 4141 4140 4139 4138 4137 4136 4135 4134 4133 4132 4131 4130 4129 
4129 9894 9893 9892 9891 9890 9889 9888 9887 9886 9885 9884 9883 9882 9881 9880 9879 9878 9877 9876 9875 9874 9873 9872 9871 9870 9869 9868 9867 9866 9865 9864 9863 9862 9861 9860 9859 9858 9857 9856 9855 9854 9853 9852 9851 9850 9849 9848 9847 9846 9845 9844 9843 9842 9841 9840 9839 9838 9837 9836 9835 9834 9833 9832 9831 9830 9829 9828 9827 9826 9825 9824 9823 9822 9821 9820 9819 9818 9817 9816 9815 9814 9813 9812 9811 9810 9809 9808 9807 9806 9805 9804 9803 9802 9801 9800 9799 9798 9797 9796 9795 9794 9793 9792 9791 9790 9789 9788 9787 9786 9785 9784 9783 9782 9781 9780 9779 9778 9777 9776 9775 9774 9773 9772 9771 9770 9769 9768 9767 9766 9765 9764 9763 9762 9761 9760 9759 9758 9757 9756 9755 9754 9753 9752 9751 9750 9749 9748 9747 9746 9745 9744 9743 9742 9741 9740 9739 9738 9737 9736 9735 9734 9733 9732 9731 9730 9729 9728 9727 9726 9725 9723 9724 9895 9896 9897 9898 9899 9900 9901 9902 9903 9904 9905 9906 9907 9908 9909 9910 9911 9912 9913 9914 9915 9916 9917 9918 9919 9920 9921 9922 9923 9924 9925 9926 9927 9928 9929 9930 9160 
4188 4187 4186 4185 4184 4183 4182 4181 4180 4179 4178 4177 4176 4174 4175 4260 4261 4262 4263 4264 4265 4266 4267 4268 4269 4270 4271 4272 4273 4274 4275 4276 4277 4278 4279 4280 4281 4282 4283 4284 4285 4286 4287 4288 4289 4290 4291 4292 4293 4294 4295 4296 4297 4298 4299 4300 4301 4302 4303 4304 4305 4306 4307 4308 4309 4310 
4188 4189 4190 4191 4192 4193 4194 4195 4196 4197 4198 4199 4200 4201 4202 4203 4204 4205 4206 4207 4208 4209 4210 4211 4212 4213 4214 4215 4216 4217 4218 4219 4220 4221 4222 4223 4224 4225 4226 4227 4228 4229 4230 4231 4232 4233 4234 
4188 9252 9251 9250 9249 9248 9247 9246 9245 9244 9243 9242 9241 9240 9239 9238 9237 9236 9235 9234 9233 9232 9231 9230 9229 9228 9227 9226 9225 9224 9223 9221 9222 9253 9254 9255 9256 9257 9258 
4234 6119 6118 6117 6116 6115 6114 6113 6112 6111 6110 6109 6108 6107 6106 6105 6104 6103 6102 6101 6100 6099 6098 6097 6096 6095 6094 6093 
4310 4311 4312 4313 4314 4315 4316 4317 4318 4319 4320 4321 4322 4323 4324 4325 4326 4327 4328 4329 4330 4331 4332 4333 4334 4335 4336 4337 4338 4339 4340 4341 4342 4343 4344 4345 4346 4347 4348 4349 4350 4351 4352 8972 8971 8970 8969 8968 8967 8966 8965 8964 8963 8962 8961 8960 8959 8958 8957 8956 8955 8954 8953 8952 8951 8950 8949 8948 8947 8946 8945 8944 8943 8942 8941 8940 8939 8938 8937 8936 8935 8934 8933 8932 8931 8930 8929 8928 8927 8926 8925 8924 8923 8922 8921 8920 8901 8900 8902 8903 8904 8905 8906 
4310 7439 7438 7437 7436 7435 7434 7433 7432 7431 7430 7429 7428 7427 7426 7425 7424 7401 7400 7402 7403 7404 7405 7406 7407 7408 7409 7410 7411 7412 7413 7414 7415 7416 7417 7418 7419 7420 7421 7422 7423 3936 3935 3934 3933 3932 3931 3930 3929 3928 3927 3918 3917 3919 3920 3921 3922 3923 3924 3925 3926 5836 5835 5834 5833 5832 5831 5830 5829 5828 5827 5826 5825 5824 5823 5822 5821 5820 5819 5818 5817 5816 5815 5814 5813 5812 5811 5810 5809 5808 5807 5806 5805 5804 5803 5802 5801 5800 5799 5798 5797 5796 5795 5794 5793 5792 5791 5790 5789 5788 5787 5786 5785 5784 5752 5751 5753 5754 5755 5756 5757 5758 5759 
4379 4643 4642 4641 4640 4639 4638 4637 4636 4635 4634 4633 4632 4631 4630 4629 4628 4627 4626 4625 4624 4623 4622 4621 4620 4619 4618 4617 4616 4615 4614 4613 4612 4611 4610 4609 4608 4607 4606 4605 4604 4603 4602 4601 4600 4599 4598 4597 4596 4595 4594 4593 4592 4591 4590 4589 4588 4587 4586 4585 4584 4583 4582 4581 4580 4579 4578 4577 4576 4575 4574 4573 4572 4571 4570 4569 4568 4567 4566 4565 4564 4563 4562 4561 4560 4559 4558 4557 4556 4555 4554 4552 4553 4644 4645 4646 4647 4648 4649 4650 4651 4652 4653 4654 4655 4656 4657 4658 4659 4660 4661 4662 4663 4664 4665 4666 4667 4668 4669 4670 4671 4672 4673 4674 4675 4676 4677 4678 4679 4680 4681 4682 4683 4684 4685 4686 4687 4688 4689 4690 4691 4692 4693 4694 4695 
4695 4696 4697 4698 4699 4700 4701 4702 4703 4704 4705 4706 4707 4708 4709 4710 4711 4712 4713 4714 4715 4716 4717 4718 
4863 4862 4861 4860 4859 4858 4857 4856 4855 4854 4853 4852 4851 4850 4849 4848 4847 4846 4845 4844 4843 4842 4841 4840 4839 4838 4837 4836 4835 4834 4833 4832 4831 4830 4829 4828 4827 4826 4825 4824 4823 4822 4821 4820 4819 4818 4817 4816 4815 4813 4814 4931 4932 4933 4934 4935 4936 4937 4938 4939 4940 4941 4942 4943 4944 4945 4946 4947 4948 4949 4950 4951 4952 4953 4954 4955 4956 4957 4958 4959 4960 4961 4962 4963 4964 4965 4966 4967 4968 4969 4970 4971 4972 4973 4974 4975 4976 4977 4978 4979 4980 4981 4982 4983 4984 4985 4986 4987 4988 4989 4990 4991 4992 4993 4994 4995 4996 4997 4998 4999 5000 5001 5002 5003 5004 5005 5006 5007 5008 5009 5010 5011 5012 5013 5014 5015 5016 5017 5018 5019 4863 
5039 5038 5037 5036 5035 5034 5033 5032 5031 5030 5029 5028 5027 5026 5025 5024 5023 5022 5020 5021 5052 5053 5054 5055 5056 5057 5058 5059 5060 5061 5062 5063 5064 5065 5066 5067 5068 5069 5070 5071 5072 5073 5074 5075 5076 5077 5078 5079 
5039 5040 5041 5042 5043 5044 5045 5046 5047 5048 5049 5050 5051 
5039 8505 8504 8503 8502 8501 8500 8499 8498 8497 8496 8495 8494 8493 8492 8491 8490 
5079 5080 
5079 5472 5471 5470 5469 5468 5467 5466 5465 5464 5463 5462 5461 5460 5459 5458 5457 5456 
5456 7779 7778 7777 7776 7775 7774 7773 7772 7771 7770 7769 7768 7767 7766 7765 7764 7763 7762 7761 7760 7759 7758 7757 7756 7755 7754 7753 7752 7751 7750 7749 7748 7747 7746 7745 7744 7743 7742 7741 7740 7739 7738 7737 7736 7735 7734 7733 7663 7662 7664 7665 7666 7667 7668 7669 7670 7671 7672 7673 7674 7675 7676 7677 7678 7679 7680 7681 7682 7683 7684 7685 7686 7687 7688 7689 7690 7691 7692 7693 7694 7695 7696 7697 7698 7699 7700 7701 7702 7703 7704 7705 7706 7707 7708 7709 7710 7711 7712 7713 7714 7715 7716 7717 7718 7719 7720 7721 7722 7723 7724 7725 7726 7727 7728 7729 7730 7731 7732 7158 
5707 5708 5709 5710 5711 5712 5713 5714 5715 5716 5717 5718 5719 5720 5721 
5707 8115 8114 8113 8112 8111 8110 8109 8108 8107 8106 8104 8105 8116 8117 8118 8119 8120 8121 8122 8123 8124 8125 8126 8127 8128 8129 8130 8131 8132 8133 8134 8135 
5721 5722 5723 5724 5725 5726 5727 5728 5729 5730 5731 5732 5733 5734 5735 5736 5737 5738 5739 5740 5741 5742 5743 5744 5745 5746 5747 5748 5749 5750 
5721 8156 8155 8154 8153 8152 8151 8150 8149 8148 8147 8146 8145 8144 8143 8142 8141 8140 8139 8138 8137 8136 8135 
5759 5760 5761 5762 5763 5764 5765 5766 5767 5768 
5759 6014 6013 6012 6011 6010 6009 6008 6007 6006 6005 6004 6003 6002 6001 6000 5999 5998 5997 5996 5995 5994 5993 5992 5991 5990 5989 5988 5987 5986 5985 5984 5983 5982 5981 5980 5979 5978 5977 5976 5975 
5768 5769 5770 5771 5772 5773 5774 5775 5776 5777 5778 5779 5780 5781 5782 5783 
5768 8852 8851 8850 8849 8848 8847 8846 8845 8844 8843 8842 8841 8840 8839 8838 8837 8836 8835 8834 8833 8832 8831 8830 8829 8828 8827 8826 8825 8824 8823 8822 8821 8820 8819 8818 8817 8816 8815 8814 8813 8812 8811 8810 8809 8808 8807 8806 8805 8804 8803 8802 8801 8800 8799 8798 8797 8796 8795 8794 8793 8792 8791 8790 8789 8788 8787 8786 8785 8784 8783 8782 8781 8780 
5921 5920 5919 5918 5917 5916 5915 5914 5913 5912 5911 5910 5909 5908 5906 5907 5956 5957 5958 5959 5960 5961 5962 5963 7917 7916 7915 7914 7913 7912 7911 7910 7909 7908 7907 7906 7905 7904 7903 7902 7901 7886 7885 7887 7888 7889 7890 7891 7892 7893 7894 7895 7896 7897 7898 7899 7900 7824 
5921 5922 5923 5924 5925 5926 5927 5928 5929 5930 5931 5932 5933 5934 5935 5936 5937 5938 5939 5940 5941 5942 5943 5944 
5921 7884 7883 7882 7881 7880 7879 7878 7877 7876 7875 7874 7873 7872 7871 7870 7869 7868 7867 7866 7865 7864 7863 7862 7861 7860 7859 7858 7857 7856 7855 7854 7853 7852 7851 7850 7849 7848 7847 7846 7845 7844 7843 7842 7841 7840 7839 7838 7837 7836 7835 7834 7833 7832 7831 7830 7829 7828 7827 7826 7825 7824 
5944 5945 5946 5947 5948 5949 5950 5951 5952 5953 5954 5955 8643 8642 8641 8640 8639 8638 8637 8636 8635 8634 8633 8632 8631 8630 8629 8628 8627 8626 8625 8624 8623 8622 8621 8620 8619 8618 8617 8616 8615 8614 8613 8612 8611 8610 8609 8608 8607 8606 8605 8604 8603 8602 8601 8600 8599 8598 8597 8596 8595 8594 8593 8592 8591 8590 8589 8588 8587 8586 8585 8584 8583 8582 8581 8580 8579 8578 8577 8576 8575 8574 8573 8572 8571 8570 8569 8568 8567 8566 8565 8529 8528 8530 8531 8532 8533 8534 8535 8536 8537 8538 8539 8540 8541 8542 8543 8544 8545 8546 8547 8548 8549 8550 8551 8552 8553 8554 8555 8556 8557 8558 8559 8560 8561 8562 8563 8564 7983 
5944 7022 7021 7020 7019 7018 7017 7016 7015 7014 7013 7012 7011 7010 7009 7008 7007 7006 7005 7004 7003 7002 7001 7000 6999 6998 6997 6996 6995 6994 6993 6992 6991 6990 6989 6988 6987 6986 6985 6984 6983 6982 6981 6980 6979 6978 6977 6976 6974 6975 7023 7024 7025 7026 
5975 5974 5973 5972 5971 5970 5969 5968 5967 5966 5964 5965 6015 6016 6017 6018 6019 6020 6021 
5975 8695 8694 8693 8692 8691 8690 8689 8688 8687 8686 8685 8684 8683 8682 8681 8680 8679 8678 8677 8676 8675 8674 8673 8672 8671 8670 8669 8668 8667 8666 8665 8664 8663 8662 8661 8660 8659 8658 8657 8656 8655 8654 8653 8652 8651 8650 8649 8648 8647 8646 8644 8645 8696 8697 8698 8699 8700 8701 8702 8703 8704 8705 8706 8707 8708 8709 8710 8711 8712 8713 8714 8715 8716 8717 8718 8719 8720 8721 8722 8723 
6068 6067 6066 6065 6064 6063 6062 6061 6060 6059 6058 6057 6056 6055 6054 6053 6052 6051 6050 6049 6048 6047 6046 6045 6044 6043 6042 6040 6041 6070 6071 6072 6073 6074 6075 6076 6077 6078 6079 6080 6081 6082 6083 6084 6085 6086 6087 6088 6089 6090 6091 6092 6093 
6068 6069 
6068 10105 10104 10103 10102 10101 10100 10099 10098 10097 10096 10054 10053 10055 10056 10057 10058 10059 10060 10061 10062 10063 10064 10065 10066 10067 10068 10069 10070 10071 10072 10073 10074 10075 10076 10077 10078 10079 10080 10081 10082 10083 10084 10085 10086 10087 10088 10089 10090 10091 10092 10093 10094 10095 9646 
6093 7075 7074 7073 7072 7071 7070 7069 7068 7067 7066 7065 7064 7063 7062 7061 7060 7059 7058 7057 7056 7055 7054 7053 7052 7051 7050 7049 7048 7047 7046 7045 7044 7043 7042 7041 7040 7039 7038 7037 7036 7035 7034 7033 7032 7031 7030 7029 7028 7027 7026 
6152 6973 6972 6971 6970 6969 6968 6967 6966 6965 6964 6963 6962 6961 6960 6959 6958 6957 6956 6955 6954 6953 6952 6951 6950 6949 6948 6947 6946 6945 6944 6943 6942 6941 6940 6939 6938 6937 6936 6935 6934 6933 6932 6931 6930 6929 6928 6927 6926 6925 6924 6923 6922 6921 6920 6919 6918 6917 6916 6915 6914 6913 6912 6911 6910 6909 6908 6907 6906 6905 6904 6903 6902 6901 6900 6899 6898 6897 6896 6895 6894 6893 6892 6891 6890 6889 6888 6887 6886 6885 6884 6883 6882 6881 6880 6879 6878 6877 6876 6875 6874 6873 6872 6871 6870 6869 6868 6867 6866 6865 6864 6863 6862 6861 6860 6859 6858 6857 6856 6855 6854 6853 6852 6851 6850 6849 6848 6847 6846 6845 
6311 6310 6309 6308 6307 6306 6305 6304 6303 6302 6301 6300 6299 6298 6297 6296 6295 6294 6293 6292 6291 6290 6289 6288 6287 6286 6285 6284 6283 6282 6281 6280 6279 6278 6277 6276 6275 6274 6273 6272 6271 6270 6269 6268 6267 6266 6265 6263 6264 6509 6510 6511 6512 6513 6514 6515 6516 6517 6518 6519 6520 6521 6522 6523 6524 6525 6526 6527 6528 6529 6530 6531 6532 6533 6534 6535 6536 6537 6538 6539 6540 6541 6542 6543 6544 6545 6546 6547 6548 6549 6550 6551 6552 6553 6554 6555 6556 6557 6558 6559 6560 6561 6562 6563 6564 6565 6566 6567 6568 6569 6570 6571 6572 6573 6574 6575 6576 6577 6578 6579 
6311 6312 6313 6314 6315 6316 6317 6318 6319 6320 6321 6322 6323 6324 6325 6326 6327 6328 6329 6330 6331 6332 6333 6334 6335 6336 6337 6338 6339 6340 6341 6342 6343 6344 6345 6346 6347 6348 6349 6350 6351 6352 6353 6354 6355 6356 6357 6358 6359 6360 6361 6362 6363 6364 6365 6366 6367 6368 6369 6370 
6311 10834 10833 10832 10831 10830 10829 10828 10827 10826 10825 10824 10823 10822 10821 10820 10819 10818 10817 10816 10815 10814 10813 10812 10811 10810 10809 10808 10807 10806 10805 10804 10803 10802 10801 10800 10799 10798 10797 10796 10795 10794 10793 10792 10791 10790 10789 10788 10787 10786 10785 10784 10783 10782 10781 10780 10779 10778 10777 10776 10775 10774 10773 10772 10771 10770 10769 10768 10767 10766 10765 10764 10763 10762 10761 10760 10759 10758 10757 10756 10755 10754 10753 10752 10751 10750 10749 10748 10747 10746 10745 10744 10743 10742 10741 10740 10739 10738 10737 10736 10735 10734 10733 10732 10731 10730 10729 10728 10727 10726 10725 10724 10723 10722 10721 10720 10719 10718 10717 10716 10715 10714 10713 10712 10711 10710 10709 10708 10707 10706 10705 10704 10703 10702 10701 10700 10699 10698 10697 10696 10695 10694 10693 10692 10691 10690 10689 10688 10687 10686 10685 10684 10683 10682 10681 10680 10679 10678 10677 10676 10675 10674 10673 10672 10671 10670 10669 10668 10667 10666 10665 10664 10663 10662 10661 10660 10659 10658 10657 10656 10648 10647 10649 10650 10651 10652 10653 10654 10655 10580 
6370 6594 6593 6592 6591 6590 6589 6588 6587 6586 6585 6584 6583 6582 6581 6580 6579 
6579 7625 7624 7623 7622 7621 7620 7619 7618 7617 7616 7615 7614 7613 7612 7611 7610 7609 7608 7531 7530 7532 7533 7534 7535 7536 7537 7538 7539 7540 7541 7542 7543 7544 7545 7546 7547 7548 7549 7550 7551 7552 7553 7554 7555 7556 7557 7558 7559 7560 7561 7562 7563 7564 7565 7566 7567 7568 7569 7570 7571 7572 7573 7574 7575 7576 7577 7578 7579 7580 
6716 6717 6718 6719 6720 6721 6722 6723 6724 6725 6726 6727 6728 6729 6730 6731 6732 6733 6734 6735 6736 6737 6738 6739 6740 6741 6742 6743 6744 6745 6746 6747 6748 6749 6750 6751 6752 6753 6754 6755 6756 6757 6758 6759 6760 6761 6762 6763 6764 6765 6766 6767 6768 6769 6770 6771 6772 6773 
6716 8092 8091 8090 8089 8088 8087 8086 8085 8084 8083 8082 8081 8080 8079 8078 8077 8076 8075 8074 8073 
6773 6774 6775 6776 6777 6778 6779 6780 6781 6782 6783 6784 6785 6786 6787 6788 6789 6790 6791 6792 6793 6794 6795 6796 6797 6798 6799 6800 6801 6802 6803 6804 6805 6806 6807 6808 6809 6810 6811 6812 6813 6814 6815 6816 6817 6818 6819 6820 6821 6822 6823 6824 6825 6826 6827 6828 6829 6830 6831 6832 6833 6834 6835 6836 6837 6838 6839 6840 6841 6842 6843 6844 6845 
6773 9062 9061 9060 9059 9058 9057 9056 9055 9054 9053 9052 9051 9050 9049 9048 9047 9046 9045 9044 9043 9042 9041 9040 9039 9038 9037 9036 9035 9034 9033 9032 9031 9030 9029 9028 9027 9026 9025 9024 9023 9022 9021 9020 9019 9018 9017 9016 9015 9014 9013 9012 9011 9010 9009 9008 9007 9006 9005 9004 9003 9002 9001 9000 8999 8998 8997 8996 8995 8994 8993 8992 8991 8990 8989 8988 8987 8986 8985 8984 8983 8982 8981 8980 8979 8978 8977 8976 8975 8973 8974 9063 9064 9065 9066 9067 9068 9069 9070 
6845 9113 9112 9111 9110 9109 9108 9107 9106 9105 9104 9103 9102 9101 9100 9099 9098 9097 9096 9095 9094 9093 9092 9091 9090 9089 9088 9087 9086 9085 9084 9083 9082 9081 9080 9079 9078 9077 9076 9075 9074 9073 9071 9072 9114 9115 9116 9117 9118 9119 9120 9121 9122 9123 9124 9125 9126 9127 9128 9129 
7026 9687 9686 9685 9684 9683 9682 9681 9680 9679 9678 9677 9676 9675 9674 9673 9672 9671 9670 9669 9668 9667 9666 9665 9664 9663 9662 9661 9660 9659 9658 9657 9656 9655 9654 9653 9652 9651 9650 9649 9648 9647 9646 
7158 7157 7156 7155 7154 7153 7152 7151 7150 7149 7148 7147 7146 7145 7144 7143 7142 7141 7140 7139 7138 7137 7136 7135 7134 7133 7132 7131 7130 7129 7128 7127 7126 7125 7124 7123 7122 7121 7120 7119 7118 7117 7116 7115 7114 7113 7112 7111 7110 7109 7108 7107 7106 7105 7104 7103 7102 7101 7100 7099 7098 7077 7076 7078 7079 7080 7081 7082 7083 7084 7085 7086 7087 7088 7089 7090 7091 7092 7093 7094 7095 7096 7097 7399 7398 7397 7396 7395 7394 7393 7392 7391 7390 7389 7388 7387 7386 7385 7384 7383 7382 7381 7380 7379 7378 7377 7376 7375 7374 7373 7372 7371 7370 7369 7368 7367 7366 7365 7364 7363 7362 7361 
7158 7159 7160 7161 7162 7163 7164 7165 7166 7167 7168 7169 7170 7171 7172 7173 7174 7175 7176 7177 7178 7179 7180 7181 7182 7183 7184 7185 7186 7187 7188 7189 7190 7191 7192 7193 7194 7195 7196 7197 7198 7199 7200 7201 7202 7203 7204 7205 7206 7207 7208 7209 7210 7211 7212 7213 7214 7215 7216 7217 7218 7219 7220 7221 7222 7223 7224 7225 7226 7227 7228 7229 7230 7231 7232 7233 7234 7235 7236 7237 7238 7239 7240 7241 7242 7243 7244 7245 7246 7247 7248 7249 7250 7251 7252 7253 7254 7255 7256 7257 7258 7259 7260 7261 7262 
7262 7263 7264 7265 7266 7267 7268 7269 7270 7271 7272 7273 7274 7275 7276 7277 7278 7279 7280 7281 7282 7283 7284 7285 7286 7287 7288 7289 7290 7291 7292 7293 7294 7295 7296 7297 7298 7299 7300 7301 7302 7303 7304 7305 7306 7307 7308 7309 7310 7311 7312 7313 7314 7315 7316 7317 7318 7319 7320 7321 7322 7323 7324 7325 7326 7327 7328 7329 7330 7331 7332 7333 7334 7335 7336 7337 7338 7339 7340 7341 7342 7343 7344 7345 7346 7347 7348 7349 7350 7351 7352 7353 7354 7355 7356 7357 7358 7359 7360 7361 
7262 9616 9615 9614 9613 9612 9611 9610 9609 9608 9607 9606 9605 9604 9603 9602 9601 9600 9599 9598 9597 9596 9595 9594 9593 9592 9591 9590 9589 9588 9587 9586 9585 9584 9583 9582 9581 9580 9579 9578 9577 9576 9575 9574 9573 9572 9571 9570 9569 9568 9567 9566 9565 9564 9563 9562 9561 9560 9559 9558 9557 9556 9555 9554 9553 9552 9551 9550 9549 9548 9547 9546 9545 9544 9543 9542 9541 9540 9539 9538 9537 9536 9535 9534 9533 
7361 7607 7606 7605 7604 7603 7602 7601 7600 7599 7598 7597 7596 7595 7594 7593 7592 7591 7590 7589 7588 7587 7586 7585 7584 7583 7582 7581 7580 
7462 7463 7464 7465 7466 7467 7468 7469 7470 7471 7472 7473 7474 7475 7476 7477 7478 7479 7480 7481 7482 7483 7484 7485 7486 7487 7488 7489 7490 7491 7492 7493 7494 7495 7496 7497 7498 7499 7500 7501 7502 7503 9984 9983 9982 9981 9980 9979 9978 9977 9976 9975 9974 9973 9972 9971 9970 9969 9968 9967 9966 9965 9964 9963 9962 9961 9960 9959 9958 9957 9956 9955 9954 9953 9952 9951 9950 9949 9948 9947 9946 9945 9944 9943 9942 9941 9940 9939 9938 9937 9936 9935 9934 9933 9931 9932 9985 9986 9987 9988 9989 9990 9991 9992 9993 9994 9995 9996 9997 9998 9999 10000 10001 10002 10003 10004 10005 10006 10007 10008 10009 10010 10011 10012 10013 10014 10015 10016 10017 10018 10019 10020 10021 10022 10023 10024 10025 10026 10027 10028 10029 10030 10031 10032 10033 10034 10035 10036 10037 10038 10039 10040 10041 10042 10043 10044 10045 10046 10047 10048 10049 10050 10051 10052 8103 8102 8101 8100 8099 8098 8097 8096 8095 8094 8093 7919 7918 7920 7921 7922 7923 7924 7925 7926 7927 7928 7929 7930 7931 7932 7933 7934 7935 7936 7937 7938 7939 7940 7941 7942 7943 7944 7945 7946 7947 7948 7949 7950 7951 7952 7953 7954 7955 7956 7957 7958 7959 7960 7961 7962 7963 7964 7965 7966 7967 7968 7969 7970 7971 7972 7973 7974 7975 7976 7977 7978 7979 7980 7981 7982 7983 
7462 9211 9210 9209 9208 9207 9206 9205 9204 9203 9202 9201 9200 9199 9198 9197 9196 9195 9194 9193 9192 9191 9190 9189 9188 9187 9186 9185 9184 9183 9182 9181 9180 9179 9178 9177 9176 9175 9174 9173 9172 9171 9170 9169 9168 9167 9166 9165 9164 9163 9162 9161 9160 
7813 7812 7811 7810 7809 7808 7807 7806 7805 7804 7803 7802 7801 7800 7799 7798 7797 7796 7795 7794 7793 7792 7791 7790 7789 7788 7787 7786 7785 7784 7783 7782 7780 7781 7814 7815 7816 7817 7818 7819 7820 7821 7822 7823 7824 
7983 7984 7985 7986 7987 7988 7989 7990 7991 7992 7993 7994 7995 7996 7997 7998 7999 8000 8001 8002 8003 8004 8005 8006 8007 8008 8009 8010 8011 8012 8013 8014 8015 8016 8017 8018 8019 8020 8021 8022 8023 8024 8025 8026 8027 8028 8029 8030 8031 8032 8033 8034 8035 8036 8037 8038 8039 8040 8041 8042 8043 8044 8045 8046 8047 8048 8049 8050 8051 8052 8053 8054 8055 8056 8057 8058 8059 8060 8061 8062 8063 8064 8065 8066 8067 8068 8069 8070 8071 8072 8073 
8073 8280 8279 8278 8277 8276 8275 8274 8273 8272 8271 8270 8269 8268 8267 8266 8265 8264 8241 8240 8242 8243 8244 8245 8246 8247 8248 8249 8250 8251 8252 8253 8254 8255 8256 8257 8258 8259 8260 8261 8262 8263 8135 
8295 8294 8293 8292 8291 8290 8289 8288 8287 8286 8285 8284 8283 8281 8282 8506 8507 8508 8509 8510 8511 8512 8513 8514 8515 8516 8517 8518 8519 8520 8521 8522 8523 8524 8525 8526 8527 8490 
8295 8296 8297 8298 8299 8300 8301 8302 8303 8304 8305 8306 8307 8308 8309 8310 8311 8312 8313 8314 8315 8316 8317 8318 8319 8320 8321 8322 8323 8324 8325 8326 8327 8328 8329 8330 8331 8332 8333 8334 8335 8336 8337 8338 8339 8340 8341 8342 8343 8344 8345 8346 8347 8348 8349 8350 8351 8352 8353 8354 8355 8356 8357 8358 8359 8360 8361 8362 8363 8364 8365 8366 8367 8368 8369 8370 8371 8372 8373 8374 8375 8376 8377 8378 8379 8380 8381 8382 8383 8384 8385 8386 8387 8388 8389 8390 8391 8392 8393 8394 8395 
8295 9220 9219 9218 9217 9216 9215 9214 9213 9212 9131 9130 9132 9133 9134 9135 9136 9137 9138 9139 9140 9141 9142 9143 9144 9145 9146 9147 9148 9149 9150 9151 9152 9153 9154 9155 9156 9157 9158 9159 9160 
8395 8396 8397 8398 8399 8400 8401 8402 8403 8404 8405 8406 8407 8408 8409 8410 8411 8412 8413 8414 8415 8416 
8395 8775 8774 8773 8772 8771 8770 8769 8768 8767 8766 8765 8764 8763 8762 8761 8760 8759 8758 8757 8756 8755 8754 8753 8752 8751 8750 8749 8748 8747 8746 8745 8744 8743 8742 8741 8740 8739 8738 8737 8736 8735 8734 8733 8732 8731 8730 8729 8728 8727 8726 8725 8724 8723 
8416 8417 8418 8419 8420 8421 8422 8423 8424 8425 8426 8427 8428 8429 8430 8431 8432 8433 8434 8435 8436 8437 8438 8439 8440 8441 8442 8443 8444 8445 8446 8447 8448 8449 8450 8451 8452 8453 8454 8455 8456 8457 8458 8459 8460 8461 8462 8463 8464 8465 8466 8467 8468 8469 8470 8471 8472 8473 8474 8475 8476 8477 8478 8479 8480 8481 8482 8483 8484 8485 8486 8487 8488 8489 8490 
8416 9278 9277 9276 9275 9274 9273 9272 9271 9270 9269 9268 9267 9266 9265 9264 9263 9262 9261 9259 9260 9279 9280 9281 9282 9283 9284 9398 9397 9396 9395 9394 9393 9392 9391 9390 9389 9388 9387 9386 9385 9384 9383 9382 9381 9380 9379 9378 9377 9376 9375 9374 9373 9372 9371 9370 9369 9368 9367 9366 9365 9364 9363 9362 9361 9360 9359 9358 9357 9356 9355 9354 9353 9352 9351 9350 9349 9348 9347 9346 9345 9344 9343 9342 9341 9340 9339 9338 9337 9336 9335 9334 9333 9332 9331 9330 9329 9328 9327 9326 9325 9324 9323 9322 9321 9320 9319 9318 9317 9316 9315 9314 9313 9312 9311 9310 9309 9308 9307 9306 9305 9304 9303 9302 9301 9300 9299 9298 9297 9296 9295 9294 9293 9292 9291 9290 9289 9288 9287 9285 9286 9399 9400 9401 9402 9403 9404 9405 9406 9407 9408 9409 9410 9411 9412 9413 9414 9415 9416 9417 9418 9419 9420 9421 9422 9423 9424 9425 9426 9427 9428 9429 9430 9431 9432 9433 9434 9435 9436 9437 9438 9439 9440 9441 9442 9443 9444 9445 9446 9447 9448 9449 9450 9451 9452 9453 9454 9455 9456 9457 9458 9459 9460 9461 8723 
8780 8779 8778 8776 8777 8853 8854 8855 8856 8857 8858 8859 8860 8861 8862 8863 8864 8865 8866 8867 8868 8869 8870 8871 8872 8873 8874 8875 8876 8877 8878 8879 8880 8881 8882 8883 8884 8885 8886 8887 8888 8889 8890 8891 8892 8893 8894 8895 8896 8897 8898 8899 
8780 10199 10198 10197 10196 10195 10194 10193 10192 10191 10190 10189 10188 10187 10186 10185 10184 10183 10182 10181 10180 10179 10178 10177 10176 10175 10174 10173 10172 10171 10170 10169 10168 10167 10166 10165 10164 10163 10162 10161 10160 10159 10158 10157 10156 10155 10154 10153 10152 10151 10150 10149 10148 10147 10146 10145 10144 10143 10142 10141 10140 10139 10138 10137 10136 10135 10134 10133 10132 10131 10130 10129 10128 10127 10126 10125 10124 10123 10122 10121 10120 10119 10118 10117 10116 10115 10114 10113 10112 10111 10110 10109 10108 10106 10107 10200 10201 10202 10203 10204 10205 10206 10207 10208 10209 10210 10211 10212 10213 10214 10215 10216 10217 10218 10219 10220 10221 10222 10223 10224 10225 10226 10227 10228 10229 10230 10231 10232 10233 10234 10235 10236 10237 10238 10239 10240 10241 10242 10243 10244 10245 10246 10247 10248 10249 10250 10251 10345 10344 10343 10342 10341 10340 10339 10338 10337 10336 10335 10334 10333 10332 10331 10330 10329 10328 10327 10326 10325 10324 10323 10322 10321 10320 10319 10318 10317 10316 10315 10314 10313 10312 10311 10310 10309 10308 10307 10306 10305 10304 10303 10302 10301 10300 10299 10298 10297 10296 10295 10294 10293 10292 10291 10290 
8906 8907 8908 8909 8910 8911 8912 8913 8914 8915 8916 8917 8918 8919 6039 6038 6037 6036 6035 6034 6033 6032 6031 6023 6022 6024 6025 6026 6027 6028 6029 6030 10646 10645 10644 10643 10642 10641 10640 10639 10638 10637 10636 10635 10634 10633 10632 10631 10630 10629 10628 10627 10626 10625 10624 10623 10622 10621 10620 10619 10618 10617 10616 10584 10583 10585 10586 10587 10588 10589 10590 10591 10592 10593 10594 10595 10596 10597 10598 10599 10600 10601 10602 10603 10604 10605 10606 10607 10608 10609 10610 10611 10612 10613 10614 10615 7636 7635 7634 7633 7632 7631 7630 7629 7628 7626 7627 7637 7638 7639 7640 7641 7642 7643 7644 7645 7646 7647 7648 7649 7650 7651 7652 7653 7654 7655 7656 7657 7658 7659 7660 7661 10465 10464 10463 10462 10461 10460 10459 10458 10457 10456 10455 10454 10453 10452 10451 10450 10449 10448 10447 10446 10445 10444 10443 10442 10441 10440 10439 10438 10437 10436 10435 10434 10433 10432 10431 10430 10429 10428 10427 10426 10425 10424 10423 10422 10421 10420 10419 10418 10417 10416 10415 10414 10413 10412 10411 10410 10409 10408 10407 10406 10405 10404 10403 10402 10401 10400 10399 10398 10397 10396 10395 10394 10393 10392 10391 10390 10389 10388 10387 10357 10356 10358 10359 10360 10361 10362 10363 10364 10365 10366 10367 10368 10369 10370 10371 10372 10373 10374 10375 10376 10377 10378 10379 10380 10381 10382 10383 10384 10385 10386 8906 
9508 9507 9506 9505 9504 9503 9502 9501 9500 9499 9498 9497 9496 9495 9494 9493 9492 9491 9490 9489 9488 9487 9486 9485 9484 9483 9482 9481 9480 9479 9478 9477 9476 9475 9474 9463 9462 9464 9465 9466 9467 9468 9469 9470 9471 9472 9473 9722 9721 9720 9719 9718 9717 9716 9715 9714 9713 9712 9711 9710 9709 9708 9707 9706 9705 9704 9703 9702 9701 9700 9699 9698 9697 9696 9695 9694 9693 9692 9691 9690 9689 9688 9618 9617 9619 9620 9621 9622 9623 9624 9625 9626 9627 9628 9629 9630 9631 9632 9633 9634 9635 9636 9637 9638 9639 9640 9641 9642 9643 9644 9645 9646 
9518 9517 9516 9515 9514 9513 9512 9511 9509 9510 9519 9520 9521 9522 9523 9524 9525 9526 9527 9528 9529 9530 9531 9532 9533 
9533 10355 10354 10353 10352 10351 10350 10349 10348 10347 10346 10253 10252 10254 10255 10256 10257 10258 10259 10260 10261 10262 10263 10264 10265 10266 10267 10268 10269 10270 10271 10272 10273 10274 10275 10276 10277 10278 10279 10280 10281 10282 10283 10284 10285 10286 10287 10288 10289 10290 
10290 10560 10559 10558 10557 10556 10555 10554 10553 10552 10551 10550 10549 10548 10547 10546 10545 10544 10543 10542 10541 10540 10539 10538 10537 10536 10535 10534 10533 10532 10531 10530 10529 10528 10527 10526 10525 10524 10523 10522 10521 10520 10519 10518 10517 10516 10515 10514 10513 10512 10511 10510 10509 10508 10507 10506 10505 10504 10503 10502 10501 10500 10499 10498 10497 10496 10495 10494 10493 10492 10491 10490 10489 10488 10487 10486 10485 10484 10483 10482 10481 10480 10479 10478 10477 10476 10475 10474 10473 10472 10471 10470 10469 10468 10466 10467 10561 10562 10563 10564 10565 10566 10567 10568 10569 10570 10571 10572 10573 10574 10575 10576 10577 10578 10579 10580 
10580 10581 10582 
