110 212
110 213
109 212
108 212
108 211
107 211
107 210
106 210
110 214
111 214
111 215
112 215
112 216
113 216
113 217
217 219
216 219
218 219
219 219
220 219
221 219
222 219
222 220
216 218
215 218
215 217
214 217
214 216
214 215
213 215
213 214
112 313
112 314
112 312
112 311
111 311
111 310
111 309
110 309
110 308
109 308
109 307
108 307
108 306
112 315
113 315
113 316
114 316
114 317
115 317
115 318
115 319
116 319
116 320
116 321
116 322
116 323
117 323
118 323
119 323
120 323
121 323
122 323
123 323
123 322
124 322
124 323
125 323
126 323
127 323
128 323
129 323
130 323
131 323
132 323
133 323
134 323
115 332
115 333
115 331
115 330
115 329
115 328
115 327
115 326
114 326
114 325
115 325
115 324
116 324
115 334
115 335
115 336
115 337
115 338
115 339
115 340
115 341
115 342
115 343
114 343
58 97
59 97
57 97
56 97
55 97
55 98
54 98
54 99
54 100
53 100
53 101
53 102
52 102
52 103
51 103
51 104
50 104
59 96
60 96
60 95
61 95
61 94
62 94
62 93
63 93
63 92
64 92
65 92
65 91
66 91
160 194
161 194
159 194
159 195
158 195
158 196
157 196
157 197
156 197
155 197
154 197
154 198
162 194
162 193
163 193
163 192
164 192
164 191
39 50
38 50
40 50
40 51
41 51
41 52
42 52
42 53
42 54
42 55
42 56
43 56
44 56
45 56
46 56
47 56
47 55
48 55
37 50
36 50
36 49
35 49
35 48
34 48
34 47
229 230
230 230
228 230
228 231
227 231
226 231
225 231
224 231
223 231
223 230
223 229
222 229
222 228
221 228
221 227
221 226
221 225
220 225
220 224
220 223
220 222
220 221
221 221
221 220
230 229
231 229
232 229
232 228
233 228
233 227
234 227
137 75
138 75
136 75
135 75
134 75
133 75
133 74
132 74
131 74
131 73
131 72
130 72
130 71
130 70
129 70
129 69
129 68
128 68
128 67
128 66
127 66
127 65
139 75
140 75
141 75
141 76
142 76
143 76
143 77
144 77
144 78
278 127
278 126
278 128
278 129
278 130
278 131
278 132
279 132
279 133
280 133
280 134
281 134
278 125
278 124
278 123
278 122
278 121
278 120
278 119
277 119
277 118
276 118
166 187
166 186
166 188
166 189
166 190
165 190
165 191
166 185
166 184
166 183
166 182
166 181
167 181
167 180
238 221
238 222
238 220
238 219
238 218
238 217
238 216
238 215
239 215
239 214
239 213
240 213
240 212
238 223
238 224
237 224
236 224
236 225
235 225
235 226
234 226
90 358
91 358
90 359
90 360
89 360
89 361
89 362
88 362
87 362
86 362
85 362
84 362
84 363
83 363
83 364
82 364
81 364
81 365
80 365
80 366
79 366
78 366
77 366
76 366
76 367
76 368
75 368
91 357
91 356
92 356
92 355
93 355
93 354
94 354
95 354
96 354
96 355
97 355
98 355
99 355
100 355
101 355
102 355
103 355
104 355
105 355
106 355
106 354
105 354
104 354
103 354
103 353
103 352
103 351
103 350
103 349
103 348
102 348
102 347
102 346
102 345
103 345
103 344
104 344
104 343
105 343
105 342
105 341
106 341
106 340
107 340
108 340
109 340
110 340
111 340
112 340
112 341
113 341
113 342
114 342
110 228
110 227
110 229
109 229
109 230
108 230
107 230
106 230
105 230
105 231
104 231
104 232
103 232
102 232
101 232
100 232
99 232
98 232
98 233
98 234
98 235
98 236
97 236
97 237
96 237
96 238
95 238
95 239
110 226
110 225
110 224
110 223
110 222
110 221
110 220
110 219
111 219
111 218
112 218
112 217
188 195
189 195
187 195
186 195
186 196
185 196
185 197
185 198
185 199
184 199
184 200
183 200
183 201
182 201
182 202
181 202
180 202
179 202
179 203
178 203
178 204
178 205
178 206
177 206
177 207
176 207
176 208
175 208
189 194
190 194
190 193
191 193
192 193
193 193
194 193
194 192
195 192
196 192
197 192
198 192
199 192
200 192
201 192
202 192
202 193
203 193
203 194
204 194
205 194
206 194
206 195
207 195
145 193
144 193
146 193
147 193
148 193
148 194
149 194
149 195
150 195
151 195
151 196
151 197
152 197
153 197
153 198
143 193
142 193
142 194
141 194
141 195
140 195
140 196
139 196
139 197
150 73
149 73
151 73
152 73
153 73
154 73
155 73
156 73
157 73
158 73
159 73
160 73
161 73
162 73
163 73
164 73
165 73
165 72
166 72
167 72
167 71
168 71
168 70
169 70
169 69
170 69
170 68
171 68
172 68
148 73
147 73
147 74
147 75
147 76
146 76
146 77
145 77
145 78
174 198
174 197
175 198
175 199
176 199
176 200
177 200
177 201
178 201
179 201
180 201
181 201
173 197
173 196
172 196
171 196
171 195
170 195
170 194
169 194
169 193
168 193
167 193
166 193
165 193
165 192
25 104
25 105
25 103
25 102
25 101
26 101
26 100
27 100
27 101
28 101
29 101
29 102
29 103
29 104
29 105
30 105
30 106
31 106
32 106
33 106
34 106
35 106
36 106
37 106
38 106
39 106
39 107
40 107
41 107
42 107
43 107
44 107
45 107
46 107
47 107
48 107
48 106
49 106
49 105
50 105
24 105
24 106
23 106
22 106
22 107
21 107
20 107
19 107
18 107
17 107
16 107
15 107
14 107
13 107
12 107
12 106
11 106
11 105
10 105
10 104
10 103
10 102
10 101
10 100
9 100
8 100
7 100
6 100
5 100
5 99
5 98
4 98
4 97
3 97
3 96
2 96
2 95
1 95
1 94
0 94
0 93
1 93
1 92
2 92
2 91
2 90
2 89
2 88
2 87
2 86
2 85
3 85
3 84
77 179
77 180
77 178
77 177
77 176
77 175
77 174
77 173
77 181
77 182
77 183
77 184
77 185
77 186
77 187
77 188
76 188
76 189
79 392
80 392
78 392
77 392
76 392
75 392
75 393
74 393
74 394
74 395
81 392
82 392
83 392
83 391
83 390
83 389
83 388
83 387
83 386
83 385
84 385
84 384
85 384
85 383
86 383
87 383
88 383
88 382
89 382
89 381
89 380
89 379
89 378
88 378
88 377
88 376
88 375
88 374
87 374
87 373
86 373
85 373
84 373
83 373
82 373
81 373
80 373
79 373
79 372
78 372
78 371
77 371
77 370
76 370
76 369
75 369
155 315
156 315
155 316
154 316
154 317
154 318
154 319
154 320
154 321
154 322
154 323
155 323
156 323
157 323
157 324
157 325
156 325
156 326
156 327
156 328
156 329
156 330
156 331
156 332
155 332
154 332
153 332
152 332
151 332
150 332
150 333
149 333
148 333
147 333
146 333
146 334
145 334
145 335
144 335
144 334
144 333
144 332
144 331
144 330
144 329
143 329
143 328
143 327
143 326
143 325
143 324
143 323
142 323
141 323
140 323
139 323
138 323
137 323
136 323
135 323
156 314
157 314
157 313
157 312
158 312
158 311
158 310
158 309
158 308
158 307
158 306
158 305
158 304
158 303
157 303
156 303
156 302
155 302
213 199
213 200
212 199
211 199
211 198
210 198
209 198
209 197
208 197
208 196
207 196
213 201
213 202
213 203
213 204
213 205
212 205
212 206
212 207
212 208
212 209
212 210
212 211
212 212
212 213
213 213
48 191
47 191
49 191
50 191
51 191
51 192
52 192
52 193
53 193
53 194
53 195
54 195
55 195
56 195
57 195
58 195
59 195
60 195
61 195
62 195
63 195
63 194
64 194
64 193
64 192
64 191
64 190
64 189
64 188
64 187
65 187
65 186
66 186
66 185
67 185
67 184
68 184
69 184
70 184
71 184
72 184
72 185
73 185
73 186
73 187
74 187
74 188
75 188
75 189
46 191
45 191
45 192
45 193
44 193
44 194
44 195
44 196
43 196
43 195
42 195
41 195
40 195
39 195
38 195
37 195
37 194
37 193
37 192
37 191
37 190
37 189
36 189
36 188
35 188
34 188
33 188
33 189
32 189
32 190
31 190
30 190
29 190
28 190
27 190
26 190
26 191
25 191
24 191
24 192
220 148
219 148
221 148
222 148
222 149
223 149
224 149
224 150
225 150
226 150
226 151
227 151
218 148
217 148
216 148
215 148
214 148
213 148
212 148
211 148
197 169
197 170
197 168
197 167
197 166
197 165
197 164
198 164
199 164
199 165
200 165
201 165
202 165
203 165
203 166
204 166
205 166
205 165
205 164
205 163
205 162
205 161
205 160
206 160
206 159
207 159
208 159
208 158
209 158
209 157
209 156
208 156
208 155
208 154
208 153
208 152
208 151
208 150
208 149
209 149
209 148
210 148
196 170
196 171
196 172
196 173
196 174
196 175
196 176
196 177
196 178
196 179
195 179
195 180
194 180
193 180
193 181
192 181
192 182
191 182
191 183
191 184
190 184
190 185
190 186
190 187
189 187
189 188
190 188
190 189
190 190
191 190
192 190
192 191
193 191
194 191
195 191
196 191
197 191
198 191
199 191
200 191
201 191
18 248
18 249
18 247
17 247
17 246
16 246
16 245
15 245
15 244
14 244
14 243
13 243
12 243
11 243
10 243
10 242
10 241
10 240
10 239
11 239
11 238
12 238
12 237
13 237
13 236
13 235
14 235
15 235
15 234
16 234
16 233
17 233
17 232
18 232
18 231
19 231
19 230
20 230
21 230
22 230
23 230
24 230
25 230
26 230
27 230
28 230
28 231
29 231
29 232
30 232
30 233
31 233
31 234
32 234
32 235
33 235
33 236
32 236
31 236
30 236
29 236
28 236
28 237
27 237
27 238
27 239
26 239
19 249
19 250
20 250
21 250
21 251
22 251
22 252
21 252
20 252
19 252
19 253
18 253
17 253
17 254
16 254
16 255
15 255
15 256
14 256
14 257
13 257
12 257
11 257
11 258
10 258
9 258
8 258
8 259
7 259
7 260
6 260
6 261
6 262
6 263
6 264
6 265
6 266
7 266
7 267
8 267
8 268
9 268
10 268
10 269
11 269
11 270
12 270
12 271
13 271
13 272
14 272
14 273
15 273
15 274
16 274
16 275
17 275
17 276
18 276
18 277
18 278
18 279
18 280
18 281
18 282
18 283
18 284
18 285
17 285
17 286
16 286
16 287
16 288
15 288
15 289
14 289
13 289
12 289
11 289
10 289
9 289
8 289
7 289
6 289
6 290
5 290
5 291
5 292
5 293
5 294
5 295
5 296
5 297
5 298
5 299
5 300
5 301
4 301
4 302
4 303
5 303
5 304
6 304
6 305
7 305
8 305
8 306
8 307
8 308
8 309
8 310
8 311
8 312
8 313
8 314
8 315
9 315
9 316
10 316
10 317
10 318
11 318
12 318
13 318
14 318
15 318
15 317
15 316
15 315
15 314
16 314
17 314
17 313
18 313
19 313
20 313
21 313
22 313
22 314
23 314
23 315
24 315
24 316
24 317
25 317
25 318
26 318
26 317
27 317
28 317
28 316
29 316
30 316
31 316
32 316
33 316
34 316
35 316
35 317
36 317
37 317
38 317
39 317
39 318
40 318
40 319
40 320
40 321
40 322
40 323
40 324
40 325
40 326
40 327
40 328
40 329
41 329
42 329
43 329
44 329
45 329
46 329
47 329
48 329
49 329
50 329
50 330
51 330
51 331
51 332
51 333
52 333
52 334
53 334
53 335
54 335
55 335
55 336
55 337
55 338
56 338
56 339
56 340
56 341
56 342
56 343
56 344
56 345
56 346
55 346
54 346
54 347
53 347
53 348
54 348
55 348
56 348
56 349
57 349
57 350
58 350
58 351
59 351
60 351
61 351
61 350
61 349
61 348
62 348
62 347
63 347
64 347
64 348
65 348
65 349
65 350
65 351
65 352
66 352
66 353
67 353
68 353
69 353
70 353
70 354
69 354
68 354
68 355
68 356
68 357
68 358
68 359
68 360
68 361
69 361
69 362
70 362
70 363
71 363
71 364
72 364
72 365
73 365
73 366
74 366
74 367
75 367
24 217
24 216
24 218
24 219
24 220
25 220
26 220
27 220
28 220
28 221
27 221
26 221
25 221
24 221
24 222
23 222
23 223
23 224
23 225
23 226
23 227
22 227
22 228
21 228
21 229
20 229
24 215
24 214
24 213
23 213
23 212
22 212
22 211
21 211
21 210
21 209
20 209
20 208
19 208
18 208
18 207
18 206
19 206
19 205
20 205
20 204
21 204
21 203
22 203
23 203
23 202
24 202
25 202
26 202
27 202
28 202
29 202
29 201
30 201
30 200
29 200
29 199
29 198
29 197
29 196
29 195
29 194
29 193
28 193
27 193
26 193
25 193
25 192
103 296
104 296
102 296
101 296
101 295
100 295
100 294
99 294
99 293
99 292
99 291
99 290
98 290
98 291
98 292
98 293
98 294
97 294
97 295
96 295
96 296
95 296
95 297
94 297
94 298
93 298
93 299
92 299
92 300
91 300
90 300
90 301
90 302
90 303
90 304
90 305
89 305
89 306
88 306
87 306
86 306
85 306
84 306
83 306
82 306
81 306
81 305
80 305
80 306
79 306
79 307
78 307
77 307
76 307
75 307
74 307
73 307
72 307
71 307
70 307
69 307
68 307
67 307
67 306
66 306
66 307
66 308
66 309
66 310
66 311
66 312
66 313
66 314
65 314
65 315
64 315
64 316
63 316
63 317
62 317
62 318
61 318
61 319
60 319
59 319
58 319
57 319
56 319
55 319
54 319
53 319
53 320
53 321
53 322
53 323
53 324
52 324
52 325
52 326
52 327
52 328
52 329
51 329
105 296
106 296
107 296
107 297
107 298
107 299
107 300
107 301
107 302
107 303
107 304
107 305
107 306
125 207
126 207
125 208
124 208
124 209
124 210
123 210
122 210
121 210
120 210
119 210
118 210
118 209
118 208
117 208
117 207
116 207
116 206
115 206
115 207
114 207
114 208
113 208
112 208
112 209
111 209
110 209
109 209
108 209
107 209
106 209
126 206
126 205
127 205
127 204
127 203
128 203
128 202
129 202
130 202
131 202
132 202
133 202
134 202
134 203
135 203
136 203
136 202
137 202
137 201
137 200
137 199
137 198
138 198
138 197
225 165
224 165
226 165
227 165
228 165
228 166
229 166
230 166
231 166
231 167
232 167
233 167
234 167
234 168
235 168
236 168
237 168
237 169
238 169
239 169
239 170
240 170
241 170
242 170
243 170
244 170
245 170
246 170
246 171
247 171
248 171
248 172
249 172
223 165
222 165
221 165
221 164
220 164
219 164
218 164
218 163
217 163
216 163
216 162
215 162
214 162
214 161
213 161
212 161
212 160
211 160
210 160
210 159
210 158
75 135
76 135
74 135
74 136
73 136
73 137
72 137
72 138
72 139
71 139
71 140
72 140
72 141
73 141
73 142
74 142
74 143
75 143
76 143
76 144
77 144
78 144
79 144
80 144
80 145
80 146
80 147
81 147
81 148
81 149
82 149
83 149
84 149
85 149
86 149
87 149
88 149
89 149
90 149
91 149
76 134
77 134
78 134
79 134
79 133
80 133
80 132
81 132
81 131
82 131
82 130
83 130
83 129
83 128
84 128
67 144
68 144
67 145
66 145
66 146
65 146
64 146
64 147
63 147
63 148
63 149
63 150
63 151
63 152
63 153
63 154
64 154
64 155
63 155
63 156
62 156
62 157
61 157
61 158
60 158
59 158
58 158
58 159
57 159
57 160
58 160
59 160
59 161
60 161
60 162
60 163
60 164
60 165
60 166
60 167
60 168
61 168
61 169
61 170
62 170
63 170
64 170
65 170
66 170
67 170
68 170
69 170
69 171
70 171
71 171
72 171
72 172
73 172
74 172
75 172
75 173
76 173
68 143
68 142
69 142
69 141
70 141
70 140
64 383
64 384
64 382
64 381
64 380
64 379
64 378
64 377
65 377
65 376
66 376
66 375
67 375
67 374
68 374
68 373
69 373
69 372
70 372
71 372
71 371
72 371
73 371
74 371
74 370
75 370
64 385
64 386
65 386
65 387
65 388
66 388
66 389
67 389
68 389
68 390
69 390
70 390
71 390
71 391
72 391
72 392
72 393
73 393
73 394
88 64
88 65
88 63
88 62
88 61
89 61
90 61
91 61
92 61
93 61
88 66
88 67
88 68
88 69
88 70
88 71
87 71
87 72
86 72
86 73
85 73
85 74
84 74
84 75
83 75
85 269
84 269
86 269
87 269
87 268
87 267
87 266
87 265
88 265
88 264
89 264
90 264
91 264
92 264
93 264
93 263
94 263
94 262
95 262
95 261
95 260
96 260
96 259
97 259
97 258
97 257
98 257
98 256
99 256
99 255
100 255
100 254
101 254
101 253
102 253
103 253
104 253
105 253
106 253
107 253
108 253
109 253
110 253
110 252
110 251
110 250
110 249
110 248
110 247
110 246
110 245
110 244
110 243
110 242
109 242
108 242
107 242
107 241
107 240
107 239
107 238
107 237
107 236
107 235
106 235
106 234
105 234
105 233
105 232
83 269
82 269
81 269
80 269
79 269
78 269
77 269
76 269
76 268
87 272
87 273
87 271
87 270
88 273
88 274
89 274
89 275
90 275
91 275
92 275
93 275
94 275
95 275
95 274
96 274
96 273
97 273
97 272
98 272
98 271
99 271
99 270
100 270
100 269
101 269
101 268
102 268
103 268
104 268
105 268
105 269
105 270
105 271
105 272
105 273
105 274
105 275
105 276
105 277
105 278
105 279
105 280
105 281
105 282
105 283
104 283
104 284
104 285
104 286
103 286
103 287
102 287
102 288
101 288
101 289
100 289
99 289
118 183
118 182
118 184
117 184
117 185
116 185
116 186
115 186
115 187
114 187
114 188
113 188
113 189
112 189
111 189
110 189
109 189
108 189
107 189
106 189
105 189
105 190
104 190
103 190
102 190
102 191
101 191
100 191
100 192
99 192
99 193
98 193
98 194
98 195
97 195
96 195
95 195
94 195
93 195
92 195
91 195
90 195
90 194
90 193
89 193
89 192
88 192
88 191
87 191
87 190
87 189
87 188
87 187
87 186
87 185
86 185
86 186
85 186
84 186
84 187
83 187
82 187
81 187
80 187
79 187
78 187
118 181
118 180
118 179
119 179
119 178
120 178
120 177
120 176
121 176
121 175
121 174
122 174
122 173
123 173
123 172
123 171
124 171
124 170
125 170
125 169
125 168
125 167
125 166
125 165
125 164
124 164
124 163
123 163
122 163
122 162
121 162
121 161
120 161
120 160
120 159
119 159
119 158
119 157
119 156
119 155
119 154
119 153
119 152
119 151
119 150
201 105
201 104
202 105
202 106
203 106
203 105
204 105
204 104
205 104
206 104
206 103
207 103
208 103
209 103
209 104
210 104
211 104
211 105
212 105
213 105
213 106
214 106
214 107
215 107
216 107
216 108
217 108
218 108
218 107
218 106
218 105
218 104
218 103
218 102
217 102
217 101
217 100
217 99
216 99
216 98
216 97
215 97
215 96
214 96
214 95
213 95
213 94
212 94
212 93
211 93
211 92
211 91
210 91
210 90
209 90
209 89
208 89
208 88
200 104
200 103
199 103
199 102
198 102
198 101
199 101
199 100
199 99
199 98
199 97
199 96
198 96
198 95
197 95
197 94
197 93
196 93
196 92
196 91
195 91
195 90
194 90
194 89
193 89
193 88
193 87
192 87
192 86
191 86
191 85
190 85
190 84
189 84
188 84
188 83
187 83
186 83
186 82
185 82
185 81
184 81
184 80
183 80
183 79
182 79
182 78
182 77
182 76
182 75
181 75
181 74
180 74
180 73
179 73
178 73
178 72
177 72
176 72
176 71
175 71
175 70
174 70
174 69
173 69
173 68
91 142
91 141
91 143
91 144
91 145
91 146
91 147
91 148
92 141
93 141
93 140
94 140
94 139
94 138
95 138
95 137
96 137
97 137
97 138
98 138
98 139
99 139
99 140
99 141
100 141
100 142
101 142
102 142
103 142
104 142
105 142
106 142
107 142
108 142
109 142
109 143
110 143
111 143
111 144
111 145
112 145
112 146
113 146
113 147
114 147
114 148
115 148
116 148
117 148
117 149
118 149
119 149
73 86
73 85
72 86
71 86
71 87
70 87
70 88
69 88
69 89
68 89
68 90
67 90
67 91
74 85
74 84
74 83
74 82
74 81
74 80
74 79
74 78
75 78
76 78
77 78
78 78
79 78
80 78
81 78
81 77
82 77
82 76
83 76
178 333
178 334
178 332
178 331
178 330
178 329
178 328
177 328
176 328
176 327
175 327
174 327
174 326
173 326
172 326
172 327
171 327
170 327
170 328
169 328
168 328
167 328
166 328
165 328
164 328
163 328
162 328
161 328
160 328
160 327
159 327
159 326
159 325
158 325
158 324
178 335
178 336
178 337
178 338
178 339
178 340
178 341
179 341
179 342
179 343
178 343
178 344
178 345
178 346
178 347
178 348
178 349
178 350
178 351
179 351
180 351
181 351
182 351
183 351
184 351
184 352
185 352
186 352
186 353
187 353
187 354
188 354
188 355
189 355
190 355
190 356
190 357
190 358
190 359
190 360
190 361
190 362
190 363
190 364
190 365
319 366
318 366
320 366
321 366
321 367
322 367
322 368
322 369
322 370
322 371
322 372
322 373
322 374
322 375
321 375
321 376
320 376
320 377
320 378
319 378
319 379
319 380
318 380
318 381
318 382
317 382
317 383
317 384
318 384
318 385
319 385
319 386
320 386
321 386
321 387
321 388
321 389
321 390
321 391
322 391
322 392
322 393
323 393
323 394
323 395
323 396
323 397
324 397
325 397
326 397
327 397
328 397
329 397
330 397
331 397
332 397
333 397
334 397
335 397
336 397
337 397
338 397
339 397
340 397
341 397
341 398
341 399
341 400
341 401
342 401
342 402
342 403
343 403
344 403
344 404
345 404
346 404
346 405
347 405
347 406
346 406
346 407
346 408
345 408
345 409
344 409
343 409
343 410
342 410
341 410
340 410
340 411
339 411
338 411
337 411
337 410
336 410
336 409
335 409
334 409
333 409
333 410
332 410
331 410
331 411
330 411
330 412
330 413
330 414
330 415
330 416
330 417
331 417
331 418
331 419
331 420
331 421
331 422
331 423
331 424
331 425
331 426
330 426
330 427
329 427
329 428
328 428
328 429
327 429
327 430
327 431
327 432
327 433
327 434
327 435
327 436
328 436
328 437
329 437
329 438
330 438
330 439
329 439
329 440
328 440
327 440
326 440
325 440
324 440
323 440
322 440
321 440
320 440
320 441
319 441
319 442
318 442
317 442
316 442
315 442
314 442
313 442
313 443
312 443
312 444
312 445
312 446
312 447
312 448
312 449
312 450
312 451
312 452
312 453
312 454
312 455
312 456
313 456
313 457
314 457
315 457
315 458
316 458
317 458
317 459
318 459
318 460
319 460
319 461
320 461
321 461
322 461
323 461
324 461
325 461
325 460
326 460
327 460
328 460
328 459
329 459
329 460
330 460
330 461
331 461
331 462
332 462
332 463
332 464
332 465
332 466
332 467
331 467
331 468
331 469
331 470
331 471
331 472
331 473
332 473
332 474
333 474
334 474
334 475
335 475
336 475
336 476
337 476
337 477
337 478
338 478
338 479
338 480
339 480
340 480
340 481
341 481
341 482
342 482
342 483
343 483
343 484
344 484
344 485
345 485
345 486
346 486
346 487
346 488
347 488
347 489
348 489
348 490
349 490
350 490
350 491
351 491
351 492
352 492
352 493
352 494
353 494
354 494
355 494
356 494
356 493
357 493
358 493
358 492
359 492
360 492
361 492
362 492
362 493
363 493
363 494
364 494
364 495
365 495
365 496
366 496
367 496
368 496
368 497
369 497
370 497
371 497
371 496
372 496
373 496
374 496
375 496
375 495
376 495
376 494
377 494
317 366
316 366
316 365
315 365
314 365
314 364
313 364
312 364
311 364
310 364
309 364
309 365
309 366
309 367
309 368
309 369
309 370
308 370
308 371
307 371
214 278
215 278
213 278
212 278
212 277
212 276
212 275
211 275
211 274
210 274
216 278
217 278
218 278
218 279
219 279
219 280
219 281
220 281
220 282
221 282
222 282
223 282
223 283
224 283
225 283
225 284
226 284
169 113
169 112
169 114
169 115
169 116
169 117
169 118
169 119
169 120
168 120
168 121
167 121
167 122
167 123
167 124
167 125
168 125
169 125
170 125
171 125
172 125
173 125
174 125
174 126
175 126
176 126
176 127
177 127
177 128
178 128
178 129
179 129
180 129
180 130
181 130
181 131
181 132
181 133
181 134
181 135
181 136
181 137
182 137
182 138
183 138
184 138
185 138
186 138
187 138
188 138
188 139
189 139
189 140
190 140
190 141
191 141
192 141
193 141
194 141
195 141
195 142
196 142
196 143
197 143
197 142
198 142
198 141
198 140
198 139
198 138
199 138
199 137
199 136
199 135
199 134
199 133
200 133
200 134
200 135
200 136
201 136
201 137
201 138
202 138
203 138
203 139
204 139
204 140
205 140
205 141
205 142
205 143
205 144
205 145
206 145
207 145
207 146
208 146
209 146
209 147
210 147
169 111
169 110
169 109
169 108
169 107
169 106
169 105
168 105
168 104
167 104
166 104
166 103
165 103
164 103
164 102
163 102
162 102
162 101
161 101
161 100
161 99
160 99
160 98
159 98
159 97
158 97
158 96
158 95
158 94
158 93
158 92
159 92
159 91
159 90
159 89
159 88
159 87
158 87
158 86
157 86
157 85
157 84
157 83
158 83
158 82
158 81
158 80
158 79
158 78
158 77
158 76
158 75
158 74
58 113
58 112
59 113
59 114
59 115
59 116
59 117
59 118
59 119
58 119
57 119
57 120
58 120
59 120
60 120
61 120
62 120
62 121
63 121
63 122
63 123
63 124
64 124
64 123
64 122
64 121
65 121
65 120
65 119
66 119
66 118
67 118
68 118
69 118
70 118
71 118
72 118
73 118
73 119
74 119
74 120
75 120
75 121
76 121
76 122
77 122
78 122
78 123
78 124
78 125
78 126
79 126
80 126
81 126
82 126
83 126
84 126
84 127
58 111
58 110
58 109
58 108
58 107
58 106
58 105
58 104
57 104
56 104
55 104
54 104
53 104
52 104
149 173
149 174
149 172
150 172
151 172
151 171
152 171
152 170
153 170
153 169
154 169
154 168
154 167
155 167
156 167
157 167
158 167
159 167
160 167
161 167
162 167
162 168
163 168
163 169
164 169
164 170
165 170
165 171
164 171
164 172
164 173
164 174
164 175
164 176
164 177
164 178
165 178
165 179
166 179
166 180
148 174
148 175
147 175
147 176
146 176
145 176
144 176
143 176
142 176
141 176
141 177
140 177
139 177
139 178
138 178
138 179
137 179
136 179
136 180
135 180
226 318
227 318
226 317
226 316
226 315
226 314
226 313
226 312
226 311
227 311
227 310
227 309
227 308
227 307
227 306
227 305
227 304
228 304
229 304
230 304
231 304
232 304
233 304
233 305
234 305
235 305
236 305
237 305
238 305
238 306
239 306
239 305
239 304
240 304
240 303
240 302
241 302
241 301
241 300
242 300
242 299
243 299
244 299
244 298
245 298
246 298
246 297
247 297
248 297
248 296
249 296
249 295
250 295
250 296
250 297
250 298
250 299
251 299
251 300
252 300
253 300
253 301
254 301
254 302
255 302
255 303
256 303
257 303
257 302
258 302
258 301
258 300
258 299
258 298
258 297
259 297
259 296
260 296
261 296
262 296
263 296
263 297
264 297
265 297
265 298
266 298
266 299
267 299
267 300
268 300
269 300
270 300
270 301
271 301
271 302
272 302
272 303
272 304
272 305
272 306
273 306
273 307
274 307
275 307
276 307
277 307
278 307
279 307
280 307
281 307
282 307
282 308
283 308
283 309
227 319
227 320
227 321
228 321
228 322
228 323
229 323
229 324
230 324
230 325
231 325
232 325
233 325
233 326
233 327
233 328
233 329
233 330
233 331
233 332
234 332
234 333
233 333
232 333
231 333
230 333
229 333
228 333
228 334
227 334
227 335
227 336
226 336
226 337
226 338
225 338
224 338
224 339
223 339
223 340
222 340
221 340
221 341
220 341
219 341
219 342
219 343
219 344
219 345
219 346
220 346
221 346
222 346
222 347
223 347
223 348
223 349
223 350
223 351
224 351
224 352
225 352
226 352
226 353
226 354
225 354
225 355
224 355
223 355
223 356
222 356
221 356
220 356
219 356
219 357
218 357
217 357
216 357
215 357
214 357
214 358
213 358
213 359
212 359
212 360
212 361
211 361
210 361
209 361
208 361
207 361
206 361
206 362
205 362
205 363
204 363
204 364
203 364
202 364
201 364
200 364
199 364
198 364
197 364
196 364
195 364
194 364
193 364
192 364
191 364
261 223
262 223
261 224
260 224
259 224
259 225
258 225
258 226
257 226
256 226
255 226
254 226
253 226
253 225
252 225
252 224
252 223
251 223
251 222
251 221
251 220
251 219
251 218
251 217
251 216
250 216
249 216
248 216
247 216
246 216
245 216
244 216
243 216
243 215
242 215
242 214
241 214
241 213
263 223
263 222
264 222
264 221
264 220
265 220
265 219
266 219
266 218
267 218
96 98
96 99
97 98
98 98
99 98
100 98
101 98
101 97
102 97
102 96
102 95
102 94
102 93
102 92
102 91
103 91
104 91
104 90
105 90
106 90
106 89
107 89
107 88
108 88
108 87
108 86
108 85
108 84
109 84
110 84
110 83
111 83
111 82
112 82
112 81
113 81
113 80
113 79
113 78
113 77
113 76
113 75
113 74
114 74
114 73
114 72
114 71
114 70
114 69
114 68
115 68
116 68
117 68
118 68
119 68
120 68
121 68
122 68
123 68
124 68
125 68
125 67
125 66
126 66
126 65
95 99
94 99
93 99
92 99
91 99
90 99
89 99
88 99
88 100
88 101
87 101
87 100
86 100
85 100
84 100
83 100
83 99
82 99
81 99
80 99
79 99
78 99
77 99
76 99
76 100
75 100
75 101
74 101
74 102
73 102
72 102
71 102
70 102
69 102
68 102
67 102
66 102
66 101
65 101
65 100
65 99
65 98
65 97
65 96
65 95
65 94
65 93
15 62
16 62
14 62
13 62
13 63
13 64
12 64
12 65
11 65
11 66
10 66
10 67
9 67
9 68
8 68
8 69
8 70
7 70
7 71
6 71
6 72
6 73
5 73
5 74
5 75
5 76
5 77
5 78
5 79
5 80
5 81
4 81
4 82
4 83
3 83
16 61
16 60
16 59
17 59
17 58
17 57
18 57
18 58
19 58
20 58
20 59
21 59
22 59
22 60
23 60
24 60
25 60
26 60
27 60
28 60
29 60
30 60
30 59
31 59
32 59
32 58
33 58
33 57
33 56
33 55
33 54
33 53
33 52
33 51
33 50
33 49
33 48
33 47
314 354
314 355
314 353
314 352
314 351
314 350
315 350
315 349
316 349
314 356
314 357
314 358
314 359
314 360
314 361
314 362
314 363
313 363
244 114
244 115
244 113
243 113
243 112
242 112
242 111
242 110
242 109
242 108
242 107
242 106
242 105
241 105
240 105
240 106
239 106
238 106
237 106
236 106
235 106
234 106
233 106
233 105
232 105
231 105
230 105
229 105
228 105
227 105
226 105
225 105
224 105
223 105
222 105
221 105
221 106
220 106
220 107
219 107
245 115
245 116
246 116
246 117
247 117
247 118
247 119
248 119
248 120
249 120
249 121
250 121
250 122
250 123
251 123
251 124
251 125
251 126
252 126
252 127
252 128
253 128
254 128
255 128
256 128
257 128
257 127
258 127
259 127
259 126
260 126
260 125
261 125
261 124
262 124
263 124
263 123
264 123
265 123
265 122
266 122
266 121
267 121
268 121
269 121
270 121
271 121
272 121
273 121
273 120
274 120
274 119
275 119
276 119
202 273
202 272
202 274
202 275
202 276
203 276
204 276
204 277
205 277
206 277
207 277
208 277
208 276
209 276
209 275
210 275
202 271
202 270
203 270
203 269
202 269
201 269
201 268
200 268
200 267
199 267
199 266
198 266
198 265
198 264
198 263
198 262
198 261
198 260
198 259
199 259
199 258
200 258
200 257
200 256
201 256
201 255
202 255
202 254
203 254
203 253
203 252
203 251
203 250
203 249
203 248
203 247
202 247
202 246
201 246
200 246
200 245
199 245
199 244
198 244
197 244
197 243
196 243
196 242
195 242
195 241
195 240
194 240
194 239
193 239
192 239
191 239
190 239
189 239
188 239
188 238
187 238
187 237
187 236
187 235
187 234
187 233
187 232
187 231
186 231
186 230
185 230
185 229
184 229
183 229
182 229
181 229
180 229
179 229
178 229
177 229
177 228
176 228
176 227
175 227
175 226
174 226
174 225
174 224
174 223
174 222
173 222
173 221
172 221
172 220
171 220
171 219
170 219
170 218
169 218
169 217
168 217
167 217
166 217
165 217
164 217
163 217
163 216
162 216
162 215
161 215
161 214
160 214
159 214
158 214
157 214
156 214
155 214
154 214
153 214
153 215
152 215
152 214
152 213
152 212
151 212
151 211
151 210
150 210
150 209
150 208
149 208
149 207
149 206
149 205
149 204
149 203
149 202
150 202
150 201
151 201
151 200
152 200
152 199
153 199
280 375
280 374
280 376
280 377
280 378
280 379
280 380
279 380
279 381
278 381
280 373
279 373
279 372
278 372
278 371
277 371
277 370
276 370
275 370
275 369
276 369
277 369
278 369
279 369
280 369
281 369
282 369
283 369
283 370
284 370
284 371
285 371
285 372
286 372
286 373
287 373
287 374
288 374
289 374
289 375
290 375
291 375
292 375
293 375
294 375
295 375
296 375
297 375
298 375
299 375
299 374
299 373
299 372
300 372
301 372
302 372
303 372
304 372
305 372
306 372
307 372
308 161
308 162
307 161
307 160
306 160
306 159
305 159
304 159
303 159
302 159
301 159
301 160
300 160
300 161
299 161
299 162
299 163
299 164
298 164
297 164
296 164
295 164
294 164
293 164
292 164
291 164
291 165
309 162
310 162
311 162
312 162
313 162
314 162
314 161
315 161
315 160
316 160
316 159
317 159
317 158
318 158
319 158
320 158
320 159
321 159
322 159
322 160
323 160
323 161
323 162
324 162
325 162
326 162
327 162
327 163
328 163
328 164
329 164
329 165
330 165
330 164
331 164
332 164
333 164
334 164
335 164
336 164
337 164
338 164
339 164
340 164
341 164
342 164
343 164
344 164
345 164
346 164
347 164
347 163
347 162
347 161
266 163
266 162
265 163
265 164
264 164
264 163
263 163
262 163
261 163
260 163
259 163
259 162
258 162
258 161
259 161
259 160
259 159
259 158
259 157
259 156
259 155
259 154
259 153
259 152
260 152
260 151
260 150
260 149
260 148
260 147
261 147
262 147
262 146
262 145
262 144
262 143
262 142
262 141
262 140
262 139
262 138
263 138
263 137
264 137
264 136
265 136
265 135
266 135
266 134
267 134
268 134
269 134
270 134
271 134
272 134
273 134
274 134
275 134
276 134
277 134
278 134
279 134
267 162
268 162
268 161
269 161
270 161
271 161
272 161
273 161
274 161
275 161
276 161
276 162
277 162
277 163
278 163
278 164
279 164
280 164
281 164
282 164
283 164
284 164
285 164
285 165
285 166
285 167
286 167
287 167
287 166
288 166
289 166
289 165
290 165
192 54
192 55
192 53
192 52
193 52
194 52
194 51
195 51
195 50
196 50
197 50
198 50
199 50
200 50
201 50
201 49
200 49
199 49
199 48
198 48
197 48
196 48
196 47
195 47
195 46
195 45
195 44
195 43
195 42
194 42
194 41
193 41
192 56
192 57
192 58
191 58
190 58
190 59
189 59
188 59
187 59
186 59
185 59
185 60
184 60
184 61
183 61
183 62
183 63
182 63
181 63
180 63
179 63
179 64
178 64
178 65
177 65
176 65
176 66
175 66
174 66
174 67
173 67
172 67
482 258
482 259
482 257
482 256
481 256
481 255
480 255
480 254
479 254
479 253
479 252
479 251
478 251
478 250
477 250
477 249
477 248
476 248
476 247
476 246
475 246
475 245
475 244
474 244
474 243
473 243
472 243
472 242
471 242
471 241
470 241
469 241
469 240
469 239
468 239
468 238
468 237
468 236
467 236
467 235
467 234
466 234
466 233
465 233
465 232
464 232
464 231
463 231
463 230
462 230
461 230
461 229
460 229
459 229
458 229
458 228
457 228
456 228
456 227
455 227
455 226
454 226
454 225
453 225
453 224
453 223
453 222
452 222
452 221
451 221
451 220
450 220
450 219
449 219
448 219
448 218
447 218
447 217
446 217
445 217
445 216
444 216
444 215
444 214
444 213
444 212
444 211
444 210
444 209
443 209
442 209
442 208
441 208
441 207
440 207
439 207
438 207
437 207
436 207
436 206
435 206
435 205
434 205
434 204
433 204
482 260
482 261
482 262
482 263
482 264
483 264
484 264
484 265
484 266
484 267
484 268
484 269
483 269
483 270
482 270
481 270
480 270
480 271
481 271
482 271
482 272
483 272
483 273
484 273
484 274
484 275
484 276
484 277
484 278
483 278
483 279
483 280
482 280
482 281
481 281
481 282
481 283
481 284
481 285
481 286
481 287
481 288
482 288
482 289
481 289
480 289
479 289
478 289
477 289
476 289
475 289
474 289
473 289
473 290
474 290
474 291
475 291
476 291
476 292
476 293
476 294
476 295
476 296
476 297
475 297
475 298
474 298
474 299
473 299
473 300
472 300
472 301
472 302
471 302
470 302
470 303
469 303
469 304
469 305
469 306
468 306
468 307
468 308
468 309
469 309
469 310
469 311
470 311
471 311
472 311
473 311
473 312
473 313
474 313
474 314
475 314
475 315
475 316
475 317
475 318
476 318
476 319
477 319
477 320
478 320
478 321
479 321
480 321
481 321
482 321
483 321
484 321
485 321
485 320
485 319
485 318
485 317
485 316
485 315
486 315
486 314
486 313
486 312
487 312
487 311
487 310
487 309
488 309
488 308
489 308
490 308
491 308
492 308
493 308
494 308
495 308
495 309
496 309
496 310
497 310
498 310
498 311
499 311
500 311
501 311
501 312
502 312
503 312
503 313
504 313
208 298
208 297
207 298
207 299
206 299
206 300
205 300
205 301
204 301
203 301
202 301
201 301
200 301
199 301
198 301
197 301
196 301
195 301
194 301
193 301
193 302
192 302
192 303
191 303
191 302
190 302
190 301
189 301
189 300
189 299
188 299
187 299
186 299
185 299
185 300
184 300
184 301
184 302
183 302
183 303
183 304
182 304
181 304
181 305
180 305
180 306
179 306
179 307
178 307
178 308
178 309
178 310
178 311
177 311
177 312
177 313
176 313
176 314
176 315
175 315
175 316
174 316
174 317
173 317
172 317
172 318
171 318
170 318
169 318
168 318
167 318
166 318
165 318
164 318
164 319
164 320
164 321
164 322
164 323
164 324
164 325
164 326
163 326
163 327
162 327
208 296
208 295
208 294
208 293
208 292
208 291
209 291
282 106
282 105
282 107
282 108
282 109
282 110
282 111
282 112
282 113
282 114
282 115
282 116
283 116
284 116
284 117
283 117
282 117
281 117
280 117
279 117
279 118
278 118
282 104
282 103
282 102
282 101
282 100
282 99
282 98
282 97
283 97
146 47
146 48
146 46
146 45
146 44
145 44
145 43
145 42
144 42
144 41
144 40
144 39
144 38
144 37
144 36
144 35
144 34
144 33
143 33
143 32
144 32
144 31
144 30
145 30
145 29
145 28
144 28
144 27
144 26
143 26
143 25
142 25
141 25
141 24
140 24
139 24
138 24
138 23
137 23
137 22
136 22
135 22
134 22
133 22
132 22
131 22
130 22
129 22
128 22
128 21
127 21
126 21
125 21
124 21
123 21
122 21
121 21
121 20
121 19
121 18
121 17
121 16
120 16
120 15
119 15
118 15
118 14
117 14
116 14
116 13
115 13
146 49
146 50
146 51
146 52
146 53
145 53
144 53
144 54
143 54
142 54
142 55
141 55
141 56
141 57
141 58
141 59
140 59
140 60
139 60
138 60
137 60
136 60
135 60
135 61
134 61
134 62
133 62
133 63
132 63
131 63
130 63
129 63
129 64
128 64
127 64
253 369
253 368
254 369
255 369
256 369
256 370
257 370
257 371
258 371
258 372
259 372
260 372
260 371
260 370
261 370
262 370
263 370
264 370
264 371
265 371
266 371
266 370
267 370
268 370
269 370
270 370
271 370
272 370
273 370
274 370
274 369
253 367
252 367
252 366
252 365
251 365
251 364
250 364
250 363
249 363
248 363
248 362
247 362
247 361
247 360
247 359
248 359
248 358
248 357
248 356
248 355
249 355
249 354
248 354
248 353
247 353
246 353
245 353
244 353
243 353
242 353
241 353
241 352
241 351
241 350
241 349
240 349
240 348
239 348
239 347
238 347
238 346
237 346
237 345
237 344
236 344
235 344
235 345
234 345
234 346
233 346
232 346
231 346
230 346
229 346
228 346
227 346
226 346
225 346
224 346
223 346
314 123
315 123
313 123
312 123
311 123
310 123
309 123
308 123
307 123
306 123
306 122
305 122
305 121
305 120
304 120
304 119
304 118
303 118
303 117
303 116
303 115
302 115
302 114
301 114
301 113
300 113
299 113
298 113
297 113
296 113
295 113
294 113
293 113
292 113
291 113
290 113
289 113
289 114
288 114
288 115
287 115
286 115
286 116
285 116
316 123
317 123
318 123
319 123
320 123
321 123
322 123
323 123
323 122
324 122
325 122
325 121
325 120
325 119
325 118
325 117
325 116
325 115
231 70
231 69
230 70
229 70
228 70
227 70
226 70
225 70
224 70
223 70
222 70
221 70
220 70
219 70
219 69
218 69
217 69
217 70
217 71
216 71
215 71
215 72
214 72
213 72
213 73
212 73
212 74
212 75
211 75
211 76
211 77
210 77
210 78
210 79
209 79
209 80
209 81
209 82
209 83
209 84
209 85
209 86
209 87
209 88
231 68
231 67
232 67
232 66
232 65
233 65
233 64
234 64
234 65
235 65
236 65
237 65
238 65
239 65
240 65
241 65
242 65
242 64
243 64
244 64
244 63
245 63
245 62
245 61
246 61
246 60
247 60
247 59
247 58
247 57
247 56
247 55
246 55
246 54
246 53
245 53
245 52
245 51
245 50
245 49
245 48
245 47
245 46
245 45
245 44
245 43
244 43
244 42
244 41
243 41
243 40
242 40
241 40
240 40
239 40
238 40
237 40
237 39
280 75
280 74
280 76
280 77
281 77
281 78
282 78
282 79
282 80
283 80
283 81
283 82
283 83
283 84
283 85
283 86
283 87
283 88
283 89
284 89
285 89
285 90
285 91
285 92
285 93
285 94
285 95
285 96
284 96
283 96
280 73
280 72
280 71
280 70
281 70
281 69
282 69
398 354
398 355
398 353
399 353
400 353
401 353
402 353
402 352
403 352
404 352
404 351
405 351
406 351
407 351
407 350
408 350
408 349
409 349
409 348
410 348
410 347
411 347
411 346
411 345
412 345
412 344
412 343
412 342
412 341
412 340
412 339
411 339
411 338
410 338
409 338
409 337
410 337
411 337
412 337
413 337
413 336
414 336
414 335
415 335
415 336
416 336
417 336
418 336
419 336
420 336
421 336
422 336
423 336
423 335
424 335
424 334
424 333
424 332
424 331
424 330
424 329
424 328
423 328
423 327
424 327
424 326
424 325
424 324
424 323
424 322
424 321
423 321
423 320
424 320
425 320
425 319
425 318
425 317
425 316
425 315
425 314
426 314
427 314
427 313
428 313
429 313
429 312
430 312
430 311
431 311
431 310
432 310
432 309
433 309
433 308
433 307
434 307
434 306
435 306
435 305
436 305
437 305
437 304
438 304
439 304
440 304
441 304
442 304
442 305
443 305
444 305
444 306
445 306
445 307
446 307
447 307
447 306
448 306
448 305
449 305
449 304
450 304
450 303
451 303
452 303
452 304
452 305
453 305
453 306
453 307
454 307
454 306
455 306
455 305
456 305
457 305
457 304
458 304
459 304
460 304
460 305
460 306
460 307
461 307
461 308
462 308
462 309
463 309
464 309
465 309
466 309
466 308
467 308
398 356
398 357
398 358
397 358
397 359
396 359
396 360
395 360
394 360
393 360
393 361
392 361
391 361
390 361
389 361
388 361
387 361
386 361
385 361
385 362
385 363
385 364
385 365
385 366
385 367
385 368
384 368
384 369
384 370
384 371
384 372
384 373
384 374
384 375
385 375
385 376
384 376
384 377
383 377
382 377
382 378
381 378
381 379
380 379
379 379
379 380
378 380
378 379
377 379
376 379
375 379
374 379
373 379
372 379
371 379
371 380
370 380
370 381
370 382
370 383
370 384
369 384
369 385
368 385
368 386
368 387
367 387
367 388
367 389
366 389
366 390
365 390
365 391
364 391
364 392
364 393
364 394
364 395
364 396
364 397
363 397
363 396
362 396
361 396
360 396
359 396
359 397
358 397
358 398
357 398
357 399
356 399
356 400
355 400
355 401
354 401
354 402
353 402
353 403
353 404
352 404
352 405
351 405
350 405
349 405
348 405
327 274
326 274
328 274
328 273
329 273
329 272
330 272
330 271
331 271
332 271
332 270
332 269
332 268
332 267
332 266
332 265
332 264
333 264
334 264
334 263
334 262
334 261
335 261
335 260
336 260
336 259
337 259
337 258
336 258
335 258
335 257
334 257
334 256
333 256
333 255
332 255
331 255
331 254
330 254
330 253
329 253
329 254
328 254
327 254
326 254
325 254
324 254
323 254
322 254
321 254
321 255
321 256
321 257
321 258
321 259
321 260
320 260
320 261
319 261
318 261
318 262
317 262
316 262
315 262
314 262
313 262
312 262
312 261
311 261
311 260
310 260
310 259
309 259
309 260
308 260
308 261
307 261
306 261
305 261
304 261
303 261
303 262
302 262
301 262
301 263
301 264
300 264
300 265
299 265
299 266
298 266
297 266
296 266
295 266
294 266
293 266
293 265
293 264
292 264
292 263
326 275
325 275
325 276
324 276
324 277
323 277
323 278
322 278
322 279
321 279
320 279
319 279
319 280
318 280
318 281
318 282
318 283
318 284
318 285
318 286
318 287
318 288
317 288
317 289
317 290
316 290
316 291
315 291
315 292
314 292
313 292
313 293
312 293
311 293
311 294
310 294
309 294
308 294
307 294
307 295
306 295
305 295
304 295
304 296
303 296
303 297
302 297
302 298
301 298
300 298
299 298
299 299
298 299
298 300
297 300
297 301
296 301
295 301
294 301
293 301
293 302
293 303
293 304
292 304
292 305
292 306
291 306
291 307
290 307
289 307
288 307
287 307
286 307
285 307
284 307
284 308
426 252
425 252
427 252
427 253
428 253
428 254
429 254
429 255
430 255
430 256
431 256
431 257
432 257
433 257
433 258
434 258
434 259
435 259
435 260
435 261
435 262
435 263
435 264
435 265
436 265
436 266
425 251
425 250
425 249
424 249
424 248
424 247
423 247
422 247
421 247
420 247
419 247
418 247
417 247
416 247
415 247
415 248
414 248
414 249
414 250
413 250
413 251
412 251
412 252
412 253
412 254
411 254
410 254
409 254
408 254
407 254
406 254
406 253
405 253
405 252
405 251
405 250
405 249
404 249
403 249
402 249
401 249
400 249
399 249
399 250
398 250
398 251
398 252
397 252
397 253
396 253
396 252
395 252
395 251
395 250
395 249
395 248
395 247
394 247
394 246
393 246
392 246
392 245
391 245
391 244
390 244
204 29
204 28
204 30
203 30
203 31
202 31
201 31
200 31
199 31
198 31
198 32
197 32
197 33
196 33
196 34
196 35
196 36
196 37
196 38
196 39
195 39
195 40
194 40
204 27
204 26
204 25
204 24
204 23
204 22
204 21
204 20
205 20
205 19
448 420
448 419
447 420
447 421
446 421
446 422
445 422
444 422
443 422
442 422
442 423
441 423
441 422
441 421
440 421
440 420
440 419
440 418
440 417
440 416
440 415
439 415
439 414
438 414
437 414
436 414
435 414
434 414
434 413
433 413
432 413
432 412
431 412
431 411
431 410
431 409
431 408
431 407
430 407
429 407
428 407
428 408
427 408
426 408
425 408
424 408
424 409
423 409
422 409
422 410
421 410
421 411
420 411
420 412
420 413
420 414
420 415
419 415
419 416
419 417
419 418
419 419
418 419
418 420
418 421
418 422
417 422
416 422
415 422
414 422
413 422
413 423
412 423
411 423
411 424
410 424
409 424
409 425
408 425
408 426
408 427
408 428
407 428
406 428
406 429
405 429
404 429
403 429
402 429
401 429
401 428
400 428
400 427
399 427
399 426
398 426
398 425
397 425
397 424
396 424
396 423
395 423
395 422
394 422
394 421
393 421
393 420
393 419
393 418
393 417
393 416
392 416
391 416
390 416
390 415
389 415
388 415
387 415
386 415
386 414
385 414
385 413
384 413
384 414
383 414
383 415
383 416
382 416
381 416
381 417
380 417
379 417
378 417
378 418
377 418
377 417
376 417
375 417
375 416
374 416
373 416
373 415
372 415
371 415
371 414
370 414
369 414
369 413
368 413
368 414
367 414
367 415
366 415
366 416
366 417
366 418
366 419
366 420
366 421
366 422
366 423
366 424
366 425
365 425
365 426
364 426
364 427
364 428
365 428
365 429
366 429
366 430
366 431
366 432
366 433
366 434
365 434
364 434
363 434
362 434
361 434
360 434
359 434
358 434
357 434
356 434
356 435
355 435
354 435
354 436
353 436
353 437
352 437
351 437
350 437
349 437
348 437
347 437
346 437
346 438
345 438
345 439
345 440
345 441
345 442
345 443
345 444
345 445
344 445
344 446
343 446
343 447
342 447
341 447
340 447
339 447
339 448
338 448
338 449
337 449
336 449
335 449
334 449
333 449
332 449
331 449
331 448
331 447
331 446
331 445
331 444
331 443
331 442
331 441
331 440
331 439
449 419
450 419
450 418
450 417
450 416
450 415
450 414
450 413
450 412
450 411
450 410
449 410
449 409
450 409
450 408
451 408
452 408
453 408
454 408
455 408
456 408
457 408
457 407
458 407
459 407
460 407
461 407
462 407
463 407
464 407
464 406
465 406
465 405
465 404
465 403
465 402
465 401
465 400
465 399
465 398
466 398
466 397
467 397
467 396
468 396
468 395
469 395
469 394
470 394
471 394
472 394
472 393
472 392
472 391
472 390
472 389
472 388
473 388
474 388
474 387
474 386
475 386
476 386
477 386
478 386
479 386
480 386
481 386
482 386
483 386
483 387
484 387
485 387
486 387
487 387
488 387
488 386
489 386
490 386
491 386
492 386
493 386
494 386
495 386
496 386
497 386
498 386
498 385
499 385
499 384
500 384
500 383
501 383
501 382
502 382
502 381
502 380
502 379
502 378
503 378
503 377
504 377
504 376
505 376
505 375
505 374
505 373
505 372
505 371
505 370
505 369
505 368
505 367
506 367
506 366
507 366
507 365
508 365
509 365
510 365
511 365
511 364
511 363
511 362
511 361
511 360
511 359
511 358
511 357
511 356
511 355
511 354
511 353
511 352
511 351
510 351
509 351
509 350
509 349
509 348
509 347
508 347
508 346
507 346
507 345
506 345
506 344
505 344
505 343
504 343
504 342
504 341
503 341
503 340
503 339
502 339
502 338
501 338
501 337
500 337
500 336
500 335
500 334
500 333
500 332
500 331
500 330
500 329
500 328
499 328
498 328
498 327
497 327
497 326
497 325
497 324
497 323
497 322
496 322
496 321
496 320
496 319
496 318
497 318
498 318
499 318
499 317
500 317
501 317
502 317
503 317
504 317
504 316
504 315
504 314
310 96
311 96
310 95
310 94
310 93
309 93
309 92
308 92
308 91
307 91
306 91
305 91
305 90
304 90
304 89
303 89
303 88
302 88
302 87
301 87
300 87
300 86
300 85
299 85
299 84
299 83
298 83
298 82
297 82
297 81
311 97
311 98
312 98
312 99
312 100
312 101
312 102
312 103
313 103
313 104
313 105
313 106
313 107
313 108
313 109
312 109
311 109
310 109
309 109
308 109
308 110
307 110
306 110
305 110
304 110
303 110
303 111
302 111
302 112
302 113
341 255
342 255
341 256
340 256
340 257
339 257
338 257
338 258
342 254
343 254
343 253
344 253
344 252
345 252
346 252
346 251
347 251
348 251
349 251
350 251
351 251
351 250
352 250
353 250
353 249
353 248
353 247
353 246
353 245
353 244
354 244
354 243
355 243
355 242
355 241
355 240
356 240
357 240
357 239
358 239
359 239
359 238
360 238
361 238
361 237
361 236
362 236
362 237
362 238
362 239
362 240
362 241
362 242
362 243
363 243
363 244
364 244
364 245
365 245
365 246
366 246
366 247
367 247
368 247
368 248
369 248
370 248
370 249
371 249
372 249
373 249
374 249
375 249
376 249
376 248
377 248
377 247
378 247
378 246
378 245
378 244
378 243
378 242
378 241
379 241
379 240
380 240
380 239
381 239
381 240
381 241
381 242
381 243
381 244
382 244
383 244
383 245
384 245
385 245
386 245
387 245
388 245
389 245
390 245
440 235
441 235
439 235
438 235
437 235
437 236
436 236
436 237
435 237
434 237
433 237
432 237
432 238
431 238
431 239
430 239
430 240
429 240
429 241
428 241
427 241
426 241
425 241
424 241
423 241
422 241
422 242
422 243
422 244
422 245
422 246
423 246
442 235
442 234
443 234
443 233
443 232
444 232
444 231
445 231
445 230
445 229
445 228
445 227
445 226
445 225
446 225
446 224
446 223
447 223
447 222
448 222
449 222
450 222
450 221
310 305
311 305
309 305
308 305
307 305
306 305
305 305
304 305
304 304
303 304
303 303
302 303
301 303
300 303
299 303
298 303
297 303
296 303
295 303
294 303
312 305
313 305
313 306
314 306
314 307
314 308
315 308
315 309
316 309
316 310
227 18
227 17
227 19
227 20
227 21
227 22
228 22
229 22
230 22
231 22
232 22
232 23
231 23
231 24
230 24
230 25
229 25
228 25
227 25
226 25
225 25
225 26
224 26
224 27
224 28
224 29
224 30
224 31
224 32
223 32
223 33
223 34
223 35
223 36
223 37
223 38
224 38
225 38
225 39
226 39
227 39
228 39
229 39
230 39
231 39
232 39
233 39
234 39
235 39
236 39
227 16
227 15
228 15
228 14
228 13
228 12
229 12
229 11
229 10
229 9
229 8
230 8
230 7
231 7
231 6
232 6
232 5
233 5
267 3
268 3
266 3
265 3
264 3
263 3
262 3
261 3
260 3
260 4
259 4
258 4
258 5
258 6
257 6
257 7
257 8
257 9
258 9
258 10
259 10
259 11
260 11
261 11
262 11
263 11
264 11
265 11
266 11
266 12
266 13
267 13
267 14
268 14
268 15
269 15
269 16
269 17
269 18
270 18
270 19
270 20
270 21
271 21
271 22
271 23
271 24
272 24
272 25
273 25
273 26
274 26
274 27
274 28
275 28
275 29
275 30
276 30
276 31
277 31
278 31
278 32
279 32
280 32
280 33
281 33
282 33
283 33
284 33
285 33
285 34
286 34
286 35
287 35
288 35
289 35
290 35
291 35
292 35
293 35
294 35
295 35
296 35
297 35
298 35
299 35
300 35
300 34
300 33
300 32
300 31
300 30
300 29
269 3
270 3
270 2
271 2
272 2
272 1
273 1
273 0
320 230
320 229
320 231
319 231
319 232
318 232
318 233
317 233
316 233
315 233
314 233
313 233
312 233
312 234
312 235
312 236
311 236
311 237
310 237
310 238
310 239
310 240
310 241
310 242
311 242
311 243
312 243
312 244
312 245
313 245
313 246
314 246
314 247
314 248
315 248
315 249
315 250
315 251
315 252
315 253
316 253
317 253
318 253
319 253
319 254
320 254
320 255
320 256
320 257
320 258
320 259
320 228
320 227
320 226
320 225
321 225
321 224
322 224
322 223
322 222
322 221
322 220
322 219
322 218
322 217
322 216
322 215
322 214
322 213
322 212
322 211
323 211
323 210
323 209
323 208
324 208
324 207
325 207
326 207
327 207
327 206
328 206
328 205
328 204
328 203
329 203
329 202
329 201
330 201
330 200
329 200
329 199
329 198
329 197
328 197
328 196
327 196
327 195
327 194
326 194
325 194
325 193
324 193
324 192
323 192
322 192
322 191
321 191
320 191
320 190
320 189
319 189
319 188
319 187
318 187
318 186
317 186
317 185
317 184
318 184
318 183
318 182
318 181
318 180
318 179
318 178
319 178
319 177
320 177
321 177
322 177
323 177
324 177
325 177
326 177
326 176
327 176
328 176
328 175
329 175
330 175
331 175
332 175
333 175
333 174
333 173
334 173
334 172
335 172
336 172
337 172
338 172
339 172
339 171
340 171
341 171
341 170
341 169
341 168
341 167
341 166
341 165
342 165
343 165
344 165
345 165
346 165
347 165
330 212
330 211
330 213
330 214
330 215
331 215
331 216
332 216
332 217
333 217
330 210
330 209
330 208
330 207
330 206
330 205
330 204
330 203
330 202
270 38
270 37
270 39
270 40
269 40
269 41
268 41
268 42
268 43
267 43
267 44
267 45
266 45
265 45
265 46
264 46
264 47
263 47
262 47
262 48
261 48
261 49
261 50
261 51
261 52
261 53
260 53
260 54
260 55
260 56
259 56
259 57
259 58
258 58
258 59
257 59
257 60
256 60
255 60
254 60
254 61
254 62
254 63
254 64
254 65
254 66
253 66
252 66
252 67
251 67
250 67
249 67
248 67
247 67
246 67
245 67
244 67
244 66
244 65
243 65
270 36
270 35
270 34
270 33
270 32
270 31
271 31
272 31
272 30
273 30
274 30
274 29
333 45
332 45
334 45
335 45
336 45
337 45
337 44
337 43
337 42
337 41
338 41
338 40
339 40
340 40
340 39
341 39
331 45
330 45
329 45
328 45
327 45
326 45
325 45
325 44
324 44
324 43
323 43
323 42
323 41
322 41
322 40
321 40
321 39
320 39
320 38
320 37
320 36
319 36
319 35
319 34
318 34
318 33
317 33
316 33
315 33
314 33
313 33
312 33
312 34
311 34
310 34
310 35
309 35
308 35
308 34
307 34
306 34
305 34
304 34
303 34
302 34
302 33
302 32
302 31
302 30
301 30
301 29
297 53
298 53
297 52
296 52
295 52
294 52
293 52
292 52
292 53
291 53
290 53
289 53
288 53
287 53
286 53
286 52
286 51
286 50
286 49
285 49
284 49
284 48
283 48
283 47
283 46
283 45
283 44
283 43
282 43
282 42
283 42
284 42
284 41
284 40
284 39
284 38
284 37
284 36
284 35
284 34
299 53
300 53
301 53
302 53
302 54
303 54
304 54
304 55
305 55
305 56
306 56
306 57
307 57
307 58
308 58
309 58
309 59
308 59
308 60
307 60
307 61
306 61
306 62
305 62
305 63
304 63
304 64
303 64
303 65
304 65
304 66
304 67
305 67
306 67
306 68
307 68
308 68
308 69
309 69
310 69
311 69
311 68
312 68
313 68
313 67
314 67
315 67
316 67
317 67
318 67
318 68
319 68
320 68
321 68
322 68
323 68
324 68
325 68
325 69
326 69
326 70
327 70
327 71
327 72
327 73
327 74
328 74
328 75
328 76
328 77
328 78
328 79
329 79
329 80
329 81
329 82
329 83
329 84
329 85
329 86
329 87
329 88
329 89
329 90
330 90
330 91
331 91
399 102
399 103
399 101
399 100
399 99
399 98
399 97
400 97
400 96
400 95
400 94
400 93
400 92
399 92
399 91
398 91
397 91
397 90
396 90
396 89
395 89
394 89
394 88
393 88
393 87
394 87
394 86
395 86
395 85
395 84
395 83
395 82
395 81
394 81
394 80
394 79
393 79
393 78
392 78
392 77
392 76
391 76
391 75
390 75
390 74
390 73
390 72
390 71
391 71
391 70
392 70
392 69
391 69
390 69
390 68
389 68
389 67
388 67
388 66
388 65
388 64
388 63
388 62
388 61
387 61
387 60
387 59
387 58
387 57
387 56
387 55
387 54
388 54
388 53
388 52
387 52
387 51
386 51
386 50
385 50
385 49
384 49
384 48
384 47
383 47
383 46
382 46
382 45
382 44
381 44
381 43
380 43
380 42
379 42
379 41
378 41
377 41
377 42
376 42
376 43
375 43
375 44
374 44
374 45
373 45
373 46
373 47
373 48
372 48
372 49
371 49
370 49
369 49
368 49
367 49
366 49
365 49
364 49
363 49
363 50
362 50
362 49
362 48
361 48
361 47
361 46
360 46
360 45
359 45
358 45
358 44
357 44
356 44
356 43
355 43
354 43
354 42
353 42
352 42
352 41
351 41
350 41
349 41
348 41
347 41
346 41
345 41
344 41
343 41
343 40
342 40
342 39
399 104
399 105
399 106
400 106
400 107
400 108
400 109
400 110
400 111
400 112
400 113
399 113
399 114
399 115
399 116
399 117
399 118
398 118
397 118
396 118
395 118
395 119
394 119
393 119
393 120
393 121
392 121
392 122
392 123
392 124
392 125
392 126
392 127
392 128
392 129
391 129
391 130
391 131
391 132
391 133
390 133
390 134
389 134
389 135
388 135
387 135
387 136
386 136
385 136
385 137
384 137
383 137
383 138
382 138
382 139
381 139
380 139
380 140
380 141
379 141
379 142
379 143
379 144
379 145
378 145
378 146
377 146
376 146
376 147
375 147
375 148
374 148
374 147
373 147
372 147
371 147
370 147
369 147
368 147
368 148
367 148
366 148
365 148
365 149
364 149
363 149
362 149
362 148
361 148
360 148
360 147
359 147
359 148
358 148
357 148
356 148
355 148
354 148
353 148
352 148
351 148
350 148
350 147
349 147
349 148
349 149
349 150
349 151
349 152
349 153
349 154
349 155
349 156
349 157
349 158
349 159
349 160
348 160
348 161
389 24
390 24
389 25
388 25
388 26
387 26
387 27
386 27
385 27
384 27
383 27
382 27
381 27
380 27
379 27
378 27
377 27
376 27
375 27
375 28
376 28
377 28
377 29
378 29
378 30
378 31
379 31
379 32
380 32
380 33
381 33
381 34
382 34
383 34
384 34
385 34
385 35
384 35
384 36
383 36
383 37
382 37
382 38
381 38
381 39
380 39
380 40
379 40
378 40
390 23
390 22
391 22
391 21
392 21
392 20
393 20
393 19
393 18
393 17
393 16
393 15
119 413
119 412
119 414
119 415
120 415
120 416
121 416
121 417
122 417
122 418
123 418
119 411
119 410
119 409
119 408
119 407
119 406
118 406
117 406
116 406
116 405
115 405
115 404
115 403
115 402
115 401
115 400
115 399
114 399
113 399
112 399
111 399
111 398
110 398
110 397
111 397
111 396
111 395
111 394
111 393
111 392
111 391
111 390
112 390
112 389
112 388
112 387
112 386
112 385
112 384
112 383
111 383
111 382
112 382
112 381
112 380
112 379
112 378
112 377
112 376
113 376
113 375
114 375
115 375
115 374
115 373
116 373
116 372
117 372
117 371
118 371
118 370
119 370
119 369
119 368
119 367
119 366
119 365
119 364
119 363
120 363
121 363
122 363
122 362
123 362
123 361
123 360
122 360
122 359
121 359
121 358
121 357
120 357
119 357
118 357
117 357
116 357
115 357
115 356
114 356
114 355
113 355
113 356
112 356
111 356
110 356
109 356
108 356
108 355
107 355
500 50
500 49
499 50
498 50
498 51
498 52
498 53
498 54
497 54
497 55
497 56
496 56
495 56
495 57
494 57
493 57
492 57
492 56
491 56
491 55
490 55
489 55
488 55
487 55
486 55
485 55
484 55
484 54
484 53
484 52
483 52
483 51
483 50
482 50
482 49
481 49
481 48
480 48
479 48
479 47
478 47
477 47
477 46
476 46
475 46
475 45
474 45
474 44
473 44
473 43
472 43
472 44
471 44
471 45
470 45
469 45
468 45
468 46
467 46
466 46
466 47
466 48
465 48
465 49
464 49
463 49
462 49
461 49
460 49
459 49
458 49
457 49
456 49
455 49
454 49
453 49
452 49
451 49
450 49
449 49
448 49
447 49
447 48
448 48
448 47
448 46
448 45
448 44
448 43
448 42
448 41
448 40
448 39
448 38
448 37
448 36
448 35
448 34
448 33
447 33
447 32
446 32
446 31
445 31
445 30
444 30
444 29
443 29
442 29
442 28
441 28
440 28
439 28
438 28
437 28
436 28
435 28
434 28
434 27
433 27
432 27
432 26
431 26
430 26
429 26
428 26
427 26
426 26
425 26
424 26
423 26
422 26
421 26
420 26
419 26
418 26
418 25
417 25
417 26
416 26
416 27
416 28
415 28
415 29
414 29
413 29
413 30
412 30
411 30
410 30
409 30
408 30
407 30
407 31
407 32
406 32
406 31
405 31
405 30
405 29
404 29
403 29
403 28
402 28
401 28
401 27
401 26
400 26
400 25
399 25
399 24
398 24
398 23
398 22
397 22
397 21
397 20
396 20
396 19
395 19
395 18
395 17
394 17
394 16
501 49
502 49
502 48
503 48
504 48
505 48
506 48
507 48
508 48
509 48
509 49
510 49
511 49
511 50
305 500
305 501
305 499
305 498
304 498
304 497
304 496
303 496
303 495
303 494
302 494
302 493
301 493
301 494
301 495
300 495
299 495
298 495
297 495
297 496
296 496
295 496
305 502
305 503
305 504
305 505
305 506
305 507
305 508
305 509
305 510
306 510
307 510
307 511
308 511
309 511
310 511
311 511
312 511
313 511
314 511
315 511
316 511
317 511
318 511
319 511
320 511
321 511
322 511
323 511
324 511
325 511
326 511
327 511
328 511
329 511
330 511
331 511
331 510
332 510
332 509
332 508
332 507
332 506
332 505
332 504
332 503
332 502
332 501
332 500
332 499
333 499
334 499
335 499
335 498
335 497
336 497
336 496
336 495
337 495
337 494
338 494
338 493
339 493
340 493
341 493
342 493
343 493
344 493
344 492
345 492
345 491
346 491
346 490
347 490
