31 390
32 390
30 390
29 390
29 391
28 391
27 391
27 390
26 390
26 389
26 388
26 387
26 386
25 386
25 385
24 385
23 385
23 384
23 383
22 383
21 383
20 383
19 383
19 382
18 382
18 381
17 381
17 380
17 379
17 378
17 377
17 376
16 376
16 375
16 374
15 374
15 373
15 372
15 371
15 370
15 369
15 368
15 367
15 366
15 365
15 364
15 363
15 362
15 361
15 360
15 359
15 358
15 357
15 356
14 356
13 356
13 355
12 355
12 354
11 354
11 353
11 352
10 352
10 351
33 390
33 389
33 388
34 388
34 387
35 387
35 386
283 434
284 434
283 433
282 433
282 432
281 432
281 431
280 431
284 435
284 436
285 436
285 437
285 438
286 438
286 439
287 439
66 349
66 348
65 349
64 349
63 349
62 349
61 349
61 350
61 351
60 351
60 352
59 352
59 353
58 353
57 353
56 353
55 353
55 354
54 354
54 355
53 355
53 356
52 356
51 356
50 356
49 356
48 356
47 356
46 356
45 356
44 356
43 356
42 356
42 355
41 355
41 354
40 354
40 353
39 353
38 353
37 353
36 353
36 352
35 352
34 352
33 352
32 352
31 352
30 352
29 352
28 352
28 353
27 353
27 354
26 354
25 354
25 355
24 355
24 356
23 356
23 357
22 357
21 357
20 357
19 357
18 357
17 357
16 357
67 348
67 347
67 346
67 345
67 344
67 343
67 342
67 341
68 341
41 475
40 475
42 475
43 475
44 475
44 474
45 474
45 473
46 473
46 472
47 472
47 471
46 471
46 470
46 469
46 468
46 467
46 466
46 465
46 464
46 463
46 462
47 462
47 461
46 461
45 461
44 461
43 461
42 461
42 460
41 460
41 459
40 459
40 458
39 458
38 458
37 458
36 458
36 457
35 457
35 456
35 455
34 455
34 454
33 454
33 453
33 452
32 452
32 451
31 451
31 450
31 449
31 448
31 447
31 446
31 445
31 444
31 443
32 443
32 442
33 442
33 441
34 441
34 440
35 440
35 439
35 438
36 438
36 439
36 440
37 440
37 441
37 442
38 442
38 443
39 443
40 443
41 443
42 443
43 443
44 443
44 442
45 442
45 441
46 441
46 440
47 440
47 439
48 439
48 438
49 438
50 438
51 438
52 438
53 438
53 437
54 437
55 437
55 438
56 438
57 438
57 439
58 439
59 439
60 439
61 439
62 439
63 439
64 439
65 439
66 439
67 439
68 439
69 439
70 439
71 439
72 439
72 438
72 437
71 437
71 436
71 435
71 434
71 433
70 433
70 432
70 431
69 431
69 430
68 430
68 429
69 429
70 429
71 429
72 429
73 429
74 429
74 428
75 428
76 428
76 427
77 427
77 426
77 425
76 425
76 424
75 424
75 423
74 423
74 422
74 421
74 420
74 419
74 418
74 417
74 416
74 415
73 415
72 415
71 415
70 415
69 415
68 415
67 415
66 415
66 416
65 416
65 417
64 417
63 417
62 417
61 417
60 417
59 417
59 416
60 416
60 415
60 414
61 414
61 413
62 413
62 412
62 411
62 410
62 409
62 408
62 407
63 407
64 407
65 407
65 406
66 406
66 405
66 404
66 403
66 402
66 401
66 400
66 399
66 398
66 397
66 396
66 395
65 395
64 395
64 394
63 394
62 394
62 393
61 393
61 392
60 392
59 392
58 392
58 391
57 391
57 390
56 390
56 389
55 389
55 390
54 390
54 391
53 391
53 392
53 393
52 393
52 394
51 394
51 395
50 395
49 395
48 395
47 395
46 395
46 396
46 397
45 397
45 398
45 399
45 400
44 400
44 401
44 402
43 402
43 401
43 400
43 399
43 398
43 397
42 397
42 396
41 396
41 395
41 394
41 393
41 392
41 391
40 391
40 390
39 390
39 389
38 389
38 388
37 388
37 387
36 387
36 386
39 475
38 475
37 475
36 475
35 475
35 474
34 474
34 473
33 473
33 472
32 472
32 471
31 471
31 470
31 469
30 469
30 468
30 467
30 466
29 466
28 466
28 465
27 465
27 464
28 464
29 464
30 464
31 464
31 463
32 463
33 463
33 462
34 462
34 461
34 460
35 460
35 459
35 458
73 388
73 387
73 389
72 389
72 390
71 390
71 391
71 392
70 392
70 393
69 393
68 393
68 394
67 394
66 394
65 394
73 386
73 385
73 384
73 383
73 382
72 382
72 381
72 380
71 380
70 380
69 380
68 380
67 380
67 379
68 379
68 378
68 377
68 376
68 375
68 374
67 374
67 373
68 373
69 373
70 373
71 373
71 372
72 372
72 371
72 370
73 370
73 371
73 372
74 372
74 373
75 373
76 373
77 373
78 373
79 373
80 373
81 373
82 373
83 373
41 323
41 324
41 322
41 321
40 321
39 321
39 320
38 320
38 319
38 318
37 318
37 317
37 316
37 315
37 314
37 313
37 312
37 311
36 311
36 310
35 310
35 309
34 309
33 309
32 309
31 309
30 309
29 309
28 309
28 308
28 307
28 306
27 306
27 305
27 304
27 303
27 302
27 301
27 300
27 299
26 299
26 298
25 298
24 298
24 297
23 297
23 296
23 295
22 295
22 294
22 293
22 292
22 291
21 291
21 290
20 290
20 289
20 288
19 288
19 287
19 286
18 286
18 285
18 284
17 284
17 283
16 283
15 283
14 283
13 283
12 283
11 283
11 284
10 284
10 285
9 285
9 286
8 286
7 286
6 286
5 286
4 286
3 286
2 286
1 286
0 286
0 285
0 284
41 325
41 326
41 327
42 327
42 328
41 328
41 329
40 329
39 329
39 330
39 331
39 332
39 333
39 334
39 335
39 336
40 336
41 336
42 336
42 337
42 338
43 338
43 339
43 340
44 340
44 341
45 341
46 341
47 341
48 341
49 341
50 341
50 342
51 342
51 343
52 343
52 344
53 344
53 345
53 346
53 347
53 348
53 349
53 350
53 351
53 352
53 353
53 354
81 300
82 300
80 300
79 300
78 300
77 300
76 300
75 300
74 300
73 300
73 299
73 298
73 297
73 296
73 295
73 294
72 294
72 293
72 292
71 292
70 292
70 293
70 294
69 294
69 295
68 295
67 295
67 296
66 296
66 297
65 297
65 298
64 298
63 298
63 299
62 299
62 300
61 300
61 301
60 301
60 302
59 302
59 303
58 303
58 304
57 304
57 305
56 305
56 306
55 306
54 306
53 306
52 306
51 306
50 306
50 305
49 305
48 305
47 305
47 304
46 304
45 304
44 304
44 303
43 303
43 302
42 302
42 301
42 300
42 299
42 298
42 297
42 296
42 295
43 295
43 294
42 294
41 294
40 294
39 294
38 294
37 294
36 294
36 295
35 295
35 296
34 296
34 297
34 298
34 299
34 300
33 300
33 301
33 302
32 302
32 303
32 304
31 304
31 305
30 305
30 306
29 306
83 300
83 299
84 299
85 299
85 298
86 298
86 297
86 296
87 296
87 295
87 294
87 293
88 293
88 292
89 292
89 293
90 293
90 294
91 294
92 294
92 295
93 295
94 295
95 295
95 296
96 296
97 296
98 296
98 297
99 297
100 297
100 298
101 298
102 298
103 298
104 298
105 298
105 297
106 297
107 297
107 296
108 296
108 295
109 295
110 295
110 294
111 294
111 293
111 292
112 292
112 291
113 291
113 290
114 290
115 290
116 290
117 290
118 290
119 290
119 291
120 291
121 291
121 292
122 292
122 293
122 294
122 295
122 296
122 297
122 298
122 299
122 300
123 300
124 300
124 301
124 302
124 303
124 304
124 305
124 306
124 307
124 308
124 309
124 310
124 311
125 311
126 311
127 311
128 311
129 311
129 310
130 310
131 310
132 310
133 310
134 310
135 310
136 310
136 311
136 312
137 312
137 313
137 314
138 314
138 315
139 315
140 315
141 315
142 315
143 315
144 315
145 315
146 315
146 316
147 316
147 315
148 315
148 314
148 313
148 312
149 312
149 311
149 310
150 310
150 309
151 309
151 308
152 308
153 308
154 308
155 308
155 307
156 307
156 306
157 306
157 305
158 305
158 304
157 304
157 303
157 302
157 301
157 300
157 299
157 298
157 297
158 297
158 298
159 298
159 299
160 299
160 300
161 300
162 300
163 300
164 300
165 300
165 299
166 299
166 298
166 297
166 296
166 295
167 295
167 294
167 293
167 292
168 292
168 291
168 290
169 290
170 290
170 289
171 289
172 289
172 288
173 288
173 287
174 287
174 286
175 286
175 285
47 288
47 289
48 288
49 288
49 287
50 287
50 286
51 286
51 285
51 284
51 283
51 282
51 281
50 281
50 280
50 279
49 279
49 278
48 278
47 278
46 278
45 278
44 278
44 277
43 277
42 277
42 276
41 276
41 275
40 275
39 275
38 275
37 275
36 275
35 275
35 276
34 276
33 276
32 276
31 276
30 276
29 276
28 276
28 277
27 277
26 277
25 277
24 277
23 277
23 278
23 279
22 279
21 279
21 280
20 280
20 281
19 281
19 282
18 282
18 283
46 289
46 290
46 291
45 291
45 292
45 293
44 293
44 294
60 281
59 281
61 281
62 281
62 280
63 280
63 279
63 278
64 278
64 279
65 279
65 280
66 280
66 281
67 281
67 282
67 283
68 283
68 284
69 284
69 285
69 286
70 286
70 287
71 287
71 288
71 289
71 290
71 291
59 282
58 282
58 283
57 283
57 284
56 284
55 284
54 284
53 284
52 284
52 285
116 437
115 437
117 437
118 437
119 437
120 437
121 437
122 437
123 437
124 437
124 436
123 436
122 436
122 435
121 435
120 435
119 435
118 435
118 434
118 433
118 432
117 432
117 431
117 430
116 430
116 429
116 428
115 428
114 428
114 427
113 427
112 427
112 426
111 426
111 425
110 425
110 424
109 424
115 438
114 438
113 438
113 439
112 439
112 440
111 440
110 440
109 440
108 440
107 440
106 440
106 439
105 439
105 438
104 438
104 437
103 437
102 437
102 436
101 436
101 435
100 435
100 434
100 433
99 433
99 432
99 431
98 431
97 431
97 430
96 430
95 430
94 430
93 430
92 430
91 430
91 429
90 429
90 428
89 428
88 428
88 427
87 427
86 427
85 427
84 427
83 427
82 427
81 427
80 427
79 427
79 426
78 426
0 317
0 318
0 316
0 315
0 314
0 313
0 312
0 311
0 310
0 309
0 308
0 307
0 306
0 305
1 305
2 305
2 304
2 303
2 302
2 301
2 300
2 299
2 298
2 297
2 296
2 295
1 295
1 294
0 294
0 293
0 292
0 291
0 290
0 289
0 288
0 287
0 319
0 320
0 321
0 322
0 323
1 323
2 323
2 324
3 324
3 325
4 325
4 326
5 326
5 327
6 327
7 327
8 327
9 327
10 327
11 327
12 327
13 327
13 326
14 326
14 325
15 325
16 325
16 326
17 326
17 327
18 327
19 327
20 327
21 327
22 327
22 326
23 326
23 325
24 325
25 325
25 324
26 324
26 323
27 323
28 323
29 323
30 323
31 323
31 322
31 321
31 320
32 320
32 319
33 319
33 318
33 317
34 317
35 317
35 316
35 315
35 314
35 313
35 312
36 312
130 250
130 251
130 249
130 248
130 247
130 246
131 246
132 246
133 246
133 245
133 244
133 243
133 242
133 241
134 241
134 240
135 240
135 239
135 238
136 238
136 237
136 236
136 235
136 234
136 233
136 232
136 231
136 230
137 230
130 252
130 253
130 254
129 254
129 255
128 255
128 256
127 256
86 357
87 357
85 357
85 356
84 356
84 355
84 354
83 354
83 353
82 353
82 352
81 352
81 351
80 351
80 350
79 350
79 349
79 348
78 348
78 347
78 346
78 345
78 344
77 344
76 344
75 344
74 344
73 344
72 344
72 343
71 343
71 342
70 342
69 342
69 341
88 357
89 357
90 357
91 357
92 357
92 356
92 355
92 354
92 353
93 353
94 353
95 353
96 353
97 353
98 353
99 353
100 353
101 353
102 353
103 353
103 352
104 352
104 351
104 350
105 350
105 351
105 352
105 353
105 354
105 355
105 356
105 357
105 358
106 358
106 359
106 360
107 360
107 361
107 362
108 362
108 363
109 363
109 364
110 364
111 364
112 364
112 365
113 365
113 366
113 367
113 368
114 368
114 369
114 370
114 371
114 372
114 373
114 374
113 374
113 375
112 375
112 376
111 376
111 377
111 378
111 379
111 380
111 381
111 382
111 383
111 384
112 384
112 385
113 385
113 386
113 387
112 387
112 388
112 389
112 390
112 391
112 392
112 393
112 394
112 395
112 396
112 397
112 398
113 398
113 399
114 399
114 400
114 401
114 402
114 403
114 404
113 404
113 405
113 406
112 406
112 407
111 407
110 407
110 408
109 408
108 408
108 409
107 409
106 409
106 408
105 408
104 408
104 407
103 407
102 407
101 407
101 406
100 406
100 405
99 405
98 405
97 405
96 405
95 405
94 405
93 405
92 405
91 405
91 406
91 407
90 407
90 408
89 408
89 409
88 409
88 410
87 410
87 411
86 411
86 412
85 412
85 413
84 413
84 412
83 412
83 411
82 411
81 411
80 411
79 411
78 411
77 411
77 412
77 413
76 413
76 414
75 414
74 414
130 271
130 272
130 270
130 269
130 268
129 268
129 267
128 267
128 266
127 266
126 266
126 265
125 265
124 265
124 264
123 264
123 263
123 262
123 261
123 260
124 260
124 259
125 259
125 258
126 258
126 257
127 257
130 273
130 274
130 275
130 276
129 276
129 277
128 277
128 278
127 278
127 279
127 280
128 280
128 281
129 281
129 282
130 282
131 282
131 283
132 283
132 284
132 285
132 286
131 286
131 287
131 288
130 288
130 289
129 289
129 290
128 290
128 291
128 292
128 293
128 294
128 295
127 295
127 296
126 296
125 296
124 296
124 297
123 297
123 298
123 299
84 319
84 318
84 320
84 321
84 322
84 323
83 323
83 324
83 325
82 325
82 326
81 326
81 327
81 328
80 328
80 329
80 330
79 330
79 331
79 332
78 332
78 333
77 333
77 334
76 334
76 335
75 335
75 336
75 337
74 337
74 338
73 338
72 338
72 339
71 339
70 339
70 340
69 340
68 340
83 318
83 317
82 317
82 316
81 316
81 315
80 315
79 315
78 315
77 315
76 315
76 314
76 313
76 312
76 311
75 311
74 311
74 310
73 310
72 310
72 309
71 309
71 308
71 307
71 306
71 305
71 304
71 303
71 302
71 301
72 301
72 300
76 212
76 211
75 212
74 212
73 212
73 213
72 213
72 214
73 214
73 215
74 215
74 216
75 216
75 217
76 217
76 218
76 219
77 219
77 220
78 220
79 220
80 220
80 221
81 221
82 221
82 222
83 222
84 222
84 223
84 224
84 225
84 226
84 227
84 228
84 229
83 229
83 230
82 230
81 230
80 230
79 230
78 230
78 231
77 231
76 231
75 231
74 231
74 232
73 232
73 233
72 233
72 234
72 235
72 236
72 237
72 238
72 239
72 240
72 241
72 242
72 243
72 244
72 245
72 246
71 246
71 247
70 247
69 247
68 247
67 247
66 247
65 247
65 248
64 248
63 248
63 249
62 249
61 249
61 250
60 250
60 251
59 251
59 252
58 252
58 253
57 253
57 254
56 254
56 255
56 256
56 257
57 257
57 258
57 259
58 259
58 260
58 261
58 262
58 263
59 263
59 264
60 264
61 264
62 264
63 264
64 264
64 265
65 265
66 265
66 266
67 266
67 267
67 268
67 269
67 270
67 271
68 271
68 272
68 273
68 274
68 275
68 276
68 277
67 277
66 277
66 278
65 278
77 211
77 210
77 209
78 209
78 208
78 207
77 207
77 206
77 205
77 204
76 204
76 203
76 202
76 201
75 201
74 201
73 201
72 201
71 201
70 201
69 201
68 201
67 201
67 202
66 202
65 202
64 202
63 202
62 202
62 201
61 201
61 200
61 199
60 199
60 198
60 197
59 197
59 196
58 196
58 195
57 195
57 196
56 196
56 197
55 197
55 198
54 198
54 199
53 199
53 200
53 201
53 202
53 203
52 203
52 204
52 205
52 206
52 207
52 208
52 209
52 210
52 211
52 212
52 213
52 214
52 215
51 215
51 216
50 216
49 216
49 217
48 217
47 217
46 217
45 217
44 217
43 217
43 216
42 216
41 216
40 216
39 216
38 216
37 216
37 215
36 215
35 215
34 215
33 215
33 216
32 216
31 216
31 217
30 217
30 218
30 219
30 220
30 221
30 222
29 222
28 222
27 222
26 222
25 222
25 223
24 223
23 223
23 224
23 225
23 226
23 227
22 227
22 228
23 228
23 229
24 229
24 230
25 230
25 231
25 232
25 233
25 234
26 234
27 234
27 235
28 235
29 235
30 235
30 236
30 237
31 237
31 238
31 239
32 239
32 240
33 240
33 241
33 242
33 243
32 243
32 244
31 244
31 243
30 243
29 243
28 243
27 243
26 243
26 242
25 242
24 242
24 243
23 243
22 243
22 244
21 244
21 245
21 246
21 247
21 248
21 249
21 250
22 250
23 250
23 251
22 251
21 251
20 251
20 252
19 252
19 253
19 254
19 255
19 256
18 256
18 257
17 257
17 258
49 511
50 511
48 511
47 511
46 511
45 511
45 510
44 510
44 509
44 508
43 508
43 507
43 506
42 506
42 505
41 505
40 505
39 505
38 505
38 506
37 506
36 506
36 507
35 507
34 507
34 508
33 508
33 509
32 509
32 508
31 508
31 507
30 507
29 507
29 506
28 506
27 506
27 505
26 505
25 505
24 505
23 505
23 504
22 504
22 503
22 502
22 501
22 500
21 500
21 499
21 498
21 497
21 496
20 496
20 495
19 495
19 494
19 493
19 492
19 491
19 490
19 489
19 488
19 487
19 486
19 485
19 484
19 483
19 482
19 481
19 480
20 480
20 479
20 478
21 478
21 477
21 476
21 475
21 474
21 473
21 472
21 471
21 470
21 469
22 469
22 468
22 467
22 466
22 465
22 464
23 464
24 464
25 464
26 464
51 511
52 511
53 511
54 511
55 511
56 511
57 511
58 511
58 510
58 509
59 509
59 508
60 508
60 507
61 507
61 506
62 506
63 506
63 505
64 505
64 504
64 503
64 502
64 501
64 500
63 500
63 499
62 499
61 499
60 499
60 498
60 497
60 496
60 495
60 494
59 494
59 493
58 493
58 492
58 491
58 490
58 489
58 488
59 488
59 487
58 487
58 486
57 486
56 486
55 486
54 486
53 486
52 486
51 486
50 486
50 485
51 485
52 485
52 484
52 483
52 482
52 481
52 480
52 479
52 478
52 477
52 476
51 476
51 475
50 475
50 474
49 474
49 473
48 473
48 472
72 363
72 362
72 364
72 365
72 366
72 367
72 368
72 369
72 361
72 360
72 359
71 359
71 358
70 358
70 357
70 356
70 355
70 354
70 353
70 352
70 351
70 350
70 349
70 348
70 347
70 346
70 345
70 344
70 343
141 370
140 370
142 370
142 369
142 368
142 367
143 367
143 366
143 365
144 365
144 364
144 363
144 362
144 361
144 360
145 360
145 359
146 359
147 359
147 358
148 358
148 357
149 357
150 357
150 356
151 356
151 355
151 354
152 354
152 353
152 352
152 351
152 350
153 350
154 350
155 350
156 350
157 350
158 350
158 349
158 348
158 347
158 346
158 345
158 344
158 343
158 342
158 341
158 340
158 339
158 338
158 337
158 336
158 335
159 335
160 335
160 334
159 334
158 334
158 333
157 333
156 333
155 333
155 332
154 332
154 331
153 331
153 330
152 330
152 329
151 329
151 328
151 327
151 326
150 326
150 325
149 325
149 324
149 323
148 323
148 322
148 321
147 321
147 320
147 319
146 319
146 318
146 317
147 317
139 370
138 370
137 370
137 371
136 371
136 372
135 372
135 373
134 373
134 374
133 374
133 375
132 375
132 376
132 377
131 377
131 378
130 378
130 379
130 380
130 381
130 382
130 383
130 384
130 385
129 385
128 385
127 385
126 385
126 386
126 387
126 388
125 388
125 389
124 389
124 390
123 390
123 391
123 392
123 393
122 393
122 394
121 394
121 395
120 395
120 396
119 396
119 397
119 398
118 398
117 398
116 398
115 398
114 398
84 205
85 205
83 205
82 205
81 205
80 205
79 205
78 205
86 205
87 205
88 205
88 204
88 203
89 203
89 202
90 202
90 201
91 201
92 201
93 201
93 200
94 200
95 200
96 200
97 200
98 200
99 200
100 200
101 200
101 199
102 199
102 198
103 198
103 197
104 197
104 196
105 196
104 495
104 496
104 494
104 493
104 492
104 491
105 491
105 490
105 489
106 489
107 489
107 488
108 488
109 488
109 487
110 487
111 487
111 486
112 486
112 485
113 485
113 484
113 483
113 482
114 482
114 481
115 481
115 480
116 480
116 479
117 479
117 478
118 478
118 477
119 477
104 497
103 497
103 498
102 498
102 499
101 499
101 500
101 501
101 502
101 503
101 504
100 504
100 505
100 506
99 506
98 506
98 507
97 507
97 508
97 509
96 509
96 510
96 511
95 511
95 510
95 509
94 509
94 508
94 507
94 506
94 505
94 504
94 503
94 502
94 501
94 500
94 499
94 498
93 498
93 497
92 497
92 496
91 496
91 495
90 495
90 494
89 494
88 494
87 494
86 494
86 495
85 495
85 496
84 496
83 496
83 497
82 497
82 498
82 499
81 499
81 500
80 500
80 501
79 501
79 502
78 502
78 503
77 503
77 504
76 504
75 504
74 504
73 504
72 504
71 504
70 504
69 504
68 504
68 503
67 503
66 503
66 502
65 502
49 140
49 141
50 140
51 140
52 140
53 140
54 140
55 140
56 140
57 140
58 140
58 141
58 142
59 142
48 141
48 142
47 142
47 143
46 143
46 144
45 144
44 144
44 145
43 145
42 145
42 146
41 146
40 146
40 147
39 147
38 147
38 148
37 148
37 149
36 149
35 149
35 150
237 493
236 493
237 494
238 494
239 494
239 495
240 495
240 496
241 496
241 497
242 497
243 497
244 497
245 497
246 497
247 497
248 497
249 497
249 496
250 496
250 495
250 494
251 494
251 493
252 493
253 493
253 492
253 491
253 490
253 489
254 489
254 488
254 487
253 487
253 486
252 486
252 485
251 485
251 484
250 484
250 483
249 483
248 483
248 482
247 482
247 481
247 480
246 480
246 479
245 479
245 478
244 478
244 477
243 477
243 476
242 476
242 475
242 474
242 473
241 473
241 472
240 472
239 472
239 471
240 471
240 470
240 469
240 468
240 467
240 466
240 465
239 465
239 464
238 464
238 463
237 463
237 462
236 462
236 461
235 461
235 460
234 460
234 459
234 458
234 457
233 457
233 456
232 456
231 456
230 456
229 456
229 455
228 455
227 455
226 455
226 454
225 454
224 454
223 454
222 454
221 454
221 455
220 455
220 456
219 456
218 456
218 457
217 457
217 458
216 458
216 459
216 460
215 460
214 460
214 461
213 461
212 461
212 462
211 462
210 462
209 462
209 463
208 463
207 463
207 464
206 464
205 464
205 465
204 465
204 466
203 466
203 467
203 468
203 469
203 470
203 471
203 472
203 473
202 473
202 474
201 474
201 475
200 475
199 475
198 475
197 475
196 475
195 475
194 475
193 475
193 474
192 474
191 474
190 474
189 474
188 474
187 474
187 475
186 475
186 476
186 477
186 478
186 479
185 479
185 480
184 480
184 481
183 481
183 482
183 483
183 484
183 485
183 486
183 487
183 488
182 488
182 489
182 490
182 491
181 491
181 492
181 493
181 494
180 494
180 495
179 495
179 496
178 496
177 496
176 496
175 496
174 496
173 496
173 497
172 497
171 497
170 497
169 497
168 497
167 497
166 497
165 497
164 497
163 497
162 497
161 497
161 496
160 496
160 495
159 495
158 495
157 495
156 495
155 495
154 495
153 495
152 495
152 496
151 496
151 497
151 498
151 499
151 500
150 500
150 501
149 501
149 502
149 503
149 504
149 505
149 506
149 507
149 508
149 509
148 509
148 510
148 511
147 511
146 511
145 511
144 511
143 511
142 511
141 511
140 511
139 511
138 511
137 511
136 511
135 511
134 511
133 511
132 511
131 511
130 511
129 511
128 511
127 511
127 510
126 510
126 509
126 508
126 507
126 506
126 505
126 504
126 503
127 503
127 502
127 501
128 501
128 500
128 499
128 498
129 498
129 497
129 496
129 495
129 494
130 494
131 494
132 494
133 494
134 494
135 494
136 494
136 493
137 493
137 492
137 491
136 491
136 490
136 489
136 488
136 487
136 486
136 485
135 485
135 484
135 483
134 483
133 483
133 482
132 482
131 482
131 483
130 483
129 483
128 483
127 483
126 483
125 483
124 483
124 484
124 485
123 485
123 486
123 487
122 487
122 488
121 488
121 487
121 486
121 485
121 484
121 483
121 482
121 481
121 480
121 479
121 478
120 478
120 477
235 493
235 492
234 492
234 491
233 491
233 492
232 492
231 492
230 492
229 492
228 492
227 492
227 493
226 493
226 494
226 495
226 496
225 496
225 497
224 497
224 498
223 498
223 499
223 500
222 500
222 501
221 501
221 502
220 502
220 503
220 504
220 505
220 506
220 507
220 508
219 508
219 509
218 509
218 510
217 510
217 511
216 511
216 510
216 509
215 509
214 509
214 508
213 508
213 507
213 506
212 506
212 505
212 504
211 504
210 504
210 505
209 505
209 506
208 506
208 507
207 507
206 507
205 507
204 507
203 507
202 507
201 507
200 507
199 507
199 506
198 506
197 506
196 506
196 505
195 505
195 504
195 503
194 503
193 503
193 502
192 502
191 502
190 502
189 502
188 502
187 502
187 501
186 501
185 501
184 501
183 501
182 501
181 501
181 502
180 502
180 501
179 501
179 500
178 500
178 499
177 499
176 499
175 499
174 499
173 499
172 499
172 498
171 498
17 188
17 187
17 189
18 189
18 190
19 190
19 191
20 191
21 191
21 192
22 192
22 193
22 194
22 195
23 195
23 196
23 197
24 197
25 197
26 197
27 197
28 197
29 197
30 197
30 198
31 198
32 198
32 197
32 196
32 195
32 194
33 194
33 193
34 193
35 193
35 194
35 195
35 196
36 196
36 197
37 197
37 198
38 198
38 199
39 199
40 199
41 199
42 199
43 199
44 199
45 199
46 199
47 199
48 199
49 199
50 199
51 199
52 199
16 187
16 186
15 186
15 185
15 184
14 184
14 183
13 183
13 182
13 181
12 181
12 180
11 180
11 181
10 181
9 181
8 181
7 181
6 181
5 181
4 181
3 181
2 181
2 180
1 180
1 179
0 179
0 178
0 177
0 176
0 175
0 174
0 173
0 172
0 171
0 170
0 169
0 168
0 167
0 166
0 165
0 164
1 164
2 164
2 163
3 163
3 162
4 162
4 161
4 160
5 160
5 159
6 159
7 159
8 159
9 159
10 159
11 159
11 158
11 157
11 156
11 155
11 154
11 153
11 152
10 152
9 152
8 152
7 152
6 152
6 151
5 151
5 150
4 150
4 149
5 149
5 148
5 147
5 146
5 145
5 144
5 143
5 142
5 141
5 140
4 140
4 139
4 138
4 137
5 137
5 136
5 135
5 134
5 133
6 133
7 133
8 133
9 133
10 133
11 133
12 133
12 132
13 132
13 131
14 131
14 130
14 129
14 128
14 127
13 127
13 126
12 126
12 125
11 125
11 124
12 124
12 123
12 122
12 121
13 121
13 120
14 120
15 120
15 119
16 119
17 119
17 120
18 120
19 120
19 121
20 121
21 121
22 121
22 122
23 122
23 123
24 123
24 124
25 124
26 124
26 125
27 125
27 126
28 126
28 127
28 128
29 128
29 129
29 130
30 130
31 130
31 131
32 131
32 132
33 132
33 133
34 133
34 134
35 134
36 134
36 135
37 135
37 136
37 137
38 137
38 138
38 139
39 139
39 140
40 140
41 140
41 141
42 141
42 142
43 142
43 143
44 143
348 505
349 505
348 504
347 504
347 503
346 503
346 502
345 502
345 501
345 500
344 500
344 499
343 499
343 498
342 498
350 505
351 505
352 505
353 505
354 505
355 505
356 505
197 392
198 392
196 392
195 392
194 392
193 392
192 392
191 392
190 392
190 391
189 391
188 391
188 390
187 390
186 390
185 390
184 390
184 389
183 389
182 389
181 389
180 389
179 389
178 389
178 388
177 388
177 387
176 387
176 386
175 386
175 385
174 385
174 384
173 384
173 383
173 382
172 382
172 381
171 381
171 380
170 380
170 379
169 379
169 378
168 378
167 378
167 377
166 377
166 376
165 376
165 375
164 375
164 374
163 374
163 373
163 372
162 372
161 372
160 372
159 372
158 372
158 371
158 370
158 369
157 369
157 368
157 367
157 366
157 365
157 364
157 363
157 362
157 361
156 361
155 361
155 362
154 362
153 362
152 362
151 362
150 362
149 362
149 361
149 360
148 360
148 359
199 392
200 392
201 392
202 392
203 392
203 393
204 393
205 393
205 394
206 394
206 395
207 395
208 395
208 396
209 396
210 396
211 396
211 397
212 397
213 397
214 397
214 398
215 398
215 399
216 399
217 399
217 400
218 400
219 400
220 400
221 400
222 400
223 400
224 400
225 400
226 400
226 401
227 401
228 401
228 402
229 402
229 403
230 403
230 404
231 404
231 405
232 405
241 407
240 407
242 407
243 407
244 407
245 407
246 407
246 408
247 408
247 409
248 409
248 410
249 410
249 411
250 411
250 412
251 412
252 412
252 413
253 413
239 407
239 408
238 408
238 409
238 410
237 410
237 411
236 411
235 411
235 410
235 409
234 409
234 408
233 408
233 407
233 406
232 406
269 424
270 424
268 424
268 423
267 423
267 422
266 422
266 421
265 421
264 421
264 420
263 420
263 419
262 419
262 418
261 418
260 418
260 417
259 417
258 417
257 417
257 416
256 416
256 415
255 415
255 414
254 414
254 413
270 425
271 425
271 426
272 426
273 426
274 426
274 427
275 427
276 427
276 428
277 428
278 428
278 429
279 429
279 430
280 430
310 472
310 473
311 472
312 472
312 471
313 471
314 471
315 471
316 471
317 471
317 470
316 470
316 469
316 468
315 468
315 467
314 467
314 466
313 466
313 465
312 465
312 464
312 463
311 463
311 462
310 462
310 461
310 460
309 460
309 459
309 458
308 458
308 457
308 456
307 456
307 455
306 455
306 454
306 453
305 453
305 452
304 452
304 451
303 451
303 450
302 450
302 449
301 449
301 448
300 448
300 447
299 447
298 447
298 446
297 446
297 445
297 444
296 444
296 443
295 443
295 442
294 442
294 441
293 441
292 441
292 440
291 440
290 440
289 440
288 440
287 440
309 473
308 473
308 474
308 475
307 475
307 476
307 477
307 478
307 479
307 480
306 480
306 481
305 481
305 482
304 482
303 482
302 482
302 483
302 484
302 485
302 486
302 487
302 488
301 488
300 488
300 487
299 487
298 487
297 487
296 487
295 487
294 487
293 487
292 487
291 487
290 487
289 487
288 487
288 488
287 488
287 489
286 489
285 489
285 490
284 490
284 491
284 492
284 493
284 494
284 495
284 496
283 496
283 497
282 497
282 498
281 498
280 498
279 498
278 498
277 498
276 498
276 499
275 499
275 500
275 501
275 502
274 502
274 503
274 504
273 504
273 505
272 505
271 505
270 505
269 505
268 505
268 506
267 506
267 507
266 507
265 507
265 508
264 508
263 508
263 507
262 507
262 506
261 506
261 505
261 504
261 503
261 502
260 502
260 501
260 500
259 500
259 499
259 498
258 498
257 498
257 499
256 499
256 500
255 500
255 501
254 501
254 502
253 502
252 502
252 501
252 500
251 500
251 499
250 499
250 498
250 497
322 478
323 478
322 477
321 477
321 476
321 475
320 475
320 474
320 473
319 473
319 472
318 472
318 471
323 479
323 480
324 480
324 481
325 481
325 482
326 482
326 483
327 483
327 484
328 484
328 485
329 485
329 486
330 486
330 487
331 487
331 488
332 488
332 489
333 489
333 490
334 490
334 491
335 491
335 492
335 493
336 493
336 494
337 494
337 495
338 495
338 496
339 496
340 496
340 497
341 497
342 497
