74 446
75 446
74 447
74 448
73 448
73 449
72 449
71 449
70 449
69 449
68 449
67 449
75 445
75 444
76 444
77 444
77 443
78 443
79 443
79 442
80 442
80 441
81 441
82 441
82 440
82 439
82 438
82 437
82 436
82 435
82 434
83 434
84 434
84 433
85 433
85 432
85 431
86 431
86 430
86 429
86 428
85 428
85 427
86 427
86 426
87 426
87 425
88 425
89 425
89 424
90 424
90 423
90 422
91 422
91 421
91 420
91 419
92 419
92 418
118 373
118 374
118 372
119 372
120 372
120 371
121 371
121 370
122 370
122 369
123 369
123 368
124 368
124 367
125 367
126 367
126 366
126 365
127 365
127 364
117 374
117 375
117 376
116 376
116 377
116 378
115 378
115 379
115 380
114 380
114 381
114 382
113 382
113 383
98 400
97 400
98 399
99 399
99 398
99 397
100 397
100 396
100 395
101 395
101 394
102 394
102 393
103 393
103 392
104 392
105 392
105 391
106 391
106 390
107 390
107 389
108 389
109 389
109 388
110 388
110 387
111 387
111 386
111 385
112 385
112 384
113 384
97 401
97 402
96 402
96 403
96 404
96 405
96 406
95 406
95 407
95 408
95 409
94 409
94 410
94 411
94 412
94 413
94 414
93 414
93 415
93 416
93 417
92 417
53 451
54 451
53 452
52 452
51 452
51 453
50 453
49 453
49 454
48 454
48 455
47 455
47 456
47 457
47 458
47 459
47 460
47 461
47 462
47 463
47 464
47 465
47 466
46 466
46 467
54 450
54 449
55 449
55 448
56 448
56 447
56 446
56 445
57 445
57 444
58 444
59 444
60 444
61 444
62 444
63 444
64 444
64 445
64 446
65 446
65 447
66 447
66 448
67 448
135 356
134 356
136 356
137 356
138 356
139 356
140 356
141 356
142 356
143 356
144 356
145 356
146 356
147 356
148 356
148 355
149 355
133 356
132 356
131 356
131 357
131 358
130 358
130 359
129 359
129 360
129 361
128 361
128 362
128 363
128 364
89 39
90 39
89 38
88 38
88 37
88 36
88 35
88 34
88 33
88 32
89 32
89 31
89 30
90 30
90 40
91 40
91 41
92 41
92 42
93 42
94 42
95 42
96 42
97 42
98 42
98 41
99 41
99 40
99 39
100 39
101 39
102 39
103 39
104 39
105 39
105 38
106 38
106 37
107 37
108 37
109 37
110 37
111 37
112 37
113 37
114 37
115 37
116 37
117 37
118 37
118 38
119 38
21 25
21 24
22 25
22 26
23 26
23 27
24 27
25 27
25 28
26 28
27 28
28 28
29 28
30 28
31 28
32 28
32 29
33 29
33 30
34 30
35 30
36 30
37 30
37 31
38 31
39 31
39 32
40 32
41 32
41 31
42 31
43 31
43 30
44 30
44 29
44 28
44 27
44 26
44 25
44 24
45 24
45 23
45 22
45 21
45 20
45 19
45 18
45 17
46 17
46 16
46 15
46 14
47 14
48 14
48 15
49 15
50 15
51 15
51 16
52 16
53 16
54 16
55 16
55 17
56 17
56 18
57 18
57 19
58 19
59 19
60 19
61 19
62 19
63 19
64 19
21 23
21 22
21 21
21 20
21 19
20 19
19 19
19 18
18 18
17 18
16 18
15 18
14 18
13 18
12 18
11 18
10 18
9 18
8 18
7 18
6 18
5 18
4 18
3 18
2 18
2 19
1 19
0 19
0 20
108 7
109 7
108 8
107 8
107 9
107 10
106 10
106 11
105 11
105 12
105 13
106 13
106 14
106 15
106 16
106 17
106 18
107 18
108 18
109 18
110 18
110 19
111 19
111 20
112 20
112 21
112 22
112 23
112 24
112 25
112 26
112 27
113 27
113 28
114 28
114 29
114 30
115 30
115 31
115 32
115 33
115 34
115 35
115 36
116 36
109 6
110 6
111 6
112 6
113 6
114 6
114 5
114 4
115 4
115 5
116 5
116 6
117 6
117 7
118 7
119 7
119 8
119 9
120 9
120 10
121 10
122 10
123 10
124 10
125 10
126 10
101 68
101 69
101 67
101 66
101 65
101 64
101 63
101 62
102 62
103 62
104 62
104 61
104 60
103 60
103 59
102 59
101 59
101 58
100 58
100 57
99 57
98 57
97 57
96 57
95 57
95 56
95 55
95 54
95 53
95 52
95 51
95 50
95 49
95 48
95 47
95 46
94 46
94 45
93 45
93 44
93 43
101 70
101 71
101 72
101 73
100 73
99 73
99 74
98 74
98 75
97 75
97 76
96 76
74 50
74 51
74 49
75 49
76 49
77 49
78 49
79 49
79 48
80 48
80 47
80 46
80 45
81 45
81 44
81 43
81 42
81 41
81 40
82 40
82 39
82 38
83 38
83 37
84 37
84 36
85 36
85 35
86 35
86 34
87 34
87 33
74 52
73 52
73 53
72 53
72 54
71 54
71 55
71 56
70 56
70 55
69 55
68 55
67 55
67 54
66 54
66 53
65 53
65 52
65 51
64 51
64 50
64 49
63 49
63 48
62 48
62 47
61 47
60 47
60 46
59 46
59 45
58 45
57 45
57 44
56 44
56 43
56 42
55 42
55 41
56 41
56 40
56 39
57 39
57 38
58 38
58 37
59 37
59 36
60 36
61 36
61 35
60 35
59 35
59 34
59 33
59 32
59 31
59 30
58 30
58 29
58 28
58 27
57 27
57 26
57 25
57 24
57 23
57 22
57 21
57 20
77 89
76 89
77 90
78 90
78 91
79 91
80 91
80 92
81 92
82 92
82 93
83 93
83 94
84 94
84 95
84 96
85 96
85 97
85 98
85 99
86 99
86 98
87 98
87 97
87 96
87 95
88 95
88 94
89 94
89 93
90 93
90 92
90 91
91 91
92 91
92 90
93 90
76 88
75 88
75 87
75 86
74 86
74 85
73 85
73 84
72 84
72 83
72 82
72 81
72 80
72 79
73 79
73 78
74 78
74 77
75 77
75 76
74 76
73 76
72 76
71 76
70 76
70 75
70 74
70 73
70 72
70 71
70 70
70 69
70 68
70 67
70 66
70 65
70 64
70 63
70 62
70 61
70 60
70 59
70 58
70 57
134 22
135 22
133 22
132 22
131 22
130 22
130 21
129 21
129 20
128 20
128 19
127 19
127 18
126 18
126 17
125 17
125 16
125 15
125 14
125 13
125 12
125 11
135 21
136 21
137 21
137 20
138 20
139 20
139 19
140 19
140 18
141 18
141 17
141 16
142 16
142 15
143 15
143 14
144 14
145 14
145 13
146 13
146 12
147 12
147 11
147 10
148 10
148 11
149 11
149 12
150 12
151 12
152 12
153 12
154 12
155 12
156 12
157 12
158 12
158 11
159 11
159 10
160 10
160 9
161 9
161 8
162 8
163 8
164 8
165 8
166 8
167 8
167 9
168 9
168 10
169 10
169 11
169 12
169 13
169 14
169 15
170 15
170 14
171 14
172 14
173 14
173 13
174 13
175 13
176 13
176 14
177 14
178 14
179 14
179 15
179 16
179 17
179 18
180 18
180 19
180 20
181 20
181 21
181 22
182 22
182 23
182 24
182 25
182 26
182 27
183 27
183 28
184 28
129 319
129 318
129 320
130 320
130 321
131 321
131 322
131 323
132 323
132 324
133 324
134 324
135 324
136 324
137 324
138 324
139 324
139 325
139 326
140 326
140 327
140 328
140 329
140 330
140 331
140 332
141 332
141 333
141 334
142 334
142 335
142 336
143 336
143 337
143 338
144 338
144 339
145 339
146 339
147 339
147 340
148 340
149 340
149 341
150 341
150 342
150 343
151 343
151 344
151 345
151 346
151 347
151 348
151 349
151 350
151 351
151 352
151 353
151 354
150 354
150 355
128 318
128 317
128 316
127 316
127 315
126 315
126 314
125 314
125 313
124 313
124 312
123 312
122 312
122 311
121 311
120 311
119 311
119 312
118 312
117 312
116 312
115 312
114 312
113 312
112 312
111 312
111 313
110 313
109 313
109 312
108 312
108 311
108 310
108 309
107 309
107 308
106 308
105 308
105 307
104 307
104 306
104 305
104 304
103 304
102 304
101 304
100 304
99 304
98 304
97 304
96 304
96 305
95 305
95 306
94 306
94 307
93 307
93 308
92 308
92 309
91 309
91 310
90 310
89 310
89 311
88 311
87 311
86 311
85 311
84 311
83 311
83 312
82 312
82 313
82 314
81 314
81 315
80 315
80 316
79 316
79 317
79 318
78 318
78 319
77 319
76 319
76 320
75 320
74 320
73 320
72 320
71 320
70 320
69 320
68 320
67 320
66 320
65 320
64 320
63 320
63 321
63 322
62 322
62 323
62 324
61 324
60 324
59 324
58 324
58 325
57 325
57 326
57 327
56 327
56 328
55 328
54 328
53 328
52 328
51 328
50 328
49 328
48 328
48 329
47 329
47 330
46 330
46 331
45 331
44 331
43 331
42 331
41 331
41 332
41 333
41 334
41 335
41 336
40 336
39 336
38 336
38 337
37 337
36 337
36 338
35 338
35 339
34 339
34 340
33 340
32 340
32 341
31 341
31 342
30 342
29 342
28 342
28 343
29 343
29 344
29 345
29 346
29 347
29 348
29 349
30 349
31 349
31 350
32 350
32 351
33 351
34 351
35 351
36 351
37 351
38 351
38 350
39 350
39 351
39 352
39 353
39 354
39 355
39 356
39 357
39 358
38 358
37 358
36 358
35 358
34 358
34 359
33 359
32 359
32 360
31 360
31 361
30 361
30 362
30 363
31 363
31 364
32 364
32 365
33 365
33 366
33 367
33 368
33 369
33 370
33 371
33 372
32 372
32 373
31 373
31 374
31 375
31 376
31 377
32 377
32 378
33 378
34 378
35 378
35 379
35 380
35 381
35 382
35 383
35 384
35 385
35 386
35 387
35 388
35 389
34 389
34 390
33 390
33 391
33 392
33 393
32 393
32 394
31 394
31 395
31 396
31 397
30 397
30 398
29 398
28 398
27 398
26 398
25 398
24 398
23 398
22 398
21 398
21 399
20 399
20 400
20 401
20 402
19 402
18 402
18 401
17 401
17 400
16 400
16 399
15 399
14 399
14 398
13 398
13 397
12 397
11 397
10 397
9 397
8 397
7 397
6 397
6 398
5 398
5 399
4 399
4 400
3 400
3 401
3 402
3 403
3 404
3 405
3 406
2 406
2 407
1 407
0 407
0 408
0 409
0 410
0 411
0 412
0 413
0 414
0 415
1 415
2 415
3 415
3 416
3 417
3 418
3 419
3 420
4 420
5 420
6 420
7 420
8 420
9 420
10 420
10 421
10 422
11 422
12 422
13 422
14 422
15 422
16 422
17 422
18 422
18 423
18 424
18 425
19 425
19 426
19 427
19 428
19 429
19 430
19 431
19 432
19 433
18 433
17 433
17 434
16 434
16 435
15 435
15 436
14 436
14 437
13 437
13 438
12 438
11 438
10 438
10 439
9 439
8 439
7 439
6 439
5 439
4 439
3 439
2 439
2 438
1 438
0 438
0 437
36 90
36 91
36 89
37 89
38 89
39 89
40 89
41 89
42 89
43 89
44 89
45 89
46 89
46 88
46 87
46 86
47 86
47 85
47 84
48 84
49 84
50 84
51 84
51 83
52 83
52 82
53 82
53 81
53 80
53 79
53 78
53 77
53 76
54 76
55 76
56 76
57 76
58 76
59 76
60 76
61 76
62 76
63 76
63 75
63 74
63 73
63 72
63 71
63 70
64 70
64 69
65 69
66 69
66 68
67 68
67 67
68 67
69 67
69 66
36 92
36 93
36 94
36 95
35 95
35 96
34 96
34 97
34 98
33 98
32 98
31 98
30 98
29 98
28 98
27 98
27 99
26 99
26 100
25 100
25 101
26 101
26 102
26 103
26 104
26 105
26 106
26 107
26 108
26 109
26 110
26 111
26 112
25 112
25 113
24 113
23 113
22 113
21 113
21 114
21 115
20 115
20 116
19 116
19 117
19 118
18 118
18 119
18 120
18 121
17 121
16 121
16 122
15 122
15 123
15 124
15 125
15 126
15 127
15 128
15 129
15 130
15 131
14 131
14 132
14 133
13 133
17 461
17 462
17 460
16 460
16 459
15 459
15 458
14 458
14 457
13 457
13 456
12 456
12 455
12 454
11 454
11 453
11 452
10 452
10 451
9 451
9 450
8 450
7 450
7 449
6 449
5 449
4 449
4 448
3 448
2 448
2 447
1 447
0 447
0 446
0 445
0 444
0 443
0 442
0 441
0 440
0 439
18 462
18 463
18 464
19 464
19 465
19 466
18 466
18 467
18 468
18 469
18 470
18 471
17 471
17 472
17 473
18 473
18 474
18 475
18 476
18 477
18 478
18 479
18 480
19 480
20 480
21 480
21 481
22 481
23 481
23 482
24 482
25 482
26 482
27 482
28 482
29 482
29 483
30 483
30 484
31 484
31 485
32 485
32 486
32 487
33 487
33 486
33 485
33 484
33 483
33 482
33 481
34 481
34 480
35 480
36 480
36 479
37 479
38 479
38 478
39 478
39 477
40 477
40 476
40 475
41 475
42 475
43 475
43 474
44 474
45 474
45 473
46 473
46 472
46 471
46 470
46 469
46 468
82 146
82 147
82 145
82 144
81 144
81 143
80 143
80 142
79 142
78 142
77 142
76 142
75 142
74 142
73 142
73 141
73 140
73 139
73 138
73 137
73 136
72 136
72 135
71 135
70 135
70 134
69 134
69 133
68 133
68 132
67 132
67 131
67 130
67 129
66 129
66 128
65 128
65 127
64 127
64 126
63 126
63 125
62 125
62 124
62 123
62 122
62 121
62 120
62 119
62 118
62 117
62 116
62 115
62 114
62 113
63 113
63 112
64 112
65 112
65 111
66 111
66 110
67 110
67 109
67 108
67 107
68 107
68 108
69 108
69 109
70 109
70 110
71 110
72 110
72 111
72 112
73 112
73 113
74 113
74 114
75 114
76 114
77 114
77 115
78 115
79 115
80 115
81 115
82 115
83 115
84 115
85 115
85 114
85 113
86 113
86 112
86 111
86 110
87 110
88 110
89 110
90 110
90 109
90 108
89 108
89 107
89 106
89 105
89 104
89 103
88 103
88 102
87 102
87 101
87 100
86 100
82 148
82 149
82 150
82 151
81 151
81 152
81 153
81 154
80 154
80 155
80 156
79 156
79 155
79 154
79 153
78 153
78 152
77 152
76 152
76 151
75 151
74 151
73 151
72 151
71 151
71 150
70 150
69 150
69 149
68 149
67 149
66 149
65 149
64 149
63 149
62 149
61 149
60 149
59 149
58 149
58 150
58 151
57 151
57 152
57 153
57 154
57 155
57 156
57 157
57 158
57 159
57 160
56 160
55 160
54 160
53 160
52 160
52 161
52 162
51 162
51 163
51 164
51 165
51 166
50 166
50 167
50 168
49 168
48 168
48 169
47 169
46 169
45 169
44 169
43 169
42 169
41 169
41 170
40 170
40 171
39 171
39 172
38 172
38 173
39 173
39 174
39 175
39 176
39 177
39 178
39 179
39 180
38 180
38 181
38 182
37 182
37 183
37 184
37 185
37 186
37 187
37 188
37 189
36 189
36 190
36 191
36 192
35 192
34 192
33 192
32 192
31 192
30 192
29 192
28 192
27 192
26 192
25 192
24 192
23 192
22 192
21 192
20 192
19 192
18 192
17 192
16 192
15 192
15 193
15 194
15 195
15 196
15 197
15 198
15 199
15 200
15 201
15 202
15 203
16 203
16 204
17 204
17 205
18 205
19 205
20 205
21 205
22 205
23 205
23 206
23 207
23 208
23 209
23 210
24 210
24 211
25 211
26 211
26 212
26 213
26 214
26 215
25 215
25 216
24 216
24 217
23 217
23 218
22 218
22 219
22 220
22 221
22 222
22 223
22 224
22 225
22 226
21 226
21 227
21 228
22 228
22 229
23 229
23 230
23 231
23 232
24 232
24 233
24 234
25 234
25 235
25 236
26 236
26 237
26 238
27 238
28 238
28 239
28 240
27 240
27 241
27 242
27 243
27 244
27 245
28 245
28 246
29 246
29 247
30 247
31 247
32 247
33 247
34 247
35 247
36 247
36 248
37 248
38 248
39 248
40 248
41 248
42 248
43 248
43 247
44 247
44 248
44 249
44 250
45 250
45 251
46 251
46 252
47 252
48 252
48 253
49 253
50 253
50 252
50 251
51 251
51 250
51 249
51 248
52 248
52 247
53 247
54 247
54 248
55 248
56 248
57 248
58 248
58 249
59 249
60 249
60 250
61 250
62 250
62 251
63 251
64 251
64 252
65 252
65 253
65 254
66 254
66 255
66 256
67 256
67 257
68 257
68 258
68 259
68 260
68 261
68 262
68 263
68 264
69 264
69 265
69 266
69 267
69 268
69 269
69 270
69 271
69 272
70 272
71 272
72 272
73 272
74 272
75 272
76 272
77 272
78 272
78 273
78 274
78 275
79 275
79 276
79 277
79 278
79 279
79 280
79 281
79 282
79 283
80 283
80 284
80 285
81 285
81 286
81 287
82 287
82 288
83 288
83 289
84 289
85 289
86 289
87 289
88 289
89 289
90 289
91 289
92 289
92 288
93 288
94 288
94 287
95 287
96 287
97 287
97 288
97 289
98 289
99 289
100 289
101 289
102 289
103 289
103 290
104 290
104 291
104 292
104 293
104 294
104 295
104 296
104 297
104 298
105 298
105 299
105 300
105 301
105 302
104 302
104 303
183 246
184 246
182 246
182 245
181 245
181 244
180 244
179 244
178 244
177 244
176 244
175 244
174 244
173 244
172 244
171 244
170 244
169 244
168 244
167 244
166 244
165 244
164 244
163 244
162 244
162 245
161 245
161 246
160 246
159 246
158 246
157 246
156 246
155 246
154 246
153 246
152 246
151 246
150 246
149 246
148 246
147 246
147 245
146 245
146 244
145 244
145 243
144 243
143 243
142 243
141 243
140 243
139 243
138 243
137 243
136 243
135 243
134 243
133 243
132 243
131 243
130 243
129 243
128 243
127 243
126 243
126 244
126 245
126 246
126 247
125 247
125 248
124 248
124 249
124 250
124 251
124 252
123 252
123 253
124 253
125 253
126 253
127 253
127 254
128 254
128 255
129 255
129 256
130 256
130 257
130 258
131 258
131 259
131 260
131 261
131 262
131 263
131 264
131 265
130 265
129 265
128 265
127 265
126 265
126 266
126 267
126 268
126 269
126 270
126 271
125 271
124 271
123 271
122 271
121 271
120 271
120 272
119 272
119 273
118 273
118 274
117 274
117 275
118 275
118 276
118 277
118 278
118 279
118 280
118 281
119 281
119 282
118 282
118 283
117 283
117 284
116 284
116 285
116 286
115 286
115 287
115 288
115 289
115 290
115 291
114 291
114 292
113 292
113 293
112 293
111 293
110 293
109 293
108 293
107 293
106 293
105 293
105 294
105 295
105 296
105 297
185 246
186 246
187 246
188 246
189 246
190 246
191 246
192 246
193 246
194 246
194 245
195 245
195 244
196 244
196 243
197 243
197 242
198 242
198 241
199 241
200 241
200 240
201 240
201 239
202 239
202 238
203 238
203 237
204 237
204 236
204 235
205 235
205 234
206 234
207 234
208 234
209 234
209 233
210 233
210 232
211 232
212 232
212 231
212 230
213 230
213 229
213 228
213 227
213 226
213 225
214 225
214 224
214 223
215 223
215 222
215 221
215 220
215 219
216 219
216 218
216 217
217 217
217 216
218 216
219 216
219 215
220 215
220 214
221 214
221 213
222 213
222 212
222 211
223 211
223 210
224 210
224 209
225 209
225 208
225 207
225 206
225 205
225 204
225 203
225 202
226 202
226 201
227 201
227 200
228 200
228 199
229 199
229 198
229 197
230 197
230 196
230 195
230 194
230 193
230 192
229 192
229 191
228 191
227 191
226 191
226 190
225 190
225 189
225 188
226 188
226 187
226 186
227 186
227 185
227 184
227 183
228 183
228 182
228 181
229 181
229 180
59 476
59 477
59 475
59 474
59 473
59 472
59 471
59 470
59 469
59 468
58 468
57 468
56 468
55 468
54 468
53 468
52 468
51 468
50 468
50 467
49 467
48 467
47 467
59 478
59 479
59 480
60 480
60 481
61 481
61 482
62 482
62 483
240 150
240 149
240 151
240 152
240 153
241 153
241 154
240 154
240 155
239 155
238 155
238 156
238 157
238 158
238 159
238 160
239 160
239 161
239 162
239 163
239 164
239 165
239 166
240 166
240 167
240 168
240 169
240 170
240 171
240 172
240 173
240 174
240 175
240 176
240 177
239 177
239 178
238 178
238 179
237 179
236 179
235 179
234 179
233 179
232 179
231 179
230 179
229 179
240 148
240 147
240 146
240 145
240 144
241 144
241 143
242 143
242 142
242 141
243 141
243 140
243 139
243 138
243 137
243 136
244 136
244 135
244 134
245 134
245 133
246 133
