347 22
347 23
348 22
348 21
349 21
349 20
350 20
351 20
347 24
346 24
346 25
345 25
345 26
344 26
340 20
340 19
340 21
340 22
340 23
341 23
341 24
342 24
342 25
343 25
343 26
340 18
340 17
340 16
359 48
359 49
358 48
358 47
357 47
357 46
357 45
357 44
357 43
357 42
357 41
357 40
357 39
357 38
356 38
356 37
355 37
355 36
355 35
354 35
354 34
354 33
353 33
352 33
351 33
350 33
350 32
349 32
349 31
348 31
348 30
347 30
347 29
346 29
346 28
346 27
345 27
360 49
361 49
362 49
363 49
364 49
365 49
366 49
367 49
368 49
369 49
370 49
371 49
372 49
372 48
373 48
373 47
373 46
373 45
373 44
374 44
374 45
375 45
376 45
377 45
378 45
379 45
380 45
381 45
382 45
383 45
384 45
385 45
385 44
317 351
317 350
317 352
317 353
317 354
317 355
316 355
316 356
317 349
317 348
317 347
316 347
316 346
315 346
315 345
340 35
341 35
339 35
338 35
337 35
336 35
335 35
334 35
333 35
332 35
331 35
341 34
341 33
341 32
341 31
341 30
342 30
342 29
343 29
343 28
343 27
344 27
440 337
441 337
440 336
439 336
439 335
438 335
438 334
437 334
437 333
436 333
435 333
435 332
434 332
433 332
432 332
432 331
431 331
442 337
443 337
444 337
444 338
445 338
446 338
446 339
447 339
447 340
448 340
448 341
449 341
383 285
383 284
384 285
385 285
385 286
386 286
386 287
387 287
388 287
389 287
390 287
391 287
392 287
392 288
392 289
392 290
392 291
392 292
392 293
392 294
392 295
392 296
382 284
381 284
380 284
380 283
380 282
379 282
379 281
379 280
378 280
378 281
378 282
377 282
377 283
377 284
376 284
375 284
375 285
374 285
373 285
373 286
372 286
372 287
441 321
442 321
440 321
439 321
439 322
438 322
438 323
438 324
438 325
437 325
437 326
437 327
437 328
436 328
436 329
435 329
434 329
433 329
433 330
432 330
443 321
443 320
444 320
444 319
445 319
445 318
446 318
446 317
447 317
447 316
448 316
449 316
450 316
451 316
452 316
453 316
454 316
455 316
456 316
457 316
457 315
458 315
458 314
459 314
459 313
286 337
285 337
286 336
286 335
286 334
286 333
287 333
287 332
287 331
287 330
287 329
287 328
287 327
288 327
288 326
289 326
289 325
290 325
291 325
292 325
293 325
293 326
294 326
295 326
295 327
296 327
296 328
297 328
297 329
298 329
299 329
300 329
301 329
302 329
303 329
304 329
305 329
306 329
307 329
308 329
309 329
309 330
310 330
311 330
311 331
312 331
312 332
312 333
312 334
312 335
312 336
312 337
311 337
311 338
311 339
311 340
311 341
312 341
312 342
312 343
313 343
313 344
314 344
314 345
284 337
284 338
283 338
282 338
282 339
282 340
281 340
281 341
280 341
280 342
279 342
278 342
277 342
276 342
275 342
275 343
274 343
273 343
273 342
272 342
272 341
272 340
272 339
272 338
272 337
273 337
273 336
273 335
273 334
273 333
272 333
272 332
271 332
271 331
270 331
269 331
402 45
403 45
401 45
400 45
400 44
399 44
398 44
397 44
396 44
395 44
394 44
393 44
392 44
391 44
390 44
389 44
388 44
387 44
386 44
404 45
405 45
406 45
406 46
406 47
407 47
408 47
409 47
410 47
411 47
412 47
413 47
414 47
415 47
416 47
417 47
418 47
419 47
420 47
421 47
422 47
422 46
287 338
288 338
287 337
289 338
290 338
291 338
292 338
292 339
292 340
292 341
292 342
291 342
291 343
291 344
291 345
290 345
290 346
290 347
290 348
290 349
289 349
289 350
289 351
288 351
287 351
287 352
286 352
286 353
287 353
287 354
287 355
287 356
287 357
287 358
287 359
286 359
286 360
286 361
286 362
286 363
286 364
286 365
287 365
288 365
288 366
289 366
289 367
290 367
290 368
290 369
290 370
290 371
290 372
290 373
290 374
290 375
290 376
290 377
291 377
292 377
293 377
294 377
295 377
296 377
297 377
297 376
372 417
373 417
372 416
372 415
372 414
372 413
372 412
371 412
370 412
369 412
373 418
374 418
375 418
375 419
376 419
377 419
378 419
379 419
380 419
381 419
381 420
380 420
380 421
379 421
379 422
378 422
377 422
376 422
376 423
376 424
376 425
376 426
376 427
375 427
375 428
375 429
374 429
374 428
373 428
372 428
371 428
370 428
369 428
368 428
367 428
366 428
439 306
440 306
439 305
439 304
438 304
438 303
438 302
438 301
438 300
438 299
438 298
438 297
438 296
438 295
438 294
437 294
437 293
437 292
436 292
436 291
435 291
435 290
435 289
435 288
434 288
434 287
434 286
434 285
435 285
435 284
436 284
436 283
437 283
437 282
438 282
439 282
440 282
441 282
442 282
443 282
444 282
445 282
446 282
447 282
447 283
448 283
448 284
449 284
450 284
451 284
452 284
453 284
454 284
454 285
455 285
455 286
456 286
456 287
457 287
458 287
459 287
460 287
461 287
462 287
463 287
463 288
464 288
465 288
465 289
465 290
465 291
465 292
465 293
465 294
464 294
464 295
463 295
463 296
462 296
462 297
461 297
461 298
460 298
460 299
460 300
460 301
461 301
461 302
462 302
463 302
463 303
464 303
464 304
465 304
465 305
466 305
466 306
466 307
466 308
466 309
465 309
464 309
464 310
463 310
463 311
462 311
461 311
461 312
460 312
460 313
440 307
440 308
441 308
441 309
442 309
442 310
443 310
443 311
444 311
444 312
445 312
446 312
446 313
446 314
447 314
447 315
275 362
276 362
274 362
273 362
272 362
271 362
271 361
270 361
270 360
269 360
269 359
268 359
268 358
268 357
267 357
267 356
266 356
266 355
265 355
265 354
277 362
278 362
278 363
279 363
280 363
281 363
281 364
282 364
283 364
284 364
285 364
454 339
455 339
453 339
452 339
451 339
450 339
450 340
449 340
455 338
455 337
456 337
456 336
456 335
456 334
457 334
457 333
458 333
459 333
459 332
460 332
386 359
387 359
385 359
385 360
384 360
384 361
383 361
383 362
383 363
382 363
382 364
382 365
381 365
381 366
380 366
380 367
379 367
379 368
378 368
377 368
376 368
375 368
374 368
373 368
373 369
372 369
371 369
370 369
370 370
369 370
388 359
389 359
390 359
391 359
391 360
391 361
392 361
392 362
393 362
393 361
394 361
394 360
395 360
396 360
397 360
398 360
399 360
399 359
400 359
400 358
400 357
401 357
401 356
401 355
402 355
402 354
403 354
403 353
404 353
323 359
324 359
323 358
322 358
321 358
320 358
319 358
318 358
317 358
316 358
316 357
324 360
324 361
324 362
324 363
324 364
324 365
325 365
325 366
326 366
400 377
400 378
400 376
400 375
401 375
401 374
402 374
402 373
402 372
402 371
402 370
402 369
403 369
403 368
402 368
402 367
402 366
402 365
402 364
402 363
402 362
402 361
402 360
402 359
402 358
402 357
402 356
400 379
400 380
400 381
400 382
399 382
399 383
398 383
398 384
397 384
375 346
376 346
375 345
374 345
373 345
372 345
372 344
371 344
370 344
369 344
369 343
368 343
368 342
367 342
367 341
366 341
366 340
366 339
366 338
366 337
366 336
366 335
366 334
367 334
367 333
366 333
365 333
365 332
364 332
364 331
363 331
362 331
362 330
361 330
360 330
359 330
358 330
358 331
357 331
356 331
356 332
356 333
355 333
354 333
353 333
352 333
351 333
350 333
349 333
348 333
348 332
347 332
347 331
346 331
345 331
345 330
344 330
344 329
343 329
343 328
342 328
341 328
340 328
339 328
339 329
338 329
338 330
337 330
337 331
336 331
335 331
334 331
333 331
332 331
331 331
330 331
329 331
328 331
328 330
327 330
326 330
326 329
325 329
324 329
323 329
322 329
321 329
320 329
319 329
318 329
317 329
316 329
315 329
314 329
313 329
312 329
311 329
310 329
376 347
377 347
377 348
378 348
378 349
378 350
378 351
379 351
379 352
380 352
380 353
381 353
381 354
382 354
382 355
382 356
382 357
382 358
382 359
382 360
382 361
427 345
427 344
428 345
429 345
430 345
430 346
431 346
432 346
432 347
432 348
433 348
433 349
434 349
434 348
435 348
436 348
437 348
438 348
439 348
440 348
441 348
441 349
442 349
442 350
443 350
444 350
444 349
445 349
445 348
445 347
445 346
445 345
445 344
446 344
446 343
447 343
447 342
448 342
426 344
425 344
425 343
424 343
424 342
424 341
424 340
424 339
423 339
423 338
422 338
422 337
422 336
421 336
421 335
421 334
420 334
420 333
420 332
420 331
420 330
420 329
420 328
420 327
421 327
422 327
422 328
423 328
424 328
424 329
425 329
426 329
427 329
428 329
429 329
429 330
430 330
431 330
389 307
389 306
389 308
389 309
389 310
389 311
388 311
387 311
387 312
386 312
386 313
386 314
386 315
386 316
386 317
386 318
386 319
386 320
386 321
386 322
386 323
385 323
384 323
383 323
382 323
381 323
381 324
381 325
381 326
381 327
381 328
381 329
381 330
381 331
382 331
382 332
382 333
381 333
380 333
379 333
378 333
377 333
376 333
375 333
374 333
373 333
372 333
371 333
370 333
369 333
368 333
389 305
389 304
389 303
389 302
389 301
389 300
389 299
390 299
390 298
390 297
391 297
391 296
501 445
502 445
500 445
499 445
498 445
497 445
497 444
503 445
504 445
505 445
506 445
506 444
442 356
442 355
442 357
442 358
441 358
441 359
440 359
439 359
438 359
437 359
436 359
435 359
435 360
434 360
434 361
435 361
435 362
436 362
437 362
438 362
438 363
438 364
438 365
438 366
438 367
438 368
438 369
438 370
437 370
437 371
436 371
436 372
436 373
436 374
436 375
436 376
436 377
436 378
436 379
436 380
435 380
434 380
433 380
432 380
431 380
430 380
429 380
429 379
428 379
427 379
427 380
427 381
427 382
426 382
426 383
425 383
425 384
424 384
423 384
423 385
422 385
422 386
421 386
421 387
420 387
420 388
419 388
418 388
418 389
418 390
418 391
418 392
418 393
417 393
417 394
416 394
415 394
414 394
414 393
413 393
413 392
413 391
412 391
411 391
411 390
410 390
409 390
409 389
408 389
408 388
408 387
407 387
407 386
406 386
406 385
405 385
404 385
403 385
402 385
401 385
400 385
399 385
398 385
397 385
442 354
442 353
442 352
442 351
275 383
276 383
274 383
273 383
272 383
272 384
271 384
270 384
269 384
269 385
268 385
267 385
266 385
265 385
265 386
264 386
264 387
263 387
263 388
262 388
261 388
261 389
260 389
259 389
258 389
258 390
257 390
256 390
256 391
255 391
255 392
254 392
253 392
253 391
253 390
252 390
252 389
251 389
251 390
250 390
250 391
249 391
249 392
248 392
247 392
247 393
246 393
245 393
245 394
244 394
243 394
243 395
243 396
242 396
242 397
242 398
277 383
278 383
279 383
280 383
281 383
281 382
281 381
281 380
281 379
281 378
281 377
282 377
283 377
284 377
285 377
286 377
287 377
288 377
289 377
410 337
410 338
410 336
411 336
411 335
411 334
411 333
412 333
413 333
414 333
415 333
416 333
417 333
418 333
419 333
409 338
409 339
408 339
408 340
407 340
406 340
406 341
405 341
405 342
405 343
405 344
405 345
405 346
404 346
404 347
403 347
403 348
403 349
403 350
403 351
403 352
305 6
306 6
304 6
303 6
302 6
301 6
300 6
299 6
299 5
298 5
298 6
297 6
297 7
296 7
296 8
296 9
296 10
296 11
296 12
296 13
296 14
295 14
295 15
294 15
294 16
294 17
293 17
293 18
293 19
292 19
292 20
291 20
291 21
292 21
292 22
292 23
292 24
292 25
293 25
293 26
293 27
294 27
294 28
294 29
295 29
295 30
295 31
296 31
296 32
297 32
298 32
298 33
299 33
300 33
301 33
302 33
302 34
303 34
304 34
305 34
305 35
306 35
306 36
307 36
307 37
308 37
308 38
308 39
308 40
308 41
308 42
308 43
308 44
308 45
307 45
307 46
308 46
308 47
309 47
310 47
310 48
311 48
311 49
312 49
312 50
312 51
313 51
313 52
313 53
313 54
313 55
313 56
313 57
313 58
313 59
313 60
313 61
313 62
313 63
313 64
312 64
312 65
307 6
308 6
309 6
310 6
310 5
310 4
310 3
311 3
311 4
311 5
311 6
311 7
311 8
311 9
311 10
311 11
311 12
311 13
311 14
311 15
312 15
313 15
314 15
315 15
316 15
317 15
318 15
318 16
319 16
320 16
320 17
321 17
322 17
322 18
323 18
323 19
324 19
324 20
325 20
326 20
327 20
328 20
329 20
330 20
331 20
331 19
332 19
332 18
332 17
333 17
334 17
335 17
336 17
337 17
338 17
339 17
449 508
448 508
450 508
451 508
452 508
453 508
454 508
455 508
456 508
456 507
456 506
456 505
457 505
458 505
459 505
460 505
461 505
462 505
463 505
464 505
465 505
466 505
467 505
467 506
467 507
467 508
467 509
468 509
469 509
470 509
471 509
472 509
473 509
474 509
474 508
474 507
475 507
475 506
448 507
447 507
446 507
445 507
445 506
444 506
443 506
442 506
441 506
440 506
439 506
439 507
439 508
439 509
438 509
438 510
437 510
437 511
436 511
435 511
434 511
433 511
433 510
432 510
432 509
431 509
431 508
431 507
431 506
431 505
431 504
431 503
431 502
431 501
431 500
430 500
430 499
431 499
431 498
432 498
432 497
432 496
432 495
432 494
433 494
433 493
434 493
434 492
268 458
267 458
269 458
269 457
269 456
270 456
271 456
272 456
273 456
274 456
275 456
276 456
277 456
277 455
278 455
279 455
280 455
280 454
281 454
282 454
282 453
283 453
284 453
285 453
286 453
287 453
288 453
289 453
289 452
288 452
288 451
288 450
288 449
288 448
288 447
288 446
288 445
288 444
288 443
287 443
287 442
286 442
286 441
287 441
287 440
287 439
288 439
288 438
288 437
289 437
289 436
289 435
289 434
290 434
290 433
290 432
289 432
289 431
288 431
288 430
288 429
287 429
287 428
287 427
286 427
286 426
286 425
286 424
285 424
285 423
285 422
285 421
285 420
285 419
285 418
285 417
286 417
286 416
287 416
287 415
287 414
287 413
287 412
288 412
288 411
288 410
288 409
288 408
288 407
288 406
288 405
288 404
288 403
289 403
289 402
290 402
290 401
291 401
291 400
292 400
292 399
292 398
293 398
293 397
293 396
293 395
293 394
292 394
292 393
291 393
290 393
290 392
289 392
288 392
288 391
287 391
287 390
286 390
286 389
285 389
284 389
284 388
283 388
283 387
282 387
282 386
282 385
281 385
281 384
266 458
265 458
264 458
263 458
263 457
262 457
262 456
262 455
262 454
261 454
261 453
260 453
260 452
259 452
258 452
258 451
257 451
256 451
256 450
256 449
255 449
254 449
253 449
252 449
252 448
252 447
252 446
252 445
251 445
251 444
250 444
250 443
249 443
489 294
489 295
488 294
488 293
487 293
486 293
485 293
485 292
484 292
483 292
482 292
481 292
480 292
479 292
478 292
478 293
478 294
478 295
478 296
479 296
479 297
479 298
479 299
479 300
479 301
479 302
479 303
479 304
479 305
479 306
479 307
479 308
479 309
479 310
478 310
478 311
477 311
476 311
475 311
474 311
473 311
473 310
472 310
472 309
472 308
472 307
472 306
472 305
471 305
470 305
469 305
468 305
467 305
490 295
490 296
491 296
492 296
492 297
493 297
494 297
494 298
495 298
496 298
496 299
497 299
497 300
498 300
499 300
500 300
501 300
502 300
502 299
503 299
503 298
503 297
503 296
503 295
503 294
503 293
504 293
504 292
505 292
505 291
505 290
505 289
505 288
505 287
505 286
505 285
506 285
507 285
508 285
508 284
509 284
509 283
509 282
510 282
511 282
511 281
511 280
510 280
509 280
509 279
509 278
509 277
509 276
509 275
509 274
509 273
509 272
509 271
509 270
509 269
510 269
511 269
511 268
511 267
511 266
511 265
510 265
510 264
510 263
509 263
508 263
508 262
507 262
507 261
506 261
506 260
506 259
505 259
505 258
505 257
504 257
504 256
503 256
503 255
503 254
504 254
504 253
504 252
504 251
503 251
503 250
503 249
503 248
503 247
502 247
502 246
501 246
501 245
500 245
499 245
499 244
498 244
498 243
497 243
497 242
496 242
496 241
495 241
494 241
493 241
492 241
491 241
490 241
489 241
488 241
487 241
486 241
485 241
484 241
484 242
484 243
484 244
484 245
483 245
482 245
482 246
481 246
480 246
480 245
479 245
478 245
477 245
476 245
475 245
475 244
474 244
474 245
474 246
474 247
473 247
473 248
472 248
472 249
471 249
471 250
470 250
311 373
310 373
311 374
312 374
312 375
312 376
313 376
313 377
313 378
313 379
313 380
313 381
314 381
314 380
314 379
315 379
315 378
316 378
317 378
317 377
318 377
319 377
319 376
320 376
321 376
322 376
322 375
323 375
323 374
323 373
323 372
323 371
323 370
323 369
324 369
324 368
325 368
325 367
310 372
309 372
309 371
308 371
307 371
307 370
306 370
305 370
305 371
304 371
304 372
303 372
302 372
301 372
301 373
300 373
300 374
299 374
299 375
298 375
298 376
376 309
375 309
377 309
378 309
378 310
379 310
379 311
379 312
380 312
380 313
381 313
382 313
383 313
384 313
385 313
374 309
373 309
373 308
372 308
372 307
372 306
371 306
371 307
370 307
370 308
370 309
370 310
369 310
368 310
367 310
366 310
366 311
365 311
364 311
363 311
362 311
362 312
361 312
360 312
360 311
359 311
358 311
357 311
356 311
355 311
354 311
354 310
353 310
353 309
352 309
352 308
351 308
351 307
351 306
351 305
351 304
351 303
351 302
351 301
350 301
349 301
349 300
348 300
348 299
348 298
347 298
347 297
347 296
347 295
346 295
345 295
344 295
343 295
342 295
341 295
340 295
340 294
339 294
339 293
339 292
339 291
339 290
339 289
339 288
339 287
338 287
337 287
336 287
335 287
335 288
334 288
334 289
333 289
333 290
333 291
332 291
332 292
332 293
332 294
332 295
332 296
332 297
332 298
331 298
331 299
330 299
329 299
329 298
328 298
327 298
327 297
326 297
325 297
324 297
323 297
322 297
321 297
320 297
319 297
318 297
318 298
317 298
317 297
317 296
317 295
317 294
317 293
317 292
317 291
316 291
316 290
315 290
314 290
314 289
313 289
313 288
313 287
312 287
312 286
311 286
311 285
310 285
310 284
310 283
310 282
310 281
310 280
310 279
310 278
311 278
312 278
312 277
313 277
313 276
314 276
315 276
340 399
341 399
340 398
340 397
339 397
339 396
338 396
338 395
338 394
338 393
338 392
338 391
337 391
337 390
336 390
336 389
336 388
336 387
336 386
336 385
335 385
335 384
334 384
334 383
333 383
333 382
332 382
331 382
330 382
329 382
329 381
328 381
328 380
328 379
328 378
327 378
327 377
326 377
326 376
325 376
324 376
324 375
341 400
341 401
342 401
342 402
342 403
343 403
343 404
343 405
343 406
344 406
344 407
345 407
346 407
347 407
348 407
349 407
350 407
351 407
352 407
353 407
354 407
355 407
355 406
356 406
356 407
356 408
356 409
356 410
357 410
357 411
358 411
358 412
359 412
359 413
360 413
360 414
361 414
362 414
363 414
364 414
365 414
366 414
367 414
367 413
368 413
368 412
358 436
358 437
358 435
358 434
358 433
357 433
357 432
357 431
357 430
358 430
358 429
359 429
360 429
361 429
362 429
363 429
364 429
365 429
365 428
358 438
358 439
357 439
356 439
356 440
355 440
355 441
355 442
356 442
356 443
356 444
356 445
357 445
357 446
358 446
358 447
359 447
360 447
361 447
361 448
362 448
362 449
362 450
361 450
361 451
361 452
361 453
361 454
361 455
361 456
361 457
361 458
361 459
361 460
362 460
362 461
363 461
364 461
364 462
365 462
365 463
366 463
366 464
366 465
366 466
366 467
366 468
366 469
366 470
366 471
366 472
367 472
368 472
369 472
370 472
371 472
372 472
373 472
304 303
303 303
304 304
305 304
306 304
307 304
308 304
309 304
310 304
310 305
311 305
311 304
312 304
313 304
313 303
314 303
315 303
315 302
316 302
316 301
316 300
316 299
316 298
303 302
302 302
302 301
301 301
301 300
300 300
300 299
142 393
142 394
142 392
142 391
143 391
143 390
143 389
143 388
143 387
143 386
143 385
143 384
143 383
144 383
144 382
145 382
145 381
146 381
147 381
147 380
148 380
148 379
149 379
149 378
150 378
150 377
151 377
151 376
152 376
153 376
154 376
154 375
155 375
156 375
156 374
156 373
156 372
156 371
156 370
155 370
154 370
153 370
152 370
151 370
150 370
149 370
148 370
147 370
147 371
146 371
145 371
145 370
144 370
143 370
142 370
141 370
140 370
139 370
138 370
137 370
136 370
135 370
142 395
142 396
142 397
142 398
142 399
141 399
141 400
140 400
140 401
139 401
139 402
77 313
78 313
77 312
76 312
76 311
75 311
74 311
73 311
73 310
72 310
72 309
72 308
71 308
71 307
71 306
70 306
70 305
71 305
71 304
72 304
72 303
72 302
72 301
72 300
73 300
73 299
74 299
74 298
78 314
78 315
78 316
78 317
78 318
77 318
77 319
77 320
77 321
77 322
77 323
77 324
77 325
77 326
77 327
77 328
76 328
76 329
77 329
77 330
77 331
77 332
77 333
77 334
77 335
77 336
77 337
78 337
79 337
79 338
78 338
77 338
76 338
75 338
74 338
74 339
73 339
73 340
72 340
72 341
71 341
71 340
70 340
70 339
69 339
68 339
67 339
66 339
66 340
65 340
65 341
65 342
64 342
64 343
63 343
63 344
62 344
61 344
61 345
60 345
59 345
58 345
57 345
57 346
56 346
55 346
55 347
54 347
54 348
53 348
53 349
53 350
53 351
53 352
52 352
52 353
52 354
52 355
53 355
53 356
54 356
54 357
55 357
55 358
56 358
56 359
57 359
57 360
58 360
58 361
59 361
60 361
61 361
62 361
63 361
64 361
65 361
66 361
66 362
67 362
370 394
370 395
369 394
368 394
368 393
367 393
366 393
366 392
365 392
365 391
364 391
364 390
363 390
362 390
362 389
361 389
360 389
360 388
359 388
359 387
358 387
358 386
357 386
357 385
356 385
355 385
354 385
354 384
355 384
355 383
356 383
356 382
356 381
356 380
357 380
358 380
359 380
360 380
360 379
361 379
361 378
361 377
361 376
361 375
361 374
362 374
362 373
363 373
363 372
364 372
364 371
365 371
366 371
367 371
368 371
369 371
371 395
372 395
373 395
373 396
374 396
375 396
375 397
376 397
376 398
377 398
377 399
377 400
377 401
377 402
377 403
377 404
376 404
376 405
375 405
375 406
374 406
374 407
374 408
373 408
373 409
373 410
372 410
371 410
371 411
370 411
354 417
355 417
354 418
354 419
353 419
353 420
352 420
352 419
351 419
351 418
350 418
350 417
349 417
349 416
348 416
347 416
346 416
345 416
344 416
343 416
343 417
342 417
341 417
341 418
340 418
339 418
339 419
338 419
338 420
338 421
338 422
338 423
338 424
338 425
338 426
338 427
338 428
337 428
336 428
335 428
334 428
333 428
332 428
331 428
330 428
330 429
330 430
329 430
329 431
328 431
328 432
328 433
328 434
327 434
327 435
326 435
326 436
327 436
327 437
328 437
329 437
330 437
331 437
332 437
333 437
334 437
335 437
335 438
336 438
336 439
337 439
337 440
338 440
338 441
339 441
339 442
340 442
340 443
341 443
341 444
342 444
343 444
343 443
344 443
345 443
346 443
347 443
348 443
349 443
349 442
349 441
350 441
350 440
351 440
352 440
353 440
354 440
355 416
355 415
355 414
355 413
355 412
355 411
356 411
305 437
306 437
304 437
303 437
302 437
301 437
300 437
299 437
298 437
297 437
297 436
297 435
296 435
295 435
295 434
294 434
293 434
292 434
291 434
307 437
308 437
308 436
309 436
310 436
310 435
311 435
312 435
313 435
313 434
314 434
315 434
315 433
316 433
316 432
317 432
318 432
319 432
320 432
320 433
321 433
322 433
323 433
324 433
325 433
325 434
326 434
392 495
391 495
392 494
393 494
393 493
393 492
393 491
393 490
394 490
395 490
396 490
396 489
391 496
391 497
390 497
390 498
389 498
388 498
387 498
386 498
385 498
384 498
383 498
382 498
382 497
381 497
380 497
380 496
379 496
378 496
378 495
377 495
376 495
375 495
374 495
373 495
373 494
372 494
372 493
371 493
371 492
371 491
370 491
370 490
370 489
369 489
369 488
368 488
368 487
368 486
368 485
368 484
368 483
368 482
367 482
367 481
366 481
366 480
366 479
367 479
368 479
369 479
370 479
370 478
370 477
370 476
370 475
370 474
371 474
371 473
372 473
483 463
482 463
484 463
485 463
486 463
487 463
487 462
488 462
488 461
489 461
490 461
491 461
492 461
493 461
494 461
495 461
496 461
497 461
497 462
498 462
498 463
481 463
480 463
479 463
478 463
478 464
477 464
477 463
476 463
475 463
474 463
473 463
472 463
472 464
471 464
471 465
470 465
469 465
469 466
468 466
468 467
468 468
467 468
467 469
467 470
467 471
467 472
466 472
466 473
466 474
465 474
465 475
464 475
463 475
463 476
462 476
462 477
462 478
461 478
460 478
459 478
459 479
458 479
457 479
457 480
456 480
455 480
455 481
454 481
454 482
453 482
453 483
453 484
453 485
453 486
453 487
453 488
453 489
453 490
453 491
453 492
453 493
453 494
454 494
454 495
455 495
455 496
456 496
456 497
456 498
456 499
457 499
457 500
457 501
457 502
457 503
457 504
373 86
374 86
373 85
372 85
372 84
372 83
371 83
371 82
370 82
370 81
369 81
368 81
368 80
367 80
366 80
365 80
365 79
364 79
364 78
364 77
363 77
363 76
363 75
363 74
364 74
364 73
364 72
364 71
364 70
364 69
364 68
363 68
363 67
362 67
362 66
361 66
360 66
359 66
358 66
357 66
357 65
357 64
356 64
355 64
355 63
355 62
356 62
356 61
356 60
357 60
357 59
357 58
358 58
358 57
358 56
359 56
359 55
359 54
359 53
359 52
359 51
359 50
374 87
375 87
375 88
376 88
377 88
378 88
379 88
380 88
381 88
382 88
383 88
383 89
383 90
384 90
384 91
385 91
386 91
387 91
388 91
389 91
390 91
391 91
392 91
393 91
394 91
395 91
395 90
396 90
293 511
292 511
294 511
295 511
296 511
297 511
298 511
298 510
298 509
299 509
300 509
300 508
291 511
290 511
289 511
288 511
287 511
287 510
287 509
286 509
286 508
286 507
285 507
285 506
285 505
285 504
285 503
284 503
284 502
283 502
283 501
282 501
281 501
280 501
279 501
278 501
277 501
277 500
276 500
275 500
275 499
274 499
273 499
272 499
271 499
270 499
269 499
268 499
268 498
267 498
266 498
266 497
64 373
63 373
65 373
66 373
66 374
67 374
68 374
68 375
69 375
70 375
71 375
72 375
73 375
74 375
75 375
76 375
77 375
77 376
78 376
78 377
63 372
63 371
63 370
63 369
63 368
63 367
63 366
63 365
64 365
64 364
65 364
65 363
66 363
457 98
457 97
457 99
456 99
456 100
455 100
454 100
454 101
454 102
454 103
454 104
454 105
453 105
453 106
453 107
453 108
453 109
453 110
453 111
454 111
454 112
455 112
456 112
456 113
457 113
458 113
458 114
459 114
460 114
460 115
461 115
462 115
462 116
463 116
464 116
465 116
466 116
467 116
468 116
468 117
458 97
458 96
459 96
459 95
460 95
461 95
461 94
462 94
463 94
464 94
465 94
466 94
467 94
467 95
490 430
491 430
490 431
489 431
489 432
488 432
488 433
488 434
488 435
489 435
489 436
489 437
490 437
490 438
490 439
490 440
490 441
490 442
490 443
490 444
491 444
492 444
493 444
494 444
495 444
496 444
491 429
492 429
492 428
493 428
493 427
494 427
494 426
494 425
493 425
493 424
493 423
492 423
492 422
491 422
491 421
490 421
490 420
490 419
489 419
488 419
488 418
487 418
486 418
485 418
484 418
483 418
482 418
482 417
481 417
480 417
479 417
479 416
478 416
478 415
477 415
477 414
476 414
476 413
475 413
475 412
474 412
473 412
472 412
471 412
470 412
469 412
468 412
467 412
467 411
466 411
466 410
465 410
465 411
464 411
463 411
462 411
461 411
460 411
460 412
459 412
458 412
457 412
456 412
455 412
454 412
454 413
453 413
452 413
451 413
451 412
451 411
451 410
451 409
451 408
451 407
451 406
450 406
450 405
450 404
450 403
450 402
450 401
450 400
450 399
450 398
450 397
450 396
450 395
449 395
448 395
447 395
446 395
445 395
444 395
443 395
442 395
441 395
441 394
441 393
441 392
441 391
441 390
441 389
441 388
441 387
441 386
440 386
440 385
439 385
439 384
439 383
438 383
438 382
437 382
437 381
436 381
470 456
470 455
470 457
470 458
470 459
470 460
470 461
470 462
470 463
471 463
470 454
470 453
470 452
471 452
471 451
472 451
472 450
472 449
472 448
472 447
472 446
472 445
473 445
474 445
474 444
474 443
474 442
474 441
474 440
474 439
475 439
475 438
476 438
476 437
477 437
477 436
478 436
479 436
480 436
481 436
482 436
482 435
483 435
484 435
484 434
485 434
486 434
487 434
487 433
290 280
290 279
289 280
288 280
288 281
287 281
287 282
286 282
286 283
286 284
285 284
285 285
285 286
284 286
284 287
284 288
285 288
285 289
285 290
285 291
285 292
285 293
286 293
286 294
287 294
288 294
288 295
289 295
289 296
288 296
288 297
288 298
288 299
288 300
288 301
288 302
288 303
288 304
288 305
288 306
288 307
288 308
289 308
289 309
289 310
288 310
288 311
288 312
288 313
288 314
288 315
287 315
287 316
287 317
287 318
287 319
288 319
288 320
289 320
289 321
289 322
289 323
289 324
291 279
292 279
293 279
294 279
295 279
296 279
296 278
297 278
297 277
298 277
298 278
299 278
299 279
299 280
300 280
300 281
300 282
300 283
301 283
301 284
301 285
302 285
302 286
303 286
304 286
305 286
306 286
307 286
308 286
309 286
310 286
387 465
386 465
387 466
387 467
388 467
388 468
388 469
388 470
389 470
389 471
390 471
390 472
391 472
392 472
393 472
393 473
394 473
395 473
395 474
396 474
397 474
397 475
398 475
399 475
399 476
400 476
400 477
400 478
401 478
401 479
402 479
402 480
403 480
403 481
403 482
403 483
404 483
404 484
405 484
405 485
405 486
404 486
404 487
403 487
402 487
401 487
400 487
399 487
399 488
398 488
397 488
397 489
386 464
386 463
385 463
385 462
384 462
384 461
383 461
383 460
382 460
382 459
381 459
380 459
379 459
378 459
377 459
376 459
375 459
374 459
373 459
372 459
371 459
370 459
369 459
368 459
368 458
367 458
366 458
366 459
366 460
366 461
366 462
509 184
508 184
509 183
510 183
510 182
510 181
511 181
511 180
511 179
511 178
511 177
510 177
510 176
509 176
509 175
508 175
507 175
507 174
506 174
506 173
505 173
504 173
503 173
502 173
501 173
501 172
502 172
502 171
503 171
504 171
504 170
504 169
505 169
505 168
505 167
505 166
505 165
504 165
504 164
504 163
503 163
503 162
503 161
503 160
502 160
502 159
502 158
502 157
502 156
503 156
503 155
504 155
504 154
505 154
505 153
506 153
506 152
507 152
508 152
508 151
509 151
510 151
511 151
511 150
511 149
511 148
511 147
511 146
511 145
511 144
510 144
509 144
508 144
507 144
506 144
505 144
504 144
504 143
504 142
504 141
504 140
504 139
503 139
503 138
503 137
503 136
503 135
503 134
503 133
502 133
502 132
501 132
500 132
499 132
498 132
497 132
496 132
496 131
496 130
496 129
496 128
496 127
496 126
497 126
497 125
497 124
498 124
498 123
499 123
499 122
500 122
501 122
501 121
502 121
502 120
502 119
502 118
501 118
500 118
499 118
498 118
497 118
496 118
495 118
494 118
493 118
492 118
492 119
491 119
491 120
490 120
489 120
489 121
488 121
488 122
487 122
486 122
485 122
484 122
483 122
482 122
481 122
481 123
481 124
480 124
480 125
479 125
479 126
479 127
478 127
477 127
476 127
475 127
474 127
473 127
473 126
473 125
472 125
472 124
471 124
471 123
470 123
470 122
469 122
469 121
469 120
469 119
469 118
469 117
508 185
508 186
508 187
507 187
507 188
506 188
506 189
505 189
505 190
504 190
503 190
502 190
501 190
500 190
499 190
498 190
497 190
497 191
497 192
497 193
497 194
497 195
497 196
497 197
496 197
496 198
495 198
495 199
494 199
494 200
493 200
493 201
492 201
3 354
3 355
3 353
3 352
4 352
4 351
4 350
4 349
3 349
3 348
2 348
1 348
1 347
0 347
0 346
0 345
0 344
0 343
0 342
0 341
1 341
2 341
2 340
3 340
4 340
5 340
6 340
7 340
8 340
9 340
9 339
10 339
10 338
10 337
11 337
12 337
13 337
13 336
14 336
15 336
15 335
16 335
17 335
17 334
18 334
19 334
20 334
21 334
22 334
22 333
23 333
23 332
24 332
24 331
25 331
25 330
25 329
25 328
25 327
26 327
26 326
26 325
27 325
28 325
29 325
30 325
31 325
32 325
33 325
33 326
34 326
34 325
35 325
36 325
36 324
37 324
38 324
38 323
39 323
39 322
40 322
41 322
42 322
43 322
44 322
44 323
44 324
45 324
45 325
45 326
46 326
46 327
47 327
47 328
48 328
49 328
49 329
49 330
50 330
50 331
51 331
52 331
52 332
53 332
53 331
54 331
55 331
56 331
57 331
57 330
58 330
59 330
60 330
61 330
62 330
63 330
64 330
65 330
66 330
67 330
68 330
69 330
70 330
71 330
72 330
73 330
74 330
74 329
75 329
3 356
3 357
2 357
2 358
1 358
0 358
0 359
482 212
482 213
482 211
482 210
482 209
481 209
481 208
481 207
482 207
482 206
482 205
483 205
483 204
483 203
483 202
484 202
485 202
486 202
487 202
488 202
489 202
490 202
491 202
491 201
483 213
483 214
483 215
484 215
484 216
484 217
484 218
484 219
484 220
484 221
484 222
485 222
485 223
486 223
486 224
486 225
486 226
486 227
486 228
486 229
485 229
485 230
485 231
485 232
485 233
485 234
485 235
485 236
485 237
485 238
485 239
485 240
402 254
401 254
403 254
404 254
405 254
406 254
407 254
408 254
408 253
409 253
409 252
409 251
409 250
409 249
408 249
408 248
408 247
409 247
410 247
411 247
412 247
412 246
413 246
413 245
414 245
414 244
414 243
414 242
415 242
415 241
415 240
416 240
417 240
418 240
419 240
420 240
421 240
422 240
423 240
424 240
425 240
426 240
427 240
427 241
428 241
429 241
429 242
430 242
430 243
430 244
431 244
431 245
432 245
432 246
433 246
433 247
434 247
434 248
435 248
435 249
435 250
435 251
435 252
435 253
435 254
435 255
436 255
436 256
436 257
437 257
438 257
439 257
440 257
441 257
442 257
443 257
443 258
443 259
444 259
445 259
445 260
445 261
445 262
445 263
445 264
445 265
445 266
445 267
445 268
445 269
445 270
445 271
444 271
444 272
443 272
442 272
442 273
441 273
441 274
441 275
440 275
440 276
440 277
439 277
439 278
439 279
439 280
439 281
438 281
400 254
399 254
398 254
397 254
396 254
395 254
394 254
393 254
392 254
392 253
392 252
392 251
392 250
392 249
392 248
392 247
392 246
392 245
391 245
391 244
391 243
390 243
390 242
390 241
394 500
393 500
395 500
395 501
396 501
396 502
397 502
397 503
398 503
399 503
399 504
400 504
400 505
401 505
401 506
401 507
401 508
401 509
401 510
402 510
402 511
403 511
404 511
405 511
406 511
407 511
407 510
408 510
408 509
408 508
409 508
409 507
409 506
410 506
410 505
411 505
412 505
412 504
413 504
414 504
415 504
416 504
416 503
417 503
417 502
418 502
418 501
419 501
420 501
420 500
420 499
421 499
421 498
421 497
422 497
422 498
423 498
424 498
425 498
426 498
426 499
427 499
428 499
429 499
429 500
392 500
391 500
390 500
390 499
389 499
15 377
15 376
16 377
16 378
17 378
18 378
19 378
20 378
21 378
22 378
23 378
23 379
24 379
24 380
25 380
26 380
27 380
28 380
29 380
30 380
31 380
32 380
32 381
33 381
33 382
34 382
34 383
35 383
36 383
36 384
37 384
37 385
38 385
15 375
15 374
15 373
15 372
15 371
14 371
13 371
12 371
11 371
11 370
10 370
10 369
9 369
9 368
9 367
8 367
8 366
8 365
8 364
7 364
7 363
6 363
6 362
5 362
4 362
3 362
3 361
2 361
1 361
1 360
0 360
39 391
39 392
39 390
39 389
39 388
39 387
39 386
38 386
39 393
39 394
39 395
40 395
41 395
41 394
42 394
43 394
43 393
44 393
45 393
46 393
47 393
48 393
48 392
49 392
49 391
50 391
50 390
50 389
50 388
50 387
50 386
50 385
51 385
51 384
52 384
53 384
53 383
54 383
55 383
56 383
57 383
58 383
59 383
60 383
60 382
61 382
61 381
61 380
61 379
61 378
61 377
61 376
61 375
61 374
62 374
62 373
62 372
62 371
62 370
62 369
62 368
62 367
62 366
62 365
157 308
157 307
156 308
156 309
155 309
154 309
153 309
152 309
151 309
150 309
149 309
148 309
148 310
148 311
147 311
147 312
147 313
147 314
147 315
147 316
147 317
147 318
146 318
146 319
145 319
144 319
144 320
143 320
142 320
141 320
141 321
141 322
142 322
143 322
143 323
143 324
143 325
143 326
143 327
143 328
143 329
143 330
143 331
143 332
143 333
144 333
144 334
144 335
144 336
144 337
144 338
144 339
145 339
145 340
146 340
146 341
147 341
148 341
148 342
149 342
150 342
150 343
151 343
152 343
152 344
153 344
154 344
155 344
155 345
155 346
155 347
155 348
155 349
155 350
155 351
155 352
155 353
155 354
154 354
153 354
152 354
151 354
151 353
150 353
150 352
149 352
149 351
148 351
148 350
147 350
147 349
146 349
145 349
144 349
143 349
142 349
141 349
140 349
139 349
139 348
138 348
138 347
137 347
137 348
137 349
137 350
137 351
137 352
138 352
138 353
139 353
139 354
140 354
141 354
141 355
141 356
142 356
142 357
143 357
143 358
144 358
144 359
144 360
145 360
145 361
146 361
146 362
147 362
147 363
147 364
148 364
148 365
148 366
148 367
148 368
148 369
158 307
158 306
158 305
158 304
159 304
159 303
160 303
160 304
161 304
161 305
162 305
162 306
163 306
163 307
164 307
164 308
164 309
165 309
165 310
166 310
166 311
167 311
168 311
168 312
169 312
170 312
170 313
171 313
172 313
173 313
173 314
174 314
174 315
175 315
175 316
176 316
176 317
177 317
177 318
178 318
179 318
179 319
180 319
180 320
181 320
181 321
181 322
182 322
182 323
183 323
184 323
185 323
186 323
187 323
188 323
189 323
190 323
191 323
192 323
193 323
194 323
195 323
196 323
196 322
197 322
198 322
198 321
199 321
199 320
199 319
199 318
199 317
199 316
199 315
200 315
201 315
202 315
202 316
203 316
204 316
205 316
206 316
207 316
207 317
208 317
208 316
209 316
210 316
211 316
212 316
213 316
214 316
215 316
215 317
216 317
217 317
218 317
219 317
220 317
221 317
221 318
221 319
221 320
221 321
221 322
221 323
222 323
222 324
222 325
222 326
222 327
222 328
222 329
222 330
222 331
222 332
222 333
223 333
224 333
225 333
225 332
226 332
226 331
227 331
228 331
229 331
230 331
230 330
231 330
231 329
232 329
232 328
233 328
233 327
233 326
233 325
233 324
234 324
234 323
235 323
235 322
235 321
236 321
236 320
237 320
238 320
239 320
240 320
241 320
242 320
243 320
244 320
245 320
246 320
247 320
248 320
249 320
249 319
250 319
250 318
250 317
251 317
251 316
251 315
251 314
251 313
251 312
252 312
253 312
254 312
255 312
256 312
256 313
257 313
257 314
258 314
258 315
259 315
259 316
260 316
260 317
261 317
261 318
262 318
262 319
262 320
261 320
261 321
260 321
259 321
259 322
259 323
259 324
259 325
259 326
259 327
258 327
258 328
258 329
259 329
259 330
259 331
259 332
260 332
261 332
262 332
263 332
264 332
265 332
266 332
267 332
268 332
268 331
185 433
184 433
186 433
187 433
188 433
189 433
190 433
190 434
191 434
191 435
192 435
192 434
193 434
194 434
195 434
196 434
197 434
197 433
198 433
198 432
198 431
199 431
199 430
200 430
200 429
201 429
201 428
202 428
203 428
203 427
204 427
204 426
204 425
205 425
205 424
206 424
206 423
206 422
206 421
206 420
207 420
207 419
208 419
208 418
209 418
209 417
210 417
210 416
210 415
210 414
211 414
211 413
212 413
212 412
213 412
213 411
213 410
214 410
214 409
215 409
216 409
216 408
217 408
217 407
218 407
218 406
219 406
220 406
220 405
221 405
221 404
221 403
221 402
222 402
222 401
223 401
224 401
225 401
226 401
226 400
227 400
228 400
229 400
229 399
230 399
231 399
231 398
232 398
233 398
234 398
234 397
235 397
236 397
237 397
238 397
239 397
240 397
241 397
241 398
184 434
183 434
182 434
182 435
181 435
181 436
180 436
180 437
179 437
179 436
178 436
177 436
176 436
175 436
174 436
173 436
172 436
171 436
170 436
169 436
168 436
167 436
166 436
166 437
166 438
166 439
166 440
166 441
166 442
166 443
166 444
166 445
166 446
166 447
166 448
166 449
166 450
166 451
166 452
166 453
166 454
166 455
166 456
167 456
167 457
168 457
168 458
169 458
169 459
170 459
303 496
303 495
303 497
303 498
303 499
303 500
303 501
302 501
302 502
302 503
302 504
302 505
302 506
302 507
302 508
301 508
303 494
303 493
303 492
302 492
302 491
303 491
303 490
303 489
303 488
304 488
304 487
305 487
306 487
307 487
308 487
309 487
310 487
311 487
312 487
313 487
314 487
315 487
315 486
316 486
317 486
317 485
318 485
319 485
319 484
319 483
320 483
320 482
320 481
320 480
320 479
321 479
321 478
322 478
323 478
323 477
324 477
324 476
324 475
323 475
323 474
323 473
323 472
323 471
323 470
323 469
324 469
324 468
324 467
324 466
324 465
325 465
325 464
326 464
326 463
327 463
328 463
328 462
329 462
330 462
331 462
332 462
333 462
333 461
333 460
333 459
333 458
333 457
333 456
332 456
332 455
332 454
331 454
331 453
330 453
330 452
329 452
329 451
328 451
327 451
327 450
326 450
326 449
325 449
324 449
323 449
323 448
323 447
323 446
323 445
323 444
323 443
324 443
324 442
325 442
325 441
325 440
325 439
325 438
325 437
325 436
224 285
225 285
223 285
222 285
221 285
221 284
220 284
219 284
218 284
217 284
216 284
216 283
217 283
218 283
219 283
219 282
219 281
219 280
219 279
219 278
219 277
218 277
218 276
217 276
216 276
216 275
215 275
214 275
213 275
212 275
211 275
210 275
209 275
208 275
207 275
207 274
206 274
226 285
227 285
228 285
228 286
228 287
228 288
228 289
229 289
229 290
230 290
230 291
231 291
231 292
232 292
233 292
233 293
234 293
235 293
235 294
236 294
236 295
237 295
238 295
238 296
239 296
240 296
240 297
241 297
241 298
242 298
242 299
243 299
244 299
245 299
246 299
247 299
248 299
249 299
250 299
251 299
251 300
252 300
252 301
252 302
252 303
252 304
252 305
252 306
252 307
252 308
252 309
252 310
252 311
267 507
268 507
266 507
266 508
266 509
265 509
265 510
264 510
264 511
263 511
263 510
262 510
262 509
261 509
260 509
260 508
259 508
259 507
258 507
257 507
256 507
255 507
255 508
254 508
253 508
252 508
251 508
250 508
249 508
248 508
247 508
247 509
246 509
246 508
245 508
244 508
243 508
242 508
241 508
240 508
239 508
238 508
237 508
237 509
236 509
236 510
236 511
235 511
234 511
233 511
232 511
231 511
230 511
229 511
228 511
228 510
228 509
227 509
227 508
227 507
227 506
227 505
227 504
227 503
268 506
269 506
269 505
270 505
271 505
271 504
272 504
272 503
273 503
273 502
274 502
275 502
275 501
276 501
403 130
404 130
403 131
402 131
402 132
401 132
401 133
401 134
401 135
401 136
402 136
403 136
403 137
403 138
403 139
403 140
403 141
403 142
403 143
404 143
405 143
405 144
406 144
406 145
406 146
406 147
406 148
406 149
406 150
407 150
407 151
408 151
408 152
409 152
404 129
405 129
406 129
407 129
407 128
408 128
408 127
409 127
409 126
410 126
410 125
411 125
411 124
412 124
412 123
34 400
34 401
34 399
34 398
34 397
34 396
35 396
36 396
37 396
38 396
39 396
34 402
34 403
34 404
34 405
34 406
34 407
35 407
35 408
36 408
37 408
38 408
39 408
39 409
40 409
40 408
41 408
42 408
43 408
44 408
45 408
45 407
46 407
47 407
47 408
48 408
49 408
50 408
51 408
52 408
52 409
53 409
54 409
55 409
55 410
56 410
56 411
57 411
58 411
58 412
59 412
60 412
61 412
62 412
63 412
64 412
64 413
65 413
65 414
65 415
66 415
66 416
66 417
67 417
67 418
68 418
69 418
70 418
71 418
72 418
73 418
74 418
75 418
76 418
77 418
78 418
78 417
79 417
80 417
80 416
81 416
81 415
82 415
82 414
82 413
83 413
83 412
83 411
84 411
84 410
84 409
84 408
84 407
84 406
84 405
84 404
84 403
84 402
84 401
85 401
86 401
86 400
87 400
87 401
88 401
89 401
89 402
90 402
91 402
91 403
92 403
93 403
93 404
94 404
95 404
96 404
97 404
97 405
97 406
97 407
97 408
97 409
98 409
99 409
100 409
101 409
101 410
101 411
102 411
102 412
103 412
103 413
103 414
103 415
104 415
104 416
104 417
104 418
104 419
104 420
104 421
104 422
105 422
105 423
106 423
107 423
108 423
108 422
109 422
110 422
111 422
111 421
112 421
113 421
114 421
114 420
114 419
114 418
114 417
114 416
114 415
115 415
115 414
115 413
115 412
115 411
116 411
117 411
118 411
118 412
119 412
119 413
120 413
120 414
121 414
121 415
122 415
122 416
122 417
123 417
123 418
124 418
125 418
126 418
127 418
128 418
129 418
129 419
130 419
131 419
132 419
132 420
133 420
133 421
134 421
135 421
136 421
137 421
138 421
138 420
138 419
139 419
139 418
139 417
140 417
140 416
140 415
141 415
141 414
141 413
141 412
140 412
140 411
140 410
139 410
139 409
138 409
138 408
138 407
138 406
138 405
138 404
138 403
138 402
444 177
443 177
445 177
446 177
447 177
448 177
449 177
449 178
450 178
450 179
451 179
452 179
453 179
454 179
455 179
456 179
457 179
458 179
459 179
460 179
461 179
462 179
463 179
464 179
465 179
466 179
467 179
467 180
467 181
467 182
467 183
468 183
468 184
469 184
470 184
470 185
471 185
472 185
473 185
474 185
475 185
476 185
477 185
478 185
479 185
480 185
481 185
481 186
482 186
482 187
483 187
483 188
484 188
485 188
485 189
486 189
486 190
486 191
486 192
486 193
485 193
485 194
484 194
484 195
483 195
483 196
482 196
482 197
482 198
482 199
482 200
483 200
483 201
442 177
441 177
441 176
440 176
440 175
439 175
439 174
439 173
439 172
438 172
438 171
437 171
437 170
436 170
436 171
435 171
434 171
433 171
432 171
432 172
431 172
431 173
430 173
430 174
429 174
429 175
348 511
347 511
349 511
350 511
351 511
352 511
353 511
354 511
354 510
354 509
355 509
355 508
355 507
355 506
355 505
355 504
355 503
355 502
355 501
355 500
355 499
355 498
355 497
355 496
356 496
356 495
355 495
354 495
353 495
352 495
351 495
350 495
349 495
348 495
348 494
348 493
347 493
347 492
346 492
346 491
346 490
346 489
347 489
347 488
347 487
347 486
348 486
348 485
348 484
348 483
348 482
348 481
348 480
347 480
347 479
346 479
345 479
344 479
343 479
342 479
341 479
340 479
339 479
338 479
337 479
336 479
335 479
335 480
334 480
333 480
333 479
332 479
331 479
331 478
331 477
330 477
330 476
329 476
328 476
327 476
326 476
325 476
346 511
346 510
345 510
345 509
344 509
343 509
343 508
342 508
341 508
340 508
340 507
339 507
117 355
117 356
117 354
117 353
116 353
116 352
115 352
115 351
114 351
114 350
114 349
113 349
113 348
113 347
112 347
111 347
110 347
109 347
108 347
108 346
107 346
106 346
106 345
106 344
105 344
105 343
104 343
103 343
103 342
102 342
101 342
100 342
99 342
98 342
97 342
96 342
95 342
94 342
93 342
92 342
92 343
91 343
91 344
90 344
90 345
89 345
89 346
88 346
88 347
88 348
87 348
87 349
87 350
86 350
86 349
86 348
85 348
85 347
84 347
84 346
84 345
84 344
84 343
84 342
83 342
83 341
82 341
82 340
81 340
81 339
81 338
80 338
117 357
117 358
117 359
118 359
118 358
119 358
120 358
120 357
121 357
122 357
123 357
124 357
124 356
125 356
126 356
126 355
127 355
127 354
128 354
129 354
130 354
131 354
132 354
132 353
133 353
133 352
134 352
134 351
135 351
135 350
136 350
136 349
136 348
408 112
408 111
408 113
408 114
408 115
408 116
408 117
408 118
408 119
409 119
409 120
410 120
410 121
411 121
411 122
411 123
407 111
407 110
406 110
406 109
406 108
405 108
405 107
405 106
405 105
406 105
406 104
407 104
407 103
407 102
408 102
409 102
409 101
410 101
410 100
411 100
412 100
413 100
413 99
412 99
412 98
411 98
411 97
410 97
410 96
409 96
408 96
408 95
407 95
407 94
406 94
406 93
405 93
404 93
403 93
402 93
401 93
400 93
399 93
399 92
398 92
398 91
397 91
396 91
105 458
105 457
106 458
106 459
106 460
106 461
107 461
107 462
107 463
107 464
107 465
107 466
107 467
107 468
108 468
108 469
109 469
109 470
110 470
110 471
111 471
112 471
113 471
114 471
115 471
116 471
117 471
118 471
119 471
119 470
120 470
120 469
121 469
121 468
121 467
121 466
121 465
121 464
122 464
122 463
122 462
122 461
123 461
123 460
124 460
125 460
126 460
127 460
128 460
129 460
129 461
130 461
131 461
132 461
133 461
134 461
134 462
134 463
134 464
134 465
134 466
135 466
135 467
136 467
136 468
137 468
138 468
139 468
140 468
141 468
141 467
142 467
143 467
143 466
144 466
144 465
144 464
144 463
144 462
144 461
144 460
144 459
144 458
144 457
145 457
145 456
146 456
147 456
147 455
148 455
148 454
149 454
150 454
150 453
149 453
148 453
148 452
148 451
148 450
148 449
148 448
148 447
148 446
148 445
148 444
149 444
150 444
151 444
152 444
153 444
154 444
155 444
156 444
157 444
157 445
158 445
159 445
159 446
160 446
161 446
162 446
163 446
164 446
165 446
104 457
103 457
103 456
102 456
102 455
102 454
101 454
101 453
100 453
100 452
100 451
100 450
100 449
100 448
100 447
100 446
99 446
99 445
28 488
28 487
28 489
28 490
28 491
29 491
29 492
30 492
30 493
30 494
30 495
30 496
30 497
30 498
30 499
30 500
30 501
30 502
30 503
30 504
30 505
30 506
30 507
29 507
29 508
28 508
28 509
27 509
26 509
25 509
24 509
23 509
22 509
21 509
20 509
20 510
19 510
19 509
19 508
18 508
18 507
18 506
18 505
17 505
17 504
17 503
16 503
16 502
16 501
16 500
16 499
16 498
16 497
16 496
16 495
16 494
16 493
16 492
16 491
16 490
15 490
15 489
14 489
28 486
28 485
28 484
28 483
28 482
27 482
27 481
26 481
26 480
26 479
26 478
26 477
26 476
26 475
26 474
26 473
27 473
27 472
28 472
28 471
29 471
29 470
30 470
31 470
31 469
31 468
30 468
30 467
30 466
30 465
30 464
30 463
29 463
29 462
29 461
28 461
27 461
27 460
26 460
25 460
24 460
24 461
23 461
22 461
22 462
21 462
20 462
20 463
19 463
19 464
18 464
17 464
16 464
15 464
14 464
14 463
13 463
12 463
12 462
11 462
10 462
10 461
10 460
9 460
8 460
7 460
6 460
6 459
5 459
4 459
4 458
3 458
2 458
2 457
1 457
1 456
0 456
0 455
0 454
0 453
0 452
0 451
0 450
0 449
1 449
2 449
2 448
2 447
2 446
2 445
2 444
2 443
2 442
2 441
3 441
3 440
3 439
4 439
4 438
4 437
4 436
4 435
4 434
4 433
4 432
4 431
3 431
3 430
3 429
3 428
3 427
2 427
1 427
1 426
0 426
0 425
0 424
1 424
1 423
2 423
3 423
4 423
5 423
6 423
7 423
8 423
8 422
9 422
9 421
10 421
10 420
11 420
12 420
12 419
13 419
13 418
14 418
15 418
16 418
17 418
17 417
18 417
19 417
19 418
19 419
19 420
19 421
19 422
19 423
19 424
20 424
20 425
20 426
20 427
20 428
20 429
20 430
20 431
21 431
21 432
21 433
22 433
22 434
22 435
23 435
23 436
24 436
25 436
26 436
26 435
27 435
28 435
29 435
30 435
31 435
32 435
33 435
34 435
35 435
36 435
37 435
38 435
39 435
39 436
40 436
41 436
41 437
42 437
42 438
43 438
43 439
44 439
44 440
45 440
46 440
47 440
48 440
48 439
49 439
49 438
50 438
51 438
52 438
53 438
54 438
55 438
56 438
57 438
58 438
58 437
59 437
59 436
58 436
58 435
58 434
58 433
58 432
58 431
58 430
58 429
58 428
59 428
59 427
60 427
61 427
62 427
63 427
64 427
65 427
66 427
67 427
67 426
67 425
67 424
67 423
67 422
67 421
67 420
67 419
131 497
132 497
130 497
130 498
129 498
128 498
128 499
127 499
127 498
126 498
125 498
124 498
123 498
122 498
122 497
121 497
121 496
120 496
120 495
120 494
120 493
120 492
119 492
119 491
119 490
119 489
118 489
118 488
118 487
118 486
117 486
117 485
116 485
116 484
115 484
114 484
113 484
112 484
111 484
110 484
109 484
109 483
108 483
108 482
107 482
107 481
106 481
106 480
106 479
106 478
106 477
106 476
106 475
106 474
106 473
106 472
106 471
105 471
104 471
104 470
103 470
102 470
101 470
101 469
102 469
103 469
104 469
105 469
106 469
107 469
133 497
134 497
135 497
136 497
136 496
136 495
136 494
136 493
136 492
136 491
136 490
136 489
137 489
137 488
137 487
137 486
137 485
136 485
136 484
136 483
135 483
135 482
134 482
134 481
133 481
133 480
133 479
133 478
133 477
133 476
133 475
134 475
134 474
134 473
135 473
135 472
135 471
136 471
136 470
136 469
137 469
417 61
416 61
418 61
419 61
420 61
420 62
421 62
422 62
422 63
423 63
423 64
424 64
425 64
426 64
426 65
427 65
428 65
428 66
429 66
430 66
415 61
414 61
413 61
412 61
412 62
411 62
411 61
411 60
411 59
411 58
410 58
410 57
410 56
409 56
409 55
409 54
408 54
408 53
407 53
407 52
407 51
407 50
407 49
407 48
277 484
276 484
277 483
277 482
277 481
277 480
277 479
277 478
277 477
277 476
277 475
276 475
276 476
275 476
274 476
273 476
272 476
272 475
272 474
271 474
271 473
271 472
270 472
270 471
269 471
269 470
268 470
268 469
268 468
268 467
268 466
268 465
268 464
268 463
268 462
268 461
268 460
268 459
276 485
276 486
275 486
275 487
275 488
275 489
275 490
276 490
276 491
277 491
277 492
278 492
278 493
279 493
279 494
279 495
279 496
279 497
279 498
279 499
279 500
278 500
322 246
322 247
323 246
323 245
324 245
325 245
325 244
326 244
326 243
327 243
328 243
329 243
330 243
331 243
332 243
332 244
321 247
321 248
321 249
320 249
320 250
319 250
319 251
319 252
318 252
318 253
318 254
317 254
316 254
316 255
315 255
315 256
314 256
313 256
313 257
312 257
311 257
310 257
309 257
308 257
308 258
307 258
306 258
305 258
304 258
303 258
302 258
302 259
302 260
302 261
302 262
302 263
301 263
300 263
299 263
298 263
298 264
298 265
297 265
297 266
297 267
296 267
296 268
295 268
295 269
295 270
295 271
295 272
295 273
295 274
296 274
296 275
296 276
297 276
440 37
441 37
440 36
440 35
439 35
439 34
440 34
440 33
441 33
441 32
442 32
442 31
443 31
443 32
444 32
445 32
445 33
446 33
446 34
447 34
448 34
448 35
449 35
450 35
451 35
452 35
453 35
454 35
455 35
455 36
455 37
455 38
455 39
455 40
455 41
455 42
456 42
457 42
457 41
458 41
459 41
460 41
461 41
462 41
463 41
463 40
463 39
463 38
463 37
463 36
463 35
463 34
463 33
463 32
463 31
463 30
463 29
464 29
464 28
465 28
466 28
466 27
467 27
467 26
467 25
467 24
468 24
468 23
468 22
468 21
469 21
470 21
471 21
472 21
473 21
473 20
474 20
475 20
476 20
476 19
477 19
478 19
478 18
479 18
480 18
480 17
481 17
481 16
481 15
482 15
482 14
482 13
483 13
483 12
484 12
484 11
485 11
485 10
486 10
486 9
487 9
488 9
489 9
490 9
490 8
490 7
491 7
491 6
492 6
493 6
494 6
495 6
496 6
497 6
498 6
499 6
500 6
501 6
502 6
503 6
503 7
504 7
505 7
505 8
505 9
506 9
506 10
507 10
507 11
508 11
509 11
509 12
510 12
510 13
510 14
510 15
510 16
511 16
511 17
511 18
511 19
511 20
511 21
511 22
511 23
511 24
511 25
511 26
511 27
511 28
511 29
511 30
510 30
510 31
509 31
509 32
508 32
508 33
508 34
507 34
507 35
507 36
507 37
507 38
507 39
507 40
507 41
507 42
508 42
508 43
509 43
509 44
510 44
511 44
511 45
511 46
511 47
511 48
511 49
511 50
511 51
511 52
511 53
510 53
510 54
510 55
510 56
510 57
510 58
510 59
510 60
510 61
510 62
510 63
510 64
510 65
510 66
509 66
508 66
507 66
506 66
505 66
504 66
504 67
503 67
503 68
502 68
502 69
502 70
502 71
502 72
501 72
501 73
501 74
500 74
500 75
499 75
499 76
498 76
498 77
497 77
497 78
496 78
496 79
495 79
495 80
494 80
493 80
492 80
491 80
491 81
491 82
491 83
491 84
491 85
491 86
491 87
491 88
491 89
491 90
492 90
492 91
492 92
492 93
493 93
493 94
494 94
495 94
496 94
497 94
498 94
498 95
499 95
499 96
500 96
500 97
501 97
502 97
503 97
504 97
505 97
506 97
506 98
507 98
508 98
508 99
509 99
510 99
510 100
511 100
511 101
511 102
511 103
511 104
511 105
511 106
511 107
511 108
511 109
511 110
511 111
511 112
511 113
510 113
509 113
508 113
507 113
506 113
506 114
505 114
505 115
504 115
504 116
503 116
503 117
502 117
441 38
442 38
442 39
442 40
442 41
442 42
441 42
441 43
440 43
440 44
439 44
439 45
438 45
437 45
436 45
435 45
434 45
433 45
432 45
431 45
430 45
429 45
428 45
427 45
426 45
425 45
424 45
423 45
423 46
326 177
325 177
327 177
328 177
329 177
330 177
331 177
332 177
333 177
333 176
334 176
334 175
324 177
323 177
322 177
321 177
320 177
355 149
354 149
356 149
357 149
358 149
359 149
359 148
359 147
360 147
361 147
361 146
362 146
363 146
364 146
365 146
366 146
367 146
368 146
369 146
370 146
371 146
371 145
372 145
372 144
372 143
373 143
373 142
373 141
373 140
373 139
373 138
372 138
372 137
371 137
371 136
371 135
372 135
372 134
372 133
372 132
373 132
373 131
373 130
374 130
374 129
375 129
375 128
375 127
376 127
377 127
377 126
378 126
379 126
379 125
380 125
381 125
382 125
382 126
383 126
384 126
384 127
385 127
385 128
385 129
385 130
385 131
385 132
386 132
386 133
386 134
386 135
386 136
386 137
386 138
386 139
386 140
386 141
387 141
387 142
387 143
388 143
388 144
388 145
389 145
390 145
391 145
392 145
393 145
394 145
395 145
396 145
397 145
398 145
399 145
399 144
400 144
401 144
401 143
402 143
353 149
352 149
351 149
350 149
349 149
349 148
348 148
347 148
346 148
346 147
345 147
345 148
345 149
345 150
345 151
345 152
345 153
345 154
345 155
345 156
345 157
346 157
346 158
347 158
348 158
348 159
347 159
347 160
347 161
347 162
347 163
347 164
347 165
346 165
346 166
345 166
344 166
344 167
343 167
343 168
342 168
341 168
340 168
340 169
339 169
339 170
338 170
338 171
337 171
337 172
336 172
336 173
335 173
335 174
335 175
131 266
131 265
131 267
131 268
131 269
131 270
131 271
131 272
131 273
131 274
131 275
131 276
132 276
133 276
134 276
134 277
135 277
135 278
136 278
136 279
137 279
137 280
137 281
137 282
137 283
137 284
137 285
137 286
136 286
136 287
136 288
135 288
135 289
134 289
133 289
132 289
132 290
131 290
131 291
131 292
131 293
131 294
131 295
130 295
130 296
129 296
128 296
127 296
126 296
125 296
125 297
124 297
124 298
123 298
123 299
122 299
122 300
122 301
122 302
122 303
122 304
122 305
122 306
122 307
122 308
121 308
120 308
119 308
118 308
117 308
116 308
116 309
116 310
116 311
116 312
116 313
116 314
116 315
116 316
117 316
117 317
117 318
118 318
118 319
119 319
119 320
120 320
121 320
122 320
123 320
124 320
125 320
126 320
126 321
126 322
126 323
126 324
126 325
127 325
128 325
129 325
130 325
131 325
132 325
133 325
134 325
134 324
135 324
135 323
136 323
137 323
137 322
138 322
139 322
139 321
140 321
132 265
132 264
132 263
133 263
133 262
134 262
135 262
136 262
137 262
138 262
139 262
140 262
141 262
142 262
143 262
144 262
145 262
145 263
146 263
147 263
147 264
148 264
136 67
137 67
135 67
134 67
133 67
132 67
132 68
131 68
130 68
129 68
128 68
128 67
127 67
127 68
126 68
125 68
124 68
123 68
122 68
121 68
120 68
119 68
119 69
118 69
118 70
117 70
117 71
116 71
138 67
139 67
139 66
140 66
140 65
141 65
141 64
141 63
141 62
141 61
141 60
141 59
140 59
140 58
139 58
139 57
139 56
140 56
141 56
142 56
143 56
144 56
145 56
146 56
147 56
148 56
149 56
149 55
149 54
150 54
151 54
152 54
153 54
154 54
154 53
155 53
155 52
155 51
156 51
157 51
158 51
158 50
159 50
159 49
159 48
159 47
160 47
160 46
161 46
162 46
163 46
164 46
165 46
165 45
166 45
166 44
167 44
168 44
168 43
169 43
169 42
170 42
170 41
171 41
172 41
172 40
173 40
173 41
174 41
175 41
176 41
177 41
178 41
179 41
180 41
181 41
182 41
182 40
183 40
183 39
184 39
184 38
185 38
186 38
187 38
188 38
189 38
190 38
191 38
192 38
192 37
193 37
193 36
194 36
194 35
195 35
196 35
197 35
197 36
198 36
199 36
199 37
200 37
201 37
202 37
202 38
203 38
204 38
205 38
206 38
206 39
207 39
208 39
208 40
209 40
210 40
210 41
211 41
212 41
212 42
212 43
213 43
213 44
214 44
214 45
214 46
215 46
216 46
216 47
217 47
218 47
219 47
220 47
221 47
222 47
222 46
223 46
223 45
222 45
222 44
222 43
222 42
222 41
222 40
223 40
223 39
223 38
224 38
224 37
225 37
226 37
227 37
228 37
229 37
230 37
231 37
232 37
233 37
233 38
234 38
234 39
235 39
235 40
236 40
237 40
238 40
239 40
240 40
241 40
242 40
243 40
244 40
245 40
246 40
246 41
247 41
247 42
247 43
248 43
248 44
249 44
250 44
250 45
251 45
251 46
252 46
252 47
253 47
254 47
254 46
255 46
255 45
256 45
257 45
258 45
259 45
259 44
259 43
259 42
259 41
259 40
259 39
259 38
260 38
261 38
261 37
262 37
262 36
262 35
262 34
262 33
262 32
262 31
263 31
264 31
264 30
265 30
266 30
267 30
267 29
268 29
269 29
270 29
271 29
272 29
272 30
273 30
274 30
275 30
275 31
276 31
277 31
277 32
278 32
279 32
280 32
280 33
281 33
281 34
281 35
281 36
281 37
282 37
282 38
283 38
284 38
285 38
286 38
287 38
288 38
289 38
290 38
291 38
292 38
292 37
293 37
293 36
293 35
294 35
294 34
295 34
296 34
296 33
297 33
