25 3
26 3
25 4
25 5
25 6
25 7
25 8
25 9
26 9
26 10
26 11
25 11
25 12
25 13
25 14
25 15
25 16
25 17
25 18
25 19
25 20
25 21
26 21
26 22
27 22
27 23
28 23
28 24
28 25
28 26
29 26
29 27
30 27
30 28
31 28
32 28
32 29
33 29
33 30
34 30
34 31
34 32
34 33
33 33
33 34
32 34
32 35
32 36
31 36
31 37
26 2
26 1
27 1
28 1
28 0
29 0
30 0
31 0
32 0
33 0
185 39
185 38
185 40
185 41
185 42
184 42
184 43
185 43
185 44
186 44
187 44
188 44
189 44
190 44
190 45
191 45
192 45
192 46
186 38
186 37
187 37
187 36
188 36
189 36
189 35
190 35
191 35
191 34
192 34
192 33
193 33
58 40
58 41
58 39
57 39
57 38
57 37
57 36
56 36
56 35
56 34
56 33
56 32
55 32
55 31
55 30
54 30
54 29
54 28
53 28
53 27
52 27
52 26
51 26
51 25
50 25
49 25
48 25
47 25
46 25
45 25
44 25
44 24
44 23
43 23
43 24
43 25
43 26
43 27
43 28
43 29
42 29
41 29
40 29
39 29
38 29
37 29
36 29
36 30
35 30
35 31
58 42
58 43
58 44
58 45
59 45
60 45
61 45
61 46
62 46
32 47
32 46
32 48
32 49
33 49
34 49
35 49
35 50
36 50
37 50
37 51
38 51
38 52
39 52
39 53
39 54
39 55
39 56
39 57
39 58
32 45
32 44
32 43
32 42
32 41
31 41
31 40
31 39
31 38
325 23
325 22
325 24
325 25
324 25
323 25
323 26
322 26
322 27
321 27
325 21
326 21
327 21
327 20
327 19
326 19
325 19
325 18
325 17
324 17
324 16
323 16
323 15
323 14
322 14
322 13
74 40
75 40
73 40
72 40
71 40
70 40
69 40
68 40
67 40
66 40
65 40
65 41
65 42
64 42
64 43
64 44
63 44
63 45
62 45
76 40
76 41
77 41
77 42
78 42
79 42
80 42
81 42
82 42
82 43
81 43
80 43
80 44
79 44
79 45
79 46
79 47
80 47
80 48
80 49
81 49
81 50
82 50
82 51
83 51
84 51
85 51
86 51
87 51
87 52
88 52
88 53
89 53
52 11
52 12
52 10
52 9
52 8
52 7
52 6
52 5
52 4
53 4
53 3
54 3
54 2
52 13
52 14
52 15
52 16
52 17
52 18
52 19
52 20
51 20
51 21
51 22
51 23
51 24
29 52
28 52
29 51
30 51
30 50
31 50
32 50
28 53
28 54
27 54
27 55
26 55
26 56
26 57
26 58
26 59
26 60
26 61
26 62
26 63
25 63
25 64
25 65
25 66
24 66
82 30
82 31
82 29
82 28
82 27
81 27
81 26
80 26
80 25
80 24
81 24
81 23
82 23
82 22
83 22
83 21
83 20
84 20
85 20
85 19
86 19
87 19
88 19
89 19
90 19
91 19
92 19
92 18
91 18
90 18
89 18
89 17
89 16
89 15
89 14
88 14
88 13
88 12
87 12
87 11
87 10
86 10
86 9
85 9
85 8
84 8
84 7
83 7
82 7
81 7
80 7
79 7
78 7
77 7
76 7
75 7
74 7
74 8
73 8
73 9
72 9
82 32
82 33
83 33
83 34
83 35
83 36
83 37
83 38
83 39
84 39
84 40
84 41
83 41
83 42
114 19
114 20
113 19
113 18
112 18
111 18
110 18
110 17
109 17
108 17
107 17
106 17
105 17
104 17
103 17
102 17
102 18
101 18
101 19
101 20
100 20
100 21
99 21
98 21
97 21
96 21
95 21
95 20
94 20
94 19
93 19
115 20
115 21
116 21
116 22
117 22
117 23
118 23
118 22
119 22
120 22
120 21
121 21
121 20
121 19
121 18
121 17
121 16
121 15
122 15
122 14
122 13
122 12
122 11
122 10
121 10
121 9
121 8
121 7
121 6
121 5
122 5
123 5
123 4
124 4
125 4
125 3
126 3
127 3
127 2
128 2
128 1
128 0
129 0
130 0
131 0
132 0
133 0
134 0
135 0
136 0
137 0
138 0
139 0
339 69
340 69
338 69
337 69
336 69
335 69
334 69
334 68
333 68
333 67
341 69
342 69
343 69
344 69
345 69
346 69
347 69
347 68
348 68
349 68
349 67
350 67
350 66
351 66
352 66
352 65
353 65
0 89
0 88
0 90
0 91
0 92
0 93
0 94
0 95
1 95
2 95
3 95
4 95
5 95
5 96
5 97
6 97
6 98
6 99
7 99
7 100
8 100
9 100
9 101
10 101
11 101
12 101
13 101
14 101
14 102
15 102
15 103
14 103
14 104
14 105
14 106
14 107
15 107
15 108
15 109
16 109
16 110
17 110
17 111
17 112
18 112
19 112
20 112
20 113
20 114
21 114
21 113
22 113
22 112
23 112
23 111
24 111
25 111
25 110
26 110
26 109
27 109
28 109
29 109
30 109
31 109
32 109
33 109
33 110
0 87
0 86
0 85
0 84
1 84
2 84
3 84
4 84
4 83
3 83
2 83
1 83
0 83
0 82
0 81
0 80
0 79
0 78
0 77
0 76
0 75
0 74
0 73
0 72
0 71
0 70
0 69
0 68
0 67
1 67
2 67
3 67
4 67
4 66
5 66
6 66
7 66
8 66
9 66
10 66
10 65
11 65
12 65
12 66
13 66
13 67
14 67
14 68
15 68
16 68
16 69
17 69
18 69
18 68
19 68
20 68
21 68
22 68
23 68
23 67
24 67
92 83
92 82
92 84
92 85
92 86
92 87
92 88
93 88
93 89
94 89
95 89
95 90
96 90
96 91
96 92
96 93
97 93
97 94
97 95
98 95
98 96
98 97
98 98
99 98
99 99
100 99
100 100
101 100
101 101
102 101
102 102
102 103
102 104
102 105
102 106
102 107
102 108
101 108
100 108
99 108
99 109
98 109
98 110
97 110
96 110
96 111
95 111
95 112
94 112
94 113
94 114
93 114
93 115
92 115
92 116
91 116
91 117
90 117
89 117
88 117
88 118
88 119
88 120
88 121
88 122
88 123
87 123
87 124
86 124
86 125
85 125
84 125
84 126
83 126
83 127
82 127
82 128
82 129
82 130
82 131
81 131
80 131
79 131
78 131
77 131
76 131
75 131
75 130
74 130
74 129
73 129
72 129
72 128
71 128
70 128
70 127
69 127
69 126
68 126
68 125
67 125
67 124
67 123
67 122
67 121
66 121
66 120
65 120
64 120
63 120
62 120
61 120
61 119
60 119
60 118
59 118
59 117
60 117
60 116
61 116
61 115
62 115
63 115
63 114
64 114
65 114
65 113
65 112
66 112
66 111
66 110
66 109
67 109
67 108
67 107
67 106
67 105
67 104
67 103
67 102
68 102
68 101
69 101
69 100
68 100
68 99
68 98
68 97
68 96
68 95
68 94
67 94
67 93
67 92
67 91
67 90
67 89
67 88
67 87
67 86
68 86
68 85
69 85
69 84
70 84
70 83
70 82
70 81
69 81
69 80
68 80
68 79
68 78
67 78
67 77
66 77
66 76
65 76
65 75
64 75
64 74
64 73
63 73
63 72
62 72
62 71
62 70
61 70
61 69
61 68
61 67
61 66
61 65
61 64
61 63
61 62
62 62
62 61
62 60
63 60
63 59
64 59
64 58
64 57
64 56
64 55
64 54
64 53
64 52
64 51
64 50
64 49
64 48
63 48
63 47
63 46
92 81
92 80
92 79
92 78
92 77
92 76
92 75
91 75
91 74
90 74
128 94
128 95
128 93
128 92
129 92
129 91
130 91
130 90
131 90
131 89
132 89
133 89
133 88
134 88
135 88
136 88
137 88
138 88
139 88
140 88
141 88
141 87
140 87
140 86
139 86
139 85
138 85
138 84
138 83
138 82
138 81
137 81
137 80
136 80
136 79
135 79
135 78
134 78
133 78
132 78
131 78
130 78
130 77
130 76
129 76
129 75
128 75
128 96
128 97
128 98
128 99
128 100
127 100
127 101
127 102
127 103
127 104
127 105
128 105
128 106
128 107
128 108
128 109
127 109
127 110
126 110
126 111
125 111
124 111
123 111
122 111
121 111
121 110
120 110
119 110
118 110
117 110
116 110
116 111
116 112
115 112
115 111
115 110
115 109
114 109
114 108
113 108
113 107
112 107
112 106
111 106
111 105
110 105
109 105
108 105
107 105
106 105
105 105
104 105
104 106
103 106
103 107
43 127
44 127
42 127
41 127
41 126
40 126
40 125
40 124
40 123
39 123
39 122
39 121
38 121
38 120
37 120
37 119
36 119
36 118
36 117
36 116
36 115
36 114
36 113
36 112
35 112
35 111
34 111
34 110
45 127
46 127
47 127
47 126
48 126
49 126
49 125
50 125
51 125
52 125
53 125
54 125
54 126
55 126
56 126
56 127
57 127
57 128
58 128
59 128
60 128
60 127
61 127
62 127
63 127
64 127
65 127
66 127
67 127
67 126
123 81
123 82
123 80
123 79
123 78
123 77
123 76
124 76
125 76
126 76
127 76
127 75
122 82
122 83
122 84
121 84
121 85
120 85
120 86
119 86
119 87
118 87
118 88
117 88
117 89
116 89
116 90
115 90
115 91
336 48
336 47
336 49
336 50
336 51
336 52
336 53
336 54
335 54
335 55
335 56
334 56
334 57
333 57
333 58
333 59
333 60
333 61
333 62
333 63
333 64
333 65
333 66
335 47
335 46
335 45
334 45
334 44
333 44
333 43
332 43
332 42
331 42
330 42
330 43
329 43
329 44
328 44
327 44
327 45
326 45
326 44
326 43
325 43
325 42
324 42
324 41
323 41
323 40
323 39
323 38
323 37
323 36
323 35
323 34
323 33
323 32
323 31
323 30
323 29
322 29
322 28
321 28
293 51
294 51
292 51
291 51
291 50
292 50
292 49
292 48
292 47
292 46
292 45
292 44
293 44
293 43
293 42
293 41
293 40
293 39
293 38
293 37
292 37
292 36
291 36
290 36
289 36
288 36
288 35
287 35
287 34
286 34
286 33
285 33
285 32
284 32
283 32
282 32
282 33
281 33
280 33
279 33
279 34
278 34
277 34
277 35
276 35
275 35
274 35
273 35
272 35
271 35
271 36
270 36
269 36
269 35
269 34
269 33
269 32
269 31
269 30
269 29
269 28
269 27
269 26
269 25
268 25
267 25
267 24
266 24
266 23
265 23
265 22
264 22
264 21
264 20
264 19
264 18
263 18
263 17
262 17
262 16
261 16
261 15
261 14
261 13
261 12
260 12
259 12
258 12
257 12
256 12
255 12
254 12
253 12
252 12
251 12
251 11
251 10
250 10
250 9
249 9
248 9
247 9
246 9
245 9
244 9
243 9
242 9
241 9
240 9
240 10
239 10
239 11
239 12
239 13
239 14
239 15
239 16
239 17
238 17
238 18
237 18
236 18
236 19
236 20
236 21
236 22
236 23
235 23
234 23
233 23
232 23
231 23
230 23
230 22
229 22
229 21
228 21
228 20
227 20
227 19
226 19
226 18
225 18
224 18
224 17
223 17
223 16
223 15
222 15
222 14
222 13
221 13
221 12
220 12
219 12
219 11
218 11
217 11
217 10
216 10
215 10
215 9
214 9
214 8
214 7
214 6
214 5
214 4
214 3
213 3
213 4
212 4
211 4
210 4
209 4
208 4
207 4
207 5
206 5
205 5
204 5
203 5
202 5
202 6
202 7
202 8
202 9
202 10
201 10
201 11
201 12
200 12
200 13
199 13
199 14
198 14
197 14
196 14
195 14
194 14
193 14
192 14
191 14
190 14
190 13
189 13
189 12
189 11
188 11
188 10
187 10
187 11
186 11
186 12
185 12
185 13
185 14
185 15
185 16
185 17
185 18
185 19
185 20
185 21
185 22
185 23
185 24
185 25
186 25
186 26
186 27
187 27
188 27
188 28
189 28
190 28
190 29
191 29
192 29
192 30
192 31
193 31
193 32
295 51
296 51
297 51
298 51
298 52
298 53
298 54
298 55
298 56
299 56
299 57
299 58
299 59
299 60
299 61
299 62
299 63
298 63
298 64
297 64
297 65
296 65
296 66
154 93
155 93
154 92
153 92
153 91
152 91
152 90
151 90
150 90
149 90
148 90
147 90
146 90
146 89
145 89
144 89
143 89
142 89
142 88
156 93
157 93
158 93
159 93
159 94
160 94
160 95
160 96
161 96
161 97
162 97
162 98
163 98
163 99
164 99
164 100
164 101
165 101
165 102
166 102
166 103
167 103
167 104
168 104
169 104
170 104
171 104
172 104
173 104
174 104
174 105
175 105
175 104
175 103
175 102
175 101
175 100
175 99
175 98
176 98
176 97
177 97
177 96
177 95
177 94
178 94
178 93
178 92
178 91
178 90
177 90
177 89
177 88
177 87
177 86
176 86
176 85
176 84
176 83
176 82
176 81
176 80
176 79
176 78
176 77
176 76
177 76
177 75
177 74
178 74
178 73
178 72
178 71
178 70
178 69
178 68
179 68
179 67
179 66
179 65
179 64
180 64
180 63
181 63
182 63
183 63
184 63
184 62
185 62
185 61
186 61
186 60
187 60
187 59
188 59
188 58
189 58
189 57
189 56
190 56
190 55
190 54
190 53
190 52
190 51
190 50
190 49
190 48
190 47
190 46
191 46
241 135
240 135
242 135
242 136
242 137
243 137
243 138
243 139
244 139
244 140
245 140
246 140
247 140
248 140
249 140
250 140
250 141
251 141
251 142
251 143
251 144
251 145
251 146
251 147
251 148
252 148
239 135
238 135
237 135
236 135
236 136
235 136
234 136
234 137
233 137
233 138
133 23
134 23
132 23
131 23
131 24
130 24
130 25
129 25
129 26
128 26
127 26
126 26
125 26
124 26
123 26
122 26
122 25
121 25
121 24
120 24
119 24
119 23
135 23
136 23
137 23
137 22
138 22
139 22
139 21
140 21
141 21
141 22
142 22
143 22
144 22
145 22
146 22
147 22
148 22
148 23
149 23
149 24
149 25
150 25
150 26
150 27
150 28
151 28
152 28
153 28
154 28
154 29
155 29
156 29
157 29
158 29
159 29
160 29
160 28
161 28
162 28
163 28
164 28
165 28
166 28
167 28
168 28
169 28
170 28
171 28
172 28
173 28
174 28
175 28
176 28
177 28
178 28
178 29
178 30
177 30
177 31
177 32
176 32
176 33
176 34
175 34
175 35
175 36
175 37
175 38
175 39
175 40
176 40
177 40
178 40
179 40
179 41
180 41
181 41
181 42
182 42
183 42
183 43
29 215
29 214
30 215
30 216
30 217
31 217
31 218
32 218
33 218
34 218
35 218
36 218
36 219
37 219
37 220
37 221
38 221
38 222
39 222
39 223
40 223
40 224
41 224
41 225
42 225
42 226
42 227
42 228
42 229
42 230
42 231
42 232
42 233
43 233
43 234
44 234
45 234
45 235
45 236
46 236
46 237
46 238
46 239
46 240
47 240
47 241
48 241
48 242
47 242
47 243
46 243
46 244
46 245
46 246
46 247
46 248
46 249
46 250
46 251
46 252
46 253
46 254
46 255
46 256
46 257
46 258
47 258
47 259
46 259
45 259
45 260
44 260
44 261
43 261
43 262
42 262
42 263
41 263
41 264
40 264
40 265
39 265
39 266
28 214
28 213
27 213
27 212
27 211
26 211
25 211
24 211
23 211
22 211
21 211
20 211
19 211
18 211
17 211
16 211
15 211
14 211
14 212
13 212
13 213
12 213
12 214
11 214
10 214
9 214
8 214
7 214
6 214
5 214
12 208
12 207
12 209
12 210
12 211
12 212
11 207
11 206
10 206
10 205
10 204
10 203
10 202
10 201
10 200
10 199
9 199
9 198
9 197
10 197
10 196
11 196
11 195
12 195
13 195
14 195
15 195
16 195
17 195
17 194
18 194
19 194
20 194
20 193
21 193
22 193
22 192
23 192
23 191
24 191
24 190
25 190
25 189
26 189
26 188
26 187
27 187
27 186
28 186
29 186
29 185
30 185
30 184
30 183
31 183
31 182
32 182
33 182
34 182
35 182
36 182
37 182
38 182
39 182
39 181
40 181
41 181
41 180
40 180
40 179
40 178
40 177
39 177
39 176
39 175
39 174
40 174
40 173
41 173
41 172
42 172
43 172
44 172
45 172
46 172
46 171
46 170
46 169
47 169
47 168
48 168
48 167
49 167
49 166
50 166
50 165
49 165
49 164
49 163
49 162
49 161
49 160
49 159
50 159
50 158
51 158
51 157
51 156
52 156
52 155
52 154
53 154
53 153
53 152
54 152
54 151
55 151
55 150
56 150
56 149
56 148
56 147
57 147
57 146
58 146
58 145
57 145
57 144
57 143
56 143
56 142
56 141
55 141
55 140
55 139
54 139
54 138
55 138
55 137
56 137
57 137
57 136
58 136
58 135
59 135
60 135
61 135
61 134
62 134
62 133
63 133
63 132
62 132
62 131
61 131
61 130
61 129
61 128
434 25
434 26
433 25
433 24
432 24
432 23
431 23
431 22
430 22
430 21
429 21
429 20
428 20
435 26
435 27
436 27
437 27
437 26
438 26
439 26
440 26
441 26
442 26
443 26
443 27
443 28
443 29
443 30
443 31
443 32
443 33
443 34
443 35
443 36
443 37
443 38
444 38
445 38
446 38
447 38
448 38
269 172
270 172
268 172
267 172
266 172
266 173
265 173
265 172
264 172
263 172
262 172
261 172
261 171
260 171
259 171
259 170
258 170
258 169
257 169
257 168
257 167
257 166
257 165
256 165
256 164
256 163
255 163
255 162
254 162
254 161
254 160
254 159
254 158
254 157
254 156
254 155
255 155
255 154
256 154
256 153
256 152
256 151
256 150
256 149
255 149
254 149
253 149
252 149
270 171
271 171
271 170
272 170
273 170
274 170
274 169
275 169
275 168
276 168
276 167
275 167
275 166
275 165
275 164
275 163
274 163
274 162
273 162
273 161
272 161
272 160
272 159
272 158
271 158
227 112
228 112
226 112
225 112
224 112
223 112
223 113
222 113
222 114
222 115
221 115
221 116
220 116
220 117
219 117
219 118
219 119
219 120
219 121
219 122
219 123
219 124
218 124
218 125
218 126
217 126
217 127
216 127
216 128
215 128
214 128
213 128
213 129
212 129
211 129
210 129
210 128
209 128
208 128
208 127
207 127
207 126
206 126
206 125
206 124
205 124
205 123
204 123
204 122
204 121
204 120
204 119
204 118
203 118
203 117
202 117
202 116
201 116
201 115
200 115
199 115
199 114
199 113
199 112
199 111
199 110
198 110
197 110
197 109
196 109
196 108
195 108
195 107
195 106
194 106
194 105
194 104
194 103
194 102
194 101
194 100
194 99
194 98
194 97
195 97
196 97
196 96
195 96
194 96
194 95
193 95
193 94
192 94
191 94
190 94
189 94
188 94
187 94
186 94
185 94
184 94
183 94
182 94
181 94
180 94
179 94
229 112
230 112
231 112
232 112
232 113
232 114
232 115
232 116
232 117
233 117
233 118
234 118
234 119
235 119
235 120
236 120
237 120
237 121
238 121
239 121
239 122
240 122
240 123
241 123
241 124
242 124
242 125
243 125
243 126
244 126
244 127
245 127
245 128
245 129
246 129
246 130
246 131
246 132
246 133
246 134
246 135
246 136
246 137
246 138
246 139
245 139
321 58
321 59
321 57
322 57
323 57
324 57
324 56
325 56
326 56
326 55
327 55
327 56
328 56
329 56
330 56
330 57
331 57
331 58
331 59
332 59
332 60
332 61
332 62
332 63
332 64
332 65
321 60
321 61
321 62
321 63
321 64
321 65
320 65
320 66
319 66
318 66
317 66
316 66
315 66
315 65
314 65
314 64
314 63
313 63
313 62
313 61
312 61
312 60
311 60
311 59
310 59
309 59
309 58
308 58
308 57
307 57
306 57
305 57
304 57
303 57
302 57
301 57
300 57
342 279
341 279
343 279
344 279
345 279
346 279
346 278
347 278
347 277
340 279
339 279
339 280
338 280
337 280
336 280
335 280
334 280
333 280
332 280
332 279
331 279
330 279
329 279
328 279
327 279
326 279
325 279
324 279
421 53
422 53
420 53
420 54
419 54
419 55
418 55
417 55
416 55
415 55
414 55
413 55
412 55
411 55
410 55
409 55
408 55
408 56
407 56
423 53
424 53
424 52
425 52
425 51
426 51
426 50
427 50
427 49
428 49
428 48
429 48
429 47
430 47
430 46
431 46
431 45
432 45
433 45
433 44
434 44
434 43
435 43
436 43
436 42
437 42
438 42
438 41
439 41
440 41
440 40
441 40
442 40
442 39
443 39
444 39
445 39
446 39
447 39
465 319
465 320
465 318
465 317
465 316
466 316
467 316
468 316
468 315
465 321
465 322
465 323
465 324
465 325
352 275
352 274
351 275
350 275
350 276
349 276
349 277
348 277
352 273
352 272
352 271
352 270
352 269
352 268
352 267
320 85
320 84
320 86
320 87
320 88
319 88
319 87
318 87
317 87
316 87
315 87
314 87
313 87
312 87
312 88
313 88
313 89
313 90
313 91
313 92
313 93
313 94
313 95
313 96
313 97
313 98
312 98
312 99
312 100
311 100
311 101
311 102
311 103
311 104
311 105
310 105
310 106
309 106
308 106
307 106
306 106
305 106
304 106
304 107
303 107
302 107
301 107
300 107
299 107
298 107
298 108
298 109
298 110
298 111
298 112
298 113
299 113
299 114
299 115
300 115
300 116
301 116
301 117
301 118
302 118
302 119
302 120
303 120
303 121
304 121
304 122
304 123
304 124
304 125
304 126
304 127
304 128
304 129
304 130
305 130
306 130
306 131
307 131
308 131
308 132
308 133
308 134
308 135
308 136
308 137
309 137
310 137
311 137
312 137
313 137
314 137
315 137
315 136
316 136
316 135
317 135
317 134
318 134
319 134
320 134
321 134
322 134
323 134
324 134
325 134
326 134
327 134
327 135
327 136
327 137
327 138
327 139
327 140
327 141
327 142
327 143
326 143
326 144
325 144
325 145
325 146
325 147
325 148
325 149
325 150
325 151
324 151
324 152
324 153
324 154
324 155
323 155
323 156
322 156
322 157
322 158
322 159
322 160
322 161
322 162
323 162
323 163
324 163
324 164
320 83
320 82
321 82
321 81
321 80
321 79
322 79
323 79
323 80
324 80
325 80
326 80
327 80
327 79
328 79
328 78
329 78
329 77
330 77
331 77
331 76
332 76
332 75
332 74
332 73
332 72
332 71
332 70
332 69
333 69
335 167
334 167
335 168
335 169
335 170
335 171
336 171
337 171
338 171
339 171
340 171
341 171
342 171
343 171
343 172
344 172
344 173
345 173
346 173
346 174
347 174
347 175
347 176
348 176
348 177
348 178
349 178
349 179
349 180
349 181
349 182
350 182
350 183
351 183
351 184
352 184
353 184
354 184
354 185
355 185
355 186
356 186
356 187
356 188
356 189
356 190
356 191
356 192
357 192
358 192
359 192
360 192
361 192
362 192
363 192
364 192
365 192
366 192
367 192
368 192
369 192
369 193
334 166
333 166
333 165
332 165
332 164
331 164
330 164
329 164
328 164
327 164
326 164
325 164
464 164
463 164
465 164
466 164
467 164
467 163
468 163
469 163
469 162
470 162
470 163
471 163
471 164
472 164
472 165
472 166
472 167
472 168
473 168
473 169
474 169
474 170
475 170
476 170
477 170
478 170
479 170
480 170
481 170
481 169
482 169
482 168
483 168
483 167
484 167
484 166
462 164
461 164
460 164
460 165
459 165
459 166
459 167
459 168
458 168
458 169
457 169
456 169
455 169
454 169
453 169
453 168
452 168
452 167
452 166
452 165
452 164
452 163
452 162
452 161
452 160
452 159
452 158
451 158
451 157
451 156
451 155
451 154
450 154
450 153
451 153
452 153
452 152
453 152
453 151
454 151
454 150
455 150
455 149
456 149
457 149
458 149
459 149
459 148
460 148
461 148
461 147
462 147
463 147
463 146
464 146
465 146
466 146
467 146
468 146
468 145
469 145
470 145
471 145
471 144
277 185
278 185
276 185
275 185
274 185
274 184
273 184
273 183
273 182
273 181
273 180
273 179
273 178
274 178
274 177
273 177
272 177
271 177
270 177
269 177
269 176
268 176
267 176
267 175
267 174
266 174
279 185
280 185
280 186
281 186
281 187
281 188
281 189
282 189
282 190
282 191
283 191
283 192
284 192
284 193
283 193
282 193
282 194
281 194
281 195
280 195
280 196
279 196
279 197
279 198
278 198
277 198
277 199
276 199
276 200
275 200
371 252
370 252
372 252
373 252
374 252
375 252
376 252
377 252
377 251
378 251
378 250
379 250
379 249
379 248
379 247
380 247
380 246
380 245
381 245
381 246
382 246
382 247
383 247
384 247
384 248
385 248
385 249
386 249
387 249
388 249
389 249
390 249
390 250
391 250
391 251
391 252
391 253
392 253
392 254
392 255
392 256
391 256
391 257
391 258
391 259
391 260
391 261
390 261
390 262
389 262
389 263
388 263
369 252
368 252
367 252
366 252
366 251
366 250
365 250
365 249
365 248
364 248
364 247
363 247
363 246
363 245
362 245
362 244
361 244
361 243
361 242
360 242
360 241
359 241
359 240
358 240
357 240
357 239
356 239
356 238
355 238
354 238
354 237
353 237
353 236
352 236
352 235
351 235
351 234
350 234
350 233
349 233
348 233
348 232
347 232
346 232
345 232
344 232
343 232
342 232
341 232
340 232
339 232
339 233
339 234
338 234
338 235
337 235
337 236
381 5
382 5
381 4
380 4
380 3
380 2
379 2
379 1
379 0
378 0
377 0
376 0
375 0
374 0
373 0
372 0
371 0
370 0
369 0
368 0
367 0
366 0
365 0
364 0
363 0
362 0
361 0
383 5
384 5
385 5
386 5
386 6
386 7
386 8
386 9
386 10
386 11
387 11
387 12
388 12
388 13
388 14
389 14
389 15
389 16
389 17
389 18
389 19
389 20
389 21
389 22
389 23
389 24
389 25
389 26
388 26
388 27
388 28
388 29
387 29
387 30
387 31
387 32
388 32
389 32
390 32
391 32
392 32
393 32
394 32
395 32
396 32
396 31
397 31
397 30
398 30
399 30
399 29
400 29
400 28
400 27
401 27
401 26
402 26
402 27
402 28
402 29
402 30
402 31
402 32
403 32
403 33
404 33
404 34
405 34
405 35
405 36
405 37
405 38
405 39
405 40
405 41
405 42
405 43
405 44
406 44
406 45
407 45
407 46
408 46
408 47
408 48
409 48
409 49
409 50
409 51
409 52
409 53
409 54
359 258
359 259
359 257
359 256
359 255
360 255
360 254
361 254
362 254
362 253
363 253
363 252
364 252
364 251
365 251
359 260
359 261
359 262
359 263
359 264
358 264
357 264
356 264
355 264
355 265
354 265
353 265
353 266
352 266
155 250
156 250
154 250
154 251
153 251
153 252
153 253
152 253
152 254
151 254
151 253
150 253
150 252
149 252
148 252
147 252
146 252
145 252
145 251
144 251
143 251
143 252
142 252
142 253
142 254
142 255
141 255
141 256
141 257
141 258
142 258
143 258
143 259
144 259
144 260
145 260
145 261
145 262
145 263
145 264
145 265
145 266
144 266
144 267
145 267
145 268
145 269
146 269
146 270
147 270
147 271
148 271
149 271
149 272
149 273
149 274
149 275
149 276
149 277
149 278
149 279
150 279
150 280
150 281
149 281
148 281
147 281
146 281
145 281
145 282
145 283
145 284
145 285
145 286
146 286
146 287
147 287
147 288
147 289
148 289
148 290
148 291
148 292
149 292
149 293
149 294
149 295
149 296
149 297
149 298
150 298
150 299
151 299
151 300
156 249
157 249
158 249
159 249
160 249
161 249
161 248
161 247
161 246
161 245
161 244
161 243
161 242
161 241
161 240
160 240
160 239
159 239
159 238
160 238
160 237
161 237
161 236
162 236
162 235
163 235
163 234
164 234
164 233
165 233
165 232
165 231
165 230
166 230
166 229
166 228
167 228
167 227
168 227
168 226
169 226
169 225
170 225
170 224
170 223
169 223
169 222
169 221
169 220
169 219
169 218
169 217
169 216
170 216
170 215
170 214
170 213
170 212
170 211
170 210
170 209
170 208
169 208
169 207
169 206
169 205
169 204
169 203
169 202
169 201
169 200
169 199
168 199
168 198
167 198
166 198
165 198
165 197
164 197
163 197
163 196
163 195
163 194
162 194
162 193
162 192
162 191
161 191
161 190
161 189
161 188
161 187
162 187
162 186
162 185
163 185
163 184
164 184
164 183
165 183
166 183
166 182
166 181
166 180
165 180
165 179
164 179
163 179
163 178
162 178
162 177
162 176
162 175
162 174
162 173
162 172
162 171
162 170
162 169
162 168
163 168
163 167
163 166
163 165
163 164
163 163
163 162
164 162
164 161
165 161
165 160
166 160
166 159
166 158
166 157
166 156
166 155
166 154
165 154
165 153
165 152
164 152
164 151
163 151
163 150
162 150
162 149
161 149
161 148
160 148
160 147
159 147
158 147
157 147
156 147
155 147
155 146
155 145
155 144
155 143
155 142
155 141
155 140
155 139
155 138
155 137
154 137
154 136
153 136
153 135
153 134
152 134
152 133
152 132
151 132
151 131
150 131
150 130
149 130
149 129
148 129
147 129
146 129
145 129
144 129
143 129
142 129
142 128
141 128
141 127
141 126
141 125
141 124
141 123
140 123
140 122
140 121
139 121
139 120
138 120
137 120
136 120
135 120
134 120
133 120
132 120
132 121
132 122
132 123
132 124
132 125
131 125
131 124
130 124
130 123
130 122
130 121
129 121
129 120
128 120
128 119
127 119
127 118
126 118
126 117
126 116
125 116
125 115
125 114
125 113
125 112
282 233
282 232
282 234
282 235
282 236
282 237
283 237
283 238
283 239
283 240
284 240
285 240
285 241
286 241
287 241
288 241
289 241
290 241
291 241
291 242
282 231
281 231
281 230
280 230
280 229
279 229
279 228
279 227
279 226
279 225
279 224
279 223
279 222
279 221
279 220
279 219
279 218
279 217
279 216
279 215
278 215
278 214
277 214
277 213
277 212
277 211
277 210
277 209
277 208
277 207
277 206
277 205
277 204
277 203
277 202
277 201
277 200
63 251
63 250
63 252
63 253
62 253
62 254
61 254
60 254
59 254
58 254
57 254
56 254
55 254
54 254
54 255
53 255
53 256
52 256
51 256
51 257
50 257
49 257
49 258
48 258
63 249
63 248
63 247
64 247
65 247
66 247
66 246
67 246
68 246
68 245
69 245
70 245
71 245
72 245
73 245
74 245
75 245
76 245
76 244
77 244
77 243
78 243
79 243
80 243
81 243
82 243
83 243
83 244
84 244
84 245
85 245
85 246
85 247
85 248
85 249
85 250
85 251
85 252
86 252
87 252
87 253
88 253
89 253
90 253
90 254
90 255
90 256
91 256
92 256
93 256
94 256
95 256
95 257
96 257
96 258
135 187
136 187
134 187
133 187
132 187
131 187
130 187
129 187
128 187
127 187
126 187
126 186
137 187
138 187
139 187
140 187
141 187
142 187
143 187
144 187
144 186
144 185
145 185
145 184
144 184
144 183
144 182
144 181
144 180
144 179
144 178
144 177
144 176
143 176
143 175
142 175
141 175
141 174
140 174
140 173
139 173
139 172
139 171
139 170
139 169
139 168
139 167
140 167
140 166
140 165
140 164
140 163
140 162
140 161
139 161
139 160
139 159
138 159
138 158
137 158
137 157
136 157
136 156
135 156
134 156
133 156
132 156
132 155
131 155
131 154
131 153
131 152
131 151
132 151
132 150
132 149
132 148
132 147
132 146
132 145
132 144
132 143
132 142
132 141
132 140
131 140
131 139
131 138
130 138
129 138
129 137
128 137
128 136
127 136
127 135
126 135
125 135
124 135
123 135
123 134
122 134
121 134
120 134
119 134
118 134
118 133
118 132
118 131
118 130
117 130
116 130
115 130
114 130
113 130
113 129
112 129
112 128
111 128
111 127
111 126
110 126
110 125
109 125
109 124
108 124
107 124
106 124
105 124
104 124
103 124
102 124
101 124
101 125
100 125
100 124
99 124
99 123
98 123
97 123
96 123
95 123
95 122
94 122
94 121
93 121
93 120
93 119
93 118
92 118
92 117
184 270
184 269
184 271
183 271
183 272
183 273
182 273
182 274
181 274
181 275
180 275
180 276
179 276
179 277
178 277
178 278
178 279
178 280
177 280
177 281
177 282
177 283
177 284
177 285
177 286
177 287
177 288
178 288
178 289
179 289
180 289
180 290
181 290
182 290
183 290
184 290
185 290
185 289
186 289
187 289
187 288
188 288
189 288
190 288
190 287
191 287
191 286
191 285
192 285
192 284
193 284
193 283
194 283
194 282
195 282
195 281
196 281
196 280
197 280
197 279
198 279
199 279
200 279
201 279
202 279
203 279
204 279
205 279
205 280
206 280
207 280
208 280
209 280
210 280
211 280
212 280
212 279
213 279
213 278
214 278
184 268
184 267
184 266
184 265
184 264
183 264
182 264
182 263
181 263
180 263
179 263
178 263
177 263
176 263
176 262
176 261
175 261
175 260
175 259
174 259
174 258
173 258
173 257
173 256
172 256
172 255
171 255
171 254
170 254
170 253
169 253
169 252
168 252
167 252
167 251
166 251
165 251
165 250
164 250
163 250
162 250
162 249
424 75
425 75
424 74
424 73
424 72
424 71
423 71
423 70
423 69
422 69
422 68
422 67
421 67
421 66
421 65
421 64
422 64
422 63
422 62
422 61
422 60
422 59
422 58
422 57
422 56
422 55
421 55
420 55
425 76
426 76
426 77
426 78
426 79
426 80
426 81
426 82
427 82
427 83
426 83
426 84
426 85
426 86
425 86
424 86
423 86
422 86
421 86
420 86
420 87
419 87
418 87
417 87
417 88
416 88
416 89
415 89
414 89
414 90
413 90
412 90
411 90
410 90
409 90
408 90
407 90
407 91
406 91
406 92
405 92
405 93
404 93
403 93
402 93
401 93
400 93
400 94
399 94
399 95
398 95
398 96
397 96
396 96
396 97
395 97
395 98
394 98
394 99
393 99
393 100
392 100
392 101
391 101
391 102
391 103
391 104
391 105
391 106
390 106
390 107
389 107
389 108
388 108
387 108
387 107
386 107
385 107
385 106
384 106
383 106
382 106
381 106
381 105
381 104
381 103
381 102
381 101
380 101
380 100
380 99
379 99
379 98
378 98
378 97
378 96
377 96
377 95
377 94
376 94
376 93
376 92
376 91
376 90
375 90
375 89
374 89
373 89
372 89
372 88
371 88
371 87
371 86
371 85
371 84
371 83
371 82
371 81
371 80
370 80
370 79
369 79
368 79
367 79
366 79
365 79
364 79
363 79
362 79
361 79
360 79
359 79
358 79
357 79
356 79
356 78
355 78
355 77
355 76
355 75
355 74
355 73
355 72
355 71
355 70
355 69
355 68
355 67
355 66
354 66
354 65
459 180
459 181
459 179
459 178
459 177
459 176
459 175
459 174
459 173
458 173
458 172
457 172
457 171
456 171
456 170
455 170
460 181
460 182
460 183
461 183
461 184
462 184
462 185
462 186
462 187
463 187
463 188
464 188
465 188
466 188
467 188
468 188
469 188
469 189
470 189
470 190
471 190
471 191
472 191
472 192
472 193
471 193
471 194
470 194
470 195
470 196
470 197
470 198
470 199
470 200
471 200
471 201
471 202
472 202
472 203
472 204
473 204
473 205
474 205
474 206
475 206
475 207
475 208
476 208
476 209
477 209
477 210
478 210
478 211
479 211
479 212
480 212
481 212
481 213
482 213
483 213
483 214
484 214
484 215
485 215
485 216
486 216
486 217
457 231
456 231
458 231
459 231
460 231
461 231
462 231
463 231
464 231
464 232
465 232
466 232
467 232
467 233
468 233
469 233
469 234
455 231
454 231
453 231
452 231
451 231
451 230
450 230
450 229
450 228
449 228
449 227
448 227
448 226
447 226
446 226
445 226
445 225
444 225
444 224
443 224
443 223
443 222
444 222
444 221
444 220
444 219
444 218
444 217
444 216
444 215
444 214
444 213
444 212
444 211
444 210
444 209
444 208
444 207
445 207
446 207
447 207
448 207
449 207
450 207
451 207
452 207
453 207
454 207
454 206
455 206
455 205
455 204
455 203
455 202
456 202
456 203
456 204
456 205
457 205
458 205
459 205
460 205
461 205
461 204
462 204
462 203
463 203
464 203
464 202
465 202
465 201
466 201
467 201
468 201
469 201
469 200
444 150
443 150
445 150
446 150
447 150
448 150
449 150
449 151
449 152
449 153
442 150
442 151
441 151
440 151
440 152
439 152
438 152
437 152
436 152
435 152
435 151
434 151
434 150
434 149
434 148
434 147
433 147
433 146
432 146
432 145
431 145
395 219
395 218
396 219
396 220
396 221
396 222
396 223
396 224
396 225
396 226
396 227
395 227
394 227
393 227
392 227
391 227
391 228
390 228
390 229
390 230
389 230
389 231
389 232
388 232
388 233
387 233
387 234
386 234
386 235
385 235
385 236
385 237
385 238
384 238
384 239
383 239
383 240
383 241
382 241
382 242
381 242
381 243
381 244
395 217
394 217
394 216
393 216
392 216
392 215
391 215
391 214
390 214
390 213
389 213
389 212
388 212
388 211
387 211
387 210
386 210
472 124
473 124
472 125
471 125
471 126
470 126
470 127
470 128
470 129
470 130
470 131
470 132
470 133
470 134
470 135
471 135
472 135
473 135
474 135
475 135
476 135
477 135
477 136
478 136
478 137
478 138
478 139
478 140
478 141
478 142
477 142
477 143
476 143
475 143
474 143
474 144
473 144
472 144
473 123
473 122
473 121
473 120
473 119
474 119
474 118
474 117
474 116
475 116
475 115
475 114
476 114
476 113
477 113
477 112
477 111
477 110
478 110
478 109
479 109
480 109
481 109
481 108
482 108
483 108
483 107
483 106
483 105
483 104
483 103
483 102
483 101
483 100
483 99
482 99
482 98
481 98
480 98
480 97
479 97
479 96
478 96
478 95
477 95
477 94
477 93
477 92
477 91
477 90
477 89
477 88
476 88
475 88
474 88
473 88
472 88
471 88
470 88
469 88
469 87
469 86
469 85
469 84
469 83
469 82
469 81
469 80
469 79
470 79
470 78
471 78
471 77
470 77
469 77
468 77
467 77
466 77
465 77
465 76
464 76
464 75
464 74
464 73
464 72
465 72
465 71
465 70
465 69
465 68
466 68
466 67
467 67
468 67
469 67
470 67
470 66
471 66
471 65
470 65
469 65
468 65
468 64
468 63
468 62
468 61
468 60
468 59
468 58
468 57
468 56
469 56
469 55
469 54
468 54
468 53
468 52
468 51
468 50
468 49
468 48
468 47
468 46
468 45
468 44
468 43
468 42
468 41
467 41
466 41
466 40
465 40
464 40
464 39
463 39
463 38
462 38
461 38
461 37
460 37
459 37
458 37
457 37
456 37
455 37
454 37
453 37
452 37
451 37
450 37
450 38
449 38
46 393
45 393
47 393
48 393
49 393
50 393
51 393
51 394
52 394
52 393
53 393
54 393
54 392
55 392
55 391
56 391
56 390
57 390
57 389
58 389
58 388
59 388
59 387
59 386
58 386
58 385
58 384
58 383
57 383
57 382
56 382
56 381
55 381
54 381
53 381
52 381
51 381
51 380
52 380
53 380
53 379
53 378
53 377
53 376
53 375
53 374
54 374
54 373
54 372
55 372
55 371
55 370
56 370
56 369
56 368
56 367
56 366
56 365
56 364
56 363
56 362
56 361
56 360
56 359
57 359
57 358
58 358
58 357
59 357
44 393
43 393
42 393
42 394
41 394
41 395
41 396
40 396
40 397
39 397
38 397
37 397
36 397
35 397
34 397
33 397
33 396
33 395
33 394
33 393
32 393
32 392
31 392
31 391
473 249
473 248
473 250
473 251
473 252
473 253
473 254
472 254
471 254
470 254
469 254
468 254
467 254
466 254
465 254
465 255
464 255
463 255
462 255
461 255
460 255
459 255
458 255
457 255
456 255
455 255
454 255
473 247
473 246
473 245
473 244
473 243
473 242
473 241
473 240
473 239
473 238
473 237
473 236
472 236
472 235
471 235
471 234
470 234
124 277
124 276
124 278
124 279
124 280
124 281
125 281
125 282
125 283
126 283
126 284
127 284
127 285
128 285
128 286
129 286
129 287
130 287
131 287
131 288
132 288
132 287
133 287
134 287
134 286
135 286
136 286
136 285
137 285
137 284
137 283
137 282
137 281
138 281
138 280
138 279
139 279
140 279
141 279
142 279
142 280
143 280
143 281
143 282
144 282
144 283
144 284
124 275
124 274
124 273
124 272
124 271
124 270
124 269
125 269
125 268
125 267
126 267
127 267
128 267
129 267
130 267
130 268
131 268
132 268
133 268
134 268
135 268
136 268
137 268
138 268
139 268
140 268
140 267
141 267
142 267
142 266
143 266
338 201
338 202
338 200
338 199
338 198
338 197
338 196
338 195
339 195
339 194
339 193
339 192
339 191
339 190
339 189
339 188
340 188
340 187
341 187
341 186
342 186
342 185
343 185
344 185
344 184
345 184
345 183
346 183
347 183
347 182
348 182
338 203
339 203
339 204
339 205
339 206
338 206
338 207
338 208
338 209
338 210
337 210
337 211
336 211
335 211
334 211
333 211
332 211
331 211
330 211
330 212
329 212
329 213
329 214
329 215
329 216
329 217
329 218
329 219
330 219
330 220
331 220
331 221
331 222
332 222
332 223
333 223
333 224
334 224
335 224
335 225
336 225
336 226
337 226
337 227
338 227
338 228
339 228
339 229
339 230
339 231
499 274
498 274
500 274
501 274
502 274
503 274
504 274
505 274
506 274
506 275
507 275
508 275
509 275
510 275
510 276
511 276
497 274
496 274
496 273
495 273
495 272
495 271
494 271
494 270
493 270
492 270
492 269
491 269
491 268
491 267
491 266
491 265
490 265
490 264
489 264
489 263
488 263
488 264
487 264
487 265
486 265
485 265
484 265
483 265
482 265
481 265
481 266
480 266
480 265
479 265
479 264
479 263
479 262
479 261
479 260
478 260
478 259
477 259
477 258
476 258
476 257
475 257
475 256
475 255
474 255
474 254
47 330
47 329
47 331
47 332
47 333
47 334
46 334
46 335
45 335
45 336
45 337
45 338
45 339
45 340
45 341
45 342
45 343
45 344
45 345
45 346
46 346
47 346
47 347
47 348
47 349
47 350
47 351
47 352
48 352
48 351
48 350
48 349
48 348
48 347
48 346
49 346
49 345
49 344
50 344
50 343
51 343
51 342
52 342
52 341
53 341
53 340
54 340
55 340
56 340
57 340
58 340
59 340
60 340
61 340
62 340
62 341
63 341
63 342
63 343
63 344
63 345
63 346
63 347
63 348
63 349
63 350
63 351
63 352
63 353
63 354
62 354
62 355
61 355
61 356
60 356
60 357
47 328
47 327
48 327
48 326
48 325
48 324
48 323
48 322
48 321
48 320
48 319
48 318
48 317
48 316
48 315
48 314
48 313
47 313
46 313
46 312
46 311
45 311
45 310
44 310
44 309
43 309
43 308
43 307
43 306
43 305
43 304
43 303
43 302
42 302
42 301
41 301
41 300
40 300
40 299
39 299
38 299
38 298
37 298
36 298
36 297
36 296
35 296
35 295
35 294
36 294
37 294
38 294
39 294
40 294
41 294
42 294
43 294
43 293
44 293
44 292
45 292
45 291
45 290
46 290
46 289
46 288
46 287
46 286
46 285
46 284
46 283
46 282
46 281
45 281
45 280
44 280
44 279
43 279
43 278
42 278
42 277
42 276
42 275
41 275
41 274
41 273
41 272
41 271
41 270
41 269
41 268
41 267
40 267
40 266
2 402
2 401
2 403
2 404
2 405
2 406
1 406
1 407
0 407
0 408
0 409
0 410
0 411
0 412
0 413
0 414
0 415
0 416
0 417
0 418
0 419
0 420
0 421
0 422
0 423
0 424
0 425
1 425
2 425
2 426
3 426
3 427
4 427
4 428
5 428
5 429
6 429
6 430
2 400
2 399
2 398
3 398
3 397
3 396
4 396
4 395
5 395
5 394
6 394
6 393
6 392
6 391
6 390
6 389
7 389
8 389
9 389
10 389
11 389
12 389
13 389
14 389
15 389
16 389
17 389
18 389
19 389
20 389
21 389
22 389
22 390
23 390
23 391
24 391
25 391
26 391
27 391
28 391
29 391
30 391
112 349
112 350
111 349
111 348
110 348
109 348
109 347
108 347
107 347
107 346
106 346
106 345
105 345
105 344
105 343
104 343
104 342
104 341
104 340
105 340
105 339
105 338
106 338
106 337
107 337
107 336
107 335
108 335
108 334
108 333
108 332
109 332
109 331
109 330
109 329
110 329
110 328
110 327
111 327
111 326
110 326
109 326
109 325
109 324
109 323
109 322
109 321
109 320
109 319
109 318
109 317
109 316
110 316
111 316
111 315
112 315
112 314
112 313
112 312
112 311
112 310
112 309
112 308
112 307
112 306
113 306
114 306
115 306
116 306
117 306
118 306
118 305
119 305
119 304
120 304
120 303
121 303
121 304
122 304
123 304
124 304
125 304
126 304
127 304
128 304
129 304
130 304
131 304
131 305
132 305
132 306
132 307
133 307
133 308
133 309
133 310
133 311
133 312
134 312
135 312
136 312
137 312
138 312
139 312
140 312
141 312
142 312
143 312
144 312
145 312
146 312
146 311
147 311
148 311
149 311
150 311
151 311
151 310
151 309
151 308
151 307
151 306
151 305
151 304
151 303
151 302
151 301
112 351
112 352
112 353
112 354
113 354
113 355
113 356
113 357
113 358
113 359
113 360
113 361
113 362
112 362
112 363
112 364
112 365
112 366
112 367
113 367
113 368
114 368
114 369
113 369
113 370
112 370
112 371
112 372
112 373
112 374
111 374
111 375
110 375
110 376
109 376
109 377
108 377
107 377
107 378
106 378
105 378
104 378
104 379
103 379
103 380
102 380
102 381
102 382
101 382
101 383
100 383
100 384
99 384
98 384
98 383
97 383
96 383
96 382
95 382
95 381
95 380
94 380
94 379
94 378
94 377
93 377
144 375
144 374
144 376
144 377
144 378
144 379
144 380
144 381
144 382
144 383
144 384
144 385
143 385
143 386
144 386
144 387
144 388
144 389
144 390
144 391
144 392
145 392
146 392
146 393
147 393
148 393
149 393
149 392
150 392
151 392
152 392
153 392
154 392
155 392
156 392
157 392
157 391
158 391
144 373
144 372
144 371
144 370
145 370
145 369
145 368
145 367
145 366
145 365
145 364
145 363
145 362
145 361
144 361
144 362
143 362
142 362
141 362
140 362
139 362
138 362
137 362
136 362
136 363
135 363
134 363
133 363
133 364
132 364
131 364
131 365
131 366
130 366
130 367
129 367
129 368
128 368
127 368
127 367
126 367
125 367
124 367
123 367
123 366
122 366
122 365
121 365
121 364
120 364
120 365
119 365
119 366
119 367
118 367
117 367
116 367
116 368
115 368
189 439
188 439
190 439
191 439
192 439
193 439
194 439
194 438
195 438
196 438
196 437
197 437
197 436
198 436
198 435
199 435
187 439
186 439
185 439
184 439
183 439
183 440
182 440
181 440
181 441
180 441
179 441
178 441
177 441
176 441
175 441
174 441
169 383
169 382
169 384
169 385
169 386
169 387
169 388
168 388
167 388
167 389
166 389
165 389
165 390
164 390
163 390
162 390
161 390
160 390
160 391
159 391
169 381
169 380
169 379
170 379
170 378
171 378
171 377
171 376
171 375
172 375
172 374
173 374
174 374
174 373
175 373
175 374
176 374
177 374
177 375
178 375
178 376
179 376
180 376
180 377
181 377
181 378
182 378
183 378
183 379
184 379
185 379
186 379
187 379
188 379
443 289
443 290
443 288
443 287
442 287
442 286
441 286
440 286
439 286
439 285
438 285
438 284
438 283
438 282
437 282
437 281
437 280
437 279
436 279
436 278
436 277
436 276
436 275
436 274
435 274
434 274
433 274
432 274
431 274
430 274
429 274
428 274
427 274
427 275
427 276
427 277
427 278
427 279
427 280
426 280
426 281
426 282
425 282
425 283
425 284
425 285
425 286
424 286
423 286
422 286
421 286
420 286
419 286
418 286
418 287
417 287
417 286
417 285
417 284
417 283
417 282
416 282
416 281
415 281
415 280
414 280
413 280
413 279
412 279
412 278
413 278
414 278
414 277
414 276
414 275
415 275
415 274
415 273
416 273
416 272
416 271
417 271
417 270
418 270
418 269
419 269
419 268
419 267
419 266
419 265
419 264
419 263
418 263
418 262
418 261
417 261
417 260
417 259
416 259
416 258
415 258
415 257
415 256
414 256
414 255
414 254
414 253
413 253
413 252
412 252
411 252
410 252
409 252
409 251
408 251
408 250
408 249
408 248
408 247
408 246
409 246
409 245
408 245
407 245
407 244
406 244
405 244
405 243
404 243
404 242
403 242
403 241
402 241
402 240
402 239
402 238
401 238
401 237
401 236
401 235
401 234
401 233
401 232
400 232
400 231
400 230
399 230
399 229
399 228
398 228
398 227
397 227
444 290
444 291
445 291
445 292
446 292
446 293
447 293
448 293
448 294
449 294
449 295
449 296
449 297
449 298
449 299
448 299
448 300
448 301
447 301
447 302
447 303
446 303
446 304
446 305
446 306
445 306
445 307
445 308
446 308
446 309
446 310
447 310
447 311
448 311
448 312
449 312
450 312
451 312
452 312
453 312
454 312
455 312
456 312
457 312
458 312
458 313
459 313
460 313
461 313
461 314
462 314
463 314
464 314
465 314
465 315
466 315
467 315
493 316
492 316
494 316
494 315
495 315
495 314
495 313
496 313
496 312
497 312
497 311
498 311
498 310
499 310
500 310
501 310
502 310
503 310
503 309
504 309
504 308
505 308
491 316
490 316
489 316
489 317
489 318
489 319
489 320
489 321
488 321
488 320
487 320
486 320
485 320
484 320
483 320
482 320
481 320
480 320
479 320
479 319
478 319
477 319
476 319
475 319
475 318
474 318
473 318
472 318
472 317
471 317
470 317
470 316
469 316
426 336
425 336
427 336
428 336
429 336
430 336
430 335
431 335
431 334
432 334
432 333
433 333
424 336
423 336
422 336
421 336
420 336
420 335
419 335
419 334
418 334
418 335
417 335
417 336
416 336
415 336
414 336
413 336
412 336
411 336
410 336
410 335
410 334
410 333
409 333
408 333
408 332
407 332
406 332
405 332
404 332
403 332
403 331
402 331
402 330
402 329
401 329
401 330
400 330
399 330
398 330
397 330
396 330
395 330
394 330
393 330
392 330
392 329
391 329
391 328
390 328
390 327
389 327
389 326
388 326
388 325
387 325
386 325
385 325
384 325
383 325
383 324
382 324
382 323
381 323
381 322
380 322
380 321
379 321
379 320
378 320
378 319
377 319
377 318
376 318
376 317
375 317
375 316
374 316
373 316
373 315
372 315
371 315
370 315
369 315
369 314
369 313
369 312
369 311
369 310
369 309
369 308
368 308
367 308
367 307
366 307
366 306
365 306
364 306
364 305
363 305
363 304
362 304
362 303
362 302
361 302
361 301
362 301
362 300
362 299
363 299
363 298
363 297
364 297
365 297
365 296
366 296
366 295
367 295
367 294
366 294
366 293
366 292
366 291
366 290
365 290
365 289
364 289
364 288
363 288
363 287
362 287
362 286
362 285
362 284
361 284
361 283
361 282
361 281
361 280
361 279
361 278
361 277
361 276
361 275
361 274
361 273
361 272
361 271
360 271
360 270
359 270
358 270
357 270
356 270
356 269
355 269
354 269
354 268
353 268
353 267
214 457
215 457
213 457
212 457
211 457
210 457
210 458
209 458
208 458
207 458
206 458
205 458
204 458
204 459
203 459
202 459
201 459
200 459
199 459
198 459
198 458
197 458
197 457
197 456
196 456
196 455
196 454
196 453
197 453
197 452
198 452
199 452
199 451
200 451
201 451
201 450
202 450
202 449
203 449
203 448
203 447
203 446
203 445
203 444
203 443
203 442
203 441
203 440
203 439
203 438
202 438
202 437
201 437
201 436
200 436
199 436
216 457
217 457
218 457
218 456
219 456
220 456
220 455
221 455
222 455
222 454
223 454
224 454
225 454
225 453
226 453
227 453
228 453
229 453
229 452
230 452
294 379
294 380
293 379
293 378
293 377
293 376
292 376
292 375
292 374
291 374
291 373
291 372
290 372
290 371
290 370
289 370
289 369
288 369
288 368
287 368
286 368
286 367
285 367
285 366
285 365
284 365
284 364
283 364
283 363
282 363
282 362
281 362
281 361
281 360
281 359
281 358
281 357
282 357
282 356
283 356
283 355
283 354
284 354
284 353
284 352
284 351
284 350
284 349
284 348
283 348
283 347
282 347
282 346
281 346
280 346
279 346
278 346
277 346
276 346
275 346
275 347
274 347
274 348
274 349
273 349
273 350
273 351
273 352
273 353
273 354
272 354
271 354
270 354
269 354
268 354
267 354
266 354
265 354
264 354
263 354
262 354
261 354
260 354
259 354
258 354
258 355
257 355
257 356
257 357
256 357
256 358
255 358
254 358
253 358
253 357
252 357
252 356
251 356
250 356
250 355
249 355
249 354
248 354
247 354
246 354
246 353
245 353
244 353
243 353
242 353
241 353
241 352
240 352
239 352
238 352
238 351
237 351
237 350
237 349
237 348
237 347
237 346
237 345
236 345
235 345
234 345
234 344
233 344
232 344
232 343
233 343
233 342
234 342
234 341
235 341
235 340
236 340
236 339
237 339
237 338
237 337
237 336
237 335
237 334
237 333
238 333
239 333
240 333
241 333
242 333
243 333
244 333
245 333
246 333
247 333
248 333
249 333
250 333
251 333
252 333
252 334
253 334
253 333
253 332
253 331
253 330
253 329
253 328
254 328
254 327
255 327
255 326
256 326
256 325
257 325
258 325
259 325
260 325
260 326
261 326
262 326
262 325
262 324
262 323
263 323
263 322
263 321
264 321
264 320
264 319
264 318
265 318
265 317
266 317
267 317
268 317
268 318
269 318
269 319
270 319
270 320
271 320
272 320
273 320
274 320
275 320
275 319
275 318
276 318
276 317
276 316
276 315
276 314
277 314
277 313
278 313
279 313
279 312
280 312
281 312
282 312
283 312
283 311
284 311
284 310
284 309
284 308
284 307
284 306
284 305
284 304
284 303
284 302
285 302
285 301
286 301
286 300
286 299
287 299
287 298
287 297
287 296
287 295
288 295
288 294
289 294
289 293
289 292
289 291
289 290
289 289
289 288
289 287
289 286
289 285
289 284
289 283
289 282
289 281
289 280
290 280
290 279
291 279
292 279
293 279
294 279
295 279
296 279
297 279
298 279
299 279
300 279
300 280
301 280
302 280
303 280
304 280
305 280
306 280
307 280
308 280
309 280
310 280
311 280
312 280
313 280
314 280
315 280
316 280
317 280
318 280
319 280
320 280
321 280
322 280
323 280
323 279
294 381
294 382
294 383
294 384
295 384
295 385
296 385
296 386
297 386
298 386
298 387
299 387
300 387
301 387
301 388
302 388
132 429
132 430
131 429
130 429
130 428
129 428
128 428
127 428
126 428
126 427
125 427
125 426
126 426
126 425
127 425
128 425
128 424
128 423
129 423
130 423
131 423
132 423
133 423
133 422
133 421
132 421
132 420
132 419
132 418
131 418
131 417
130 417
130 416
129 416
128 416
128 415
127 415
127 414
128 414
128 413
128 412
128 411
128 410
128 409
128 408
127 408
127 407
127 406
126 406
126 405
125 405
124 405
124 404
123 404
122 404
121 404
121 403
120 403
119 403
119 402
118 402
117 402
116 402
115 402
115 401
114 401
113 401
113 400
112 400
112 399
112 398
112 397
112 396
112 395
112 394
111 394
110 394
110 393
109 393
109 392
108 392
107 392
106 392
105 392
104 392
103 392
102 392
101 392
100 392
99 392
99 391
99 390
99 389
99 388
99 387
99 386
99 385
133 430
133 431
134 431
134 432
135 432
135 433
136 433
136 434
137 434
137 435
137 436
137 437
137 438
137 439
137 440
138 440
138 441
139 441
140 441
140 442
141 442
141 443
142 443
142 444
143 444
144 444
145 444
146 444
147 444
148 444
149 444
150 444
150 443
151 443
152 443
153 443
153 442
154 442
155 442
156 442
157 442
158 442
159 442
160 442
161 442
162 442
163 442
164 442
165 442
166 442
167 442
168 442
169 442
170 442
171 442
171 441
172 441
173 441
288 384
289 384
287 384
287 385
286 385
285 385
285 386
285 387
285 388
285 389
285 390
285 391
285 392
290 384
291 384
292 384
293 384
29 467
30 467
28 467
27 467
27 468
26 468
26 469
25 469
25 470
24 470
24 471
23 471
23 472
23 473
22 473
22 474
21 474
21 475
20 475
20 476
19 476
18 476
18 477
17 477
16 477
15 477
14 477
13 477
12 477
11 477
10 477
9 477
8 477
7 477
6 477
6 476
5 476
5 475
4 475
4 474
4 473
3 473
3 472
4 472
4 471
4 470
4 469
4 468
4 467
5 467
5 466
5 465
6 465
6 464
5 464
5 463
4 463
4 462
3 462
2 462
2 461
2 460
1 460
1 459
1 458
1 457
1 456
1 455
2 455
2 454
2 453
3 453
3 452
3 451
3 450
3 449
3 448
3 447
3 446
4 446
4 445
5 445
5 444
5 443
5 442
5 441
5 440
5 439
5 438
6 438
7 438
7 437
7 436
7 435
7 434
7 433
7 432
7 431
7 430
31 467
32 467
33 467
33 468
34 468
34 469
35 469
35 470
36 470
36 471
149 453
149 452
149 454
149 455
150 455
151 455
151 456
152 456
153 456
154 456
155 456
155 457
156 457
157 457
158 457
159 457
149 451
149 450
149 449
149 448
149 447
149 446
149 445
364 369
365 369
363 369
362 369
361 369
360 369
359 369
358 369
358 368
357 368
357 367
356 367
356 366
355 366
355 365
355 364
355 363
355 362
355 361
354 361
353 361
352 361
351 361
350 361
349 361
348 361
347 361
346 361
345 361
344 361
344 360
343 360
342 360
341 360
341 359
340 359
340 358
339 358
339 357
339 356
338 356
338 355
338 354
338 353
337 353
337 352
336 352
336 351
335 351
335 350
334 350
333 350
332 350
331 350
330 350
329 350
328 350
328 349
327 349
327 348
326 348
326 347
326 346
325 346
324 346
323 346
322 346
321 346
320 346
320 345
321 345
322 345
322 344
323 344
323 343
323 342
323 341
323 340
323 339
323 338
324 338
324 337
325 337
326 337
326 336
327 336
327 335
327 334
327 333
327 332
327 331
327 330
327 329
326 329
326 328
325 328
324 328
324 327
323 327
323 326
322 326
322 325
321 325
321 324
321 323
321 322
321 321
321 320
320 320
319 320
318 320
317 320
316 320
315 320
314 320
314 321
313 321
312 321
311 321
310 321
309 321
308 321
307 321
307 320
306 320
305 320
304 320
304 319
303 319
302 319
302 318
301 318
301 317
301 316
301 315
300 315
300 314
299 314
298 314
298 313
297 313
296 313
295 313
295 314
294 314
294 315
293 315
292 315
292 314
291 314
291 313
290 313
289 313
288 313
287 313
286 313
285 313
284 313
284 312
366 369
367 369
368 369
369 369
370 369
370 370
73 484
73 485
74 484
74 483
75 483
75 482
75 481
75 480
75 479
76 479
76 480
77 480
77 481
77 482
78 482
79 482
80 482
81 482
82 482
82 481
82 480
83 480
83 479
83 478
83 477
83 476
83 475
83 474
83 473
83 472
83 471
83 470
83 469
82 469
81 469
81 468
73 486
72 486
71 486
70 486
69 486
68 486
67 486
66 486
66 487
65 487
65 488
64 488
63 488
62 488
62 489
61 489
61 490
60 490
59 490
59 491
58 491
57 491
57 492
56 492
55 492
54 492
53 492
52 492
51 492
50 492
49 492
49 491
48 491
47 491
46 491
46 492
46 493
46 494
46 495
46 496
46 497
45 497
45 498
44 498
43 498
42 498
41 498
40 498
39 498
38 498
37 498
36 498
35 498
34 498
34 497
33 497
32 497
32 496
31 496
30 496
30 495
29 495
29 494
28 494
27 494
26 494
26 493
25 493
24 493
24 492
23 492
23 491
22 491
21 491
20 491
20 490
20 489
20 488
20 487
20 486
19 486
19 485
18 485
18 484
17 484
17 483
16 483
15 483
14 483
13 483
12 483
12 484
11 484
11 485
11 486
10 486
10 487
9 487
9 488
8 488
7 488
7 487
6 487
6 486
5 486
5 485
4 485
3 485
2 485
1 485
0 485
0 484
0 483
0 482
0 481
0 480
0 479
0 478
0 477
0 476
0 475
0 474
0 473
1 473
2 473
503 392
504 392
502 392
501 392
500 392
500 393
500 394
500 395
500 396
500 397
500 398
500 399
501 399
502 399
503 399
504 399
505 399
506 399
507 399
508 399
504 391
505 391
505 390
506 390
506 389
506 388
507 388
507 387
507 386
508 386
508 385
508 384
508 383
508 382
509 382
510 382
368 393
368 392
368 394
367 394
366 394
366 395
365 395
364 395
363 395
362 395
362 396
361 396
360 396
360 397
361 397
362 397
363 397
364 397
365 397
365 398
366 398
367 398
367 399
368 399
369 399
369 400
370 400
371 400
371 401
372 401
373 401
373 402
374 402
375 402
375 403
376 403
369 392
369 391
369 390
369 389
369 388
369 387
369 386
369 385
369 384
368 384
368 383
367 383
367 382
366 382
366 381
365 381
364 381
363 381
362 381
361 381
360 381
359 381
358 381
358 382
357 382
356 382
355 382
354 382
354 383
353 383
353 382
353 381
353 380
353 379
353 378
353 377
352 377
352 376
352 375
352 374
351 374
351 373
350 373
349 373
348 373
348 372
347 372
347 371
346 371
346 370
346 369
345 369
345 368
345 367
344 367
344 366
343 366
343 365
343 364
343 363
343 362
343 361
289 409
290 409
289 408
288 408
288 407
287 407
287 406
286 406
286 405
286 404
286 403
286 402
286 401
286 400
285 400
285 399
285 398
285 397
285 396
285 395
285 394
285 393
290 410
290 411
290 412
290 413
291 413
291 414
292 414
292 415
292 416
293 416
497 376
497 377
497 375
497 374
497 373
497 372
497 371
497 370
496 370
496 369
495 369
494 369
493 369
492 369
491 369
491 368
490 368
489 368
488 368
488 367
487 367
486 367
485 367
484 367
484 368
483 368
482 368
481 368
480 368
479 368
479 367
478 367
477 367
477 366
476 366
476 365
476 364
475 364
475 363
474 363
474 362
474 361
474 360
474 359
474 358
474 357
474 356
474 355
475 355
475 354
475 353
475 352
475 351
476 351
476 350
476 349
476 348
476 347
476 346
476 345
477 345
477 344
477 343
478 343
478 342
479 342
480 342
480 341
481 341
482 341
483 341
484 341
485 341
486 341
487 341
488 341
489 341
489 340
489 339
489 338
489 337
489 336
489 335
489 334
489 333
489 332
489 331
489 330
489 329
489 328
489 327
489 326
489 325
490 325
490 324
490 323
489 323
489 322
498 377
498 378
499 378
500 378
500 379
501 379
502 379
503 379
504 379
505 379
506 379
507 379
507 380
508 380
508 381
509 381
306 436
307 436
306 437
306 438
305 438
305 439
304 439
304 440
303 440
302 440
302 441
301 441
301 442
300 442
300 443
300 444
300 445
300 446
300 447
300 448
300 449
301 449
301 450
302 450
303 450
303 449
304 449
305 449
306 449
307 449
308 449
309 449
310 449
311 449
312 449
312 448
313 448
314 448
315 448
316 448
317 448
318 448
319 448
319 449
320 449
321 449
322 449
323 449
324 449
325 449
326 449
327 449
327 448
327 447
328 447
328 446
328 445
329 445
329 444
330 444
330 443
331 443
332 443
333 443
333 442
334 442
335 442
335 441
336 441
337 441
338 441
339 441
340 441
341 441
342 441
343 441
344 441
345 441
346 441
347 441
348 441
349 441
350 441
351 441
307 435
307 434
307 433
307 432
307 431
307 430
307 429
306 429
306 428
305 428
305 427
304 427
304 426
303 426
303 425
302 425
302 424
301 424
300 424
299 424
298 424
298 423
297 423
297 422
296 422
296 421
296 420
295 420
295 419
294 419
294 418
294 417
293 417
216 474
215 474
217 474
218 474
219 474
219 473
220 473
221 473
222 473
223 473
224 473
225 473
225 474
226 474
227 474
227 475
228 475
228 476
228 477
228 478
228 479
228 480
228 481
228 482
228 483
228 484
228 485
228 486
228 487
227 487
227 488
226 488
226 489
226 490
227 490
228 490
228 491
228 492
228 493
228 494
228 495
228 496
228 497
229 497
230 497
231 497
232 497
233 497
234 497
235 497
236 497
237 497
238 497
239 497
240 497
241 497
242 497
243 497
244 497
245 497
246 497
247 497
248 497
249 497
249 496
250 496
214 474
213 474
212 474
211 474
211 473
211 472
211 471
211 470
211 469
211 468
210 468
209 468
208 468
207 468
206 468
205 468
204 468
203 468
202 468
202 469
201 469
201 468
200 468
199 468
198 468
197 468
196 468
196 467
195 467
195 466
195 465
195 464
195 463
195 462
196 462
196 461
197 461
197 460
197 459
