159 450
160 450
158 450
157 450
156 450
156 451
155 451
154 451
153 451
152 451
151 451
151 452
150 452
150 453
161 450
162 450
163 450
164 450
165 450
165 449
157 355
157 354
156 355
156 356
155 356
155 357
156 357
156 358
156 359
156 360
156 361
156 362
155 362
155 363
155 364
154 364
154 365
153 365
153 366
153 367
153 368
153 369
153 370
154 370
154 371
154 372
154 373
154 374
154 375
153 375
153 376
152 376
152 377
151 377
151 378
151 379
150 379
150 380
150 381
158 354
159 354
159 353
160 353
160 352
161 352
162 352
162 351
162 350
163 350
163 349
163 348
164 348
164 347
165 347
166 347
166 346
167 346
167 345
168 345
169 345
169 344
170 344
170 343
171 343
171 342
172 342
172 341
172 340
173 340
173 339
174 339
174 338
175 338
175 337
176 337
177 337
178 337
178 336
179 336
180 336
181 336
182 336
183 336
183 337
184 337
184 338
185 338
185 339
186 339
186 340
187 340
187 341
188 341
174 385
174 386
174 384
174 383
174 382
173 382
173 381
172 381
172 380
171 380
171 379
171 378
170 378
170 377
169 377
168 377
168 376
167 376
166 376
165 376
164 376
163 376
162 376
161 376
160 376
159 376
158 376
157 376
156 376
155 376
155 375
174 387
174 388
174 389
173 389
173 390
173 391
172 391
172 392
171 392
171 393
171 394
171 395
171 396
171 397
171 398
171 399
171 400
171 401
171 402
172 402
172 403
173 403
174 403
174 404
175 404
175 405
176 405
176 406
177 406
178 406
179 406
180 406
181 406
182 406
182 405
183 405
183 404
157 303
157 302
158 303
159 303
160 303
161 303
162 303
162 302
163 302
163 301
163 300
163 299
163 298
163 297
164 297
164 298
165 298
165 299
166 299
167 299
167 300
168 300
169 300
169 301
170 301
170 302
171 302
171 303
171 304
171 305
172 305
172 306
172 307
173 307
173 306
174 306
175 306
176 306
177 306
178 306
179 306
180 306
180 307
181 307
181 308
182 308
183 308
184 308
184 309
185 309
185 310
186 310
186 311
186 312
186 313
186 314
186 315
186 316
186 317
186 318
186 319
186 320
186 321
186 322
186 323
186 324
186 325
185 325
185 326
184 326
184 327
184 328
183 328
183 329
183 330
183 331
183 332
183 333
183 334
183 335
156 302
155 302
154 302
153 302
152 302
151 302
150 302
150 301
150 300
149 300
148 300
147 300
146 300
145 300
144 300
144 301
144 302
143 302
143 303
143 304
142 304
141 304
140 304
139 304
139 305
139 306
138 306
138 307
138 308
137 308
137 309
136 309
135 309
135 310
134 310
133 310
133 311
132 311
132 312
131 312
131 313
131 314
130 314
130 315
130 316
130 317
130 318
129 318
128 318
127 318
126 318
125 318
124 318
123 318
123 319
122 319
122 320
121 320
120 320
119 320
118 320
117 320
116 320
115 320
114 320
113 320
112 320
111 320
110 320
109 320
109 319
108 319
107 319
107 318
106 318
184 299
184 300
184 298
185 298
185 297
186 297
187 297
188 297
189 297
190 297
191 297
192 297
192 296
193 296
194 296
194 295
194 294
194 293
195 293
195 292
195 291
195 290
195 289
196 289
196 288
196 287
197 287
184 301
184 302
184 303
184 304
184 305
184 306
184 307
127 346
127 345
127 347
127 348
126 348
125 348
125 349
124 349
123 349
122 349
121 349
120 349
119 349
118 349
117 349
116 349
115 349
114 349
114 350
114 351
113 351
113 352
113 353
113 354
112 354
111 354
110 354
109 354
108 354
108 355
107 355
106 355
106 356
106 357
106 358
106 359
106 360
106 361
106 362
105 362
105 363
105 364
105 365
105 366
105 367
105 368
105 369
106 369
107 369
108 369
109 369
110 369
110 370
110 371
111 371
112 371
113 371
114 371
115 371
116 371
116 372
117 372
117 373
118 373
119 373
120 373
121 373
122 373
123 373
124 373
125 373
125 374
126 374
127 374
128 374
129 374
129 373
130 373
130 374
130 375
130 376
130 377
131 377
131 378
132 378
133 378
134 378
135 378
136 378
137 378
138 378
138 379
139 379
140 379
140 380
140 381
141 381
141 382
142 382
143 382
144 382
145 382
146 382
147 382
148 382
149 382
149 381
127 344
127 343
128 343
128 342
128 341
129 341
130 341
130 340
131 340
132 340
133 340
134 340
135 340
136 340
136 341
137 341
137 342
138 342
138 343
139 343
139 344
140 344
140 345
141 345
142 345
142 346
143 346
144 346
144 347
144 348
144 349
144 350
144 351
145 351
145 352
145 353
145 354
146 354
147 354
147 355
148 355
149 355
149 356
150 356
151 356
152 356
153 356
154 356
129 337
129 338
129 336
129 335
128 335
127 335
127 334
126 334
125 334
125 333
125 332
125 331
126 331
126 330
127 330
127 329
127 328
128 328
128 327
128 326
128 325
128 324
128 323
127 323
127 322
126 322
126 321
125 321
125 320
124 320
124 319
129 339
129 340
258 482
259 482
257 482
256 482
255 482
254 482
253 482
252 482
251 482
250 482
250 481
249 481
249 480
248 480
248 479
247 479
246 479
246 478
246 477
246 476
245 476
245 475
244 475
244 474
244 473
243 473
243 472
242 472
241 472
241 471
240 471
240 470
239 470
239 469
238 469
238 468
237 468
237 467
236 467
235 467
234 467
233 467
232 467
232 466
232 465
231 465
231 464
231 463
230 463
230 462
230 461
229 461
229 460
229 459
228 459
228 458
228 457
228 456
228 455
227 455
227 454
226 454
226 455
225 455
225 456
224 456
223 456
222 456
222 457
221 457
221 458
220 458
220 459
219 459
218 459
218 460
217 460
217 461
216 461
215 461
214 461
213 461
213 460
213 459
212 459
212 458
212 457
212 456
211 456
210 456
209 456
208 456
207 456
207 457
206 457
206 458
205 458
205 459
204 459
203 459
202 459
201 459
200 459
199 459
198 459
198 458
197 458
196 458
195 458
195 457
194 457
193 457
193 456
192 456
192 455
191 455
191 454
191 453
190 453
190 452
190 451
190 450
189 450
189 449
189 448
189 447
189 446
189 445
188 445
188 446
187 446
186 446
186 447
185 447
184 447
183 447
183 448
182 448
181 448
180 448
179 448
178 448
177 448
176 448
175 448
174 448
174 447
173 447
173 446
172 446
171 446
170 446
169 446
168 446
168 447
167 447
167 448
166 448
166 449
260 482
261 482
261 483
262 483
262 484
263 484
263 485
264 485
264 486
265 486
265 487
265 488
266 488
267 488
267 489
266 489
266 490
265 490
265 491
265 492
265 493
265 494
265 495
265 496
265 497
265 498
264 498
263 498
262 498
261 498
260 498
260 499
259 499
258 499
258 500
257 500
256 500
256 501
255 501
255 502
254 502
253 502
253 503
252 503
252 504
251 504
251 505
251 506
250 506
249 506
249 505
249 504
248 504
248 503
248 502
248 501
248 500
248 499
248 498
248 497
248 496
247 496
247 495
247 494
247 493
247 492
247 491
247 490
247 489
247 488
247 487
247 486
247 485
248 485
248 484
249 484
250 484
250 483
251 483
195 436
196 436
195 437
194 437
193 437
193 438
193 439
193 440
192 440
192 441
192 442
191 442
191 443
190 443
190 444
189 444
197 436
198 436
199 436
200 436
201 436
202 436
202 437
202 438
203 438
204 438
204 439
204 440
204 441
204 442
205 442
205 443
205 444
206 444
207 444
207 445
207 446
208 446
208 447
208 448
208 449
209 449
209 450
209 451
209 452
209 453
209 454
209 455
208 455
340 478
340 479
339 478
338 478
338 477
339 477
339 476
339 475
339 474
339 473
339 472
340 472
340 471
340 470
341 470
342 470
342 469
343 469
343 468
344 468
345 468
345 467
346 467
347 467
347 466
348 466
348 465
348 464
348 463
348 462
348 461
348 460
348 459
348 458
348 457
348 456
341 479
342 479
342 480
343 480
344 480
345 480
346 480
347 480
348 480
349 480
349 481
350 481
350 482
350 483
351 483
351 484
351 485
351 486
351 487
351 488
351 489
350 489
350 490
349 490
348 490
347 490
346 490
345 490
345 491
344 491
344 492
343 492
343 493
342 493
341 493
341 494
340 494
339 494
339 495
338 495
338 496
338 497
337 497
336 497
336 496
336 495
336 494
335 494
335 493
334 493
333 493
332 493
331 493
331 492
330 492
330 491
329 491
329 490
328 490
328 489
225 282
224 282
226 282
227 282
228 282
229 282
230 282
230 283
231 283
232 283
233 283
233 282
234 282
234 281
235 281
235 280
236 280
237 280
237 279
238 279
239 279
239 278
240 278
241 278
241 277
242 277
243 277
244 277
245 277
246 277
246 278
247 278
248 278
249 278
250 278
251 278
252 278
253 278
254 278
255 278
256 278
257 278
257 277
258 277
258 276
259 276
259 275
260 275
260 274
261 274
262 274
262 273
262 272
262 271
262 270
262 269
262 268
262 267
262 266
262 265
262 264
262 263
261 263
260 263
259 263
258 263
257 263
256 263
255 263
255 264
254 264
254 263
253 263
253 262
252 262
252 261
252 260
251 260
250 260
250 259
250 258
250 257
250 256
250 255
250 254
250 253
250 252
250 251
249 251
249 250
223 282
222 282
221 282
220 282
219 282
218 282
217 282
216 282
216 281
215 281
214 281
214 280
213 280
212 280
212 279
212 278
211 278
211 277
211 276
211 275
211 274
210 274
210 275
209 275
208 275
207 275
206 275
205 275
204 275
203 275
202 275
202 276
201 276
200 276
200 277
199 277
199 278
198 278
198 279
197 279
197 280
197 281
197 282
197 283
197 284
197 285
197 286
315 38
315 39
315 37
315 36
314 36
314 35
314 34
314 33
314 32
314 31
314 30
314 29
314 28
313 28
313 27
313 26
313 25
313 24
313 23
312 23
311 23
310 23
310 22
309 22
309 21
308 21
308 20
307 20
306 20
306 19
305 19
304 19
303 19
303 18
302 18
315 40
316 40
316 41
317 41
317 42
318 42
318 43
319 43
319 42
320 42
320 41
321 41
321 40
321 39
321 38
321 37
322 37
322 36
323 36
324 36
325 36
326 36
327 36
328 36
329 36
330 36
331 36
332 36
333 36
333 35
334 35
334 34
334 33
334 32
334 31
334 30
334 29
335 29
335 28
335 27
335 26
335 25
335 24
335 23
335 22
335 21
335 20
336 20
336 19
337 19
337 18
338 18
338 17
339 17
339 16
338 16
338 15
338 14
338 13
338 12
338 11
338 10
339 10
340 10
341 10
342 10
343 10
344 10
345 10
346 10
347 10
348 10
349 10
350 10
351 10
351 9
352 9
353 9
354 9
355 9
356 9
357 9
358 9
359 9
359 10
360 10
360 11
361 11
361 12
361 13
361 14
361 15
361 16
361 17
362 17
362 18
362 19
362 20
362 21
362 22
362 23
363 23
363 24
364 24
364 25
364 26
364 27
364 28
364 29
364 30
364 31
364 32
363 32
362 32
362 33
361 33
360 33
360 34
359 34
358 34
357 34
357 35
356 35
356 36
355 36
354 36
354 37
354 38
353 38
102 259
102 258
103 259
103 260
104 260
104 261
105 261
105 262
105 263
104 263
104 264
103 264
102 264
102 265
102 266
101 266
101 267
100 267
99 267
99 268
98 268
97 268
97 269
97 270
97 271
97 272
96 272
96 273
96 274
95 274
95 275
94 275
94 276
93 276
92 276
91 276
90 276
89 276
88 276
87 276
87 275
86 275
85 275
84 275
84 274
83 274
82 274
81 274
81 273
80 273
80 272
80 271
80 270
80 269
80 268
80 267
80 266
80 265
80 264
79 264
79 263
78 263
78 262
78 261
78 260
77 260
77 259
76 259
76 258
76 257
75 257
75 256
74 256
74 255
74 254
73 254
73 253
72 253
71 253
70 253
69 253
69 252
68 252
68 251
67 251
67 250
66 250
66 249
65 249
65 248
64 248
64 247
64 246
63 246
63 245
62 245
62 244
62 243
61 243
60 243
59 243
58 243
57 243
56 243
55 243
55 242
54 242
53 242
53 241
52 241
52 240
52 239
52 238
52 237
52 236
52 235
52 234
52 233
51 233
101 258
100 258
100 257
100 256
99 256
99 255
98 255
98 254
97 254
96 254
96 253
95 253
94 253
94 252
93 252
93 251
92 251
92 250
91 250
91 249
90 249
89 249
88 249
88 250
87 250
87 251
87 252
86 252
86 253
85 253
85 254
84 254
84 255
83 255
83 256
83 257
82 257
82 258
81 258
81 259
81 260
81 261
81 262
81 263
81 264
81 265
435 102
436 102
435 101
434 101
434 100
433 100
433 99
432 99
432 98
432 97
432 96
432 95
432 94
432 93
433 93
434 93
434 92
435 92
436 92
436 91
437 91
436 103
437 103
437 104
438 104
438 105
439 105
439 106
439 107
439 108
440 108
440 109
440 110
441 110
441 111
442 111
443 111
444 111
445 111
445 112
446 112
446 111
446 110
446 109
446 108
446 107
446 106
446 105
446 104
446 103
447 103
447 102
448 102
448 101
449 101
449 100
449 99
449 98
449 97
449 96
448 96
448 95
448 94
449 94
450 94
451 94
452 94
453 94
453 93
454 93
454 92
454 91
455 91
455 90
456 90
456 89
457 89
458 89
458 88
459 88
459 87
460 87
460 86
460 85
460 84
460 83
460 82
460 81
461 81
461 80
461 79
462 79
463 79
463 78
463 77
463 76
463 75
463 74
463 73
463 72
462 72
462 71
461 71
288 467
289 467
287 467
286 467
285 467
284 467
283 467
283 466
282 466
281 466
280 466
279 466
278 466
277 466
277 465
276 465
275 465
275 464
274 464
273 464
273 463
272 463
271 463
270 463
269 463
268 463
268 462
268 461
267 461
267 460
267 459
266 459
266 458
265 458
264 458
264 457
263 457
263 456
262 456
261 456
261 455
260 455
259 455
258 455
257 455
256 455
255 455
254 455
254 456
253 456
252 456
251 456
251 457
250 457
250 458
249 458
248 458
247 458
246 458
245 458
244 458
244 459
244 460
243 460
243 461
243 462
242 462
242 463
241 463
241 464
240 464
240 465
239 465
239 466
239 467
239 468
289 468
290 468
291 468
291 469
292 469
292 470
292 471
293 471
293 472
294 472
295 472
296 472
296 473
297 473
298 473
298 474
299 474
300 474
300 475
301 475
301 476
301 477
302 477
302 478
303 478
303 479
304 479
305 479
305 480
306 480
306 481
307 481
307 482
307 483
308 483
308 484
308 485
309 485
309 486
310 486
310 487
311 487
312 487
312 488
312 489
313 489
313 490
313 491
313 492
314 492
314 493
314 494
314 495
315 495
315 496
316 496
316 497
316 498
316 499
317 499
317 500
318 500
318 501
319 501
319 502
320 502
321 502
322 502
323 502
324 502
325 502
326 502
327 502
328 502
329 502
330 502
331 502
332 502
332 501
333 501
334 501
334 500
335 500
335 499
336 499
336 498
337 498
28 425
28 426
28 424
28 423
28 422
28 421
29 421
30 421
31 421
32 421
33 421
34 421
35 421
35 420
36 420
37 420
37 419
37 418
37 417
38 417
38 416
38 415
39 415
39 414
39 413
40 413
40 412
40 411
41 411
41 410
41 409
42 409
42 408
43 408
43 407
44 407
44 406
44 405
45 405
45 404
45 403
45 402
46 402
46 401
46 400
45 400
45 399
44 399
44 398
43 398
43 397
42 397
41 397
40 397
39 397
38 397
37 397
37 396
36 396
35 396
35 395
36 395
36 394
36 393
36 392
36 391
36 390
36 389
36 388
37 388
38 388
39 388
40 388
41 388
41 387
42 387
43 387
43 386
43 385
43 384
43 383
43 382
43 381
43 380
43 379
43 378
43 377
43 376
44 376
44 375
45 375
45 374
45 373
45 372
45 371
45 370
45 369
46 369
46 368
47 368
47 367
48 367
48 366
48 365
49 365
49 364
50 364
50 365
51 365
52 365
53 365
54 365
55 365
56 365
57 365
57 364
58 364
59 364
60 364
61 364
62 364
63 364
64 364
65 364
66 364
67 364
68 364
69 364
70 364
71 364
71 365
72 365
72 366
72 367
73 367
74 367
75 367
76 367
77 367
78 367
78 368
79 368
80 368
80 369
80 370
81 370
81 371
82 371
82 372
83 372
84 372
85 372
86 372
87 372
88 372
89 372
90 372
91 372
92 372
93 372
93 373
94 373
94 372
95 372
95 371
96 371
97 371
97 370
98 370
99 370
99 369
100 369
101 369
102 369
103 369
104 369
28 427
28 428
28 429
28 430
28 431
27 431
27 432
27 433
26 433
26 434
26 435
25 435
25 436
25 437
25 438
25 439
25 440
25 441
24 441
23 441
22 441
21 441
20 441
20 442
19 442
18 442
18 443
18 444
18 445
18 446
18 447
18 448
17 448
16 448
16 449
15 449
15 448
14 448
13 448
12 448
11 448
10 448
9 448
9 449
8 449
8 450
8 451
8 452
8 453
8 454
8 455
8 456
8 457
7 457
6 457
5 457
4 457
4 458
3 458
3 459
3 460
3 461
3 462
3 463
3 464
3 465
4 465
4 466
4 467
4 468
4 469
5 469
5 470
6 470
6 471
7 471
7 472
8 472
8 473
9 473
9 474
10 474
375 456
376 456
374 456
373 456
372 456
371 456
370 456
369 456
368 456
368 457
367 457
366 457
366 458
366 459
365 459
365 460
364 460
363 460
362 460
361 460
360 460
359 460
358 460
357 460
356 460
355 460
355 459
354 459
353 459
352 459
351 459
350 459
350 458
349 458
349 457
377 456
378 456
379 456
379 457
380 457
380 458
380 459
381 459
381 460
382 460
382 461
382 462
383 462
383 463
383 464
383 465
383 466
383 467
383 468
383 469
383 470
383 471
383 472
383 473
382 473
381 473
381 474
380 474
380 475
380 476
380 477
380 478
379 478
379 479
379 480
379 481
379 482
379 483
379 484
378 484
378 485
377 485
377 486
376 486
376 485
375 485
375 484
375 483
375 482
374 482
374 483
373 483
372 483
371 483
370 483
369 483
368 483
367 483
367 482
366 482
366 483
365 483
365 484
364 484
364 485
363 485
362 485
361 485
360 485
359 485
358 485
358 486
357 486
356 486
356 487
355 487
354 487
353 487
352 487
352 488
467 120
467 121
466 120
466 119
466 118
465 118
464 118
464 117
463 117
463 118
462 118
461 118
460 118
459 118
458 118
457 118
457 117
456 117
455 117
454 117
453 117
452 117
451 117
450 117
450 116
449 116
449 115
448 115
448 114
447 114
446 114
446 113
467 122
467 123
467 124
467 125
467 126
468 126
468 127
468 128
469 128
469 129
468 129
468 130
467 130
467 131
467 132
466 132
466 133
466 134
466 135
465 135
465 136
465 137
465 138
464 138
464 139
464 140
463 140
463 141
462 141
462 142
461 142
461 143
460 143
460 144
459 144
459 145
458 145
458 146
400 458
399 458
401 458
401 457
402 457
402 456
402 455
403 455
403 454
403 453
403 452
404 452
404 451
404 450
405 450
405 449
405 448
405 447
405 446
406 446
406 445
407 445
408 445
408 444
407 444
407 443
407 442
407 441
407 440
407 439
407 438
407 437
407 436
407 435
407 434
407 433
407 432
406 432
405 432
404 432
403 432
402 432
401 432
400 432
399 432
398 432
397 432
396 432
395 432
395 431
394 431
394 432
393 432
393 433
392 433
392 434
391 434
391 435
390 435
389 435
389 436
388 436
388 437
387 437
386 437
385 437
384 437
383 437
382 437
381 437
380 437
379 437
378 437
377 437
376 437
375 437
374 437
374 438
373 438
373 439
372 439
372 440
372 441
371 441
371 442
371 443
372 443
372 444
372 445
372 446
372 447
372 448
372 449
372 450
372 451
372 452
372 453
372 454
372 455
371 455
370 455
369 455
398 458
397 458
396 458
396 459
396 460
397 460
397 461
397 462
398 462
398 463
399 463
399 464
400 464
400 465
400 466
400 467
400 468
400 469
400 470
399 470
399 471
399 472
398 472
397 472
396 472
396 473
395 473
395 474
394 474
393 474
393 475
392 475
391 475
391 476
391 477
391 478
391 479
391 480
391 481
390 481
389 481
389 480
389 479
388 479
388 478
388 477
388 476
388 475
387 475
386 475
385 475
384 475
383 475
382 475
381 475
180 429
180 430
180 428
179 428
179 427
178 427
178 426
177 426
176 426
176 425
175 425
175 424
174 424
174 423
173 423
173 422
173 421
173 420
173 419
173 418
173 417
173 416
174 416
174 415
174 414
175 414
175 413
176 413
176 412
176 411
177 411
177 410
178 410
178 409
178 408
178 407
179 407
180 407
180 431
180 432
180 433
180 434
179 434
179 435
178 435
178 436
177 436
177 437
176 437
176 438
176 439
176 440
176 441
176 442
176 443
176 444
175 444
175 445
175 446
174 446
429 31
429 30
429 32
429 33
429 34
429 35
429 36
429 37
429 38
429 39
430 39
431 39
432 39
433 39
434 39
435 39
436 39
436 38
436 37
437 37
437 38
438 38
438 39
439 39
440 39
441 39
442 39
443 39
444 39
445 39
445 40
446 40
446 41
446 42
446 43
446 44
446 45
446 46
447 46
448 46
449 46
450 46
451 46
451 47
452 47
453 47
454 47
454 48
455 48
455 49
455 50
456 50
457 50
457 51
458 51
458 52
459 52
459 53
459 54
459 55
459 56
458 56
458 57
458 58
457 58
457 59
457 60
457 61
457 62
457 63
457 64
457 65
457 66
458 66
458 67
458 68
459 68
459 69
460 69
460 70
461 70
429 29
429 28
429 27
429 26
429 25
429 24
429 23
429 22
429 21
429 20
429 19
430 19
430 18
430 17
430 16
430 15
431 15
432 15
433 15
434 15
435 15
436 15
436 16
436 17
436 18
436 19
436 20
437 20
437 21
438 21
439 21
440 21
441 21
442 21
442 22
443 22
444 22
444 23
445 23
446 23
447 23
448 23
449 23
450 23
451 23
451 24
452 24
419 95
420 95
419 94
418 94
417 94
417 93
417 92
417 91
417 90
417 89
417 88
417 87
417 86
416 86
416 85
416 84
416 83
416 82
416 81
415 81
415 80
414 80
414 79
413 79
413 78
412 78
412 77
411 77
411 76
412 76
412 75
412 74
412 73
412 72
412 71
412 70
412 69
412 68
412 67
413 67
414 67
415 67
416 67
417 67
418 67
419 67
420 67
421 67
421 66
422 66
423 66
423 65
424 65
425 65
425 64
426 64
427 64
428 64
429 64
430 64
430 63
431 63
431 62
432 62
433 62
434 62
434 61
435 61
436 61
437 61
437 60
438 60
439 60
440 60
440 59
441 59
441 58
442 58
442 57
443 57
443 56
444 56
444 55
444 54
444 53
444 52
444 51
444 50
444 49
445 49
445 48
446 48
446 47
447 47
421 95
422 95
423 95
424 95
425 95
426 95
427 95
428 95
429 95
430 95
430 94
431 94
388 13
387 13
389 13
390 13
391 13
392 13
393 13
394 13
395 13
396 13
397 13
398 13
399 13
400 13
401 13
402 13
403 13
403 12
404 12
404 11
404 10
404 9
404 8
404 7
404 6
404 5
404 4
404 3
404 2
404 1
404 0
405 0
406 0
407 0
408 0
409 0
410 0
411 0
412 0
413 0
413 1
414 1
414 2
414 3
415 3
416 3
416 4
416 5
417 5
417 6
418 6
418 7
418 8
418 9
418 10
418 11
419 11
419 12
420 12
420 13
421 13
422 13
423 13
424 13
425 13
426 13
427 13
428 13
428 14
429 14
430 14
431 14
386 13
386 12
385 12
385 11
384 11
383 11
383 10
382 10
382 11
381 11
380 11
380 12
379 12
378 12
378 13
378 14
377 14
377 15
377 16
377 17
376 17
376 18
376 19
375 19
375 20
374 20
374 19
373 19
372 19
372 18
371 18
370 18
369 18
369 17
368 17
367 17
366 17
365 17
364 17
363 17
363 18
87 385
86 385
88 385
89 385
89 386
90 386
91 386
92 386
93 386
94 386
95 386
96 386
96 385
97 385
97 384
98 384
99 384
100 384
101 384
102 384
103 384
104 384
104 383
104 382
104 381
104 380
104 379
104 378
104 377
104 376
104 375
104 374
104 373
104 372
104 371
104 370
85 385
84 385
83 385
82 385
82 384
81 384
81 385
81 386
81 387
81 388
81 389
81 390
81 391
80 391
80 392
79 392
78 392
77 392
76 392
75 392
74 392
73 392
73 391
72 391
71 391
71 390
70 390
69 390
68 390
67 390
66 390
65 390
64 390
63 390
62 390
61 390
61 389
61 388
61 387
60 387
60 386
59 386
58 386
57 386
56 386
55 386
54 386
53 386
53 385
52 385
52 384
51 384
50 384
49 384
48 384
47 384
46 384
46 385
45 385
45 386
44 386
281 381
280 381
282 381
283 381
284 381
285 381
286 381
287 381
288 381
289 381
290 381
291 381
292 381
292 380
293 380
294 380
295 380
295 379
296 379
296 378
297 378
297 379
298 379
298 380
299 380
300 380
300 381
301 381
302 381
302 382
303 382
304 382
304 383
305 383
305 384
305 385
305 386
306 386
306 387
306 388
305 388
304 388
303 388
302 388
301 388
300 388
299 388
298 388
298 389
298 390
298 391
298 392
298 393
298 394
298 395
298 396
298 397
298 398
297 398
297 399
297 400
297 401
297 402
297 403
297 404
297 405
297 406
297 407
297 408
297 409
297 410
297 411
298 411
298 412
298 413
299 413
299 414
299 415
300 415
300 416
299 416
299 417
298 417
298 418
297 418
297 419
297 420
297 421
297 422
297 423
297 424
298 424
298 425
299 425
299 426
298 426
298 427
297 427
296 427
295 427
294 427
293 427
292 427
291 427
291 428
290 428
290 429
290 430
290 431
290 432
290 433
290 434
290 435
290 436
290 437
289 437
289 438
288 438
288 439
287 439
287 440
286 440
286 441
285 441
285 442
284 442
283 442
283 443
282 443
282 444
281 444
280 444
280 445
280 446
280 447
279 447
279 448
278 448
278 449
277 449
277 450
276 450
276 451
275 451
275 452
274 452
274 453
274 454
274 455
274 456
274 457
274 458
275 458
276 458
277 458
277 459
278 459
278 460
279 460
279 461
279 462
279 463
279 464
279 465
279 381
278 381
278 380
277 380
276 380
276 379
276 378
275 378
275 377
275 376
274 376
273 376
273 375
272 375
271 375
271 374
270 374
269 374
268 374
267 374
267 373
266 373
266 372
266 371
266 370
266 369
266 368
266 367
265 367
264 367
264 366
263 366
262 366
262 365
261 365
260 365
259 365
258 365
257 365
257 364
256 364
255 364
254 364
253 364
252 364
251 364
250 364
249 364
248 364
247 364
246 364
245 364
244 364
244 363
243 363
243 362
242 362
241 362
240 362
239 362
238 362
237 362
237 361
236 361
236 360
235 360
235 359
234 359
234 358
233 358
233 357
232 357
232 356
231 356
230 356
229 356
228 356
227 356
226 356
225 356
225 355
224 355
224 354
223 354
223 353
223 352
223 351
223 350
223 349
223 348
223 347
223 346
223 345
223 344
223 343
223 342
223 341
223 340
223 339
223 338
222 338
221 338
221 337
220 337
220 336
220 335
219 335
219 334
218 334
218 333
218 332
218 331
217 331
216 331
215 331
214 331
213 331
212 331
211 331
211 332
210 332
209 332
209 333
208 333
207 333
207 334
206 334
206 335
205 335
205 336
204 336
204 337
204 338
203 338
203 339
203 340
203 341
202 341
202 342
201 342
200 342
200 343
199 343
198 343
197 343
196 343
195 343
194 343
193 343
192 343
191 343
190 343
189 343
189 342
188 342
292 494
291 494
293 494
294 494
295 494
296 494
297 494
298 494
299 494
300 494
301 494
302 494
303 494
304 494
304 493
305 493
305 492
306 492
307 492
308 492
309 492
310 492
311 492
312 492
312 491
312 490
290 494
289 494
288 494
287 494
286 494
285 494
284 494
284 493
284 492
283 492
283 491
282 491
282 492
281 492
280 492
279 492
278 492
278 493
277 493
276 493
275 493
275 492
274 492
273 492
273 491
272 491
271 491
271 490
270 490
269 490
269 489
268 489
64 131
64 130
65 131
65 132
66 132
66 133
66 134
67 134
67 135
68 135
69 135
70 135
71 135
72 135
72 136
71 136
70 136
70 137
69 137
68 137
67 137
67 138
66 138
66 139
66 140
65 140
65 141
65 142
65 143
65 144
65 145
65 146
65 147
66 147
67 147
68 147
68 148
69 148
69 149
70 149
70 150
71 150
72 150
73 150
74 150
75 150
75 151
75 152
75 153
74 153
74 154
74 155
74 156
73 156
73 157
73 158
72 158
72 159
71 159
70 159
70 160
69 160
69 161
68 161
68 162
68 163
68 164
68 165
67 165
67 166
66 166
66 167
65 167
64 167
63 167
62 167
62 168
61 168
61 169
60 169
60 170
59 170
59 171
59 172
59 173
59 174
59 175
59 176
59 177
59 178
59 179
59 180
59 181
59 182
59 183
59 184
59 185
58 185
58 186
57 186
56 186
56 185
55 185
55 184
54 184
53 184
53 183
52 183
51 183
50 183
50 182
49 182
48 182
47 182
46 182
45 182
44 182
44 181
43 181
43 182
43 183
43 184
43 185
43 186
43 187
43 188
43 189
43 190
43 191
42 191
41 191
40 191
39 191
39 192
39 193
39 194
39 195
39 196
39 197
39 198
39 199
39 200
38 200
37 200
36 200
35 200
35 201
36 201
37 201
38 201
39 201
40 201
41 201
42 201
43 201
43 202
43 203
44 203
44 204
44 205
45 205
45 206
46 206
46 207
47 207
47 208
47 209
48 209
48 210
48 211
49 211
49 212
50 212
51 212
51 211
52 211
53 211
54 211
55 211
56 211
57 211
57 212
57 213
57 214
57 215
57 216
57 217
57 218
57 219
57 220
57 221
57 222
57 223
57 224
57 225
57 226
57 227
58 227
58 228
59 228
59 229
60 229
60 230
61 230
62 230
62 231
63 231
63 232
63 233
64 233
64 234
65 234
65 235
66 235
66 236
66 237
66 238
66 239
65 239
65 240
65 241
65 242
65 243
65 244
64 244
64 245
63 130
62 130
62 129
61 129
60 129
60 128
59 128
58 128
57 128
56 128
55 128
54 128
53 128
52 128
51 128
50 128
49 128
48 128
48 129
48 130
48 131
48 132
48 133
48 134
48 135
49 135
49 136
50 136
50 137
50 138
51 138
51 139
52 139
52 140
53 140
53 141
54 141
54 142
54 143
55 143
55 144
56 144
57 144
58 144
58 145
59 145
60 145
61 145
61 146
62 146
62 147
63 147
64 147
313 49
313 48
313 50
313 51
313 52
313 53
313 54
312 54
312 55
312 56
312 57
312 58
312 59
312 60
311 60
311 61
311 62
310 62
310 63
309 63
309 64
309 65
309 66
309 67
309 68
309 69
309 70
308 70
308 71
308 72
308 73
308 74
308 75
308 76
308 77
308 78
308 79
308 80
308 81
308 82
308 83
307 83
307 84
308 84
308 85
308 86
309 86
309 87
310 87
311 87
311 88
312 88
313 88
314 88
315 88
316 88
317 88
318 88
319 88
320 88
321 88
322 88
322 89
323 89
323 90
324 90
324 91
324 92
324 93
324 94
324 95
324 96
324 97
324 98
324 99
323 99
323 100
323 101
322 101
321 101
321 102
320 102
319 102
319 103
319 104
319 105
319 106
319 107
319 108
319 109
319 110
320 110
320 111
320 112
320 113
320 114
320 115
320 116
320 117
320 118
321 118
322 118
323 118
324 118
325 118
326 118
327 118
327 119
328 119
329 119
329 120
330 120
331 120
331 121
330 121
329 121
328 121
328 122
327 122
326 122
326 123
326 124
326 125
326 126
326 127
326 128
326 129
326 130
325 130
325 131
313 47
313 46
313 45
314 45
314 44
315 44
316 44
317 44
318 44
36 144
36 145
36 143
36 142
36 141
36 140
36 139
35 139
35 138
36 138
36 137
37 137
37 136
37 135
37 134
37 133
37 132
37 131
38 131
38 130
39 130
40 130
40 129
41 129
42 129
43 129
43 128
44 128
45 128
45 127
46 127
47 127
48 127
36 146
36 147
36 148
36 149
36 150
36 151
35 151
35 152
34 152
34 153
33 153
33 154
33 155
32 155
32 156
31 156
31 157
30 157
30 158
29 158
29 159
29 160
28 160
27 160
26 160
26 161
27 161
28 161
28 162
29 162
29 163
30 163
30 164
31 164
31 165
31 166
32 166
32 167
32 168
32 169
32 170
32 171
32 172
32 173
32 174
32 175
32 176
33 176
34 176
34 177
35 177
36 177
37 177
38 177
39 177
40 177
41 177
41 178
42 178
42 179
43 179
43 180
455 165
455 166
455 164
455 163
455 162
455 161
455 160
455 159
455 158
455 157
455 156
455 155
455 154
454 154
454 153
454 152
454 151
455 151
455 150
455 149
456 149
456 148
457 148
457 147
457 146
455 167
456 167
456 168
456 169
457 169
457 170
457 171
458 171
458 172
459 172
460 172
460 173
461 173
461 174
462 174
462 175
462 176
462 177
462 178
462 179
462 180
463 180
464 180
465 180
465 181
466 181
467 181
468 181
469 181
470 181
470 182
471 182
471 183
471 184
471 185
471 186
472 186
472 187
471 187
470 187
469 187
468 187
467 187
466 187
466 188
465 188
464 188
464 189
464 190
463 190
463 191
463 192
463 193
462 193
462 194
462 195
462 196
462 197
462 198
462 199
462 200
462 201
462 202
462 203
462 204
461 204
461 205
461 206
461 207
461 208
462 208
462 209
462 210
463 210
463 211
464 211
464 212
465 212
465 213
464 213
463 213
462 213
461 213
461 214
460 214
460 215
460 216
460 217
460 218
460 219
460 220
460 221
460 222
460 223
460 224
460 225
459 225
459 226
459 227
458 227
458 228
458 229
459 229
459 230
460 230
460 231
461 231
461 232
461 233
461 234
461 235
461 236
461 237
461 238
462 238
462 239
462 240
462 241
462 242
462 243
463 243
463 244
464 244
465 244
465 245
466 245
467 245
467 246
468 246
469 246
469 247
470 247
470 248
471 248
471 249
472 249
473 249
474 249
475 249
476 249
476 250
477 250
478 250
478 251
479 251
479 252
480 252
481 252
481 251
482 251
482 250
483 250
483 249
484 249
484 248
485 248
485 247
486 247
486 246
487 246
488 246
489 246
490 246
491 246
492 246
493 246
494 246
495 246
495 245
496 245
497 245
498 245
499 245
499 246
499 247
499 248
499 249
499 250
499 251
500 251
500 250
500 249
500 248
500 247
500 246
500 245
500 244
500 243
500 242
501 242
502 242
502 241
503 241
503 240
269 186
269 187
269 185
269 184
268 184
268 183
268 182
268 181
268 180
268 179
268 178
268 177
268 176
269 176
269 175
269 174
270 174
271 174
271 173
272 173
273 173
274 173
275 173
276 173
277 173
278 173
278 172
278 171
279 171
280 171
281 171
282 171
283 171
284 171
285 171
286 171
287 171
288 171
288 170
289 170
289 169
290 169
290 168
291 168
291 167
292 167
293 167
294 167
295 167
296 167
296 166
296 165
296 164
296 163
296 162
296 161
296 160
296 159
296 158
296 157
296 156
296 155
297 155
298 155
298 154
299 154
299 153
299 152
299 151
299 150
299 149
299 148
299 147
299 146
299 145
299 144
299 143
300 143
300 142
300 141
300 140
300 139
300 138
300 137
300 136
299 136
299 135
300 135
301 135
302 135
303 135
304 135
304 134
305 134
306 134
306 133
306 132
307 132
308 132
308 131
309 131
310 131
311 131
311 130
312 130
312 129
313 129
313 128
314 128
314 129
315 129
316 129
317 129
318 129
319 129
320 129
321 129
322 129
323 129
324 129
324 130
269 188
269 189
270 189
270 190
270 191
270 192
270 193
270 194
270 195
271 195
272 195
273 195
273 196
274 196
274 197
275 197
275 198
274 198
274 199
274 200
274 201
274 202
274 203
274 204
274 205
274 206
274 207
274 208
273 208
273 209
272 209
272 210
272 211
271 211
271 212
271 213
270 213
270 214
270 215
270 216
270 217
269 217
269 218
269 219
268 219
268 220
267 220
267 221
266 221
266 222
267 222
267 223
267 224
267 225
267 226
267 227
267 228
267 229
268 229
269 229
270 229
271 229
272 229
273 229
274 229
274 228
275 228
276 228
276 227
277 227
278 227
279 227
280 227
281 227
281 226
282 226
282 227
282 228
282 229
282 230
283 230
283 231
283 232
283 233
283 234
283 235
283 236
283 237
283 238
282 238
281 238
280 238
279 238
278 238
277 238
276 238
276 239
275 239
275 240
275 241
274 241
274 242
273 242
273 243
272 243
272 244
272 245
271 245
271 246
271 247
270 247
270 248
270 249
269 249
269 250
268 250
267 250
267 251
266 251
266 252
265 252
265 253
265 254
264 254
264 255
264 256
264 257
264 258
264 259
264 260
264 261
263 261
263 262
262 262
378 44
378 43
378 45
378 46
378 47
379 47
380 47
381 47
382 47
382 48
383 48
384 48
385 48
385 49
386 49
386 50
386 51
386 52
387 52
387 53
387 54
387 55
387 56
387 57
386 57
386 58
385 58
385 59
384 59
384 60
385 60
385 61
386 61
386 62
387 62
387 63
388 63
389 63
389 64
390 64
390 65
391 65
391 66
392 66
393 66
394 66
395 66
396 66
397 66
398 66
399 66
400 66
401 66
402 66
403 66
403 65
404 65
405 65
406 65
407 65
408 65
409 65
409 66
410 66
410 67
411 67
411 68
378 42
378 41
378 40
378 39
378 38
378 37
378 36
377 36
377 35
376 35
375 35
374 35
373 35
372 35
371 35
371 36
370 36
370 35
369 35
369 34
369 33
368 33
367 33
366 33
365 33
364 33
363 33
59 470
59 471
58 470
58 469
57 469
57 468
56 468
56 467
55 467
55 466
55 465
54 465
54 464
53 464
52 464
52 463
51 463
51 462
51 461
50 461
50 460
50 459
49 459
48 459
47 459
46 459
45 459
44 459
43 459
42 459
41 459
40 459
39 459
38 459
37 459
36 459
36 458
35 458
35 457
35 456
35 455
35 454
35 453
35 452
35 451
35 450
35 449
34 449
34 448
34 447
33 447
33 446
32 446
32 445
32 444
32 443
32 442
32 441
31 441
30 441
29 441
29 442
28 442
27 442
26 442
26 441
60 471
60 472
61 472
61 473
61 474
62 474
62 475
62 476
63 476
63 477
63 478
64 478
64 479
65 479
65 480
66 480
67 480
67 481
68 481
69 481
69 480
70 480
71 480
72 480
73 480
74 480
75 480
76 480
77 480
78 480
79 480
80 480
81 480
82 480
83 480
84 480
85 480
86 480
86 479
87 479
87 478
88 478
89 478
89 477
90 477
91 477
92 477
93 477
94 477
95 477
96 477
96 478
97 478
97 479
97 480
97 481
98 481
98 482
99 482
99 483
100 483
101 483
102 483
103 483
104 483
105 483
105 484
106 484
106 485
107 485
107 486
107 487
108 487
108 488
108 489
108 490
109 490
109 491
110 491
111 491
111 490
112 490
112 489
112 488
112 487
112 486
113 486
113 485
113 484
114 484
114 483
114 482
115 482
115 481
116 481
116 480
117 480
117 479
118 479
118 478
119 478
119 477
119 476
120 476
120 475
120 474
121 474
121 473
121 472
121 471
121 470
121 469
121 468
122 468
122 467
123 467
123 466
124 466
124 465
124 464
124 463
124 462
124 461
124 460
124 459
125 459
125 458
126 458
126 457
126 456
126 455
126 454
126 453
126 452
127 452
127 451
128 451
128 450
129 450
129 449
130 449
130 448
131 448
132 448
132 447
132 446
133 446
133 447
133 448
134 448
135 448
135 449
136 449
136 450
136 451
137 451
137 452
137 453
137 454
138 454
139 454
139 455
140 455
141 455
142 455
143 455
144 455
145 455
146 455
147 455
148 455
148 454
149 454
149 453
96 463
96 464
96 462
97 462
97 461
98 461
98 460
98 459
99 459
99 458
99 457
100 457
100 456
101 456
102 456
103 456
103 455
104 455
104 454
105 454
106 454
106 455
107 455
107 456
108 456
108 457
109 457
110 457
111 457
112 457
113 457
113 458
114 458
115 458
116 458
116 459
117 459
118 459
119 459
120 459
121 459
122 459
123 459
96 465
95 465
95 466
95 467
94 467
94 468
93 468
93 469
92 469
92 470
92 471
92 472
92 473
92 474
92 475
92 476
91 476
90 476
440 394
441 394
440 395
439 395
438 395
438 396
437 396
437 397
437 398
437 399
437 400
437 401
437 402
436 402
436 403
436 404
435 404
435 405
435 406
434 406
434 407
434 408
434 409
434 410
434 411
434 412
433 412
432 412
431 412
430 412
429 412
428 412
427 412
427 413
427 414
426 414
426 415
425 415
425 416
424 416
424 417
423 417
423 418
422 418
422 419
421 419
421 420
421 421
421 422
421 423
421 424
421 425
421 426
421 427
421 428
420 428
419 428
418 428
417 428
416 428
415 428
414 428
413 428
412 428
411 428
410 428
409 428
409 429
408 429
408 430
408 431
408 432
408 433
408 434
408 435
442 394
442 393
443 393
443 392
444 392
444 391
445 391
445 390
446 390
446 389
447 389
447 388
448 388
449 388
450 388
451 388
452 388
453 388
454 388
455 388
455 387
456 387
456 386
457 386
458 386
459 386
460 386
461 386
462 386
462 385
462 384
462 383
462 382
463 382
463 383
464 383
465 383
466 383
467 383
468 383
469 383
470 383
471 383
471 382
472 382
472 381
473 381
473 380
474 380
474 379
475 379
476 379
477 379
478 379
479 379
480 379
481 379
482 379
483 379
483 378
483 377
484 377
484 376
484 375
484 374
484 373
484 372
485 372
485 371
486 371
486 370
487 370
487 369
488 369
488 368
488 367
487 367
487 366
486 366
486 365
486 364
485 364
485 363
485 362
485 361
485 360
485 359
485 358
485 357
485 356
485 355
486 355
486 354
487 354
488 354
488 353
488 352
489 352
489 351
490 351
490 350
490 349
491 349
491 348
491 347
491 346
491 345
491 344
491 343
491 342
491 341
491 340
491 339
491 338
491 337
490 337
489 337
489 336
489 335
489 334
489 333
490 333
490 332
491 332
492 332
493 332
493 331
494 331
494 330
494 329
495 329
495 328
494 328
494 327
494 326
494 325
494 324
494 323
494 322
495 322
495 321
496 321
131 489
131 490
132 489
132 488
133 488
133 487
133 486
133 485
133 484
133 483
134 483
135 483
136 483
137 483
138 483
139 483
140 483
141 483
141 482
141 481
141 480
142 480
142 479
143 479
144 479
145 479
145 478
146 478
146 477
147 477
147 476
148 476
148 475
148 474
148 473
148 472
148 471
148 470
148 469
148 468
148 467
148 466
148 465
148 464
148 463
148 462
148 461
148 460
148 459
148 458
148 457
148 456
130 490
129 490
129 491
128 491
128 492
127 492
127 493
126 493
126 494
125 494
125 495
125 496
125 497
125 498
124 498
123 498
122 498
121 498
121 497
120 497
120 496
120 495
119 495
118 495
117 495
116 495
116 494
115 494
114 494
113 494
113 493
112 493
111 493
111 492
110 492
117 409
118 409
117 408
117 407
117 406
116 406
116 405
115 405
115 404
114 404
114 403
114 402
114 401
114 400
114 399
114 398
114 397
114 396
114 395
114 394
114 393
114 392
114 391
114 390
114 389
113 389
112 389
111 389
110 389
109 389
108 389
108 388
107 388
106 388
106 387
105 387
104 387
104 386
104 385
118 410
118 411
118 412
119 412
119 413
120 413
120 414
121 414
121 415
122 415
122 416
123 416
123 417
123 418
123 419
123 420
124 420
124 421
124 422
124 423
124 424
124 425
124 426
124 427
124 428
125 428
125 429
125 430
126 430
126 431
126 432
127 432
127 433
126 433
126 434
126 435
126 436
126 437
125 437
125 438
124 438
124 439
125 439
125 440
126 440
126 441
127 441
128 441
129 441
130 441
131 441
132 441
133 441
134 441
134 442
134 443
133 443
133 444
133 445
112 290
112 289
112 291
112 292
112 293
113 293
113 294
113 295
114 295
114 296
114 297
115 297
115 298
115 299
116 299
116 300
117 300
118 300
119 300
119 301
120 301
120 302
121 302
121 303
122 303
122 304
123 304
123 305
124 305
125 305
125 306
126 306
126 307
127 307
128 307
129 307
130 307
131 307
132 307
133 307
134 307
134 308
135 308
136 308
112 288
112 287
112 286
112 285
112 284
112 283
112 282
112 281
112 280
111 280
111 279
111 278
111 277
111 276
110 276
110 277
110 278
110 279
109 279
108 279
107 279
106 279
106 280
105 280
104 280
103 280
102 280
101 280
100 280
100 281
100 282
100 283
99 283
99 284
98 284
97 284
97 283
97 282
96 282
96 281
96 280
95 280
95 279
95 278
95 277
95 276
93 120
92 120
94 120
95 120
96 120
97 120
98 120
99 120
100 120
101 120
102 120
103 120
103 119
103 118
103 117
103 116
103 115
103 114
103 113
104 113
104 112
105 112
106 112
106 111
107 111
107 110
108 110
108 109
109 109
109 108
109 107
109 106
110 106
110 105
111 105
111 106
112 106
112 107
113 107
113 108
114 108
115 108
116 108
117 108
118 108
119 108
119 107
120 107
120 106
121 106
121 105
122 105
122 104
122 103
122 102
121 102
121 101
121 100
121 99
121 98
121 97
121 96
120 96
120 95
119 95
118 95
117 95
116 95
115 95
114 95
113 95
112 95
112 94
111 94
110 94
109 94
108 94
107 94
106 94
106 93
106 92
106 91
106 90
106 89
106 88
107 88
107 87
108 87
108 86
109 86
91 120
90 120
90 121
89 121
88 121
88 122
87 122
87 123
87 124
86 124
86 125
86 126
85 126
85 127
84 127
83 127
83 128
82 128
81 128
81 129
80 129
80 130
79 130
79 131
78 131
77 131
76 131
75 131
75 132
74 132
74 133
73 133
73 134
73 135
508 475
507 475
509 475
510 475
511 475
511 476
511 477
511 478
511 479
511 480
511 481
511 482
511 483
511 484
511 485
511 486
511 487
511 488
511 489
511 490
511 491
511 492
511 493
511 494
511 495
511 496
511 497
511 498
511 499
511 500
511 501
511 502
511 503
511 504
511 505
511 506
511 507
511 508
511 509
510 509
509 509
508 509
507 509
506 509
505 509
504 509
503 509
502 509
501 509
500 509
499 509
498 509
497 509
496 509
495 509
494 509
493 509
492 509
491 509
491 510
490 510
489 510
488 510
488 511
487 511
486 511
506 475
506 474
505 474
504 474
504 473
503 473
503 472
503 471
504 471
504 470
504 469
504 468
504 467
505 467
505 466
506 466
506 465
507 465
507 464
507 463
508 463
508 462
508 461
509 461
509 460
510 460
510 459
511 459
511 458
239 179
240 179
239 180
238 180
238 181
237 181
237 182
236 182
235 182
234 182
233 182
232 182
231 182
230 182
229 182
228 182
228 181
227 181
226 181
225 181
225 182
224 182
223 182
223 183
222 183
222 184
222 185
222 186
222 187
222 188
222 189
222 190
222 191
222 192
221 192
221 193
221 194
220 194
220 195
220 196
220 197
220 198
220 199
220 200
220 201
220 202
220 203
220 204
220 205
220 206
220 207
220 208
220 209
220 210
221 210
221 211
221 212
221 213
221 214
221 215
221 216
221 217
221 218
221 219
221 220
221 221
221 222
221 223
221 224
221 225
221 226
221 227
221 228
221 229
221 230
221 231
221 232
222 232
222 233
222 234
223 234
223 235
224 235
224 236
225 236
225 237
225 238
226 238
226 239
226 240
226 241
227 241
227 242
227 243
227 244
227 245
227 246
227 247
227 248
227 249
227 250
227 251
228 251
228 252
229 252
229 253
230 253
230 254
231 254
231 255
232 255
232 256
233 256
234 256
235 256
236 256
237 256
238 256
239 256
240 256
241 256
242 256
243 256
243 257
244 257
245 257
246 257
247 257
248 257
249 257
249 258
240 178
241 178
241 177
242 177
242 176
243 176
244 176
245 176
245 175
246 175
246 174
246 173
246 172
246 171
246 170
246 169
247 169
248 169
249 169
250 169
250 170
251 170
252 170
253 170
253 171
254 171
255 171
255 170
256 170
257 170
258 170
258 169
259 169
260 169
260 168
260 167
261 167
262 167
262 168
262 169
262 170
263 170
263 171
263 172
264 172
265 172
266 172
267 172
268 172
268 173
269 173
420 242
419 242
421 242
422 242
423 242
424 242
425 242
426 242
427 242
428 242
429 242
430 242
431 242
432 242
433 242
434 242
435 242
436 242
437 242
438 242
439 242
440 242
441 242
442 242
443 242
443 241
444 241
444 240
445 240
446 240
447 240
448 240
449 240
450 240
450 241
451 241
451 242
451 243
452 243
452 244
452 245
452 246
452 247
453 247
453 248
454 248
454 249
455 249
455 250
455 251
456 251
456 252
457 252
458 252
459 252
460 252
461 252
462 252
463 252
464 252
465 252
465 251
466 251
466 250
466 249
467 249
467 248
467 247
468 247
419 243
419 244
419 245
418 245
418 246
418 247
417 247
417 246
416 246
415 246
414 246
414 245
413 245
412 245
412 244
411 244
411 243
410 243
409 243
408 243
407 243
406 243
405 243
404 243
403 243
402 243
401 243
400 243
399 243
398 243
397 243
396 243
395 243
394 243
394 244
393 244
393 245
393 246
392 246
392 247
391 247
391 248
390 248
389 248
389 249
388 249
388 248
387 248
386 248
386 247
385 247
384 247
383 247
382 247
381 247
380 247
379 247
379 246
378 246
377 246
376 246
376 245
375 245
375 244
374 244
374 243
374 242
374 241
373 241
373 240
372 240
372 239
371 239
371 238
370 238
369 238
368 238
367 238
366 238
366 239
365 239
365 240
365 241
365 242
365 243
365 244
365 245
365 246
365 247
365 248
365 249
365 250
364 250
363 250
362 250
362 251
362 252
362 253
362 254
362 255
362 256
362 257
362 258
362 259
363 259
363 260
363 261
363 262
363 263
362 263
362 264
362 265
361 265
361 266
360 266
359 266
358 266
357 266
356 266
356 265
355 265
354 265
353 265
352 265
351 265
350 265
349 265
348 265
347 265
346 265
345 265
344 265
343 265
342 265
342 266
341 266
341 265
340 265
339 265
338 265
337 265
336 265
335 265
334 265
334 266
333 266
333 267
332 267
331 267
331 268
330 268
329 268
328 268
328 269
327 269
327 270
326 270
325 270
325 269
325 268
324 268
324 267
323 267
323 266
322 266
322 265
321 265
320 265
319 265
318 265
317 265
317 266
316 266
315 266
314 266
314 267
313 267
312 267
311 267
310 267
309 267
309 266
308 266
307 266
306 266
305 266
304 266
303 266
302 266
301 266
300 266
299 266
298 266
298 265
297 265
297 266
296 266
296 267
295 267
295 268
295 269
295 270
295 271
294 271
294 272
294 273
293 273
293 274
292 274
291 274
290 274
289 274
288 274
287 274
286 274
286 273
285 273
285 272
284 272
284 271
283 271
283 270
282 270
281 270
280 270
279 270
278 270
277 270
276 270
276 271
276 272
276 273
276 274
276 275
275 275
275 276
275 277
275 278
274 278
273 278
272 278
271 278
270 278
269 278
268 278
267 278
267 277
266 277
265 277
264 277
263 277
263 276
262 276
262 275
261 275
233 394
233 393
232 394
232 395
231 395
231 396
230 396
230 397
229 397
229 398
229 399
229 400
228 400
228 401
227 401
227 402
226 402
225 402
224 402
224 403
223 403
222 403
222 404
221 404
221 405
221 406
220 406
220 407
220 408
219 408
219 409
218 409
218 410
217 410
217 411
216 411
216 412
215 412
215 413
214 413
214 414
213 414
213 415
212 415
212 416
211 416
211 417
210 417
210 418
211 418
211 419
212 419
212 420
213 420
213 421
214 421
214 422
214 423
214 424
214 425
214 426
214 427
213 427
213 428
213 429
212 429
212 430
211 430
210 430
210 431
209 431
209 432
210 432
210 433
211 433
211 434
211 435
211 436
211 437
211 438
211 439
211 440
210 440
210 441
209 441
208 441
208 442
207 442
207 443
206 443
234 393
235 393
235 392
236 392
236 391
237 391
237 390
237 389
237 388
237 387
237 386
237 385
237 384
237 383
238 383
238 382
238 381
239 381
239 380
239 379
239 378
239 377
239 376
239 375
239 374
239 373
238 373
237 373
236 373
236 372
236 371
236 370
236 369
236 368
235 368
235 367
234 367
234 366
233 366
233 365
233 364
233 363
234 363
234 362
234 361
235 361
38 511
39 511
37 511
36 511
35 511
34 511
33 511
32 511
31 511
30 511
29 511
28 511
27 511
26 511
26 510
26 509
26 508
26 507
26 506
25 506
24 506
24 505
23 505
23 504
22 504
21 504
20 504
19 504
19 503
18 503
18 502
17 502
17 501
17 500
16 500
16 499
15 499
15 498
14 498
14 497
14 496
13 496
13 495
13 494
13 493
13 492
13 491
13 490
13 489
13 488
13 487
13 486
12 486
12 485
11 485
11 484
10 484
10 483
9 483
9 482
8 482
7 482
7 481
8 481
8 480
9 480
9 479
9 478
9 477
9 476
9 475
40 511
41 511
42 511
43 511
44 511
45 511
46 511
46 510
47 510
48 510
48 509
49 509
49 508
50 508
50 507
50 506
50 505
51 505
51 504
52 504
52 503
53 503
54 503
54 502
54 501
55 501
55 500
55 499
56 499
56 498
57 498
57 497
57 496
58 496
58 495
58 494
58 493
58 492
58 491
58 490
59 490
59 489
60 489
60 488
61 488
61 487
62 487
62 486
62 485
63 485
63 484
64 484
64 483
65 483
65 482
66 482
66 481
424 303
425 303
423 303
422 303
421 303
421 302
420 302
419 302
419 301
419 300
418 300
418 299
418 298
417 298
417 297
416 297
416 296
415 296
414 296
413 296
412 296
411 296
410 296
409 296
409 295
409 294
408 294
408 293
407 293
407 292
406 292
406 291
405 291
405 290
404 290
404 289
404 288
403 288
403 287
403 286
402 286
402 285
401 285
401 284
400 284
399 284
399 283
398 283
397 283
396 283
395 283
395 282
394 282
394 281
393 281
393 280
392 280
392 279
391 279
391 278
391 277
390 277
390 276
389 276
389 275
389 274
388 274
388 273
388 272
388 271
388 270
388 269
388 268
388 267
387 267
387 266
387 265
387 264
387 263
387 262
387 261
387 260
387 259
387 258
387 257
388 257
388 256
389 256
389 255
389 254
389 253
389 252
389 251
389 250
426 303
427 303
428 303
429 303
429 302
430 302
430 301
431 301
432 301
432 300
433 300
433 299
434 299
434 300
435 300
436 300
437 300
438 300
438 301
439 301
439 302
440 302
43 115
43 114
43 116
43 117
43 118
43 119
43 120
43 121
43 122
43 123
43 124
44 124
44 125
44 126
45 126
46 126
44 114
44 113
45 113
45 112
44 112
44 111
43 111
42 111
42 110
41 110
40 110
40 109
40 108
39 108
39 107
39 106
39 105
39 104
38 104
38 103
37 103
37 102
37 101
37 100
37 99
37 98
36 98
36 97
35 97
35 96
34 96
34 95
34 94
33 94
33 93
32 93
32 92
31 92
31 91
30 91
30 90
30 89
30 88
30 87
29 87
29 86
29 85
28 85
27 85
27 84
26 84
26 83
25 83
25 82
24 82
23 82
23 81
22 81
22 80
23 80
23 79
23 78
24 78
24 77
24 76
24 75
25 75
26 75
26 74
27 74
28 74
28 73
29 73
30 73
30 72
29 72
29 71
29 70
28 70
28 69
27 69
27 68
26 68
25 68
24 68
24 67
23 67
22 67
22 66
21 66
20 66
127 46
127 47
127 45
127 44
127 43
127 42
127 41
127 40
127 39
127 38
127 37
127 36
127 35
127 34
127 33
127 32
128 32
128 31
129 31
130 31
131 31
132 31
133 31
134 31
135 31
136 31
137 31
138 31
138 30
138 29
139 29
139 28
139 27
140 27
140 26
140 25
141 25
141 24
141 23
141 22
140 22
140 21
140 20
139 20
139 19
139 18
138 18
138 17
137 17
136 17
136 16
135 16
135 15
134 15
134 14
134 13
134 12
133 12
133 11
132 11
132 10
131 10
130 10
129 10
128 10
127 10
126 10
125 10
124 10
124 9
123 9
122 9
122 8
122 7
122 6
122 5
122 4
122 3
122 2
121 2
120 2
119 2
119 1
118 1
117 1
116 1
115 1
114 1
114 0
127 48
127 49
127 50
126 50
126 51
125 51
125 52
125 53
124 53
124 54
124 55
123 55
123 56
122 56
122 57
122 58
122 59
122 60
122 61
122 62
122 63
122 64
122 65
122 66
122 67
122 68
122 69
122 70
122 71
121 71
121 72
120 72
119 72
119 73
118 73
118 74
117 74
117 75
117 76
117 77
117 78
117 79
117 80
117 81
116 81
116 82
115 82
114 82
114 83
113 83
112 83
111 83
111 84
110 84
110 85
109 85
511 275
511 276
511 274
511 273
511 272
511 271
511 270
511 269
510 269
510 268
509 268
509 267
508 267
507 267
507 266
506 266
506 265
506 264
505 264
505 263
504 263
504 262
504 261
504 260
504 259
504 258
504 257
504 256
503 256
503 255
502 255
502 254
501 254
501 253
500 253
500 252
511 277
511 278
511 279
511 280
511 281
511 282
511 283
511 284
510 284
509 284
509 285
509 286
509 287
509 288
508 288
508 289
508 290
507 290
506 290
506 291
505 291
505 292
504 292
504 293
504 294
504 295
504 296
503 296
503 297
503 298
503 299
503 300
503 301
503 302
503 303
503 304
503 305
503 306
503 307
503 308
503 309
503 310
502 310
502 311
502 312
501 312
501 313
500 313
500 314
500 315
500 316
500 317
500 318
499 318
499 319
498 319
497 319
497 320
496 320
337 432
337 433
336 432
336 431
335 431
334 431
333 431
332 431
331 431
331 430
330 430
330 429
329 429
329 428
328 428
328 427
328 426
328 425
328 424
328 423
328 422
327 422
327 421
327 420
327 419
327 418
327 417
327 416
327 415
327 414
327 413
327 412
327 411
327 410
326 410
325 410
325 409
324 409
324 408
323 408
323 407
322 407
321 407
321 406
320 406
320 405
319 405
319 404
318 404
318 403
317 403
317 402
316 402
316 401
315 401
315 400
314 400
314 399
313 399
313 398
312 398
311 398
310 398
309 398
308 398
307 398
306 398
305 398
304 398
304 397
303 397
302 397
301 397
300 397
299 397
338 433
338 434
338 435
339 435
339 436
339 437
340 437
340 438
341 438
341 439
342 439
342 440
343 440
343 441
344 441
344 442
345 442
345 443
346 443
346 444
346 445
346 446
346 447
346 448
346 449
346 450
346 451
346 452
346 453
346 454
346 455
347 455
347 456
28 259
27 259
29 259
30 259
31 259
31 258
32 258
32 257
33 257
33 256
34 256
34 255
35 255
36 255
37 255
38 255
39 255
40 255
41 255
42 255
43 255
44 255
44 254
44 253
44 252
44 251
44 250
43 250
43 249
43 248
44 248
45 248
46 248
47 248
48 248
49 248
50 248
51 248
52 248
52 247
53 247
54 247
54 246
55 246
55 245
56 245
56 244
57 244
58 244
59 244
60 244
61 244
26 259
26 260
26 261
25 261
25 262
24 262
23 262
22 262
21 262
20 262
19 262
19 263
18 263
17 263
17 264
17 265
16 265
16 266
16 267
15 267
15 268
14 268
14 269
14 270
13 270
13 271
12 271
12 272
11 272
10 272
10 273
9 273
9 274
9 275
9 276
9 277
9 278
8 278
7 278
6 278
5 278
4 278
4 279
4 280
4 281
4 282
3 282
3 283
3 284
2 284
2 285
1 285
0 285
0 286
461 352
460 352
462 352
463 352
464 352
465 352
466 352
466 353
466 354
466 355
467 355
467 356
468 356
468 357
469 357
469 358
470 358
470 359
471 359
471 358
472 358
473 358
473 357
474 357
475 357
475 356
476 356
476 355
477 355
477 356
477 357
477 358
477 359
477 360
477 361
477 362
477 363
477 364
478 364
478 365
479 365
480 365
481 365
482 365
483 365
484 365
485 365
459 352
458 352
457 352
456 352
455 352
454 352
454 351
454 350
453 350
453 349
453 348
453 347
453 346
453 345
453 344
453 343
453 342
453 341
452 341
452 340
451 340
451 339
451 338
450 338
450 337
449 337
449 336
448 336
448 335
447 335
447 334
447 333
447 332
447 331
447 330
447 329
447 328
447 327
447 326
447 325
447 324
447 323
447 322
447 321
447 320
446 320
445 320
444 320
443 320
442 320
442 319
443 319
444 319
445 319
445 318
445 317
445 316
445 315
446 315
446 314
446 313
446 312
446 311
445 311
445 310
444 310
444 309
443 309
443 308
442 308
442 307
442 306
442 305
442 304
442 303
441 303
441 302
0 342
0 343
0 341
0 340
0 339
0 338
0 337
0 336
0 335
0 334
0 333
0 332
0 331
0 330
0 329
1 329
1 328
2 328
2 327
3 327
3 326
4 326
4 325
4 324
4 323
5 323
5 322
5 321
5 320
5 319
6 319
6 318
6 317
6 316
7 316
8 316
9 316
10 316
10 315
11 315
11 314
12 314
12 313
13 313
13 312
13 311
13 310
13 309
13 308
13 307
13 306
13 305
13 304
12 304
12 303
11 303
10 303
9 303
8 303
8 302
7 302
7 301
6 301
6 300
6 299
6 298
6 297
6 296
5 296
5 295
5 294
4 294
4 293
4 292
4 291
4 290
4 289
3 289
3 288
2 288
2 287
1 287
0 287
0 344
0 345
0 346
0 347
0 348
0 349
0 350
0 351
0 352
1 352
2 352
2 353
3 353
3 354
4 354
4 355
4 356
5 356
6 356
7 356
7 357
8 357
9 357
10 357
11 357
12 357
13 357
14 357
15 357
15 358
15 359
16 359
16 360
17 360
17 361
17 362
18 362
18 363
18 364
18 365
18 366
18 367
19 367
19 368
19 369
19 370
20 370
20 371
20 372
20 373
21 373
22 373
22 374
23 374
24 374
25 374
26 374
27 374
27 373
28 373
29 373
29 372
30 372
30 371
30 370
31 370
31 369
32 369
32 368
33 368
33 367
33 366
33 365
33 364
33 363
33 362
33 361
34 361
35 361
36 361
37 361
38 361
39 361
40 361
40 362
41 362
42 362
42 363
42 364
43 364
44 364
45 364
46 364
47 364
48 364
400 508
400 509
400 507
400 506
399 506
398 506
397 506
397 505
396 505
396 504
395 504
394 504
394 503
393 503
392 503
391 503
390 503
389 503
388 503
388 502
387 502
387 501
386 501
386 500
386 499
386 498
386 497
386 496
385 496
385 495
384 495
383 495
382 495
381 495
380 495
379 495
378 495
377 495
377 494
377 493
377 492
377 491
377 490
377 489
376 489
376 488
376 487
401 509
401 510
402 510
402 511
403 511
404 511
405 511
406 511
407 511
408 511
409 511
410 511
411 511
412 511
413 511
414 511
414 510
415 510
415 509
416 509
416 508
417 508
417 507
418 507
418 506
418 505
418 504
418 503
418 502
418 501
419 501
419 500
420 500
421 500
422 500
423 500
423 501
424 501
424 500
425 500
426 500
427 500
428 500
429 500
430 500
431 500
431 501
432 501
433 501
434 501
435 501
436 501
437 501
437 502
438 502
439 502
440 502
441 502
442 502
442 503
443 503
443 504
444 504
445 504
446 504
446 505
446 506
446 507
446 508
446 509
446 510
447 510
447 511
448 511
449 511
450 511
450 510
450 509
450 508
450 507
450 506
450 505
451 505
451 504
452 504
453 504
454 504
455 504
456 504
457 504
458 504
458 503
458 502
459 502
460 502
460 503
460 504
461 504
461 505
462 505
462 506
463 506
463 507
463 508
464 508
464 509
464 510
465 510
465 511
466 511
467 511
468 511
469 511
470 511
471 511
472 511
473 511
474 511
474 510
475 510
475 509
475 508
476 508
476 507
476 506
477 506
478 506
478 505
479 505
479 504
480 504
481 504
481 505
482 505
483 505
483 506
484 506
484 507
484 508
484 509
484 510
485 510
485 511
465 264
465 263
465 265
465 266
465 267
465 268
465 269
464 269
465 262
465 261
465 260
465 259
465 258
465 257
465 256
465 255
465 254
465 253
503 181
504 181
503 182
502 182
501 182
500 182
499 182
498 182
497 182
496 182
495 182
494 182
493 182
492 182
491 182
491 183
490 183
489 183
489 184
488 184
488 185
487 185
486 185
485 185
484 185
483 185
482 185
482 186
482 187
482 188
481 188
481 189
480 189
479 189
479 190
478 190
477 190
476 190
475 190
475 189
474 189
474 188
473 188
473 187
504 180
504 179
504 178
505 178
505 177
505 176
506 176
506 175
506 174
349 380
348 380
350 380
350 379
351 379
351 378
352 378
353 378
353 377
353 376
354 376
354 375
355 375
355 374
355 373
355 372
356 372
356 371
356 370
357 370
357 369
357 368
358 368
358 367
359 367
359 366
359 365
359 364
359 363
359 362
359 361
360 361
360 360
361 360
362 360
362 359
363 359
364 359
365 359
366 359
367 359
367 358
368 358
368 357
368 356
369 356
369 355
369 354
370 354
371 354
371 355
371 356
371 357
371 358
371 359
371 360
372 360
372 361
373 361
373 362
373 363
374 363
374 364
375 364
376 364
376 365
377 365
378 365
378 366
379 366
380 366
380 367
381 367
381 368
382 368
383 368
383 369
384 369
384 370
385 370
385 371
386 371
387 371
388 371
388 372
389 372
390 372
391 372
392 372
392 373
393 373
393 374
394 374
394 375
394 376
395 376
395 377
395 378
394 378
394 379
394 380
393 380
393 381
393 382
394 382
394 383
395 383
396 383
397 383
397 384
398 384
399 384
399 385
400 385
400 386
401 386
401 387
401 388
402 388
402 389
402 390
403 390
403 391
403 392
403 393
403 394
404 394
404 395
403 395
403 396
402 396
402 397
401 397
401 398
400 398
400 399
399 399
399 400
398 400
398 401
397 401
397 402
397 403
397 404
396 404
396 405
396 406
395 406
395 407
395 408
395 409
394 409
394 410
394 411
394 412
394 413
394 414
393 414
393 415
392 415
392 416
392 417
392 418
392 419
393 419
393 420
393 421
393 422
393 423
393 424
393 425
394 425
394 426
394 427
394 428
394 429
394 430
347 380
346 380
345 380
344 380
343 380
343 381
342 381
342 382
341 382
340 382
340 383
339 383
338 383
337 383
336 383
335 383
334 383
333 383
332 383
331 383
330 383
329 383
328 383
327 383
326 383
325 383
324 383
323 383
323 382
322 382
321 382
320 382
319 382
319 383
318 383
317 383
316 383
316 384
315 384
315 385
314 385
313 385
313 386
312 386
311 386
311 387
310 387
310 388
309 388
308 388
307 388
197 7
196 7
198 7
199 7
200 7
200 8
201 8
202 8
202 9
203 9
203 10
204 10
204 11
205 11
206 11
206 10
207 10
208 10
209 10
210 10
211 10
212 10
212 9
213 9
214 9
215 9
216 9
217 9
218 9
218 8
219 8
220 8
220 7
221 7
221 6
222 6
223 6
223 5
224 5
225 5
226 5
227 5
228 5
228 6
229 6
229 7
230 7
230 8
231 8
232 8
232 9
233 9
234 9
234 10
235 10
235 11
236 11
237 11
238 11
239 11
240 11
240 10
240 9
240 8
241 8
241 7
242 7
242 6
243 6
243 5
243 4
243 3
243 2
243 1
243 0
244 0
245 0
246 0
247 0
248 0
249 0
250 0
251 0
252 0
252 1
252 2
252 3
252 4
252 5
252 6
252 7
253 7
254 7
255 7
256 7
257 7
258 7
259 7
260 7
261 7
262 7
263 7
264 7
265 7
266 7
267 7
268 7
269 7
269 6
270 6
270 5
271 5
271 4
272 4
273 4
274 4
275 4
276 4
276 3
277 3
278 3
279 3
280 3
281 3
282 3
282 4
283 4
284 4
284 5
284 6
284 7
284 8
285 8
285 9
286 9
286 10
286 11
287 11
288 11
289 11
290 11
291 11
292 11
293 11
294 11
295 11
296 11
296 10
297 10
298 10
298 11
299 11
299 12
299 13
299 14
299 15
299 16
300 16
300 17
301 17
301 18
195 7
194 7
193 7
192 7
191 7
191 8
190 8
190 9
189 9
189 10
188 10
187 10
186 10
185 10
184 10
183 10
182 10
181 10
180 10
179 10
178 10
177 10
176 10
175 10
174 10
174 11
173 11
172 11
171 11
171 12
170 12
169 12
168 12
167 12
167 13
166 13
166 14
166 15
166 16
166 17
165 17
164 17
163 17
162 17
162 18
161 18
161 19
160 19
160 20
159 20
159 21
159 22
158 22
158 23
158 24
157 24
157 25
157 26
157 27
156 27
156 28
155 28
155 29
154 29
154 28
153 28
152 28
151 28
150 28
149 28
148 28
147 28
147 27
146 27
145 27
144 27
144 26
144 25
144 24
143 24
142 24
142 23
511 422
511 421
511 423
511 424
511 425
511 426
511 427
511 428
511 429
511 430
511 431
511 432
511 433
511 434
511 435
511 436
511 437
511 438
511 439
511 440
511 441
511 442
511 443
511 444
511 445
511 446
511 447
511 448
511 449
511 450
511 451
511 452
511 453
511 454
511 455
511 456
511 457
511 420
511 419
511 418
511 417
511 416
511 415
511 414
511 413
511 412
511 411
511 410
511 409
511 408
511 407
511 406
511 405
511 404
511 403
511 402
511 401
511 400
511 399
511 398
511 397
511 396
511 395
511 394
511 393
511 392
511 391
510 391
510 390
509 390
508 390
508 389
507 389
507 388
506 388
506 387
505 387
505 386
505 385
505 384
505 383
505 382
505 381
505 380
504 380
504 379
503 379
502 379
501 379
500 379
499 379
498 379
497 379
496 379
496 378
495 378
495 377
495 376
494 376
494 375
494 374
494 373
494 372
494 371
494 370
494 369
493 369
492 369
492 368
491 368
490 368
489 368
501 85
502 85
500 85
499 85
498 85
497 85
496 85
495 85
494 85
493 85
492 85
491 85
490 85
489 85
488 85
487 85
487 86
486 86
486 87
485 87
485 88
485 89
484 89
484 90
483 90
483 91
482 91
482 92
481 92
480 92
479 92
478 92
477 92
476 92
475 92
474 92
473 92
472 92
471 92
470 92
469 92
468 92
467 92
466 92
465 92
464 92
463 92
463 91
463 90
463 89
462 89
461 89
460 89
459 89
503 85
504 85
505 85
506 85
507 85
508 85
509 85
510 85
511 85
511 84
511 83
511 82
78 24
77 24
79 24
80 24
80 25
81 25
82 25
83 25
84 25
85 25
86 25
87 25
88 25
89 25
90 25
91 25
92 25
93 25
94 25
95 25
96 25
97 25
98 25
99 25
100 25
101 25
102 25
103 25
104 25
105 25
106 25
107 25
108 25
109 25
110 25
111 25
112 25
112 24
113 24
113 23
114 23
115 23
115 22
116 22
116 21
117 21
118 21
119 21
120 21
121 21
121 20
122 20
122 19
123 19
123 18
124 18
125 18
125 17
125 16
126 16
126 15
126 14
126 13
126 12
126 11
125 11
76 24
75 24
74 24
73 24
72 24
72 25
71 25
70 25
70 26
69 26
69 27
69 28
69 29
69 30
69 31
69 32
69 33
69 34
68 34
68 35
68 36
67 36
67 37
66 37
65 37
65 38
64 38
63 38
62 38
61 38
61 39
60 39
60 40
59 40
59 41
58 41
58 42
57 42
57 43
56 43
56 44
55 44
54 44
53 44
52 44
51 44
50 44
49 44
48 44
47 44
46 44
45 44
45 45
45 46
45 47
44 47
43 47
43 48
42 48
42 49
41 49
40 49
40 50
39 50
38 50
37 50
37 51
36 51
36 52
36 53
35 53
35 54
34 54
33 54
32 54
31 54
30 54
29 54
29 55
28 55
28 56
27 56
26 56
26 57
25 57
25 58
25 59
24 59
24 60
24 61
23 61
23 62
23 63
22 63
22 64
22 65
21 65
20 65
