6 5 4 3 2 0 1 39 40 41 42 43 44 45 46 875 874 873 872 871 870 869 867 868 876 877 878 879 880 881 882 883 
6 7 8 9 10 11 12 13 14 15 16 17 18 19 20 21 22 23 24 25 26 27 28 29 30 31 32 
6 4534 4533 4532 4531 4530 4529 4528 4527 4526 4525 4524 4523 4522 4521 4520 4519 4518 4517 4516 4515 4514 4513 4512 4511 4510 4509 4508 4507 4506 4505 4504 4503 4502 4501 4500 4499 4498 4497 4496 4495 4494 4493 4492 4491 4490 4489 4488 4487 4486 4485 4484 4483 4482 4481 4480 4479 4478 4477 4476 4475 4474 4473 4472 4471 4470 4469 4468 4467 4466 4465 4464 4463 4462 4461 4460 4459 4458 4457 4456 4455 4453 4454 4535 4536 4537 4538 4539 4540 4541 4542 4543 4544 4545 4546 4547 4548 4549 4550 4551 4552 4553 4554 4555 4556 4557 4558 4559 4560 4561 4562 4563 4564 4565 4566 4567 2691 
32 33 34 35 36 37 38 6034 6033 6032 6031 6030 6029 6028 6027 6026 6025 6024 6023 6022 6021 6020 6019 6018 6017 6016 6015 6014 6013 6012 6011 6010 6009 6008 6007 6006 6005 6004 6003 6002 6001 6000 5999 5998 5997 5996 5995 5994 5993 5992 5991 5990 5989 5988 5987 5986 5985 5984 5983 5982 5981 5980 5979 5978 5977 5976 5975 5974 5973 5972 5971 5970 5969 5968 5967 5966 5965 5964 5963 5962 5961 5960 5959 5958 5957 5956 5955 5954 5953 5952 5951 5950 5949 5948 5947 5946 5945 5944 5943 5942 5941 5940 5939 5938 5937 5936 5935 5934 5933 5932 5931 5930 5929 5928 5927 5926 5925 5924 5923 5922 5921 5920 5919 5918 5917 5916 5915 5914 5913 5912 5911 5910 5909 5908 5907 5906 5905 5904 5903 5902 5901 5900 5899 5898 5897 5896 5895 5894 5893 5892 5891 5890 5889 5888 5887 5886 5885 5884 5883 5882 5881 5880 5879 5878 5877 5876 5875 5874 5873 5872 5871 5870 5869 5868 5867 5866 5865 5864 5863 5862 5861 5860 5859 5858 5857 5856 5855 5854 5853 5852 5851 5850 5849 5847 5848 6035 6036 6037 6038 6039 6040 6041 6042 6043 6044 6045 6046 6047 6048 6049 6050 6051 6052 6053 6054 6055 6056 6057 6058 6059 6060 6061 6062 6063 6064 6065 6066 6067 6068 6069 6070 6071 6072 6073 6074 6075 6076 6077 6078 6079 6080 6081 6082 6083 
32 1058 
55 54 53 52 51 50 49 47 48 56 57 58 59 60 61 62 63 64 65 66 67 68 69 70 71 72 73 74 75 76 77 78 79 80 81 82 
82 361 360 359 358 357 356 354 355 362 363 364 365 366 367 368 369 370 371 
82 540 539 538 537 536 535 534 533 532 531 530 529 528 527 526 525 524 523 522 521 520 519 518 507 506 508 509 510 511 512 513 514 515 516 517 94 93 92 91 90 89 88 87 86 85 83 84 95 96 97 98 99 100 101 
101 102 103 104 105 106 107 108 109 110 111 112 113 114 115 116 117 118 119 120 121 122 123 
101 344 343 342 341 340 339 338 337 336 335 334 333 332 331 330 329 328 327 326 325 324 323 322 321 320 319 318 317 316 315 314 313 312 311 310 309 308 307 306 305 304 303 302 301 300 299 298 296 297 345 346 347 348 349 350 351 352 353 
123 124 125 126 127 128 129 130 131 132 594 593 592 591 590 589 588 587 586 585 584 583 582 581 580 579 578 577 576 575 574 573 572 571 570 569 568 567 566 565 564 563 562 561 560 559 558 557 556 555 554 553 552 551 550 549 548 547 546 545 544 543 541 542 595 596 597 598 599 600 601 602 603 604 605 606 607 608 609 610 611 
123 2211 2210 2209 2208 2207 2206 2205 2204 2203 2202 2201 2200 2199 2198 2197 2196 2195 2194 2193 2192 2191 2190 2189 2188 2187 2186 2185 2184 2183 2182 2181 2180 2179 2178 2177 2176 2175 2174 2173 2172 2171 2170 2169 2168 2167 2166 2165 2164 2163 2162 2161 2160 2159 2158 2157 2156 2155 2154 2153 2152 2151 2150 2149 2148 2147 2146 2145 2144 2143 2142 2141 2140 2139 2138 2137 2136 2135 2134 2133 2132 2131 2130 2129 2128 2127 2126 2125 2124 2123 2122 2121 2120 2119 2118 2117 2116 2115 2114 2113 2112 2111 2110 2109 2108 2107 2106 2105 2104 2103 2102 2101 2100 2099 2098 2097 2096 2095 2094 2093 2092 2091 2090 2089 2088 2087 2086 2085 2084 2083 2082 2081 2080 2048 2047 2049 2050 2051 2052 2053 2054 2055 2056 2057 2058 2059 2060 2061 2062 2063 2064 2065 2066 2067 2068 2069 2070 2071 2072 2073 2074 2075 2076 2077 2078 2079 
161 160 159 158 157 156 155 154 153 152 151 150 149 148 147 146 145 144 143 142 141 140 139 138 137 136 135 133 134 163 164 165 166 167 168 169 170 171 172 173 174 175 176 177 178 179 180 181 182 183 184 185 186 187 188 189 190 191 192 193 194 195 196 197 198 199 200 201 
161 162 
161 426 425 424 423 422 408 407 409 410 411 412 413 414 415 416 417 418 419 420 421 1095 1094 1093 1092 1091 1090 1089 1088 1087 1086 
201 202 203 204 205 206 207 208 209 210 211 212 213 214 215 216 217 218 219 220 221 222 223 
201 911 910 909 908 907 906 905 904 903 902 901 900 899 898 897 896 895 894 893 892 891 890 889 888 887 886 884 885 912 913 914 915 916 917 918 
223 224 225 226 227 228 229 230 231 232 233 234 235 236 237 238 239 240 241 242 243 244 245 246 247 248 249 250 251 252 253 254 255 256 
223 3239 3238 3237 3236 3235 3234 3233 3232 3231 3230 3229 3228 
256 257 258 259 260 261 262 263 264 265 266 267 268 269 270 271 272 273 
256 731 730 729 728 727 726 725 724 723 722 721 720 719 718 717 716 715 714 713 712 711 710 709 708 707 706 679 678 680 681 682 683 684 685 686 687 688 689 690 691 692 693 694 695 696 697 698 699 700 701 702 703 704 705 
273 274 275 276 277 278 279 280 281 282 283 284 285 286 287 288 289 290 291 292 293 294 295 
273 472 471 470 469 468 467 466 465 464 463 462 461 460 459 458 456 457 473 474 475 476 477 
371 372 
371 1558 1557 1556 1555 1554 1553 1551 1552 1559 1560 1561 1562 1563 1564 1565 1566 1567 1568 1569 1570 1571 1572 1573 1574 1575 1576 1577 1578 1579 1580 1581 1582 1583 1584 1585 1586 1587 1588 1589 1590 1591 1592 1593 1594 1595 1596 1597 1598 1599 1600 1601 1602 1603 1604 1605 1606 1607 1608 1609 1610 1611 1612 1613 1614 1615 1616 1617 
381 380 379 378 377 376 375 373 374 382 383 384 385 386 387 388 389 390 391 
391 392 393 394 395 396 397 398 399 400 401 402 403 404 405 406 3535 3534 3533 3532 3531 3530 3529 3528 3526 3527 3536 3537 3538 3539 3540 3541 3542 
391 2267 2266 2265 2264 2263 2262 2261 2260 2259 2258 2257 2256 2255 2254 2253 2252 2251 2250 2249 2248 2247 2246 2245 2244 2243 2242 2241 2240 2239 2238 2237 2236 2235 2234 2233 2232 2231 2230 2229 2228 2227 2226 2225 2224 2223 2222 2221 2220 2219 2218 2217 2216 2215 2214 2212 2213 2268 2269 2270 2271 2272 2273 2274 2275 2276 2277 2278 2279 2280 2281 2282 2283 2284 2285 2286 2287 2288 2289 2290 2291 2292 2293 2294 2295 2296 2297 2298 2299 2300 2301 2302 2303 2304 2305 2306 2307 2308 2309 2310 
433 432 431 430 429 427 428 434 435 436 437 438 439 440 441 442 443 
443 444 445 446 447 448 449 450 451 452 453 454 455 505 504 503 502 501 500 499 498 497 496 495 494 493 492 491 490 489 488 487 486 485 484 483 482 481 480 479 478 477 
443 3525 3524 3523 3522 3521 3520 3519 3518 3517 3516 3515 3514 3513 3512 3511 3510 3509 3508 3507 3506 3505 3504 3503 3502 3501 3500 3499 3498 3497 3496 3495 3494 3493 3492 3491 3490 3489 3488 3487 3486 3485 3484 3483 3482 3481 3480 3479 3478 3477 3476 3475 3474 3473 3472 3471 3470 3469 3468 3467 3466 3465 3464 3463 3462 3461 3460 3459 3458 3457 3456 
477 3727 3726 3725 3724 3723 3722 3721 3720 3719 3718 3717 3716 3715 3714 3713 3712 3711 3710 3709 3708 3707 3706 3705 3704 3703 3702 3701 3700 3699 3698 3697 3696 3695 3694 3693 3692 3691 3690 3688 3689 3728 3729 3730 3731 3732 3733 3734 3735 4756 4755 4754 4753 4752 4751 4750 4749 4748 4747 4746 4745 4744 4743 4742 4741 4740 4739 4738 4737 4736 4735 4734 4733 4732 4731 4730 4678 4677 4679 4680 4681 4682 4683 4684 4685 4686 4687 4688 4689 4690 4691 4692 4693 4694 4695 4696 4697 4698 4699 4700 4701 4702 4703 4704 4705 4706 4707 4708 4709 4710 4711 4712 4713 4714 4715 4716 4717 4718 4719 4720 4721 4722 4723 4724 4725 4726 4727 4728 4729 6721 6720 6719 6718 6717 6716 6715 6714 6713 6712 6711 6710 6709 6708 6707 6706 6705 6704 6703 6702 6701 6700 6699 6698 6697 6696 6695 6694 6693 6692 6691 6665 6664 6666 6667 6668 6669 6670 6671 6672 6673 6674 6675 6676 6677 6678 6679 6680 6681 6682 6683 6684 6685 6686 6687 6688 6689 6690 7313 7312 7311 7310 7309 7308 7307 7306 7305 7304 7303 7302 7301 7300 7299 7298 7297 7296 7295 7294 7293 7292 7291 7290 7289 7288 7287 7286 7285 7284 7282 7283 7314 7315 7316 7317 7318 7319 7320 7321 7322 7323 
611 612 613 614 615 616 617 618 619 620 621 622 623 624 625 626 627 628 629 630 631 632 633 634 635 636 637 638 639 640 641 642 643 644 645 646 647 648 649 650 651 652 653 654 655 656 657 658 659 660 661 662 663 664 665 666 667 668 669 670 671 672 673 674 675 676 677 6430 6429 6428 6427 6426 6425 6424 6423 6422 6421 6420 6419 6418 6417 6416 6415 6414 6413 6412 6411 6410 6409 6408 6407 6406 6405 6404 6403 6402 6401 6400 6399 6398 6397 6396 6395 6394 6393 6392 6391 6390 6389 6388 6387 6386 6385 6384 6383 6382 6381 6380 6379 6378 6377 6376 6375 6374 
611 765 764 763 762 761 760 759 758 757 756 755 754 753 752 751 750 749 748 747 746 745 744 743 742 741 733 732 734 735 736 737 738 739 
739 740 
739 4371 4370 4369 4368 4367 4366 4365 4364 4363 4362 4361 4360 4359 4358 4357 4356 4355 4354 4352 4353 4372 4373 4374 4375 4376 4377 4378 4379 4380 4381 4382 4383 4384 4385 4386 4387 4388 4389 4390 4391 4392 4393 4394 4395 4396 4397 4398 4399 4400 4401 4402 4403 4404 4405 4406 4407 4408 4409 4410 4411 4412 4413 4414 4415 4416 4417 4418 4419 4420 4421 4422 4423 4424 4425 4426 4427 4428 4429 4430 4431 4432 4433 4434 4435 4436 4437 4438 4439 4440 4441 4442 4443 4444 4445 4446 4447 4448 4449 4450 4451 4452 2484 
780 779 778 777 776 775 774 773 772 771 770 769 768 766 767 785 786 787 788 789 790 791 792 793 794 795 796 797 798 799 800 801 802 803 2583 2582 2581 2580 2579 2578 2577 2576 2575 2574 2573 2572 2571 2570 2569 2568 2567 2566 2565 2564 2563 2562 2561 2560 2559 2558 2557 2556 2555 2554 2552 2553 2584 2585 2586 2587 2588 2589 2590 2591 2592 2593 2594 2595 2596 2597 2598 2599 2600 2601 2602 2603 2604 2605 2606 2607 2608 2609 2610 2611 2612 2613 2614 2615 2616 2617 2618 2619 2620 2621 2622 2623 2624 2625 2626 2627 2628 2629 2630 2631 2632 2633 2634 2635 2636 2637 2638 2639 2640 2641 2642 2643 2644 2645 2646 2647 2648 2649 2650 2651 2652 2653 2654 2655 2656 2657 2658 2659 2660 2661 2662 2663 2664 2665 
780 781 782 783 784 
780 3854 3853 3852 3851 3850 3849 3848 3847 3846 3845 3844 3843 3842 3841 3840 3839 3838 3837 3836 3835 3834 3833 3832 3831 3830 3829 3828 
812 811 810 809 808 807 806 804 805 831 832 833 834 835 836 837 838 839 840 3195 3194 3193 3192 3191 3190 3189 3188 3187 3186 3185 3184 3183 3182 3181 3180 3179 3178 3177 3176 3175 3174 3173 3172 3171 3170 3169 3168 3167 3166 3165 3164 3163 3162 3161 3160 3159 3158 3157 3156 3155 3153 3154 3196 3197 3198 3199 3200 3201 3202 2950 
812 813 814 815 816 817 818 819 820 821 822 823 824 825 826 827 828 829 830 4815 4814 4813 4812 4811 4810 4809 4808 4807 4806 4805 4804 4803 4802 4801 4800 4799 4798 4797 4796 4795 4794 4793 4792 4791 4790 4789 4788 4787 4786 4785 4784 4783 4782 4781 4780 4779 4778 4777 4776 4775 4774 4773 4772 4771 4770 4769 4768 4767 4766 4765 4764 4763 4762 4761 4760 4759 4757 4758 4816 4817 4818 4819 4820 4821 4822 4823 4824 4825 4826 4827 4828 4829 4830 4831 4832 4833 4834 4835 4836 4837 4838 4839 4840 4841 4842 4843 4844 4845 4846 4847 4848 4849 4850 4851 4852 4853 4854 4855 4856 4857 
812 4269 4268 4267 4266 4265 4264 4263 4262 4261 4260 4259 4258 4257 4256 4255 4254 4253 4252 4251 4250 
853 852 851 850 849 848 847 846 845 844 843 841 842 854 855 856 857 858 859 860 
860 861 862 863 864 865 866 1079 1078 1077 1076 1075 1074 1073 1060 1059 1061 1062 1063 1064 1065 1066 1067 1068 1069 1070 1071 1072 1534 1533 1532 1531 1530 1529 1528 1527 1526 1525 1524 1523 1522 1521 1520 1518 1519 1535 1536 1537 1538 1539 1540 1541 1542 1543 1544 1545 1546 1547 1548 1549 1550 931 930 929 928 927 926 925 924 923 922 921 920 919 918 
860 5607 5606 5605 5604 5603 5602 5601 5600 5599 5598 5597 5596 5595 5594 5593 5592 5591 5590 5589 5588 5587 5586 5585 5584 5583 5582 5581 5580 5579 5578 5577 5576 5575 5574 5573 5572 5571 5570 5569 5568 5567 5566 5565 5564 5563 5562 5561 5560 5559 5558 5557 5556 5555 5554 5553 5552 5551 5550 5549 5548 5547 5546 5545 5544 5543 5542 5541 5540 5539 5538 5537 5536 5535 5534 5533 5532 5531 5530 5529 5528 5526 5527 5608 5609 5610 5611 5612 5613 5614 5615 5616 5617 5618 5619 5620 5621 5622 5623 5624 5625 5626 5627 5628 5629 5630 5631 5632 5633 5634 5635 5636 5637 5638 5639 5640 5641 5642 5643 5644 5645 5646 5647 5648 5649 5650 5651 5652 5653 5654 5655 5656 5657 5658 5659 5660 5661 5662 5663 5664 5665 5666 5667 5668 5669 5670 5671 5672 5673 5674 5675 5676 5677 5678 5679 5680 5681 5682 5683 5684 5685 5686 5687 5688 5689 5690 5691 5692 5693 5694 5695 5696 5697 5698 5699 5700 5701 5051 
883 2551 2550 2549 2548 2547 2546 2545 2544 2543 2542 2541 2540 2539 2538 2537 2536 2535 2534 2533 2532 2508 2507 2509 2510 2511 2512 2513 2514 2515 2516 2517 2518 2519 2520 2521 2522 2523 2524 2525 2526 2527 2528 2529 2530 2531 
883 5448 5447 5446 5445 5444 5443 5442 5441 5440 5439 5438 5437 5436 5435 5434 5433 5432 5431 5430 5429 5428 5427 5426 5425 5424 5423 5422 5421 5420 5419 5418 5417 5416 5415 5414 5413 5412 5411 5410 5409 5408 5407 5406 5405 5404 5403 5402 5401 5400 5399 5398 5397 5396 5395 5394 5393 5392 5391 5390 5389 5388 5387 5386 5385 5384 5383 5382 5381 5380 5379 5378 5377 5376 5375 5374 5373 5372 5371 5370 5369 5368 5367 5366 5365 5364 5363 5362 5361 5360 5359 5358 5357 5356 5355 5354 5353 5351 5352 5449 5450 5451 5452 5453 5454 5455 5456 5457 
918 5155 5154 5153 5152 5151 5150 5149 5148 5147 5146 5145 5144 5143 5142 5141 5140 5139 5138 5137 5136 5135 5134 5133 5132 5131 5130 5129 5128 5127 5126 5125 5124 5123 5122 5121 5120 5119 5118 5117 5116 5115 5114 5113 5112 5111 5110 5109 5108 5107 5106 5105 5104 5103 5102 5101 5100 5099 5098 5097 5096 5095 5094 5093 5092 5091 5090 5089 5088 5087 5086 5085 5084 5083 5081 5082 5156 5157 5158 5159 5160 5161 5162 5163 
945 944 943 942 941 940 939 938 937 936 935 934 932 933 947 948 949 950 951 952 953 954 955 956 957 958 959 960 961 962 963 964 965 966 967 968 2506 2505 2504 2503 2502 2501 2500 2499 2498 2497 2496 2495 2494 2493 2492 2491 2490 2489 2488 2487 2486 2485 2484 
945 946 2012 2011 2010 2009 2008 2007 2006 2005 2004 2003 2002 2001 2000 1999 1998 1997 1996 1995 1994 1993 1992 1991 1990 1989 1988 1987 1986 1985 1984 1983 1982 1981 1980 1979 1978 1977 1976 1975 1974 1973 1972 
945 6991 6990 6989 6988 6987 6986 6985 6984 6983 6982 6981 6980 6979 6978 6977 6976 6975 6974 6973 6972 6971 6970 6969 6968 6967 6966 6965 6964 6963 6962 6961 6960 6959 6958 6957 6956 6955 6954 6953 6952 6951 6950 6949 6948 6947 6946 6945 6944 6943 6942 6941 6940 6939 6938 6937 6936 6935 6934 6933 6932 6931 6930 6929 6928 6927 6926 6925 6924 6923 6922 6921 6920 6919 6918 6917 6916 6915 6914 6913 6912 6911 6910 6909 6908 6907 6906 6905 6904 6903 6902 6901 6900 6899 6898 6897 6896 6895 6894 6893 6892 6891 6890 6889 6888 6887 6886 6885 6884 6883 6882 6881 6880 6879 6878 6877 6876 6875 6874 6873 6872 6871 6870 6869 6868 6867 6866 6865 6864 6863 6862 6861 6860 6859 6858 6857 6856 6855 6775 6774 6776 6777 6778 6779 6780 6781 6782 6783 6784 6785 6786 6787 6788 6789 6790 6791 6792 6793 6794 6795 6796 6797 6798 6799 6800 6801 6802 6803 6804 6805 6806 6807 6808 6809 6810 6811 6812 6813 6814 6815 6816 6817 6818 6819 6820 6821 6822 6823 6824 6825 6826 6827 6828 6829 6830 6831 6832 6833 6834 6835 6836 6837 6838 6839 6840 6841 6842 6843 6844 6845 6846 6847 6848 6849 6850 6851 6852 6853 6854 7239 7238 7237 7236 7235 7234 7233 7232 7231 7230 7229 7228 7227 7226 7225 7224 7223 7222 7221 7220 7219 7218 7217 7216 7215 7214 7213 7212 7211 7210 7209 7208 7207 7206 7205 7204 7203 7202 7201 7200 7199 7198 7197 7196 7195 7194 7193 7192 7191 7190 7189 7188 7187 7186 7185 7184 7183 7182 7181 7180 7179 7178 7177 7176 7175 7174 7173 7172 7171 7170 7169 7168 7167 7166 7165 7164 7163 7162 7161 7160 7159 7158 7157 7156 7155 7154 7153 7152 7151 7150 7149 7148 7147 7146 7145 7144 7143 7142 7141 7140 7139 7138 7137 7136 7135 7134 7133 7132 7131 7130 7129 7128 7127 7126 7125 7124 7123 7122 7121 7120 7119 7118 7117 7116 7115 7114 7113 7112 7111 7110 7109 7108 7107 7106 7105 7104 7103 7102 7101 7100 7099 7098 7097 7096 7095 7094 7093 7092 7091 7090 
977 976 975 974 973 972 971 969 970 978 979 980 981 982 983 984 
984 985 986 987 988 989 990 991 992 993 994 995 996 997 998 999 1000 1001 1002 1003 1004 1005 1006 1007 1008 1009 1010 1011 1012 1013 1014 1015 1016 1017 1018 1019 1020 1021 1022 1023 1024 1025 1026 1027 1028 1029 1030 1031 1032 1033 1034 1035 1036 1037 1038 1039 1040 1041 1042 1043 1044 1045 1046 1047 1048 1049 1050 1051 1052 1053 1054 1055 1056 1057 1058 
984 1203 1202 1201 1200 1199 1198 1197 1196 1195 1194 1193 1192 1191 1190 1189 1188 1187 
1058 1377 1376 1375 1374 1373 1372 1371 1370 1369 1368 1367 1366 1365 1364 1363 1362 1361 1360 1359 1358 1357 1356 1355 1354 1353 1352 1351 1350 1349 1348 1347 1346 1345 1344 1343 1342 1341 1340 1339 1338 1337 1336 1334 1335 1378 1379 1380 1381 1382 1383 1384 1385 
1086 1085 1084 1083 1082 1080 1081 1096 1097 1098 1099 1100 1101 1102 1103 1104 1157 1156 1155 1154 1153 1152 1151 1150 1149 1148 1147 1146 1145 1144 1143 1142 1141 1140 1139 1138 1137 1136 1135 1134 1133 1132 1131 1130 1129 1128 1127 1126 1125 1124 1123 1122 1121 1120 1119 1118 1117 1116 1115 1114 1113 1112 1111 1110 1109 1108 1107 1105 1106 1158 1159 1160 1161 1162 1163 1164 
1086 2874 2873 2872 2871 2870 2869 2868 2867 2866 2865 2864 2863 2862 2861 2860 2859 2858 2857 2856 2855 2854 2853 2852 2851 2850 2849 2848 2847 2846 2845 2844 
1176 1175 1174 1173 1172 1171 1170 1169 1168 1167 1165 1166 1204 1205 1206 1207 1208 1209 1210 1211 1212 1213 1214 1215 1216 1217 1218 1219 1220 1221 1222 1223 1224 1225 1226 1227 1228 1229 1230 1231 1232 1233 1234 1235 1236 1237 1238 1239 1240 1241 1242 1243 1244 1245 1246 1247 1248 1249 1250 1251 1252 1253 1254 1255 1256 1257 1258 1259 1260 1261 1262 1263 1264 1265 1266 1267 1268 1269 1270 1271 1272 1273 1274 1275 1276 1277 1278 1279 1280 1281 1282 1283 1284 1285 1286 1287 1288 1289 1290 1291 1292 1293 1294 1295 1296 1297 1298 1299 1300 1301 1302 1303 1304 1305 1306 1307 1308 1309 1310 1311 1312 1313 1314 1315 1316 1317 1318 1319 1320 1321 1322 1323 1324 1325 1326 1327 1328 1329 1330 1331 1332 1333 
1176 1177 1178 1179 1180 1181 1182 1183 1184 1185 1186 1187 
1176 3064 3063 3062 3061 3060 3059 3058 3057 3056 3055 3054 3053 3052 3051 3050 3049 3048 3047 3046 3045 3044 3043 3042 3041 3040 3039 3038 3037 3036 3035 3034 3033 3032 3031 3030 3029 3028 3027 3026 3025 3024 3023 3022 3021 3020 3019 3018 3017 3016 3015 3014 3013 3012 3011 3010 3009 3008 3007 3006 3005 3004 3003 3002 3001 3000 2999 2998 2997 2996 2995 2994 2993 2992 2991 2990 2989 2988 2987 2986 2985 2984 2983 2982 2981 2980 2979 2978 2977 2976 2975 2974 2973 2972 2971 2970 2969 2968 2967 2966 2965 2964 2963 2962 2961 2960 2959 2958 2957 2956 2955 2954 2953 2952 2951 2950 
1187 1517 1516 1515 1514 1513 1512 1511 1510 1509 1508 1507 1506 1505 1504 1503 1502 1501 1500 1499 1498 1497 1496 1495 1494 1493 1492 1491 1490 1489 1488 1487 1486 1485 1484 1483 1482 1481 1480 1479 1478 1477 
1466 1465 1464 1463 1462 1461 1460 1459 1458 1457 1456 1455 1454 1453 1452 1451 1450 1449 1448 1447 1446 1445 1444 1443 1442 1441 1440 1439 1438 1437 1436 1435 1434 1433 1432 1431 1430 1429 1428 1427 1426 1425 1424 1423 1422 1421 1420 1419 1418 1417 1416 1415 1414 1413 1412 1411 1410 1409 1408 1407 1406 1405 1404 1403 1402 1401 1400 1399 1398 1397 1396 1395 1394 1393 1392 1391 1390 1389 1388 1386 1387 1467 1468 1469 1470 1471 1472 1473 1474 1475 1476 1477 
1477 1645 1644 1643 1642 1641 1640 1639 1638 1637 1636 1635 1634 1633 1632 1631 1620 1619 1621 1622 1623 1624 1625 1626 1627 1628 1629 
1617 1618 
1617 3152 3151 3150 3149 3148 3147 3146 3145 3144 3143 3142 3141 3140 3139 3138 3137 3136 3135 3134 3133 3132 3131 3130 3129 3128 3082 3081 3083 3084 3085 3086 3087 3088 3089 3090 3091 3092 3093 3094 3095 3096 3097 3098 3099 3100 3101 3102 3103 3104 3105 3106 3107 3108 3109 3110 3111 3112 3113 3114 3115 3116 3117 3118 3119 3120 3121 3122 3123 3124 3125 3126 3127 
1629 1630 
1629 2712 2711 2710 2709 2708 2707 2706 2705 2704 2703 2702 2701 2700 2699 2698 2697 2695 2696 2713 2714 2715 2716 2717 2718 2719 2720 2721 2722 2723 2724 2725 2726 
1656 1655 1654 1653 1652 1651 1650 1649 1648 1646 1647 1657 1658 1659 1660 1661 1662 1663 1664 1665 1666 1667 1668 1669 1670 1671 1672 1673 1674 1675 1676 
1676 1677 1678 1679 1680 1681 1682 1683 1684 1685 1686 1687 1688 1689 1690 1691 1692 1693 1694 1695 1696 1697 1698 1699 1700 1701 1702 1703 1704 1705 1706 1707 1708 1709 1710 1711 1712 1713 1714 1715 1716 1717 1718 1719 1720 1721 1722 1723 1724 1725 1726 1727 1728 1729 
1676 3316 3315 3314 3313 3312 3311 3310 3309 3308 3307 3306 3305 3304 3303 3302 3301 3300 3299 3298 3297 3296 3295 3294 3293 3292 3291 3290 3289 3288 3287 3286 3285 3284 3283 3282 3281 3280 3279 3278 3277 3276 3275 3274 3273 3272 3271 3270 3269 3268 3267 3266 3265 3264 3263 3262 3261 3260 3259 3258 3257 3256 3255 3254 3253 3252 3251 3250 3248 3249 3317 3318 3319 3320 3321 3322 3323 3324 3325 3326 3327 
1729 1730 1731 1732 1733 1734 1735 1736 1737 1738 1739 1740 1741 1742 1743 1744 1745 1746 1747 1748 1749 1750 1751 1752 1753 1754 1755 1756 1757 1758 1759 1760 1761 1762 1763 1764 1765 1766 1767 1768 1769 1770 1771 1772 1773 1774 1775 1776 1777 1778 1779 1780 1781 1782 1783 1784 1785 1786 1787 1788 1789 1790 1791 1792 1793 1794 1795 1796 1797 1798 1799 1800 1801 1802 1803 1804 1805 1806 1807 1808 1809 1810 1811 1812 1813 1814 1815 1816 1817 1818 1819 1820 1821 1822 1823 1824 1825 1826 1827 
1729 4110 4109 4108 4107 4106 4105 4104 4103 4102 4101 4100 4099 4098 4097 4096 4095 4093 4094 4111 4112 4113 4114 4115 4116 4117 3645 
1972 1971 1970 1969 1968 1967 1966 1965 1964 1963 1962 1961 1960 1959 1958 1957 1956 1955 1954 1953 1952 1951 1950 1949 1948 1947 1946 1945 1944 1943 1942 1941 1940 1939 1938 1937 1936 1935 1934 1933 1932 1931 1930 1929 1928 1927 1926 1925 1924 1923 1922 1921 1920 1919 1918 1917 1916 1915 1914 1913 1912 1911 1910 1909 1908 1907 1906 1905 1904 1903 1902 1901 1900 1899 1898 1897 1896 1895 1894 1893 1892 1891 1890 1889 1888 1887 1886 1885 1884 1883 1882 1881 1880 1879 1878 1877 1876 1875 1874 1873 1872 1871 1870 1869 1868 1867 1866 1865 1864 1863 1862 1861 1860 1859 1858 1857 1856 1855 1854 1853 1852 1851 1850 1849 1848 1847 1846 1845 1844 1843 1842 1841 1840 1839 1838 1837 1836 1835 1834 1833 1832 1831 1830 1828 1829 2013 2014 2015 2016 2017 2018 2019 2020 2021 2022 2023 2024 2025 2026 2027 2028 2029 2030 2031 2032 2033 2034 2035 2036 2037 2038 2039 2040 2041 2042 2043 2044 2045 
1972 5293 5292 5291 5290 5289 5288 5287 5286 5285 5284 5283 5282 5281 5280 5279 5278 5277 5276 5275 5274 5273 5272 5271 5270 5269 5268 5267 5266 5265 5264 5263 5262 5261 5260 5259 5258 5257 5256 5255 5254 5253 5252 5251 5250 5249 5248 5247 5246 5245 5244 5243 5242 5241 5240 5239 5238 5237 5236 5235 5234 5233 5232 5231 5230 5229 5228 5227 5226 5225 5224 5223 5222 5221 5220 5219 5218 5217 5216 5215 5214 5213 5212 5211 5210 5209 5208 5207 5206 5205 5204 5203 5202 5201 5200 5199 5198 5197 5196 5195 5194 5193 5192 5191 5190 5189 5188 5187 5186 5185 5184 5183 
2045 2046 
2045 4325 4324 4323 4322 4321 4320 4319 4318 4317 4316 4315 4314 4313 4312 4311 4310 4309 4308 4307 4306 4305 4304 4303 4302 4301 4300 4299 4298 4296 4297 4326 4327 4328 4329 4330 4331 4332 4333 4334 4335 4336 4337 4338 4339 4340 4341 4342 4343 4344 4345 4346 4347 4348 4349 4350 4351 
2310 2311 2312 2313 2314 2315 2316 2317 2318 2319 2320 2321 2322 2323 2324 2325 2326 2327 2328 2329 2330 2331 2332 2333 2334 2335 2336 2337 2338 2339 
2310 2903 2902 2901 2900 2899 2898 2897 2896 2895 2894 2893 2892 2891 2890 2889 2888 2887 2886 2885 2884 2883 2882 2881 2880 2879 2878 2877 2876 2875 2784 2783 2785 2786 2787 2788 2789 2790 2791 2792 2793 2794 2795 2796 2797 2798 2799 2800 2801 2802 2803 2804 2805 2806 2807 2808 2809 2810 2811 2812 2813 2814 2815 2816 2817 2818 2819 2820 2821 2822 2823 2824 2825 2826 2827 2828 2829 2830 2831 2832 2833 2834 2835 2836 2837 2838 2839 2840 2841 2842 2843 2844 
2351 2350 2349 2348 2347 2346 2345 2344 2343 2342 2340 2341 2352 2353 2354 2355 2356 2357 2358 2359 2360 2361 2362 2363 2364 2365 2366 2367 2368 2369 2370 2371 2372 2373 2374 2375 2376 2377 2378 2379 2380 2381 2382 2383 2384 2385 2386 2387 2388 2389 2390 2391 2392 2393 2394 2395 2396 2397 2398 2399 2400 2401 2402 2403 2404 2405 2406 2407 2408 2409 2410 2411 2412 2413 2414 2415 2416 2417 2418 2419 
2419 2420 2421 2422 2423 2424 2425 2426 2427 2428 2429 2430 2431 2432 2433 2434 2435 2436 2437 2438 2439 2440 2441 2442 2443 2444 2445 2446 2447 2448 2449 2450 2451 2452 2453 2454 2455 2456 2457 2458 2459 2460 2461 2462 2463 2464 2465 2466 2467 2468 2469 2470 2471 2472 2473 2474 2475 2476 2477 2478 2479 2480 2481 2482 2483 2484 
2419 3652 3651 3650 3649 3648 3647 3636 3635 3637 3638 3639 3640 3641 3642 3643 3644 3645 
2665 2666 
2665 4232 4231 4230 4229 4228 4227 4226 4225 4224 4223 4119 4118 4120 4121 4122 4123 4124 4125 4126 4127 4128 4129 4130 4131 4132 4133 4134 4135 4136 4137 4138 4139 4140 4141 4142 4143 4144 4145 4146 4147 4148 4149 4150 4151 4152 4153 4154 4155 4156 4157 4158 4159 4160 4161 4162 4163 4164 4165 4166 4167 4168 4169 4170 4171 4172 4173 4174 4175 4176 4177 4178 4179 4180 4181 4182 4183 4184 4185 4186 4187 4188 4189 4190 4191 4192 4193 4194 4195 4196 4197 4198 4199 4200 4201 4202 4203 4204 4205 4206 4207 4208 4209 4210 4211 4212 4213 4214 4215 4216 4217 4218 4219 4220 4221 4222 3554 
2675 2674 2673 2672 2671 2670 2669 2667 2668 2676 2677 2678 2679 2680 2681 2682 2683 2684 2685 2686 2687 2688 2689 2690 2691 
2691 2692 2693 2694 
2767 2766 2765 2764 2763 2762 2761 2760 2759 2758 2757 2756 2755 2754 2753 2752 2751 2750 2749 2748 2747 2746 2745 2744 2743 2742 2741 2740 2739 2738 2737 2736 2735 2734 2733 2732 2731 2730 2729 2727 2728 2768 2769 2770 2771 2772 2773 2774 2775 2776 2777 2778 2779 2780 2781 
2781 2782 3761 3760 3759 3758 3757 3756 3755 3754 3753 3752 3751 3750 3749 3748 3747 3746 3745 3744 3743 3742 3741 3740 3739 3738 3736 3737 3762 3763 3764 3765 3766 3767 3768 3769 3770 3771 3772 3773 3774 3775 3776 3777 3778 3779 3780 3781 3782 3783 3784 3785 3786 3787 3788 3789 3790 3791 3792 3793 3794 3795 3796 3797 3798 3799 3800 3801 3802 3803 3804 3805 3806 3807 3808 3809 3810 3811 3812 3813 3814 3815 3816 3817 3818 3819 3820 3821 3822 3823 3824 3825 3826 3827 3828 
2781 6294 6293 6292 6291 6290 6289 6288 6287 6286 6285 6284 6283 6282 6281 6280 6279 6278 6277 6276 6275 6274 6273 6272 6271 6270 6269 6268 6267 6266 6265 6264 6263 6262 6261 6260 6259 6258 6257 6256 6255 6254 6253 6252 6251 6250 6249 6248 6247 6246 6245 6244 6243 6130 6129 6131 6132 6133 6134 6135 6136 6137 6138 6139 6140 6141 6142 6143 6144 6145 6146 6147 6148 6149 6150 6151 6152 6153 6154 6155 6156 6157 6158 6159 
2844 3634 3633 3632 3631 3630 3629 3628 3627 3626 3625 3624 3623 3622 3621 3620 3544 3543 3545 3546 3547 3548 3549 3550 3551 3552 3553 3554 
2950 2949 2948 2947 2946 2945 2944 2943 2942 2941 2940 2939 2938 2937 2936 2935 2934 2933 2932 2931 2930 2929 2928 2927 2926 2925 2924 2923 2922 2921 2920 2919 2918 2917 2916 2915 2914 2913 2912 2911 2910 2909 2908 2907 2906 2904 2905 3065 3066 3067 3068 3069 3070 3071 3072 3073 3074 3075 3076 3077 3078 3079 3080 4092 4091 4090 4089 4088 4087 4086 4085 4084 4083 4082 4081 4080 4079 4078 4077 4076 4075 4074 4073 4072 4071 4070 4069 4068 4067 4066 4065 4064 4063 3988 3987 3989 3990 3991 3992 3993 3994 3995 3996 3997 3998 3999 4000 4001 4002 4003 4004 4005 4006 4007 4008 4009 4010 4011 4012 4013 4014 4015 4016 4017 4018 4019 4020 4021 4022 4023 4024 4025 4026 4027 4028 4029 4030 4031 4032 4033 4034 4035 4036 4037 4038 4039 4040 4041 4042 4043 4044 4045 4046 4047 4048 4049 4050 4051 4052 4053 4054 4055 4056 4057 4058 4059 4060 4061 4062 3872 
3228 3227 3226 3225 3224 3223 3222 3221 3220 3219 3218 3217 3216 3215 3214 3213 3212 3211 3210 3209 3208 3207 3206 3205 3203 3204 3240 3241 3242 3243 3244 3245 3246 3247 
3228 7553 7552 7551 7550 7549 7548 7547 7546 7545 7544 7543 7542 7541 7540 7539 7538 7537 7536 7535 7534 7533 7532 7531 7530 7529 7528 7527 7526 7525 7524 7523 7522 7521 7520 7519 7518 7517 7516 7515 7514 7513 7512 7511 7510 7509 7508 7507 7506 7505 7504 7503 7502 7501 7500 7499 7498 7497 7496 7495 7494 7493 7492 7491 7490 7489 7488 7487 7486 7485 7484 7483 7482 7481 7480 7479 7478 7477 7476 7475 7474 7473 7472 7471 7470 7469 7468 7467 7466 7465 7464 7463 7462 7461 7460 7459 7458 7457 7456 7455 7454 7453 7452 7451 7450 7449 7448 7447 7446 7445 7444 7443 7442 7441 7440 7439 7438 7437 7436 7435 7434 7433 7432 7431 7430 7429 7428 7427 7426 7425 
3327 3328 3329 3330 3331 3332 3333 3334 3335 3336 3337 3338 3339 3340 3341 3342 3343 3344 3345 3346 3347 3348 3349 3350 3351 3352 3353 3354 3355 3356 3357 3358 3359 3360 3361 3362 3363 3364 3365 3366 3367 3368 3369 3370 3371 3372 3373 3374 3375 3376 3377 3378 3379 3380 3381 3382 3383 3384 3385 3386 3387 3388 3389 3390 3391 3392 3393 3394 3395 3396 3397 3398 3399 3400 3401 3402 3403 3404 3405 3406 3407 3408 3409 3410 3411 3412 3413 3414 3415 3416 3417 3418 3419 3420 3421 3422 3423 3424 3425 3426 3427 3428 3429 3430 3431 3432 3433 3434 3435 3436 3437 3438 3439 3440 3441 3442 3443 3444 3445 3446 3447 3448 3449 3450 3451 3452 3453 3454 3455 3456 
3327 6630 6629 6628 6627 6626 6625 6624 6623 6622 6621 6620 6619 6618 6617 6616 6615 6614 6613 6612 6611 6610 6609 6608 6607 6606 6605 6604 6603 6602 6601 6600 6598 6599 6631 6632 6633 6634 6635 6636 6637 6638 6639 6640 6641 6642 6643 6644 6645 6646 6647 6648 6649 6650 6651 6652 6653 6654 6655 6656 6657 6658 6659 6660 6661 6662 6663 6374 
3456 3975 3974 3973 3972 3971 3970 3969 3968 3967 3966 3965 3964 3963 3962 3961 3960 3959 3958 3957 3956 3955 3954 3953 3952 3951 3950 3949 3948 3947 3946 3945 3944 3943 3942 3941 3940 3939 3938 3937 3936 3935 3934 3933 3932 3931 3930 3929 3928 3927 3926 3925 3924 3923 3922 3921 3920 3919 3918 3917 3916 3915 3914 3913 3912 3911 3910 3909 3908 3907 3906 3905 3904 3903 3902 3901 3900 3898 3899 3976 3977 3978 3979 3980 3981 3982 3983 3984 3985 3986 3676 
3554 3555 3556 3557 3558 3559 3560 3561 3562 3563 3564 3565 3566 3567 3568 3569 3570 3571 3572 3573 3574 3575 3576 3577 3578 3579 3580 3581 3582 3583 3584 3585 3586 3587 3588 3589 3590 3591 3592 3593 3594 3595 3596 3597 3598 3599 3600 3601 3602 3603 3604 3605 3606 3607 3608 3609 3610 3611 3612 3613 3614 3615 3616 3617 3618 3619 
3645 3646 
3676 3675 3674 3673 3672 3671 3670 3669 3668 3667 3666 3665 3664 3663 3662 3661 3660 3659 3658 3657 3656 3655 3653 3654 3678 3679 3680 3681 3682 3683 3684 3685 3686 3687 
3676 3677 
3828 3897 3896 3895 3894 3893 3892 3891 3890 3889 3888 3887 3886 3856 3855 3857 3858 3859 3860 3861 3862 3863 3864 3865 3866 3867 3868 3869 3870 3871 3872 
3872 3873 3874 3875 3876 3877 3878 3879 3880 3881 3882 3883 3884 3885 
4250 4249 4248 4247 4246 4245 4244 4243 4242 4241 4240 4239 4238 4237 4236 4235 4233 4234 4270 4271 4272 4273 4274 4275 4276 4277 4278 4279 4280 4281 4282 4283 4284 4285 4286 4287 4288 4289 4290 4291 4292 4293 4294 4295 
4250 6525 6524 6523 6522 6521 6520 6519 6518 6517 6516 6515 6514 6513 6512 6511 6510 6509 6508 6507 6506 6505 6504 6503 6502 6501 6500 6499 6498 6497 6496 6495 6494 6493 6492 6491 6490 6489 6488 6487 6486 6485 6484 6483 6482 6481 6480 6479 6478 6477 6476 6475 6474 6473 6472 6471 6470 6469 6468 6467 6466 6464 6465 6526 6527 6528 6529 6530 6531 6532 6533 6534 6535 6536 6537 6538 6539 6540 6541 6542 6543 6544 6545 6546 6547 6548 6549 6550 6551 6552 6553 6554 6555 4634 4633 4632 4631 4630 4629 4628 4627 4626 4625 4624 4623 4622 4621 4620 4619 4618 4617 4616 4615 4614 4613 4612 4611 4610 4609 4608 4607 4606 4605 4604 4603 4602 4601 4600 4599 4598 4597 4596 4595 4594 4593 4592 4591 4590 4589 4588 4587 4586 4585 4584 4583 4582 4581 4580 4579 4578 4577 4576 4575 4574 4573 4572 4571 4570 4568 4569 4635 4636 4637 4638 4639 4640 4641 4642 4643 4644 4645 4646 4647 4648 4649 4650 4651 4652 4653 4654 4655 4656 4657 4658 4659 4660 4661 4662 4663 4664 4665 4666 4667 4668 4669 4670 4671 4672 4673 4674 4675 4676 5525 5524 5523 5522 5521 5520 5519 5518 5517 5516 5515 5514 5513 5512 5511 5510 5509 5508 5507 5506 5505 5504 5503 5502 5501 5500 5499 5498 5497 5496 5495 5494 5459 5458 5460 5461 5462 5463 5464 5465 5466 5467 5468 5469 5470 5471 5472 5473 5474 5475 5476 5477 5478 5479 5480 5481 5482 5483 
4857 4858 4859 4860 4861 4862 4863 4864 4865 4866 4867 4868 4869 4870 4871 4872 
4857 4946 4945 4944 4943 4942 4941 4940 4939 4938 4937 4936 4935 4934 4933 4932 4931 4930 4929 4928 4927 4926 4925 4924 4923 4922 4921 4920 4919 4918 4917 4916 4915 4914 4913 4912 4911 4910 4909 4908 4907 4906 4905 4904 4903 4902 4901 4900 4899 4898 4897 4896 4895 4894 4893 4892 4891 4890 4889 4888 4887 4886 4885 4884 4883 4882 4881 4880 4879 4878 4877 4876 4875 4873 4874 4947 4948 4949 4950 4951 4952 4953 4954 4955 4956 4957 4958 4959 4960 4961 4962 4963 4964 4965 4966 4967 4968 4969 4970 4971 4972 4973 4974 4975 4976 4977 4978 4979 4980 4981 4982 4983 4984 4985 4986 4987 4988 4989 
4989 4990 4991 4992 4993 4994 4995 4996 4997 4998 4999 5000 5001 5002 5003 5004 5005 5006 5007 5008 
4989 7063 7062 7061 7060 7059 7058 7057 7056 7055 7054 7053 7052 7051 7050 7049 7048 7047 7046 7045 7044 7043 7042 7041 7040 7039 7038 7037 7036 7035 7034 7033 7032 7031 7030 7029 7028 7027 7026 7025 7024 7023 7022 7021 7020 7019 7018 7017 7016 7015 7014 7013 7012 7011 7010 7009 7008 7007 7006 7005 7004 7003 7002 7001 6993 6992 6994 6995 6996 6997 6998 6999 7000 
5023 5022 5021 5020 5019 5018 5017 5016 5015 5014 5013 5012 5011 5009 5010 5043 5044 5045 5046 5047 5048 5049 5050 5051 
5023 5024 5025 5026 5027 5028 5029 5030 5031 5032 5033 5034 5035 5036 5037 5038 5039 5040 5041 5042 
5023 7281 7280 7279 7278 7277 7276 7275 7274 7273 7272 7271 7270 7269 7268 7267 7266 7265 7264 7263 7262 7261 7260 7259 7258 7257 7249 7248 7250 7251 7252 7253 7254 7255 7256 7406 7405 7404 7403 7402 7401 7400 7399 7398 7397 7396 7395 7394 7393 7392 7391 7390 7389 7388 7387 7386 7385 7384 7383 7382 7381 7380 7379 7378 7377 7376 7375 7374 7373 7372 7371 7370 7369 7368 7367 7366 7365 7364 7363 7362 7361 7360 7359 7358 7357 7356 7355 7354 7353 7342 7341 7343 7344 7345 7346 7347 7348 7349 7350 7351 7352 
5051 5052 5053 5054 5055 5056 5057 5058 5059 5060 5061 5062 5063 5064 5065 5066 5067 5068 5069 5070 5071 5072 5073 5074 5075 5076 5077 5078 5079 5080 
5183 5182 5181 5180 5179 5178 5177 5176 5175 5174 5173 5172 5171 5170 5169 5168 5167 5166 5164 5165 5294 5295 5296 5297 5298 5299 5300 5301 5302 5303 5304 5305 5306 5307 5308 5309 5310 5311 5312 5313 5314 5315 5316 5317 5318 5319 5320 5321 5322 5323 5324 5325 5326 5327 5328 5329 5330 5331 5332 5333 5334 5335 5336 5337 5338 5339 5340 5341 5342 5343 5344 5345 5346 5347 5348 5349 5350 6597 6596 6595 6594 6593 6592 6591 6590 6589 6588 6587 6586 6585 6584 6583 6582 6581 6580 6579 6578 6577 6557 6556 6558 6559 6560 6561 6562 6563 6564 6565 6566 6567 6568 6569 6570 6571 6572 6573 6574 6575 
5183 5846 5845 5844 5843 5842 5841 5840 5839 5838 5837 5836 5835 5834 5833 5832 5831 5830 5829 5828 5827 5826 5825 5824 5823 5822 5821 5820 5819 5818 5817 5816 5815 5814 5813 5812 5811 5810 5809 5808 5807 5806 5805 5804 5803 5802 5801 5800 5799 5798 5797 5796 5795 5794 5793 5792 5791 5790 5789 5788 5787 5786 5765 5764 5766 5767 5768 5769 5770 5771 5772 5773 5774 5775 5776 5777 5778 5779 5780 5781 5782 5783 5784 5785 
5483 5484 5485 5486 5487 5488 5489 5490 5491 5492 5493 8161 8160 8159 8158 8157 8156 8155 8154 8153 8152 8151 8150 8149 8148 8147 8146 8145 8144 8143 8142 8141 8140 8139 8138 8137 8136 8135 8134 8133 8132 8131 8130 8129 8128 8127 8119 8118 8120 8121 8122 8123 8124 8125 8126 8088 
5483 5755 5754 5753 5752 5751 5750 5749 5748 5747 5746 5745 5744 5743 5742 5741 5740 5739 5738 5737 5736 5735 5734 5733 5732 5731 5730 5729 5728 5727 5726 5725 5724 5723 5722 5721 5720 5719 5718 5717 5716 5715 5714 5713 5712 5711 5710 5709 5708 5707 5706 5705 5704 5702 5703 5756 5757 5758 5759 5760 5761 5762 5763 
6093 6092 6091 6090 6089 6088 6087 6086 6084 6085 6095 6096 6097 6098 6099 6100 6101 6102 6103 
6093 6094 
6093 7247 7246 7245 7244 7243 7242 7241 7240 7065 7064 7066 7067 7068 7069 7070 7071 7072 7073 7074 7075 7076 7077 7078 7079 7080 7081 7082 7083 7084 7085 7086 7087 7088 7089 7090 
6103 6104 6105 6106 6107 6108 6109 6110 6111 6112 
6103 6120 6119 6118 6117 6116 6115 6113 6114 6121 6122 6123 6124 6125 
6125 6126 6127 6128 
6125 7333 7332 7331 7330 7329 7328 7327 7326 7324 7325 7334 7335 7336 7337 7338 7339 7340 
6159 6160 6161 6162 6163 6164 6165 6166 6167 6168 6169 6170 6171 6172 6173 6174 6175 6176 6177 6178 6179 6180 6181 6182 6183 6184 6185 6186 6187 6188 6189 6190 6191 6192 6193 6194 6195 6196 6197 6198 6199 6200 6201 6202 6203 6204 6205 6206 6207 6208 6209 6210 6211 6212 6213 6214 6215 6216 6217 6218 6219 6220 6221 6222 6223 6224 6225 6226 6227 6228 6229 6230 6231 6232 6233 6234 6235 6236 6237 6238 6239 6240 6241 6242 
6159 8048 8047 8046 8045 8044 8043 8042 8041 8040 8039 8038 8037 8036 8035 8034 8033 8032 8031 8030 8029 8028 8027 8026 8025 8024 8023 8022 8021 8020 8019 8018 8017 8016 8015 8014 8013 8012 8011 8010 8009 8008 8007 8006 8005 8004 8003 8002 8001 8000 7999 7998 7997 7996 7995 7994 7993 7992 7991 7990 7989 7988 7987 7986 7985 7984 7983 7982 7981 7980 7979 7978 7977 7976 7975 7974 7973 7972 7971 7970 7969 7968 7967 7966 7965 7964 7963 7962 7961 7960 7959 7958 7957 7956 7955 7954 7953 7952 7951 7950 7949 7948 7947 7946 7945 7944 7943 7942 7941 7940 7939 7938 7937 7936 7935 7934 7933 7932 7931 7930 7929 7928 7927 7926 7925 7924 7923 7922 7921 7920 7919 7918 7917 7916 7915 7914 7913 7912 7911 7910 7909 7908 7907 7906 7905 7904 7903 7902 7901 7900 7899 7898 7897 7896 7895 7894 7893 7892 7891 7890 7889 7888 7887 7886 7885 7884 7883 7882 7881 7880 7879 7878 7877 7876 7875 7874 7873 7872 7871 7870 7869 7868 7867 7866 7865 7864 7863 7862 7861 7837 7836 7838 7839 7840 7841 7842 7843 7844 7845 7846 7847 7848 7849 7850 7851 7852 7853 7854 7855 7856 7857 7858 7859 7860 
6374 6373 6372 6371 6370 6369 6368 6367 6366 6365 6364 6363 6362 6361 6360 6359 6358 6357 6356 6355 6354 6353 6352 6351 6350 6349 6348 6347 6346 6345 6344 6343 6342 6341 6340 6339 6338 6337 6336 6335 6334 6333 6332 6331 6330 6329 6328 6327 6326 6325 6324 6323 6322 6321 6320 6319 6318 6317 6316 6315 6314 6313 6312 6311 6310 6309 6308 6307 6306 6305 6304 6303 6302 6301 6300 6299 6298 6297 6295 6296 6431 6432 6433 6434 6435 6436 6437 6438 6439 6440 6441 6442 6443 6444 6445 6446 6447 6448 6449 6450 6451 6452 6453 6454 6455 6456 6457 6458 6459 6460 6461 6462 6463 
6575 6576 6757 6756 6755 6754 6753 6752 6751 6750 6749 6748 6747 6746 6745 6744 6743 6742 6741 6740 6739 6738 6737 6736 6735 6734 6733 6732 6731 6730 6729 6728 6727 6726 6725 6724 6722 6723 6758 6759 6760 6761 6762 6763 6764 6765 6766 6767 6768 6769 6770 6771 6772 6773 
6575 7835 7834 7833 7832 7831 7830 7829 7828 7827 7826 7825 7824 7823 7822 7821 7820 7819 7818 7817 7816 7815 7814 7813 7812 7811 7810 7809 7808 7807 7806 7805 7804 7803 7802 7801 7800 7799 7798 7797 7796 7795 7794 7793 7792 7791 7790 7789 7788 7787 7786 7785 7784 7783 7782 7781 7780 7779 7778 7777 7776 7775 7774 7773 7772 7771 7770 7769 7768 7767 7766 7765 7764 7763 7762 7761 7760 7759 7758 7757 7756 7755 7754 7753 7752 7751 7750 7749 7748 7747 7746 7745 7744 7743 7742 7741 7740 7739 7738 7737 7736 7735 7734 7733 7732 7731 7730 7729 7728 7727 7726 7725 7724 7723 7722 7721 7720 7719 7718 7717 7716 7715 7714 7713 7712 7711 7710 7709 7708 7707 7706 7705 7704 7703 7702 7701 7700 7699 7698 7697 7696 7695 7694 7693 7692 7691 7690 7689 7688 7687 7686 7685 7684 7683 7682 7681 7680 7679 7678 7677 7676 7675 7674 7673 7672 7671 7670 7669 7668 7667 7666 7624 7623 7625 7626 7627 7628 7629 7630 7631 7632 7633 7634 7635 7636 7637 7638 7639 7640 7641 7642 7643 7644 7645 7646 7647 7648 7649 7650 7651 7652 7653 7654 7655 7656 7657 7658 7659 7660 7661 7662 7663 7664 7665 8428 8427 8426 8425 8424 8423 8422 8421 8420 8419 8418 8417 8416 8415 8414 8413 8412 8411 8410 8409 8408 8407 8406 8405 8404 8403 8402 8401 8400 8399 8398 8397 8396 8395 8394 8393 8392 8391 8390 8389 8388 8387 8386 8385 8384 8383 8382 8381 8380 8379 8378 8377 8376 8375 8374 8373 8372 8371 8370 8369 8368 8367 8366 8365 8364 8363 8362 8361 8360 8359 8358 8357 8356 8355 8354 8353 8352 8351 8350 8349 8348 8347 8346 8345 8344 8343 8342 8341 8340 8339 8338 8337 8336 8335 8334 8333 8332 8331 8330 8329 8328 8327 8326 8325 8324 8323 8322 8321 8320 8319 8318 8317 8316 8315 8314 8313 8312 8311 8310 8309 8308 8307 8306 8305 8304 8303 8302 8301 8300 8299 8298 8297 8296 8295 8294 8293 8292 8291 8290 8289 8288 8287 8286 8285 8284 8283 8282 8281 8280 8279 8278 8277 8276 8275 8274 8273 8272 8271 8270 8269 8268 8267 8266 8265 8264 8263 8262 8261 8260 8259 8258 8257 8256 8255 8254 8253 8252 8251 8250 8249 8163 8162 8164 8165 8166 8167 8168 8169 8170 8171 8172 8173 8174 8175 8176 8177 8178 8179 8180 8181 8182 8183 8184 8185 8186 8187 8188 8189 8190 8191 8192 8193 8194 8195 8196 8197 8198 8199 8200 8201 8202 8203 8204 8205 8206 8207 8208 8209 8210 8211 8212 8213 8214 8215 8216 8217 8218 8219 8220 8221 8222 8223 8224 8225 8226 8227 8228 8229 8230 8231 8232 8233 8234 8235 8236 8237 8238 8239 8240 8241 8242 8243 8244 8245 8246 8247 8248 
7090 7622 7621 7620 7619 7618 7617 7616 7615 7614 7613 7612 7611 7610 7609 7608 7607 7606 7605 7604 7603 7602 7601 7600 7599 7589 7588 7590 7591 7592 7593 7594 7595 7596 7597 7598 
7420 7419 7418 7417 7416 7415 7414 7413 7412 7411 7410 7409 7407 7408 7421 7422 7423 7424 7425 
7425 7572 7571 7570 7569 7568 7567 7566 7565 7564 7563 7562 7561 7560 7559 7558 7557 7556 7554 7555 7573 7574 7575 7576 7577 7578 7579 7580 7581 7582 7583 7584 7585 7586 7587 
8088 8087 8086 8085 8084 8083 8082 8081 8080 8079 8078 8077 8076 8075 8074 8073 8072 8071 8070 8069 8068 8067 8066 8065 8064 8063 8062 8061 8060 8059 8058 8057 8056 8055 8054 8053 8052 8051 8049 8050 8110 8111 8112 8113 8114 8115 8116 8117 
8088 8089 8090 8091 8092 8093 8094 8095 8096 8097 8098 8099 8100 8101 8102 8103 8104 8105 8106 8107 8108 8109 
