509 372
509 373
509 371
509 370
509 369
509 368
509 367
510 367
510 366
510 365
510 364
510 363
510 362
510 361
511 361
509 374
509 375
509 376
509 377
508 377
508 378
507 378
507 379
192 30
191 30
193 30
194 30
195 30
196 30
196 31
197 31
197 32
197 33
198 33
198 34
199 34
199 35
199 36
200 36
200 37
200 38
200 39
201 39
201 40
202 40
202 41
203 41
203 42
203 43
203 44
203 45
204 45
204 44
204 43
205 43
205 42
205 41
206 41
207 41
207 40
208 40
208 39
208 38
208 37
209 37
210 37
210 36
211 36
212 36
213 36
214 36
215 36
215 37
216 37
217 37
218 37
219 37
220 37
221 37
222 37
223 37
223 38
224 38
224 37
225 37
225 36
225 35
226 35
226 34
227 34
227 33
228 33
228 32
229 32
229 31
229 30
229 29
229 28
229 27
228 27
228 26
229 26
230 26
230 25
231 25
232 25
233 25
234 25
234 24
234 23
234 22
233 22
233 21
233 20
233 19
232 19
232 18
232 17
232 16
232 15
232 14
232 13
231 13
231 12
230 12
230 11
190 30
189 30
188 30
187 30
186 30
186 31
185 31
185 32
184 32
183 32
183 33
182 33
182 34
181 34
181 35
180 35
179 35
178 35
177 35
176 35
175 35
174 35
173 35
172 35
171 35
171 36
171 37
171 38
171 39
171 40
171 41
170 41
169 41
169 42
168 42
167 42
167 43
166 43
165 43
164 43
163 43
162 43
161 43
160 43
159 43
158 43
157 43
156 43
155 43
155 44
155 45
154 45
154 44
153 44
153 43
152 43
152 42
151 42
150 42
150 41
149 41
148 41
147 41
146 41
146 40
145 40
145 39
144 39
143 39
142 39
141 39
140 39
140 38
139 38
138 38
138 37
137 37
136 37
135 37
134 37
133 37
132 37
132 36
131 36
131 35
130 35
130 34
129 34
129 33
128 33
128 32
128 31
127 31
127 30
126 30
126 29
125 29
125 28
124 28
124 27
123 27
123 26
122 26
122 25
485 369
484 369
485 368
486 368
486 367
487 367
487 366
488 366
484 370
484 371
483 371
483 372
483 373
482 373
482 374
481 374
486 383
485 383
487 383
488 383
488 384
489 384
489 385
490 385
490 386
490 387
490 388
491 388
492 388
493 388
494 388
495 388
496 388
497 388
497 389
498 389
499 389
500 389
500 390
501 390
502 390
503 390
504 390
505 390
506 390
507 390
508 390
509 390
510 390
510 389
509 389
508 389
508 388
508 387
508 386
508 385
508 384
508 383
508 382
508 381
508 380
507 380
485 382
485 381
484 381
484 380
484 379
483 379
483 378
483 377
482 377
482 376
482 375
481 375
276 16
277 16
275 16
274 16
273 16
272 16
272 15
271 15
271 14
270 14
270 13
269 13
269 12
269 11
269 10
269 9
270 9
270 8
270 7
271 7
272 7
272 6
273 6
273 5
274 5
275 5
276 5
276 4
277 4
278 4
278 3
279 3
279 2
280 2
280 1
277 17
278 17
278 18
279 18
279 19
280 19
281 19
281 20
282 20
283 20
283 21
284 21
285 21
285 22
285 23
286 23
286 24
286 25
286 26
286 27
286 28
286 29
286 30
286 31
286 32
286 33
286 34
286 35
287 35
287 36
288 36
288 37
289 37
290 37
291 37
292 37
293 37
293 38
294 38
294 39
294 40
294 41
294 42
294 43
294 44
294 45
294 46
294 47
294 48
295 48
295 49
296 49
297 49
297 50
298 50
299 50
299 49
300 49
301 49
302 49
303 49
304 49
304 48
305 48
306 48
307 48
307 47
308 47
309 47
310 47
311 47
312 47
313 47
313 46
314 46
314 45
314 44
314 43
314 42
314 41
314 40
314 39
315 39
315 38
315 37
315 36
315 35
315 34
315 33
315 32
315 31
316 31
316 30
317 30
317 29
317 28
318 28
318 27
319 27
319 26
320 26
321 26
322 26
322 25
323 25
324 25
324 24
325 24
325 23
325 22
326 22
326 21
326 20
326 19
327 19
327 18
328 18
328 17
130 158
130 159
130 157
130 156
129 156
129 155
129 154
128 154
127 154
127 153
126 153
125 153
124 153
123 153
123 152
122 152
121 152
121 153
120 153
119 153
118 153
117 153
116 153
115 153
114 153
114 154
113 154
112 154
112 155
111 155
110 155
110 156
109 156
109 157
108 157
107 157
106 157
106 158
105 158
105 159
104 159
104 158
104 157
103 157
103 156
102 156
101 156
101 155
100 155
99 155
98 155
97 155
96 155
95 155
94 155
93 155
93 156
93 157
93 158
93 159
92 159
92 158
91 158
91 157
90 157
89 157
88 157
87 157
86 157
86 156
85 156
84 156
84 155
83 155
82 155
81 155
80 155
80 154
79 154
79 153
78 153
78 152
77 152
77 151
78 151
78 150
78 149
78 148
78 147
77 147
76 147
75 147
74 147
73 147
72 147
71 147
70 147
69 147
68 147
67 147
66 147
65 147
64 147
63 147
62 147
61 147
61 148
60 148
60 149
59 149
59 150
58 150
57 150
56 150
55 150
54 150
54 149
54 148
53 148
53 147
52 147
52 148
52 149
52 150
52 151
52 152
52 153
51 153
51 154
50 154
49 154
48 154
47 154
46 154
46 153
45 153
45 152
44 152
43 152
43 151
42 151
42 152
41 152
41 153
40 153
40 154
40 155
39 155
39 156
38 156
38 157
38 158
38 159
37 159
37 160
36 160
36 161
35 161
35 162
35 163
34 163
34 164
33 164
33 165
33 166
32 166
31 166
30 166
29 166
28 166
28 167
27 167
27 168
27 169
27 170
27 171
27 172
26 172
26 173
25 173
25 174
25 175
25 176
25 177
25 178
25 179
25 180
25 181
25 182
24 182
24 183
24 184
23 184
23 185
23 186
23 187
23 188
23 189
23 190
22 190
22 191
21 191
21 192
20 192
20 193
20 194
20 195
19 195
19 196
18 196
18 197
17 197
17 198
18 198
19 198
20 198
21 198
22 198
22 199
22 200
22 201
22 202
23 202
23 203
24 203
24 204
25 204
26 204
26 205
27 205
27 206
28 206
28 207
29 207
29 208
30 208
30 209
31 209
31 210
32 210
32 211
33 211
33 212
34 212
35 212
36 212
36 213
36 214
36 215
37 215
37 216
37 217
38 217
39 217
40 217
41 217
42 217
43 217
44 217
45 217
45 216
46 216
47 216
48 216
49 216
50 216
50 215
51 215
51 214
52 214
52 213
53 213
53 212
53 211
54 211
55 211
55 210
56 210
57 210
57 209
58 209
58 208
59 208
60 208
61 208
61 209
62 209
63 209
64 209
64 210
65 210
65 211
66 211
66 212
67 212
68 212
68 213
69 213
70 213
70 212
71 212
72 212
73 212
74 212
74 211
75 211
75 212
75 213
76 213
76 214
77 214
77 215
78 215
79 215
80 215
81 215
81 216
82 216
82 217
83 217
84 217
84 218
85 218
86 218
87 218
88 218
89 218
90 218
91 218
92 218
93 218
94 218
95 218
96 218
96 217
97 217
97 216
98 216
99 216
99 215
100 215
100 214
101 214
101 213
102 213
102 212
103 212
103 211
104 211
104 210
104 209
105 209
105 208
106 208
106 207
106 206
107 206
107 205
108 205
109 205
109 204
110 204
111 204
112 204
113 204
114 204
114 203
115 203
130 160
130 161
130 162
130 163
130 164
130 165
130 166
130 167
131 167
131 168
131 169
132 169
132 170
132 171
132 172
132 173
132 174
132 175
132 176
131 176
131 177
130 177
129 177
129 178
129 179
129 180
129 181
129 182
129 183
130 183
131 183
132 183
132 184
133 184
133 185
133 186
133 187
133 188
133 189
134 189
134 190
135 190
135 191
135 192
135 193
135 194
135 195
135 196
135 197
136 197
136 198
137 198
137 199
136 199
136 200
135 200
135 201
135 202
134 202
134 203
133 203
133 204
132 204
131 204
130 204
129 204
128 204
127 204
127 203
126 203
126 202
125 202
124 202
123 202
122 202
121 202
120 202
119 202
118 202
117 202
116 202
116 203
267 63
266 63
268 63
269 63
270 63
271 63
271 62
272 62
272 61
273 61
273 60
273 59
274 59
275 59
276 59
277 59
278 59
279 59
280 59
281 59
281 58
282 58
283 58
284 58
285 58
286 58
287 58
288 58
288 59
289 59
289 60
290 60
290 61
291 61
292 61
292 62
293 62
294 62
294 61
295 61
295 60
295 59
295 58
295 57
296 57
296 56
296 55
296 54
296 53
296 52
296 51
297 51
265 63
264 63
263 63
262 63
262 64
262 65
261 65
261 66
261 67
261 68
260 68
260 69
259 69
258 69
257 69
256 69
255 69
254 69
253 69
253 68
252 68
251 68
250 68
249 68
248 68
247 68
246 68
245 68
244 68
243 68
242 68
241 68
241 67
240 67
240 66
240 65
239 65
239 64
238 64
237 64
236 64
235 64
235 63
234 63
234 62
233 62
233 61
233 60
232 60
232 59
232 58
231 58
231 57
230 57
230 56
229 56
229 55
228 55
228 56
228 57
227 57
227 58
227 59
227 60
226 60
226 61
225 61
224 61
223 61
223 62
222 62
221 62
220 62
220 63
219 63
218 63
218 64
217 64
216 64
215 64
215 63
214 63
214 62
213 62
212 62
212 61
212 60
211 60
211 59
211 58
211 57
211 56
211 55
212 55
212 54
212 53
212 52
211 52
211 51
210 51
210 50
209 50
208 50
208 49
207 49
206 49
205 49
204 49
203 49
202 49
202 48
202 47
203 47
203 46
427 442
427 443
427 441
427 440
427 439
427 438
427 437
428 437
428 436
428 435
428 434
427 434
427 433
427 432
427 431
427 430
427 429
426 429
426 428
426 427
425 427
425 426
424 426
424 425
423 425
423 424
422 424
422 423
421 423
421 422
421 421
421 420
421 419
421 418
421 417
421 416
421 415
421 414
421 413
421 412
421 411
421 410
421 409
421 408
421 407
421 406
427 444
427 445
427 446
426 446
426 447
425 447
425 448
424 448
424 449
424 450
424 451
423 451
423 452
422 452
422 453
421 453
421 454
420 454
420 455
419 455
419 456
418 456
417 456
416 456
415 456
414 456
413 456
412 456
412 457
412 458
411 458
411 459
410 459
409 459
408 459
408 458
407 458
407 457
406 457
405 457
404 457
404 456
403 456
402 456
402 455
401 455
401 454
401 453
400 453
400 452
399 452
399 451
399 450
398 450
96 7
96 8
96 6
96 5
96 4
96 3
97 3
97 2
97 1
97 0
98 0
99 0
100 0
101 0
102 0
103 0
104 0
105 0
106 0
107 0
108 0
109 0
110 0
111 0
112 0
112 1
113 1
113 2
113 3
114 3
114 2
115 2
116 2
116 1
117 1
117 0
118 0
119 0
120 0
120 1
121 1
121 2
121 3
122 3
123 3
123 4
124 4
125 4
126 4
127 4
127 3
128 3
129 3
129 2
129 1
130 1
130 0
131 0
132 0
133 0
134 0
135 0
136 0
137 0
138 0
139 0
140 0
141 0
141 1
141 2
141 3
141 4
141 5
141 6
140 6
140 7
141 7
142 7
143 7
144 7
145 7
145 8
146 8
146 9
147 9
147 10
146 10
146 11
146 12
145 12
145 13
144 13
144 14
144 15
144 16
143 16
143 17
143 18
142 18
142 19
141 19
141 20
141 21
141 22
142 22
142 23
143 23
143 24
144 24
144 25
145 25
146 25
147 25
148 25
149 25
149 26
150 26
150 27
151 27
151 28
151 29
152 29
152 30
152 31
152 32
151 32
151 33
151 34
150 34
149 34
149 35
148 35
147 35
146 35
146 36
146 37
145 37
145 38
96 9
95 9
95 10
94 10
94 11
93 11
92 11
91 11
90 11
89 11
88 11
88 12
87 12
86 12
86 13
85 13
84 13
84 14
84 15
84 16
84 17
83 17
83 18
83 19
82 19
82 20
81 20
81 21
80 21
80 22
79 22
78 22
77 22
76 22
75 22
74 22
73 22
72 22
71 22
71 23
70 23
70 24
69 24
69 25
68 25
67 25
67 26
66 26
66 27
65 27
65 28
65 29
65 30
65 31
65 32
65 33
64 33
64 34
63 34
62 34
61 34
61 35
60 35
59 35
59 36
58 36
57 36
57 37
57 38
57 39
57 40
57 41
58 41
58 42
59 42
60 42
60 43
61 43
61 44
62 44
62 45
63 45
63 46
64 46
65 46
65 47
66 47
67 47
67 48
68 48
69 48
70 48
71 48
72 48
72 49
73 49
73 50
73 51
74 51
74 52
75 52
76 52
76 53
75 53
74 53
73 53
72 53
71 53
70 53
70 54
70 55
69 55
69 56
68 56
68 57
68 58
68 59
68 60
68 61
68 62
68 63
67 63
67 64
66 64
65 64
64 64
63 64
63 65
64 65
65 65
66 65
67 65
67 66
68 66
68 67
68 68
68 69
67 69
67 70
66 70
66 71
65 71
64 71
64 72
64 73
64 74
64 75
64 76
64 77
64 78
64 79
64 80
63 80
62 80
62 81
61 81
61 82
61 83
61 84
61 85
61 86
61 87
61 88
61 89
60 89
60 90
60 91
60 92
60 93
60 94
59 94
58 94
58 93
57 93
57 92
57 91
57 90
56 90
55 90
54 90
53 90
52 90
51 90
50 90
49 90
48 90
48 91
47 91
46 91
46 92
45 92
45 93
45 94
45 95
44 95
44 96
43 96
43 97
43 98
42 98
42 99
42 100
42 101
42 102
41 102
40 102
39 102
38 102
38 101
37 101
36 101
36 102
35 102
34 102
33 102
32 102
31 102
31 103
30 103
29 103
28 103
27 103
26 103
25 103
24 103
23 103
22 103
22 104
21 104
20 104
19 104
19 103
18 103
17 103
16 103
15 103
14 103
13 103
13 102
12 102
11 102
11 101
10 101
10 102
9 102
9 103
9 104
9 105
9 106
8 106
8 107
7 107
7 108
7 109
7 110
7 111
7 112
7 113
6 113
5 113
5 114
6 114
7 114
7 115
7 116
7 117
7 118
8 118
8 119
8 120
8 121
9 121
9 122
9 123
10 123
11 123
11 124
12 124
13 124
14 124
15 124
16 124
17 124
17 125
18 125
19 125
19 126
19 127
19 128
20 128
20 129
20 130
20 131
20 132
20 133
20 134
20 135
20 136
19 136
19 135
18 135
17 135
16 135
15 135
14 135
13 135
12 135
11 135
10 135
9 135
8 135
7 135
7 136
6 136
6 137
6 138
5 138
5 139
5 140
5 141
4 141
4 142
4 143
4 144
4 145
4 146
4 147
5 147
5 148
5 149
6 149
7 149
7 150
8 150
8 151
8 152
8 153
8 154
8 155
8 156
8 157
9 157
9 158
10 158
10 159
11 159
11 160
12 160
13 160
14 160
15 160
16 160
17 160
18 160
19 160
19 161
19 162
20 162
20 163
21 163
21 164
22 164
23 164
24 164
24 165
25 165
26 165
26 166
27 166
347 28
347 29
348 28
349 28
349 27
350 27
350 26
350 25
350 24
350 23
350 22
350 21
350 20
350 19
350 18
350 17
350 16
351 16
352 16
353 16
354 16
355 16
355 15
356 15
356 14
357 14
357 13
357 12
358 12
358 11
359 11
359 10
360 10
360 9
361 9
361 8
361 7
362 7
362 6
363 6
363 5
364 5
364 4
365 4
366 4
367 4
368 4
368 3
369 3
370 3
371 3
372 3
373 3
374 3
375 3
376 3
376 2
377 2
377 1
377 0
378 0
379 0
380 0
381 0
382 0
383 0
384 0
385 0
386 0
387 0
387 1
388 1
388 2
388 3
389 3
389 4
390 4
390 5
391 5
391 6
392 6
392 7
393 7
393 8
394 8
395 8
396 8
397 8
398 8
399 8
400 8
401 8
402 8
403 8
404 8
405 8
406 8
407 8
407 7
407 6
408 6
408 5
409 5
410 5
411 5
411 4
412 4
413 4
413 3
414 3
346 29
345 29
345 30
344 30
344 31
343 31
342 31
342 32
341 32
340 32
340 33
339 33
338 33
337 33
336 33
335 33
334 33
333 33
332 33
332 34
331 34
331 35
331 36
330 36
330 37
330 38
330 39
329 39
329 40
329 41
328 41
328 42
327 42
327 43
327 44
327 45
327 46
326 46
326 47
326 48
325 48
325 49
325 50
325 51
325 52
324 52
323 52
322 52
321 52
321 53
320 53
320 54
319 54
319 55
318 55
317 55
317 56
316 56
315 56
314 56
314 55
314 54
314 53
314 52
314 51
314 50
314 49
314 48
314 47
358 471
357 471
358 472
359 472
359 473
360 473
360 474
361 474
362 474
362 473
363 473
364 473
364 472
365 472
366 472
367 472
367 471
368 471
368 470
369 470
369 469
370 469
370 468
370 467
371 467
371 466
372 466
372 465
373 465
373 466
374 466
375 466
375 467
376 467
376 468
377 468
378 468
379 468
380 468
381 468
381 469
382 469
382 470
383 470
383 471
384 471
384 472
384 473
385 473
386 473
387 473
388 473
389 473
390 473
391 473
392 473
393 473
394 473
395 473
395 474
396 474
396 475
397 475
397 476
397 477
398 477
398 478
399 478
400 478
401 478
401 479
401 480
402 480
402 481
402 482
403 482
403 483
404 483
404 484
405 484
406 484
407 484
408 484
409 484
410 484
411 484
411 483
411 482
411 481
411 480
411 479
411 478
411 477
411 476
411 475
411 474
410 474
410 473
411 473
412 473
412 472
413 472
413 471
413 470
413 469
413 468
413 467
413 466
413 465
413 464
413 463
413 462
413 461
412 461
411 461
410 461
410 460
409 460
357 470
356 470
356 469
355 469
355 468
354 468
353 468
353 467
352 467
352 466
351 466
351 465
350 465
350 464
350 463
349 463
349 462
349 461
349 460
349 459
349 458
349 457
349 456
348 456
348 457
347 457
347 458
347 459
346 459
346 460
346 461
345 461
345 462
345 463
345 464
344 464
344 465
344 466
344 467
343 467
343 468
343 469
342 469
342 470
342 471
342 472
342 473
343 473
343 474
343 475
343 476
342 476
342 477
342 478
342 479
342 480
342 481
343 481
343 482
343 483
343 484
343 485
343 486
343 487
343 488
343 489
343 490
343 491
344 491
344 492
344 493
344 494
344 495
343 495
343 496
343 497
342 497
342 498
341 498
341 499
341 500
341 501
340 501
340 502
339 502
338 502
338 503
337 503
336 503
336 502
335 502
335 501
334 501
333 501
333 500
332 500
332 499
332 498
332 497
331 497
331 496
330 496
329 496
329 495
471 361
470 361
472 361
473 361
473 360
474 360
474 359
474 358
474 357
474 356
474 355
474 354
475 354
476 354
476 353
477 353
469 361
468 361
467 361
466 361
466 362
466 363
465 363
465 364
465 365
466 365
467 365
467 366
467 367
468 367
468 368
468 369
469 369
469 370
469 371
470 371
470 372
471 372
471 373
472 373
473 373
474 373
475 373
476 373
477 373
478 373
479 373
480 373
481 373
488 465
488 466
488 464
488 463
487 463
487 462
487 461
487 460
487 459
487 458
487 457
487 456
487 455
487 454
487 453
487 452
487 451
487 450
487 449
487 448
488 448
488 447
489 447
489 446
490 446
491 446
492 446
493 446
494 446
494 445
495 445
495 444
494 444
494 443
494 442
494 441
494 440
494 439
495 439
495 438
496 438
497 438
497 437
498 437
498 436
498 435
498 434
498 433
498 432
498 431
497 431
496 431
495 431
494 431
494 430
493 430
492 430
492 429
491 429
490 429
490 428
489 428
489 427
488 427
488 426
488 425
488 424
488 423
488 422
488 421
488 420
488 419
488 418
488 417
488 416
489 416
489 415
490 415
490 414
490 413
490 412
491 412
492 412
493 412
494 412
495 412
496 412
497 412
498 412
499 412
500 412
500 411
501 411
502 411
502 410
503 410
503 409
504 409
504 408
503 408
503 407
503 406
503 405
503 404
503 403
503 402
503 401
503 400
504 400
504 399
505 399
505 398
506 398
507 398
507 397
508 397
509 397
509 396
510 396
510 395
510 394
511 394
511 393
511 392
511 391
511 390
488 467
489 467
489 468
489 469
490 469
490 470
491 470
491 471
492 471
492 472
492 473
492 474
492 475
492 476
492 477
492 478
492 479
492 480
492 481
492 482
492 483
492 484
492 485
492 486
492 487
492 488
493 488
493 489
494 489
494 490
494 491
494 492
494 493
494 494
494 495
494 496
494 497
494 498
494 499
494 500
494 501
494 502
494 503
494 504
494 505
494 506
493 506
493 507
493 508
492 508
492 509
491 509
491 510
490 510
490 511
489 511
126 120
126 119
126 121
126 122
126 123
125 123
125 122
124 122
123 122
122 122
121 122
120 122
119 122
118 122
117 122
116 122
116 123
116 124
116 125
116 126
116 127
116 128
116 129
116 130
116 131
115 131
115 132
115 133
115 134
115 135
115 136
115 137
115 138
114 138
114 139
114 140
113 140
113 141
113 142
112 142
112 143
112 144
112 145
112 146
112 147
112 148
112 149
113 149
113 150
113 151
113 152
114 152
115 152
126 118
126 117
126 116
126 115
126 114
126 113
126 112
126 111
126 110
126 109
126 108
126 107
126 106
127 106
127 105
127 104
127 103
127 102
127 101
127 100
127 99
127 98
127 97
126 97
126 96
127 96
128 96
129 96
130 96
131 96
132 96
132 95
133 95
133 94
133 93
134 93
134 92
134 91
134 90
133 90
132 90
131 90
130 90
130 89
129 89
129 88
129 87
129 86
129 85
130 85
130 84
130 83
130 82
131 82
131 81
132 81
133 81
133 80
134 80
135 80
135 79
136 79
137 79
137 78
138 78
138 77
138 76
137 76
137 75
137 74
137 73
137 72
137 71
137 70
137 69
137 68
137 67
136 67
136 66
136 65
137 65
137 64
137 63
137 62
137 61
137 60
138 60
138 59
139 59
139 58
140 58
140 57
141 57
142 57
143 57
144 57
145 57
146 57
146 56
147 56
148 56
148 55
149 55
149 54
150 54
150 53
151 53
152 53
153 53
153 52
154 52
154 51
154 50
154 49
154 48
154 47
154 46
470 421
471 421
469 421
468 421
467 421
467 420
466 420
465 420
464 420
463 420
462 420
461 420
460 420
460 421
459 421
459 422
458 422
458 423
457 423
457 424
457 425
456 425
456 426
456 427
456 428
455 428
455 429
454 429
453 429
452 429
451 429
450 429
449 429
448 429
448 430
447 430
447 431
447 432
447 433
446 433
446 434
447 434
447 435
448 435
449 435
450 435
451 435
452 435
452 436
453 436
453 437
454 437
454 438
455 438
455 439
455 440
455 441
455 442
456 442
456 443
457 443
457 444
458 444
459 444
460 444
460 445
460 446
461 446
461 447
462 447
462 448
463 448
463 449
462 449
462 450
461 450
461 451
461 452
461 453
461 454
460 454
460 455
459 455
458 455
457 455
456 455
455 455
454 455
454 456
454 457
453 457
453 458
452 458
452 459
451 459
451 460
450 460
449 460
448 460
447 460
446 460
445 460
444 460
444 461
443 461
443 462
443 463
443 464
443 465
444 465
445 465
446 465
446 466
445 466
444 466
443 466
442 466
441 466
440 466
439 466
438 466
437 466
436 466
435 466
434 466
434 467
433 467
433 466
433 465
433 464
433 463
433 462
432 462
432 461
431 461
430 461
430 460
429 460
429 459
428 459
427 459
426 459
425 459
424 459
423 459
422 459
422 458
422 457
422 456
422 455
422 454
472 421
473 421
474 421
475 421
476 421
477 421
478 421
479 421
480 421
481 421
482 421
483 421
483 420
484 420
484 419
484 418
485 418
486 418
486 417
487 417
168 190
167 190
168 189
168 188
168 187
169 187
169 186
170 186
171 186
172 186
173 186
174 186
175 186
176 186
177 186
178 186
179 186
179 185
180 185
180 184
181 184
181 183
182 183
182 182
183 182
184 182
185 182
185 181
186 181
186 180
187 180
187 179
188 179
189 179
190 179
190 178
190 177
189 177
189 176
189 175
188 175
188 174
187 174
187 173
186 173
185 173
185 172
184 172
183 172
183 171
182 171
182 170
181 170
181 169
181 168
181 167
181 166
181 165
182 165
182 164
183 164
183 163
184 163
184 162
184 161
184 160
184 159
184 158
184 157
184 156
184 155
184 154
184 153
184 152
184 151
183 151
183 150
183 149
183 148
183 147
183 146
183 145
184 145
184 144
184 143
184 142
184 141
185 141
186 141
187 141
188 141
189 141
189 140
189 139
189 138
189 137
190 137
190 136
190 135
190 134
191 134
191 133
192 133
192 132
192 131
193 131
193 130
193 129
193 128
193 127
193 126
194 126
195 126
196 126
197 126
198 126
199 126
200 126
201 126
202 126
203 126
204 126
204 125
205 125
205 124
206 124
206 123
206 122
207 122
207 121
208 121
208 120
208 119
208 118
209 118
209 117
209 116
210 116
210 115
210 114
211 114
211 113
212 113
212 112
212 111
212 110
213 110
213 109
213 108
213 107
213 106
214 106
214 105
215 105
215 104
215 103
215 102
215 101
215 100
215 99
216 99
217 99
217 98
216 98
216 97
215 97
215 96
215 95
215 94
215 93
215 92
215 91
215 90
215 89
215 88
215 87
215 86
215 85
215 84
215 83
214 83
213 83
212 83
211 83
210 83
209 83
208 83
208 82
207 82
207 81
207 80
207 79
207 78
207 77
207 76
207 75
207 74
206 74
206 73
205 73
205 72
204 72
203 72
202 72
201 72
200 72
200 71
200 70
200 69
200 68
200 67
200 66
200 65
200 64
200 63
200 62
200 61
201 61
201 60
201 59
200 59
200 58
199 58
199 57
199 56
199 55
199 54
199 53
199 52
199 51
200 51
200 50
201 50
201 49
167 191
167 192
167 193
166 193
166 194
165 194
165 195
164 195
163 195
162 195
161 195
160 195
159 195
158 195
157 195
156 195
155 195
154 195
154 194
153 194
153 193
153 192
152 192
152 191
151 191
151 190
151 189
151 188
151 187
151 186
151 185
150 185
149 185
149 186
148 186
147 186
146 186
145 186
144 186
143 186
142 186
141 186
141 187
140 187
140 188
139 188
139 189
138 189
137 189
136 189
135 189
23 300
23 301
23 299
23 298
22 298
22 297
22 296
22 295
22 294
22 293
23 293
23 292
23 291
23 290
23 289
23 288
23 287
23 286
23 285
24 285
24 284
24 283
24 282
24 281
25 281
25 280
25 279
26 279
26 278
27 278
28 278
29 278
30 278
31 278
32 278
33 278
34 278
35 278
36 278
36 279
37 279
37 278
37 277
37 276
37 275
37 274
37 273
37 272
37 271
38 271
38 270
39 270
39 269
40 269
41 269
41 268
42 268
42 267
42 266
42 265
42 264
42 263
42 262
43 262
44 262
45 262
45 261
46 261
46 260
47 260
47 259
46 259
46 258
46 257
46 256
46 255
46 254
46 253
46 252
46 251
47 251
47 250
48 250
49 250
49 249
49 248
49 247
49 246
49 245
49 244
49 243
49 242
49 241
49 240
50 240
50 239
50 238
50 237
51 237
51 236
52 236
52 235
52 234
52 233
52 232
52 231
52 230
53 230
53 229
54 229
54 228
54 227
54 226
54 225
54 224
54 223
54 222
54 221
53 221
53 220
53 219
52 219
52 218
52 217
51 217
50 217
23 302
23 303
23 304
23 305
23 306
23 307
24 307
24 308
25 308
25 309
26 309
26 310
27 310
27 311
28 311
29 311
30 311
31 311
32 311
33 311
34 311
35 311
36 311
36 312
37 312
38 312
38 313
39 313
40 313
41 313
42 313
43 313
44 313
45 313
46 313
47 313
48 313
49 313
50 313
50 314
50 315
50 316
50 317
51 317
51 318
51 319
52 319
52 320
53 320
53 321
54 321
55 321
55 322
56 322
57 322
57 323
58 323
58 324
59 324
60 324
60 325
61 325
62 325
63 325
64 325
65 325
65 326
66 326
67 326
67 325
68 325
69 325
70 325
71 325
72 325
73 325
74 325
74 326
74 327
75 327
75 328
76 328
77 328
78 328
79 328
80 328
81 328
81 329
82 329
82 330
82 331
83 331
83 332
83 333
84 333
84 334
84 335
85 335
86 335
87 335
87 336
87 337
88 337
88 338
89 338
90 338
91 338
92 338
93 338
94 338
95 338
96 338
96 337
97 337
97 336
97 335
97 334
97 333
97 332
97 331
97 330
97 329
97 328
96 328
95 328
95 327
95 326
96 326
97 326
98 326
99 326
100 326
101 326
102 326
102 327
103 327
104 327
105 327
106 327
107 327
108 327
108 326
109 326
109 325
109 324
108 324
108 323
108 322
107 322
107 321
107 320
106 320
106 319
105 319
105 318
104 318
104 317
103 317
102 317
101 317
100 317
100 316
99 316
99 315
99 314
99 313
99 312
99 311
99 310
100 310
100 309
101 309
101 308
101 307
101 306
101 305
102 305
103 305
104 305
105 305
106 305
107 305
108 305
109 305
109 304
108 304
107 304
107 303
107 302
107 301
107 300
107 299
107 298
107 297
107 296
107 295
107 294
107 293
107 292
107 291
107 290
108 290
108 289
421 373
421 372
421 374
421 375
421 376
422 376
423 376
424 376
424 377
424 378
425 378
425 379
425 380
426 380
426 381
427 381
427 382
427 383
428 383
428 384
428 385
427 385
427 386
427 387
427 388
426 388
425 388
424 388
423 388
422 388
421 388
420 388
419 388
418 388
417 388
417 389
417 390
417 391
417 392
417 393
417 394
417 395
417 396
417 397
417 398
417 399
417 400
417 401
418 401
418 402
418 403
419 403
419 404
420 404
420 405
420 406
421 371
421 370
421 369
421 368
422 368
422 367
422 366
422 365
422 364
422 363
422 362
421 362
420 362
419 362
418 362
417 362
416 362
415 362
415 363
414 363
414 364
413 364
412 364
411 364
410 364
409 364
408 364
408 363
407 363
383 399
383 400
383 398
383 397
384 397
384 396
384 395
384 394
384 393
384 392
384 391
384 390
383 390
383 389
382 389
381 389
380 389
380 388
379 388
379 387
378 387
378 386
378 385
378 384
378 383
378 382
378 381
379 381
379 380
379 379
379 378
379 377
379 376
379 375
379 374
379 373
379 372
379 371
379 370
379 369
379 368
378 368
378 367
383 401
383 402
383 403
383 404
383 405
382 405
382 406
381 406
381 407
380 407
380 408
379 408
379 409
378 409
378 410
377 410
376 410
375 410
374 410
373 410
372 410
371 410
370 410
369 410
368 410
367 410
366 410
366 411
365 411
364 411
363 411
363 412
362 412
362 413
362 414
362 415
362 416
362 417
361 417
361 418
361 419
360 419
360 420
360 421
360 422
360 423
359 423
359 424
359 425
359 426
359 427
359 428
359 429
359 430
359 431
359 432
359 433
359 434
359 435
359 436
359 437
359 438
359 439
359 440
359 441
359 442
359 443
360 443
360 444
359 444
358 444
357 444
356 444
355 444
354 444
353 444
353 445
353 446
352 446
352 447
351 447
351 448
350 448
350 449
350 450
350 451
350 452
350 453
350 454
350 455
349 455
277 390
277 391
277 389
276 389
276 388
275 388
275 387
274 387
273 387
272 387
271 387
270 387
269 387
268 387
267 387
267 386
267 385
266 385
265 385
265 384
264 384
263 384
263 383
262 383
261 383
261 382
260 382
260 381
260 380
260 379
260 378
260 377
260 376
260 375
259 375
258 375
257 375
257 374
256 374
277 392
277 393
277 394
277 395
277 396
278 396
278 397
278 398
278 399
278 400
278 401
278 402
278 403
278 404
278 405
279 405
279 406
280 406
281 406
282 406
283 406
284 406
285 406
286 406
286 407
286 408
286 409
287 409
287 410
288 410
289 410
290 410
291 410
292 410
292 411
292 412
292 413
292 414
292 415
292 416
292 417
292 418
292 419
292 420
292 421
292 422
292 423
292 424
292 425
292 426
292 427
292 428
293 428
293 427
294 427
294 426
295 426
296 426
296 425
297 425
297 424
298 424
299 424
300 424
300 425
301 425
302 425
302 426
303 426
304 426
305 426
306 426
307 426
308 426
308 427
308 428
308 429
309 429
309 430
310 430
310 431
311 431
311 432
312 432
313 432
314 432
315 432
316 432
317 432
318 432
318 433
318 434
318 435
318 436
319 436
319 437
320 437
321 437
321 438
322 438
322 439
323 439
323 440
324 440
324 441
325 441
325 440
326 440
326 439
327 439
327 438
327 437
328 437
328 436
328 435
329 435
329 434
330 434
331 434
332 434
333 434
334 434
335 434
336 434
337 434
338 434
339 434
339 435
340 435
340 436
340 437
341 437
341 438
341 439
341 440
341 441
341 442
342 442
342 443
343 443
344 443
345 443
346 443
347 443
348 443
348 444
348 445
349 445
349 446
349 447
349 448
349 449
337 142
336 142
338 142
339 142
340 142
341 142
342 142
342 143
343 143
344 143
345 143
346 143
347 143
348 143
349 143
350 143
350 144
350 145
351 145
351 144
351 143
351 142
351 141
351 140
351 139
351 138
351 137
351 136
351 135
351 134
351 133
351 132
350 132
350 131
349 131
335 142
334 142
333 142
332 142
332 141
332 140
331 140
331 139
330 139
330 138
329 138
328 138
328 137
327 137
326 137
326 136
325 136
324 136
324 135
323 135
323 134
322 134
322 133
322 132
321 132
321 131
321 130
320 130
320 129
320 128
320 127
319 127
319 126
318 126
317 126
316 126
315 126
314 126
313 126
312 126
311 126
310 126
310 125
310 124
310 123
310 122
310 121
310 120
310 119
310 118
309 118
308 118
307 118
306 118
306 117
306 116
306 115
306 114
306 113
306 112
305 112
305 111
304 111
304 110
304 109
304 108
304 107
303 107
303 106
302 106
301 106
301 105
300 105
300 104
300 103
299 103
299 102
298 102
298 101
297 101
297 100
296 100
296 99
296 98
296 97
296 96
296 95
296 94
296 93
295 93
294 93
294 92
293 92
292 92
292 91
293 91
294 91
294 90
295 90
296 90
297 90
298 90
298 89
299 89
300 89
300 88
301 88
301 87
301 86
302 86
302 85
303 85
303 84
304 84
305 84
305 83
306 83
307 83
308 83
309 83
309 82
310 82
311 82
311 81
312 81
313 81
313 80
314 80
315 80
315 79
316 79
316 78
317 78
317 77
317 76
318 76
318 75
319 75
319 74
320 74
320 73
321 73
322 73
322 72
323 72
323 71
324 71
324 70
324 69
325 69
325 68
326 68
326 67
326 66
326 65
325 65
325 64
325 63
325 62
325 61
325 60
324 60
324 59
324 58
323 58
323 57
322 57
322 56
321 56
320 56
319 56
318 56
451 95
452 95
451 96
450 96
450 97
450 98
450 99
450 100
450 101
450 102
451 102
451 103
451 104
452 104
452 105
452 106
453 106
453 107
452 94
452 93
452 92
452 91
452 90
451 90
450 90
450 89
449 89
449 88
448 88
448 89
447 89
447 90
446 90
445 90
445 91
444 91
443 91
442 91
441 91
441 90
441 89
440 89
440 88
439 88
439 87
438 87
438 86
438 85
438 84
438 83
438 82
438 81
438 80
438 79
438 78
438 77
437 77
436 77
436 76
436 75
437 75
438 75
439 75
440 75
441 75
441 74
442 74
443 74
443 73
444 73
444 72
445 72
446 72
447 72
448 72
449 72
450 72
451 72
451 73
452 73
453 73
454 73
455 73
456 73
457 73
458 73
458 72
459 72
460 72
460 71
461 71
461 70
462 70
462 69
463 69
463 68
463 67
463 66
463 65
463 64
463 63
463 62
463 61
463 60
463 59
463 58
462 58
462 57
461 57
461 56
462 56
462 55
463 55
464 55
465 55
465 54
466 54
466 53
467 53
468 53
469 53
470 53
471 53
471 52
470 52
470 51
470 50
470 49
470 48
470 47
470 46
470 45
470 44
470 43
470 42
471 42
472 42
473 42
474 42
475 42
476 42
477 42
477 41
477 40
478 40
478 39
479 39
479 38
479 37
480 37
481 37
481 36
482 36
482 35
482 34
482 33
482 32
483 32
483 31
484 31
484 30
485 30
485 29
485 28
485 27
485 26
485 25
486 25
486 24
487 24
487 23
488 23
489 23
489 22
490 22
491 22
492 22
493 22
494 22
495 22
496 22
496 21
496 20
496 19
496 18
496 17
496 16
496 15
495 15
495 14
495 13
495 12
495 11
495 10
495 9
495 8
495 7
495 6
495 5
495 4
495 3
495 2
494 2
493 2
492 2
491 2
491 1
490 1
490 0
489 0
488 0
487 0
486 0
485 0
484 0
483 0
482 0
481 0
480 0
479 0
479 1
479 2
479 3
479 4
480 4
480 5
479 5
478 5
477 5
476 5
475 5
474 5
473 5
472 5
471 5
471 4
470 4
470 3
470 2
469 2
469 1
469 0
468 0
467 0
466 0
465 0
464 0
463 0
462 0
461 0
460 0
459 0
458 0
457 0
456 0
455 0
454 0
453 0
452 0
451 0
450 0
449 0
448 0
447 0
447 1
446 1
446 2
446 3
446 4
446 5
446 6
446 7
445 7
444 7
443 7
442 7
441 7
440 7
439 7
438 7
437 7
436 7
435 7
435 6
434 6
434 5
434 4
433 4
432 4
431 4
430 4
429 4
428 4
427 4
426 4
425 4
425 3
424 3
423 3
423 2
422 2
422 1
421 1
420 1
419 1
418 1
417 1
416 1
416 2
415 2
415 3
134 241
134 240
135 241
135 242
136 242
137 242
138 242
139 242
140 242
141 242
142 242
143 242
144 242
144 241
133 240
133 239
132 239
132 238
131 238
130 238
129 238
128 238
127 238
126 238
125 238
124 238
123 238
123 239
123 240
122 240
122 241
121 241
120 241
120 242
119 242
118 242
117 242
116 242
115 242
114 242
114 243
114 244
114 245
114 246
114 247
113 247
113 248
112 248
112 249
112 250
111 250
111 251
110 251
110 252
109 252
108 252
108 253
107 253
106 253
105 253
105 254
104 254
104 255
103 255
103 256
103 257
103 258
103 259
103 260
103 261
103 262
103 263
102 263
102 264
102 265
101 265
101 266
101 267
102 267
102 268
103 268
104 268
105 268
106 268
106 269
107 269
108 269
108 270
108 271
108 272
108 273
108 274
108 275
108 276
108 277
109 277
109 278
109 279
109 280
109 281
109 282
109 283
109 284
109 285
109 286
109 287
109 288
109 289
149 480
149 479
149 481
149 482
149 483
149 484
149 485
150 485
150 484
151 484
152 484
152 483
153 483
154 483
155 483
156 483
156 482
157 482
158 482
159 482
160 482
160 483
161 483
161 484
162 484
162 485
162 486
162 487
162 488
162 489
162 490
163 490
163 491
164 491
164 492
164 493
164 494
164 495
164 496
164 497
165 497
166 497
167 497
168 497
169 497
170 497
171 497
172 497
173 497
174 497
174 498
175 498
175 499
175 500
175 501
175 502
175 503
176 503
176 504
176 505
177 505
177 506
177 507
177 508
178 508
178 509
179 509
180 509
181 509
181 510
181 511
182 511
183 511
184 511
185 511
186 511
187 511
188 511
189 511
189 510
190 510
191 510
192 510
193 510
194 510
195 510
196 510
197 510
198 510
199 510
199 509
199 508
200 508
200 507
201 507
202 507
203 507
204 507
205 507
206 507
207 507
207 508
207 509
207 510
207 511
208 511
208 510
208 509
209 509
210 509
211 509
212 509
213 509
214 509
215 509
216 509
217 509
217 510
217 511
218 511
218 510
219 510
220 510
221 510
222 510
222 509
223 509
224 509
224 508
225 508
226 508
226 507
227 507
227 506
228 506
228 505
228 504
228 503
228 502
228 501
228 500
228 499
228 498
229 498
229 499
230 499
231 499
232 499
233 499
234 499
235 499
236 499
237 499
238 499
239 499
240 499
241 499
242 499
242 500
241 500
241 501
241 502
240 502
240 503
239 503
239 504
238 504
237 504
237 505
236 505
236 506
236 507
237 507
237 508
237 509
237 510
237 511
238 511
239 511
240 511
241 511
242 511
243 511
244 511
245 511
246 511
246 510
247 510
247 509
248 509
248 508
249 508
250 508
250 507
251 507
252 507
252 506
253 506
254 506
254 505
255 505
255 504
256 504
256 503
257 503
258 503
258 502
259 502
260 502
261 502
262 502
263 502
263 501
263 500
263 499
263 498
264 498
264 497
265 497
265 498
266 498
267 498
268 498
269 498
270 498
271 498
272 498
273 498
274 498
274 497
275 497
275 498
275 499
276 499
276 500
276 501
276 502
276 503
277 503
278 503
279 503
280 503
281 503
282 503
282 502
283 502
283 501
284 501
284 500
284 499
285 499
286 499
287 499
288 499
289 499
290 499
291 499
292 499
293 499
294 499
294 498
294 497
295 497
296 497
297 497
298 497
299 497
299 496
300 496
300 495
301 495
301 494
302 494
303 494
304 494
305 494
306 494
307 494
307 493
308 493
308 492
309 492
309 491
310 491
310 490
311 490
312 490
313 490
314 490
315 490
316 490
316 491
317 491
317 492
318 492
318 493
319 493
320 493
321 493
322 493
323 493
324 493
325 493
326 493
327 493
327 494
328 494
328 495
149 478
149 477
148 477
148 476
147 476
147 475
146 475
146 474
280 331
280 330
280 332
280 333
280 334
280 335
279 335
279 336
279 337
279 338
279 339
279 340
279 341
279 342
279 343
279 344
279 345
279 346
279 347
280 347
281 347
281 348
282 348
282 349
283 349
283 350
284 350
284 351
285 351
285 352
286 352
286 353
286 354
286 355
286 356
285 356
284 356
283 356
282 356
282 357
281 357
280 357
280 358
279 358
278 358
277 358
276 358
276 359
275 359
275 360
275 361
274 361
273 361
273 362
272 362
271 362
271 363
270 363
270 364
269 364
268 364
268 365
267 365
267 366
267 367
266 367
266 368
266 369
265 369
265 370
264 370
264 371
263 371
263 372
262 372
262 373
261 373
261 374
260 374
259 374
258 374
280 329
280 328
280 327
280 326
280 325
280 324
280 323
280 322
280 321
279 321
278 321
277 321
276 321
276 320
275 320
275 319
274 319
274 318
274 317
274 316
274 315
274 314
274 313
274 312
274 311
274 310
274 309
274 308
274 307
274 306
274 305
273 305
273 304
273 303
273 302
273 301
272 301
272 300
272 299
271 299
271 298
271 297
272 297
272 296
272 295
273 295
273 294
274 294
275 294
276 294
276 293
275 293
274 293
274 292
274 291
273 291
272 291
271 291
270 291
269 291
268 291
267 291
267 290
266 290
266 289
265 289
265 288
264 288
263 288
262 288
262 287
261 287
260 287
260 286
259 286
189 411
189 410
189 412
189 413
189 414
189 415
189 416
189 417
188 417
188 418
187 418
187 419
186 419
186 420
185 420
185 421
184 421
183 421
183 422
184 422
185 422
185 423
186 423
186 424
186 425
187 425
188 425
189 425
190 425
191 425
192 425
193 425
194 425
195 425
196 425
197 425
197 426
197 427
198 427
198 428
198 429
199 429
199 428
200 428
201 428
202 428
203 428
204 428
205 428
206 428
207 428
208 428
208 429
209 429
209 430
210 430
211 430
212 430
212 431
213 431
213 432
213 433
213 434
213 435
213 436
213 437
214 437
214 438
215 438
216 438
217 438
218 438
219 438
220 438
220 437
221 437
221 438
221 439
221 440
221 441
222 441
222 442
222 443
222 444
222 445
222 446
222 447
222 448
222 449
221 449
221 450
221 451
222 451
223 451
224 451
225 451
226 451
227 451
228 451
228 450
229 450
229 449
230 449
230 448
231 448
231 447
232 447
232 446
233 446
233 445
233 444
233 443
233 442
233 441
233 440
234 440
234 439
234 438
235 438
235 437
236 437
236 436
236 435
236 434
236 433
236 432
236 431
236 430
236 429
236 428
236 427
236 426
236 425
236 424
235 424
235 423
235 422
234 422
234 421
234 420
235 420
236 420
237 420
238 420
239 420
240 420
241 420
242 420
243 420
243 421
244 421
245 421
245 422
245 423
246 423
246 424
247 424
247 423
247 422
247 421
247 420
247 419
247 418
247 417
247 416
247 415
248 415
248 414
248 413
248 412
249 412
249 411
250 411
250 410
251 410
251 409
251 408
252 408
252 407
252 406
252 405
252 404
252 403
252 402
252 401
252 400
252 399
253 399
254 399
254 398
255 398
256 398
257 398
258 398
259 398
259 399
259 400
259 401
260 401
260 402
261 402
261 401
262 401
263 401
264 401
265 401
266 401
267 401
267 402
268 402
268 403
269 403
270 403
270 404
271 404
272 404
273 404
274 404
275 404
276 404
277 404
189 409
189 408
189 407
189 406
189 405
189 404
190 404
190 403
191 403
191 402
192 402
192 401
193 401
194 401
194 400
195 400
196 400
196 399
197 399
197 398
196 398
196 397
195 397
195 396
194 396
194 395
193 395
192 395
192 394
191 394
191 393
190 393
160 422
161 422
159 422
159 423
158 423
157 423
157 424
156 424
155 424
154 424
153 424
153 423
152 423
151 423
150 423
149 423
148 423
147 423
146 423
146 422
145 422
145 421
144 421
143 421
143 420
142 420
142 419
142 418
142 417
142 416
142 415
142 414
142 413
143 413
143 412
144 412
145 412
145 411
146 411
146 410
147 410
147 409
147 408
147 407
148 407
148 406
148 405
148 404
149 404
149 403
150 403
150 402
150 401
151 401
161 421
162 421
163 421
163 420
164 420
164 419
165 419
166 419
167 419
168 419
169 419
170 419
171 419
171 420
172 420
173 420
174 420
175 420
176 420
176 421
177 421
178 421
179 421
180 421
181 421
182 421
482 209
481 209
483 209
484 209
485 209
486 209
487 209
487 208
488 208
488 207
488 206
489 206
489 205
489 204
489 203
489 202
489 201
490 201
491 201
492 201
492 202
492 203
493 203
493 204
493 205
493 206
493 207
493 208
493 209
493 210
493 211
494 211
494 212
495 212
495 213
496 213
496 214
497 214
497 215
498 215
498 216
499 216
499 217
500 217
501 217
502 217
503 217
503 218
503 219
503 220
504 220
504 221
504 222
504 223
504 224
504 225
504 226
504 227
504 228
504 229
504 230
505 230
505 231
505 232
505 233
506 233
506 234
507 234
508 234
509 234
510 234
511 234
511 235
511 236
510 236
509 236
508 236
507 236
506 236
505 236
504 236
504 237
504 238
504 239
504 240
503 240
503 241
503 242
503 243
503 244
503 245
503 246
503 247
503 248
502 248
501 248
500 248
500 249
500 250
500 251
500 252
500 253
500 254
499 254
499 255
499 256
499 257
499 258
499 259
499 260
499 261
498 261
498 262
499 262
500 262
501 262
502 262
503 262
504 262
504 263
504 264
505 264
505 265
505 266
505 267
505 268
505 269
505 270
504 270
504 271
504 272
505 272
505 273
505 274
505 275
505 276
506 276
506 277
506 278
506 279
506 280
506 281
506 282
507 282
507 283
507 284
507 285
508 285
508 286
508 287
508 288
508 289
509 289
509 290
510 290
510 291
511 291
511 292
511 293
511 294
511 295
511 296
511 297
511 298
511 299
511 300
511 301
511 302
511 303
511 304
511 305
511 306
511 307
511 308
510 308
509 308
508 308
507 308
506 308
506 309
505 309
504 309
503 309
502 309
501 309
500 309
499 309
498 309
497 309
496 309
495 309
494 309
493 309
492 309
491 309
490 309
489 309
489 308
488 308
488 307
488 306
487 306
487 305
487 304
486 304
486 303
485 303
485 302
484 302
484 301
484 300
483 300
483 299
483 298
483 297
483 296
483 295
483 294
483 293
483 292
482 292
482 293
481 293
481 294
481 295
481 296
481 297
480 297
479 297
479 298
478 298
477 298
477 299
477 300
476 300
476 301
476 302
476 303
476 304
475 304
475 305
475 306
474 306
474 307
473 307
473 308
472 308
471 308
470 308
469 308
469 309
468 309
468 308
467 308
467 307
466 307
465 307
464 307
463 307
462 307
461 307
460 307
459 307
458 307
457 307
456 307
456 308
455 308
455 309
455 310
455 311
454 311
454 312
453 312
453 313
452 313
452 314
451 314
450 314
450 315
449 315
448 315
448 316
448 317
448 318
448 319
447 319
446 319
446 320
445 320
445 321
444 321
444 322
444 323
444 324
444 325
443 325
443 326
442 326
442 327
443 327
444 327
444 328
445 328
446 328
446 329
446 330
446 331
446 332
446 333
446 334
446 335
446 336
446 337
445 337
445 338
445 339
445 340
445 341
445 342
446 342
446 343
446 344
447 344
447 345
448 345
449 345
449 346
450 346
450 347
450 348
451 348
451 349
451 350
451 351
451 352
451 353
452 353
452 354
452 355
452 356
452 357
452 358
452 359
452 360
452 361
452 362
451 362
451 363
451 364
452 364
452 365
453 365
453 366
454 366
455 366
455 367
455 368
456 368
456 369
456 370
456 371
456 372
456 373
456 374
456 375
456 376
457 376
457 375
458 375
459 375
460 375
461 375
462 375
463 375
463 376
463 377
464 377
464 378
464 379
465 379
465 380
466 380
467 380
467 379
468 379
469 379
470 379
470 378
471 378
471 377
471 376
471 375
471 374
480 209
479 209
478 209
478 210
477 210
477 211
477 212
477 213
476 213
476 214
476 215
475 215
475 216
475 217
209 316
208 316
210 316
211 316
211 315
212 315
212 314
213 314
213 313
213 312
214 312
214 311
215 311
216 311
216 310
217 310
218 310
218 309
219 309
219 308
219 307
219 306
220 306
220 305
221 305
222 305
223 305
224 305
225 305
226 305
227 305
228 305
229 305
230 305
230 306
231 306
232 306
233 306
234 306
235 306
236 306
237 306
238 306
239 306
239 307
240 307
241 307
242 307
243 307
244 307
245 307
246 307
247 307
248 307
249 307
249 306
248 306
247 306
246 306
245 306
245 305
245 304
245 303
245 302
245 301
245 300
245 299
246 299
246 298
246 297
247 297
247 296
248 296
249 296
250 296
250 295
251 295
251 294
252 294
253 294
253 293
254 293
254 292
254 291
254 290
254 289
254 288
255 288
256 288
256 287
257 287
258 287
258 286
207 316
206 316
205 316
204 316
203 316
202 316
201 316
200 316
200 315
199 315
198 315
197 315
197 314
196 314
195 314
195 313
194 313
194 312
193 312
192 312
192 313
191 313
190 313
189 313
189 314
188 314
187 314
186 314
185 314
185 313
184 313
184 312
183 312
182 312
182 311
181 311
181 310
180 310
179 310
179 309
178 309
178 308
178 307
178 306
178 305
178 304
178 303
178 302
177 302
177 301
176 301
176 300
175 300
175 299
174 299
174 298
173 298
173 297
173 296
172 296
172 295
172 294
172 293
172 292
172 291
172 290
172 289
172 288
172 287
172 286
171 286
170 286
169 286
168 286
167 286
167 287
166 287
166 288
165 288
165 289
164 289
163 289
162 289
161 289
160 289
159 289
158 289
158 290
157 290
157 291
156 291
155 291
155 292
154 292
154 293
154 294
153 294
153 295
152 295
152 296
152 297
151 297
151 298
150 298
150 299
150 300
150 301
150 302
150 303
150 304
149 304
149 305
149 306
149 307
148 307
148 308
147 308
146 308
145 308
144 308
144 309
143 309
142 309
142 310
141 310
141 309
140 309
140 308
139 308
139 307
139 306
139 305
139 304
138 304
138 303
137 303
137 302
136 302
135 302
135 301
134 301
133 301
132 301
132 300
131 300
130 300
130 299
129 299
128 299
127 299
126 299
125 299
124 299
123 299
123 298
122 298
122 297
122 296
121 296
121 295
121 294
121 293
120 293
120 292
119 292
118 292
117 292
116 292
115 292
114 292
113 292
112 292
111 292
110 292
110 291
110 290
109 290
428 160
427 160
428 161
429 161
429 162
430 162
430 163
431 163
432 163
433 163
434 163
434 164
435 164
435 165
436 165
436 166
437 166
437 167
438 167
438 168
439 168
439 169
439 170
439 171
440 171
440 172
440 173
441 173
441 174
442 174
442 175
443 175
443 176
444 176
444 177
444 178
444 179
444 180
444 181
444 182
445 182
445 183
446 183
446 184
447 184
448 184
448 185
449 185
426 160
425 160
425 159
424 159
423 159
422 159
422 158
421 158
420 158
420 157
420 156
420 155
420 154
420 153
420 152
421 152
421 151
420 151
420 150
420 149
420 148
419 148
419 147
418 147
417 147
416 147
416 146
415 146
414 146
414 147
413 147
412 147
411 147
410 147
409 147
408 147
407 147
406 147
406 146
405 146
404 146
404 145
403 145
402 145
401 145
400 145
399 145
399 146
398 146
398 147
398 148
397 148
397 149
396 149
395 149
394 149
393 149
392 149
391 149
391 148
390 148
390 147
389 147
389 146
389 145
389 144
388 144
388 143
387 143
387 142
386 142
385 142
384 142
383 142
382 142
381 142
381 141
380 141
379 141
379 140
378 140
377 140
376 140
375 140
374 140
373 140
373 139
372 139
371 139
370 139
369 139
368 139
368 138
367 138
366 138
366 137
365 137
364 137
363 137
362 137
361 137
360 137
359 137
358 137
358 136
357 136
356 136
356 135
355 135
354 135
353 135
352 135
352 134
352 133
445 155
444 155
445 154
446 154
447 154
447 153
448 153
449 153
449 152
450 152
443 155
442 155
441 155
441 156
440 156
440 157
439 157
439 158
438 158
438 159
438 160
438 161
438 162
438 163
438 164
437 164
437 165
28 507
27 507
28 508
29 508
30 508
31 508
32 508
33 508
34 508
34 507
35 507
35 506
36 506
26 507
26 506
25 506
24 506
24 505
24 504
25 504
25 503
25 502
25 501
25 500
26 500
26 499
26 498
26 497
27 497
27 496
27 495
27 494
27 493
27 492
27 491
28 491
28 490
29 490
29 489
30 489
30 488
31 488
31 487
32 487
32 486
32 485
33 485
33 484
33 483
33 482
33 481
34 481
34 480
34 479
34 478
35 478
35 477
35 476
36 476
36 475
36 474
36 473
36 472
36 471
37 471
37 470
37 469
38 469
38 468
39 468
39 467
40 467
40 466
41 466
41 465
41 464
42 464
42 463
42 462
42 461
43 461
43 460
43 459
44 459
44 458
43 458
43 457
42 457
42 456
41 456
40 456
40 455
39 455
38 455
38 454
37 454
37 453
38 453
38 452
39 452
40 452
40 451
41 451
42 451
42 450
42 449
43 449
43 448
43 447
43 446
43 445
44 445
44 444
44 443
44 442
44 441
43 441
43 440
42 440
42 439
41 439
40 439
39 439
38 439
37 439
36 439
35 439
34 439
33 439
32 439
31 439
30 439
29 439
28 439
28 438
27 438
27 437
26 437
26 436
25 436
24 436
24 435
23 435
22 435
21 435
20 435
19 435
18 435
17 435
16 435
15 435
14 435
13 435
12 435
12 434
12 433
12 432
12 431
12 430
12 429
12 428
11 428
10 428
9 428
8 428
7 428
6 428
5 428
5 427
5 426
5 425
5 424
4 424
4 423
3 423
3 422
3 421
2 421
2 420
2 419
2 418
2 417
2 416
2 415
2 414
3 414
3 413
4 413
4 412
5 412
5 411
5 410
5 409
5 408
5 407
5 406
5 405
5 404
5 403
5 402
5 401
4 401
4 400
3 400
3 399
2 399
1 399
0 399
0 398
0 397
0 396
0 395
0 394
0 393
0 392
0 391
0 390
0 389
0 388
0 387
0 386
0 385
0 384
0 383
0 382
1 382
1 381
2 381
2 380
3 380
3 379
4 379
4 378
4 377
5 377
5 376
5 375
5 374
5 373
5 372
5 371
5 370
5 369
6 369
7 369
8 369
9 369
9 368
10 368
10 367
11 367
11 366
12 366
12 365
12 364
13 364
13 363
13 362
13 361
13 360
13 359
13 358
13 357
13 356
13 355
14 355
14 354
14 353
15 353
15 352
16 352
16 351
16 350
16 349
16 348
17 348
18 348
18 347
19 347
19 346
20 346
20 345
21 345
22 345
22 344
22 343
22 342
22 341
22 340
22 339
22 338
21 338
21 337
21 336
21 335
21 334
22 334
22 333
23 333
23 332
24 332
24 331
25 331
25 330
26 330
26 329
26 328
27 328
27 327
27 326
27 325
28 325
28 324
29 324
30 324
31 324
32 324
33 324
34 324
34 323
34 322
34 321
34 320
34 319
34 318
35 318
35 317
36 317
36 316
37 316
37 315
37 314
37 313
