436 85
436 84
436 86
436 87
436 88
435 88
435 89
435 90
436 90
436 91
437 91
437 92
438 92
438 93
438 94
439 94
439 95
439 96
439 97
440 97
440 98
440 99
441 99
442 99
442 100
443 100
444 100
445 100
446 100
447 100
448 100
449 100
450 100
450 99
450 98
451 98
451 97
451 96
451 95
452 95
452 94
436 83
436 82
436 81
437 81
438 81
438 80
439 80
439 79
440 79
440 78
440 77
441 77
441 76
442 76
442 75
443 75
443 74
444 74
445 74
446 74
446 73
447 73
447 72
448 72
449 72
449 71
449 70
450 70
451 70
452 70
453 70
454 70
454 69
454 68
455 68
455 67
455 66
455 65
455 64
455 63
455 62
455 61
455 60
455 59
455 58
455 57
455 56
455 55
455 54
455 53
455 52
454 52
454 51
455 51
455 50
455 49
456 49
456 48
457 48
458 48
458 47
459 47
460 47
460 46
461 46
462 46
462 45
463 45
464 45
464 44
465 44
466 44
466 43
467 43
467 42
468 42
468 41
469 41
469 40
470 40
470 39
471 39
471 38
472 38
472 37
473 37
473 36
474 36
474 35
475 35
475 34
476 34
476 33
477 33
477 32
478 32
478 31
479 31
479 30
471 119
471 120
471 118
471 117
470 117
469 117
469 116
468 116
468 115
467 115
467 114
467 113
466 113
465 113
465 112
464 112
463 112
462 112
461 112
460 112
459 112
459 113
458 113
457 113
456 113
455 113
454 113
453 113
452 113
452 112
451 112
451 111
451 110
450 110
450 109
449 109
449 108
448 108
448 107
448 106
448 105
448 104
448 103
448 102
449 102
449 101
471 121
472 121
472 122
472 123
473 123
473 124
473 125
474 125
474 126
475 126
475 127
476 127
477 127
478 127
478 128
479 128
479 129
480 129
480 130
481 130
481 131
482 131
483 131
483 132
484 132
485 132
486 132
487 132
488 132
489 132
490 132
491 132
492 132
493 132
493 131
493 130
494 130
494 129
495 129
495 128
495 127
496 127
496 126
496 125
497 125
497 124
498 124
498 123
499 123
499 122
499 121
500 121
500 120
500 119
501 119
501 118
502 118
502 117
502 116
503 116
504 116
504 115
504 114
503 114
503 113
503 112
503 111
503 110
503 109
503 108
503 107
503 106
503 105
503 104
503 103
503 102
503 101
503 100
504 100
504 99
505 99
505 98
506 98
507 98
507 97
508 97
508 96
508 95
508 94
509 94
510 94
510 93
510 92
510 91
510 90
510 89
510 88
510 87
509 87
508 87
507 87
507 86
506 86
505 86
505 85
504 85
504 84
129 480
130 480
128 480
127 480
126 480
125 480
124 480
123 480
122 480
121 480
120 480
119 480
119 479
118 479
118 478
117 478
116 478
115 478
114 478
113 478
112 478
111 478
110 478
109 478
108 478
107 478
106 478
105 478
104 478
103 478
102 478
101 478
101 479
100 479
100 480
100 481
99 481
99 482
99 483
99 484
99 485
98 485
98 486
98 487
97 487
97 488
96 488
96 489
96 490
96 491
96 492
96 493
96 494
97 494
97 495
97 496
97 497
97 498
97 499
97 500
97 501
97 502
98 502
98 503
99 503
100 503
101 503
102 503
103 503
104 503
105 503
106 503
107 503
108 503
108 504
108 505
109 505
110 505
110 506
111 506
112 506
112 507
113 507
113 508
113 509
114 509
115 509
115 508
115 507
116 507
116 506
117 506
117 505
118 505
119 505
119 504
120 504
121 504
122 504
122 505
123 505
124 505
124 506
125 506
125 507
126 507
126 508
127 508
127 509
128 509
128 510
129 510
130 510
131 510
132 510
133 510
133 511
131 480
132 480
133 480
133 479
134 479
135 479
136 479
137 479
138 479
138 480
139 480
139 481
140 481
140 482
141 482
141 483
141 484
142 484
142 485
143 485
144 485
145 485
146 485
147 485
148 485
148 486
148 487
148 488
149 488
149 489
150 489
151 489
151 490
152 490
152 491
153 491
153 492
154 492
154 493
155 493
155 494
156 494
157 494
158 494
159 494
160 494
161 494
162 494
163 494
164 494
165 494
165 493
166 493
166 494
166 495
167 495
167 496
167 497
168 497
168 498
168 499
169 499
169 500
170 500
170 501
171 501
171 502
172 502
173 502
173 503
174 503
174 504
174 505
175 505
175 506
432 32
433 32
432 31
432 30
432 29
432 28
432 27
432 26
432 25
432 24
432 23
432 22
431 22
430 22
429 22
428 22
427 22
426 22
426 21
425 21
425 20
424 20
424 19
423 19
423 18
423 17
423 16
423 15
423 14
422 14
422 13
421 13
420 13
419 13
418 13
417 13
416 13
415 13
414 13
414 12
413 12
413 11
412 11
412 12
412 13
411 13
411 14
411 15
411 16
411 17
411 18
410 18
410 19
409 19
408 19
407 19
406 19
405 19
404 19
403 19
402 19
401 19
400 19
399 19
399 20
398 20
397 20
397 21
396 21
395 21
394 21
393 21
393 22
392 22
391 22
390 22
389 22
388 22
387 22
386 22
385 22
384 22
383 22
382 22
381 22
380 22
379 22
378 22
377 22
376 22
375 22
374 22
373 22
372 22
371 22
370 22
370 23
369 23
369 24
369 25
369 26
369 27
369 28
368 28
368 29
368 30
367 30
367 31
367 32
366 32
366 33
366 34
365 34
365 35
365 36
365 37
364 37
364 38
433 33
433 34
433 35
433 36
434 36
435 36
436 36
436 37
437 37
438 37
438 38
439 38
439 39
440 39
440 40
440 41
440 42
440 43
440 44
440 45
441 45
441 46
442 46
442 47
442 48
442 49
442 50
442 51
443 51
443 52
444 52
444 53
444 54
444 55
444 56
444 57
444 58
444 59
445 59
445 60
446 60
447 60
448 60
448 61
448 62
448 63
448 64
448 65
448 66
448 67
449 67
449 68
450 68
450 69
451 69
452 69
453 69
252 80
251 80
252 81
252 82
252 83
252 84
252 85
253 85
254 85
254 86
254 87
254 88
254 89
254 90
254 91
254 92
254 93
251 79
251 78
250 78
250 77
249 77
249 76
249 75
249 74
249 73
249 72
250 72
250 71
250 70
249 70
249 69
248 69
247 69
246 69
245 69
245 68
244 68
243 68
243 67
243 66
243 65
243 64
243 63
243 62
243 61
243 60
244 60
244 59
245 59
245 58
246 58
246 57
247 57
248 57
249 57
250 57
251 57
252 57
253 57
254 57
255 57
256 57
256 58
257 58
258 58
259 58
260 58
260 57
261 57
261 56
261 55
261 54
261 53
261 52
261 51
261 50
261 49
261 48
261 47
261 46
261 45
262 45
262 44
262 43
262 42
262 41
262 40
262 39
262 38
262 37
262 36
262 35
262 34
262 33
262 32
262 31
262 30
263 30
263 29
264 29
264 28
264 27
265 27
265 26
265 25
266 25
266 24
266 23
266 22
266 21
267 21
267 20
268 20
268 19
269 19
270 19
270 18
271 18
271 17
272 17
272 16
273 16
273 15
273 14
273 13
274 13
274 12
279 54
279 55
278 54
277 54
277 53
277 52
276 52
276 51
276 50
275 50
275 49
275 48
275 47
275 46
275 45
274 45
274 44
273 44
273 43
273 42
272 42
271 42
270 42
270 43
269 43
268 43
267 43
266 43
265 43
264 43
263 43
280 55
280 56
281 56
281 57
281 58
282 58
282 59
282 60
283 60
283 61
284 61
284 62
285 62
285 63
286 63
287 63
288 63
289 63
290 63
291 63
291 64
292 64
292 65
292 66
292 67
291 67
291 68
290 68
290 69
290 70
290 71
290 72
290 73
291 73
291 74
292 74
293 74
294 74
295 74
296 74
297 74
298 74
299 74
299 73
300 73
300 72
301 72
301 71
302 71
302 70
302 69
303 69
303 68
304 68
304 67
304 66
304 65
304 64
304 63
304 62
304 61
304 60
304 59
303 59
303 58
302 58
322 20
323 20
321 20
320 20
320 21
319 21
319 22
318 22
318 23
318 24
318 25
318 26
318 27
318 28
318 29
318 30
319 30
319 31
320 31
321 31
321 32
322 32
322 33
323 33
323 34
323 35
323 36
323 37
323 38
322 38
322 39
321 39
320 39
320 40
319 40
318 40
318 41
317 41
316 41
316 42
316 43
316 44
316 45
316 46
316 47
316 48
316 49
316 50
315 50
314 50
313 50
313 51
312 51
311 51
311 52
311 53
311 54
311 55
310 55
310 56
310 57
310 58
309 58
308 58
307 58
306 58
305 58
304 58
324 20
324 19
325 19
326 19
326 18
327 18
328 18
329 18
329 17
330 17
330 16
330 15
330 14
330 13
330 12
331 12
331 11
332 11
332 10
332 9
332 8
332 7
332 6
332 5
332 4
332 3
333 3
333 2
334 2
334 3
334 4
335 4
336 4
337 4
338 4
339 4
339 5
340 5
340 6
341 6
342 6
343 6
343 7
344 7
345 7
345 8
346 8
346 9
347 9
347 10
348 10
348 11
349 11
349 12
350 12
350 13
350 14
351 14
351 15
351 16
352 16
352 17
352 18
353 18
353 19
354 19
354 20
355 20
356 20
356 21
357 21
358 21
358 22
358 23
358 24
358 25
358 26
358 27
359 27
359 26
360 26
361 26
362 26
362 25
363 25
364 25
364 24
365 24
366 24
367 24
368 24
368 25
368 26
211 76
212 76
210 76
210 77
210 78
210 79
209 79
209 80
209 81
208 81
208 82
212 75
213 75
213 74
214 74
215 74
216 74
216 73
217 73
217 72
218 72
218 71
218 70
217 70
217 69
218 69
219 69
220 69
221 69
221 68
222 68
223 68
223 67
224 67
224 66
225 66
225 67
226 67
227 67
228 67
229 67
230 67
230 68
231 68
232 68
232 69
233 69
233 70
234 70
234 71
235 71
236 71
237 71
238 71
238 70
239 70
239 69
240 69
240 68
241 68
241 67
241 66
241 65
241 64
241 63
241 62
242 62
242 61
79 104
79 103
80 104
80 105
81 105
82 105
83 105
84 105
85 105
85 106
85 107
85 108
86 108
86 109
87 109
87 110
88 110
88 111
89 111
79 102
79 101
79 100
79 99
78 99
78 98
78 97
78 96
78 95
78 94
78 93
78 92
78 91
79 91
79 90
80 90
80 89
80 88
81 88
81 87
82 87
82 86
83 86
83 85
84 85
84 84
84 83
84 82
84 81
84 80
84 79
84 78
84 77
84 76
85 76
86 76
87 76
88 76
89 76
90 76
91 76
92 76
93 76
94 76
94 75
94 74
94 73
94 72
94 71
94 70
94 69
94 68
94 67
94 66
93 66
93 65
92 65
92 64
91 64
91 63
90 63
89 63
88 63
87 63
86 63
85 63
84 63
83 63
82 63
82 64
81 64
80 64
79 64
79 63
78 63
78 62
77 62
76 62
75 62
75 61
74 61
74 60
73 60
72 60
71 60
70 60
69 60
69 59
69 58
69 57
70 57
71 57
72 57
73 57
74 57
75 57
76 57
77 57
78 57
78 56
79 56
79 55
80 55
80 54
81 54
81 53
81 52
81 51
81 50
81 49
81 48
81 47
82 47
83 47
84 47
85 47
86 47
86 46
87 46
87 45
88 45
88 44
89 44
89 43
90 43
91 43
91 42
92 42
92 41
93 41
94 41
94 40
94 39
94 38
94 37
94 36
93 36
93 35
93 34
93 33
92 33
92 32
92 31
91 31
90 31
90 30
89 30
89 29
88 29
87 29
87 28
86 28
86 27
85 27
84 27
84 26
83 26
83 25
83 24
83 23
83 22
83 21
83 20
83 19
84 19
84 18
84 17
84 16
84 15
84 14
84 13
83 13
82 13
82 12
81 12
81 11
80 11
80 10
80 9
80 8
79 8
78 8
77 8
76 8
76 7
75 7
74 7
73 7
72 7
72 8
71 8
70 8
69 8
69 9
68 9
68 10
67 10
67 11
66 11
66 12
65 12
65 13
64 13
63 13
62 13
61 13
60 13
59 13
58 13
57 13
56 13
56 12
56 11
56 10
56 9
56 8
56 7
55 7
54 7
100 82
100 81
101 82
101 83
102 83
103 83
104 83
105 83
105 84
106 84
107 84
108 84
109 84
110 84
111 84
112 84
113 84
114 84
115 84
116 84
117 84
117 83
118 83
118 82
118 81
118 80
118 79
119 79
119 78
120 78
120 77
119 77
119 76
118 76
117 76
116 76
115 76
114 76
113 76
112 76
112 75
112 74
112 73
112 72
112 71
112 70
112 69
112 68
112 67
113 67
113 66
114 66
114 65
115 65
115 64
116 64
116 63
117 63
117 62
117 61
116 61
116 60
115 60
115 59
115 58
115 57
115 56
115 55
116 55
116 54
116 53
117 53
117 52
118 52
118 51
119 51
120 51
120 50
121 50
122 50
123 50
124 50
125 50
126 50
126 51
127 51
128 51
128 50
128 49
128 48
128 47
128 46
129 46
129 45
129 44
129 43
129 42
129 41
130 41
131 41
132 41
133 41
134 41
135 41
135 40
136 40
137 40
138 40
139 40
140 40
141 40
141 39
142 39
143 39
143 38
144 38
145 38
146 38
147 38
148 38
149 38
150 38
151 38
152 38
153 38
154 38
154 37
155 37
156 37
157 37
158 37
159 37
160 37
161 37
162 37
163 37
164 37
165 37
166 37
166 36
167 36
168 36
169 36
170 36
171 36
172 36
173 36
174 36
175 36
176 36
176 35
177 35
178 35
179 35
180 35
181 35
182 35
183 35
184 35
185 35
186 35
186 34
187 34
188 34
189 34
190 34
191 34
191 33
191 32
192 32
192 31
193 31
193 30
194 30
195 30
196 30
197 30
198 30
198 29
198 28
198 27
198 26
199 26
199 25
200 25
200 24
201 24
201 23
202 23
202 22
203 22
204 22
205 22
205 23
206 23
207 23
208 23
209 23
210 23
211 23
212 23
212 22
213 22
214 22
214 21
215 21
216 21
216 20
217 20
218 20
219 20
220 20
221 20
222 20
223 20
224 20
225 20
225 21
225 22
225 23
226 23
226 24
226 25
226 26
227 26
227 27
228 27
228 28
229 28
229 29
229 30
230 30
230 31
230 32
230 33
231 33
231 34
231 35
231 36
231 37
231 38
232 38
233 38
233 37
234 37
235 37
236 37
236 36
237 36
237 35
238 35
238 34
238 33
239 33
240 33
241 33
242 33
243 33
243 32
244 32
245 32
245 31
246 31
246 30
246 29
246 28
246 27
246 26
246 25
247 25
247 24
248 24
248 23
249 23
250 23
251 23
251 24
252 24
253 24
254 24
255 24
255 25
256 25
256 26
257 26
257 27
258 27
258 28
259 28
260 28
260 29
261 29
262 29
99 81
99 80
99 79
99 78
98 78
97 78
97 77
96 77
95 77
95 76
162 76
162 77
162 75
163 75
163 74
163 73
163 72
163 71
163 70
163 69
163 68
163 67
163 66
163 65
163 64
163 63
162 63
162 62
163 62
163 61
164 61
165 61
166 61
167 61
168 61
168 60
169 60
169 59
169 58
169 57
170 57
170 56
171 56
171 55
172 55
172 54
173 54
173 53
173 52
172 52
172 51
172 50
172 49
171 49
171 48
170 48
170 47
169 47
168 47
167 47
167 46
166 46
166 45
165 45
165 44
164 44
163 44
163 43
162 43
162 42
162 41
162 40
162 39
162 38
163 38
164 38
161 77
161 78
160 78
159 78
159 79
158 79
157 79
157 80
156 80
155 80
154 80
154 79
153 79
153 78
152 78
151 78
150 78
149 78
148 78
148 77
147 77
146 77
145 77
144 77
144 78
143 78
143 79
142 79
142 80
141 80
376 137
377 137
375 137
374 137
373 137
372 137
371 137
370 137
369 137
368 137
367 137
366 137
365 137
364 137
364 136
363 136
363 135
362 135
362 134
362 133
361 133
361 132
361 131
360 131
359 131
359 130
358 130
357 130
356 130
355 130
354 130
354 129
354 128
353 128
353 127
353 126
353 125
353 124
353 123
353 122
353 121
353 120
354 120
354 119
353 119
352 119
352 118
351 118
351 117
351 116
351 115
351 114
351 113
351 112
351 111
351 110
351 109
351 108
351 107
350 107
350 106
349 106
349 105
348 105
347 105
347 104
346 104
345 104
344 104
344 105
343 105
343 106
342 106
341 106
340 106
340 105
340 104
339 104
338 104
337 104
336 104
335 104
334 104
333 104
332 104
331 104
330 104
329 104
329 103
328 103
328 102
328 101
328 100
328 99
328 98
328 97
328 96
328 95
329 95
329 94
329 93
329 92
330 92
331 92
332 92
333 92
334 92
334 91
333 91
333 90
332 90
331 90
330 90
329 90
329 89
328 89
327 89
327 88
326 88
325 88
324 88
323 88
322 88
321 88
320 88
319 88
319 87
319 86
319 85
319 84
319 83
319 82
318 82
318 81
317 81
317 80
316 80
315 80
314 80
313 80
312 80
311 80
310 80
309 80
308 80
307 80
306 80
305 80
304 80
303 80
302 80
301 80
300 80
300 79
300 78
300 77
300 76
300 75
300 74
378 137
379 137
380 137
380 138
381 138
381 139
382 139
382 140
382 141
383 141
383 142
384 142
384 143
385 143
385 144
385 145
386 145
386 146
386 147
387 147
387 148
387 149
388 149
389 149
389 150
390 150
391 150
391 151
392 151
392 152
393 152
394 152
394 153
395 153
396 153
396 154
397 154
398 154
399 154
399 155
400 155
401 155
401 156
402 156
402 155
403 155
403 154
404 154
404 153
405 153
406 153
407 153
407 152
408 152
408 151
409 151
409 150
409 149
410 149
411 149
411 148
412 148
413 148
413 147
414 147
414 146
413 146
413 145
413 144
413 143
413 142
413 141
413 140
412 140
412 139
412 138
411 138
411 137
411 136
411 135
410 135
410 134
411 134
412 134
413 134
414 134
415 134
416 134
417 134
418 134
419 134
420 134
421 134
421 133
421 132
422 132
422 131
423 131
424 131
425 131
426 131
427 131
428 131
429 131
430 131
431 131
432 131
432 130
433 130
434 130
434 129
435 129
435 128
435 127
436 127
436 126
437 126
438 126
438 125
439 125
439 124
440 124
441 124
442 124
442 123
443 123
444 123
445 123
446 123
447 123
448 123
449 123
449 122
449 121
449 120
449 119
449 118
449 117
450 117
450 116
451 116
451 115
452 115
452 114
246 144
246 145
246 143
246 142
246 141
246 140
247 140
247 139
248 139
248 138
248 137
248 136
248 135
248 134
249 134
249 133
250 133
250 132
251 132
251 131
252 131
252 130
253 130
253 129
254 129
254 128
255 128
255 127
256 127
257 127
258 127
259 127
260 127
261 127
262 127
263 127
264 127
264 126
264 125
263 125
262 125
261 125
260 125
259 125
258 125
257 125
256 125
255 125
255 124
255 123
254 123
254 122
254 121
254 120
254 119
254 118
254 117
253 117
253 116
252 116
251 116
251 115
251 114
251 113
251 112
251 111
251 110
251 109
252 109
252 108
251 108
251 107
251 106
251 105
250 105
250 104
250 103
250 102
249 102
249 101
249 100
249 99
249 98
249 97
250 97
250 96
251 96
251 95
252 95
252 94
253 94
254 94
245 145
245 146
245 147
245 148
245 149
245 150
245 151
244 151
244 152
243 152
242 152
242 153
241 153
240 153
239 153
238 153
237 153
236 153
236 154
235 154
234 154
234 155
233 155
232 155
231 155
230 155
230 156
229 156
229 157
229 158
228 158
67 474
66 474
68 474
69 474
70 474
71 474
72 474
72 473
73 473
74 473
74 472
75 472
76 472
77 472
78 472
79 472
79 473
80 473
80 474
81 474
81 475
81 476
82 476
82 477
83 477
84 477
84 478
85 478
86 478
87 478
87 479
88 479
89 479
89 480
90 480
90 481
90 482
91 482
91 483
91 484
91 485
92 485
92 486
93 486
94 486
95 486
96 486
97 486
65 474
64 474
63 474
62 474
61 474
60 474
60 473
59 473
58 473
58 472
57 472
57 473
56 473
56 474
56 475
56 476
56 477
56 478
56 479
56 480
56 481
56 482
56 483
56 484
55 484
55 485
55 486
55 487
55 488
55 489
55 490
54 490
53 490
52 490
51 490
50 490
49 490
48 490
47 490
46 490
45 490
44 490
43 490
42 490
41 490
40 490
39 490
38 490
37 490
36 490
36 489
35 489
35 488
35 487
34 487
34 486
34 485
33 485
33 484
33 483
33 482
33 481
33 480
33 479
33 478
33 477
33 476
33 475
32 475
32 476
31 476
31 477
30 477
29 477
28 477
27 477
26 477
25 477
24 477
23 477
22 477
22 478
21 478
21 479
20 479
20 478
19 478
19 477
19 476
19 475
19 474
19 473
18 473
18 472
449 254
450 254
448 254
447 254
446 254
445 254
444 254
444 253
443 253
443 252
442 252
441 252
440 252
439 252
438 252
437 252
436 252
435 252
451 254
452 254
453 254
454 254
454 253
454 252
454 251
454 250
454 249
454 248
454 247
454 246
454 245
455 245
455 244
454 244
454 243
454 242
453 242
453 241
452 241
452 240
451 240
451 239
450 239
450 238
449 238
449 237
448 237
448 236
447 236
447 235
446 235
446 234
446 233
446 232
446 231
446 230
447 230
447 229
447 228
447 227
447 226
447 225
447 224
447 223
446 223
445 223
445 222
444 222
443 222
442 222
441 222
441 223
440 223
440 224
439 224
439 223
439 222
439 221
439 220
439 219
439 218
438 218
437 218
437 217
436 217
436 216
435 216
435 215
434 215
434 214
433 214
433 213
432 213
432 212
431 212
431 211
430 211
429 211
428 211
427 211
426 211
425 211
425 210
425 209
424 209
424 210
423 210
422 210
421 210
420 210
419 210
418 210
418 209
417 209
417 208
416 208
416 207
415 207
415 206
415 205
415 204
415 203
415 202
415 201
415 200
415 199
415 198
415 197
415 196
416 196
417 196
418 196
419 196
419 195
418 195
417 195
416 195
415 195
415 194
414 194
413 194
413 193
412 193
411 193
411 192
410 192
410 191
409 191
408 191
408 190
407 190
406 190
405 190
404 190
403 190
403 191
402 191
402 190
402 189
402 188
402 187
402 186
401 186
401 185
400 185
399 185
398 185
397 185
396 185
395 185
395 184
395 183
395 182
395 181
396 181
396 180
395 180
394 180
393 180
392 180
391 180
391 179
390 179
390 178
389 178
389 177
389 176
388 176
388 175
387 175
387 174
387 173
387 172
387 171
387 170
387 169
388 169
389 169
390 169
391 169
392 169
392 168
393 168
393 167
394 167
395 167
396 167
397 167
398 167
399 167
400 167
400 166
401 166
402 166
403 166
404 166
404 165
403 165
403 164
402 164
402 163
402 162
402 161
402 160
402 159
402 158
402 157
100 127
101 127
100 126
100 125
99 125
99 124
98 124
97 124
97 123
97 122
96 122
96 121
95 121
94 121
94 120
93 120
92 120
92 119
92 118
91 118
91 117
91 116
91 115
91 114
90 114
90 113
90 112
89 112
101 128
101 129
101 130
101 131
102 131
102 132
103 132
104 132
104 133
105 133
106 133
107 133
107 134
106 134
105 134
104 134
103 134
102 134
102 135
102 136
101 136
101 137
101 138
101 139
101 140
101 141
101 142
101 143
101 144
101 145
101 146
102 146
102 147
102 148
101 148
101 149
101 150
100 150
99 150
99 151
98 151
97 151
96 151
96 152
95 152
95 151
94 151
93 151
92 151
91 151
91 150
90 150
89 150
89 149
88 149
88 148
87 148
87 147
145 127
145 128
144 127
144 126
144 125
143 125
143 124
142 124
142 123
141 123
140 123
140 122
139 122
139 121
138 121
138 120
137 120
137 119
137 118
137 117
136 117
136 116
135 116
135 115
135 114
136 114
136 113
137 113
137 112
138 112
138 111
138 110
138 109
138 108
138 107
138 106
139 106
139 105
140 105
140 104
141 104
141 103
141 102
141 101
141 100
141 99
142 99
142 98
142 97
143 97
143 96
144 96
144 95
144 94
144 93
144 92
144 91
145 91
146 91
146 90
145 90
144 90
143 90
142 90
141 90
140 90
140 89
140 88
140 87
140 86
140 85
140 84
140 83
140 82
140 81
141 81
145 129
145 130
145 131
145 132
145 133
145 134
145 135
145 136
145 137
145 138
145 139
0 396
0 397
0 395
0 394
0 393
0 392
0 391
0 398
0 399
0 400
0 401
0 402
0 403
0 404
0 405
0 406
0 407
0 408
0 409
0 410
0 411
0 412
0 413
0 414
0 415
0 416
0 417
0 418
0 419
0 420
0 421
0 422
0 423
0 424
0 425
0 426
0 427
0 428
1 428
1 429
1 430
1 431
1 432
1 433
1 434
1 435
0 435
0 436
1 436
1 437
2 437
2 438
3 438
3 439
3 440
3 441
4 441
4 442
5 442
5 443
5 444
6 444
6 445
7 445
7 446
8 446
9 446
9 447
9 448
9 449
9 450
9 451
9 452
9 453
9 454
9 455
9 456
9 457
9 458
9 459
9 460
9 461
9 462
9 463
9 464
9 465
9 466
9 467
9 468
9 469
10 469
11 469
11 470
12 470
13 470
14 470
15 470
15 471
16 471
17 471
17 472
76 228
76 227
75 228
75 229
74 229
73 229
73 230
72 230
72 231
71 231
71 232
70 232
69 232
68 232
67 232
66 232
66 231
65 231
65 230
64 230
63 230
62 230
61 230
60 230
59 230
58 230
57 230
57 229
57 228
57 227
57 226
57 225
57 224
56 224
56 223
55 223
55 222
55 221
54 221
54 220
53 220
53 219
76 226
76 225
76 224
76 223
77 223
78 223
78 222
79 222
79 221
80 221
81 221
82 221
82 220
83 220
84 220
85 220
86 220
87 220
88 220
89 220
90 220
91 220
92 220
93 220
93 221
94 221
94 220
95 220
96 220
97 220
98 220
99 220
100 220
101 220
101 221
102 221
103 221
104 221
105 221
106 221
106 220
107 220
107 219
108 219
108 218
109 218
110 218
111 218
111 219
112 219
113 219
113 220
114 220
114 221
114 222
114 223
114 224
114 225
114 226
114 227
114 228
115 228
115 229
116 229
116 230
117 230
118 230
119 230
120 230
121 230
122 230
122 229
123 229
123 228
124 228
124 227
124 226
125 226
125 225
125 224
126 224
126 223
125 223
125 222
125 221
124 221
124 220
124 219
124 218
124 217
125 217
125 216
126 216
127 216
127 215
128 215
128 214
129 214
129 213
129 212
130 212
130 211
130 210
131 210
131 209
132 209
132 208
132 207
133 207
133 206
133 205
134 205
134 204
135 204
136 204
136 203
137 203
138 203
138 202
138 201
138 200
138 199
139 199
139 198
139 197
139 196
139 195
139 194
139 193
139 192
138 192
137 192
136 192
135 192
135 193
134 193
133 193
133 194
133 195
132 195
132 194
132 193
132 192
132 191
131 191
130 191
130 190
129 190
128 190
127 190
127 189
127 188
126 188
126 187
126 186
126 185
125 185
125 184
125 183
124 183
124 182
124 181
124 180
124 179
125 179
125 178
126 178
127 178
128 178
128 177
129 177
130 177
131 177
131 176
132 176
132 175
133 175
133 174
133 173
134 173
134 172
134 171
135 171
135 170
136 170
136 169
137 169
138 169
139 169
140 169
140 168
141 168
142 168
142 167
143 167
143 166
144 166
144 165
144 164
144 163
145 163
145 162
146 162
146 161
147 161
148 161
149 161
149 160
149 159
149 158
149 157
150 157
150 156
151 156
152 156
152 155
153 155
154 155
155 155
156 155
157 155
158 155
159 155
160 155
161 155
162 155
162 154
163 154
164 154
165 154
165 153
166 153
167 153
167 152
168 152
168 153
168 154
168 155
168 156
168 157
168 158
168 159
168 160
168 161
169 161
169 162
169 163
170 163
171 163
172 163
173 163
174 163
174 164
175 164
175 165
176 165
177 165
177 166
178 166
179 166
180 166
180 167
181 167
181 168
182 168
182 167
183 167
183 166
184 166
185 166
185 165
186 165
186 164
187 164
188 164
189 164
190 164
191 164
191 163
192 163
192 162
192 161
193 161
193 160
194 160
194 159
194 158
195 158
195 157
195 156
195 155
196 155
197 155
197 156
198 156
199 156
199 157
200 157
201 157
202 157
203 157
204 157
205 157
206 157
207 157
207 158
208 158
208 157
209 157
210 157
210 156
211 156
211 155
212 155
212 154
213 154
214 154
215 154
216 154
217 154
217 153
218 153
219 153
220 153
221 153
221 152
222 152
222 153
223 153
223 154
224 154
225 154
225 155
226 155
226 156
227 156
227 157
228 157
303 286
303 285
303 287
303 288
303 289
303 290
303 291
303 292
303 293
303 294
303 295
302 295
302 296
301 296
301 297
301 298
301 299
301 300
301 301
301 302
301 303
300 303
300 302
300 301
299 301
299 300
298 300
297 300
296 300
295 300
294 300
293 300
293 301
292 301
291 301
291 302
290 302
290 303
290 304
290 305
289 305
289 306
289 307
288 307
287 307
287 308
286 308
285 308
285 309
284 309
284 310
283 310
282 310
282 311
281 311
281 312
281 313
280 313
280 314
280 315
280 316
280 317
280 318
280 319
280 320
281 320
282 320
283 320
284 320
285 320
286 320
287 320
288 320
303 284
303 283
303 282
303 281
303 280
303 279
303 278
303 277
303 276
303 275
303 274
303 273
303 272
302 272
302 271
303 271
303 270
303 269
303 268
303 267
303 266
304 266
304 265
305 265
305 264
306 264
306 263
306 262
306 261
306 260
306 259
306 258
306 257
307 257
307 256
307 255
307 254
307 253
307 252
307 251
307 250
307 249
308 249
308 248
309 248
309 247
309 246
309 245
309 244
309 243
309 242
309 241
309 240
309 239
309 238
309 237
309 236
310 236
311 236
311 235
310 235
310 234
310 233
310 232
310 231
310 230
310 229
310 228
310 227
309 227
309 226
308 226
308 225
307 225
307 224
306 224
305 224
304 224
303 224
302 224
301 224
300 224
300 225
299 225
299 224
298 224
297 224
296 224
295 224
294 224
293 224
293 223
292 223
292 222
291 222
291 221
291 220
291 219
290 219
289 219
288 219
287 219
286 219
286 218
285 218
284 218
283 218
282 218
281 218
280 218
279 218
278 218
277 218
277 219
276 219
276 218
275 218
275 217
274 217
273 217
272 217
271 217
270 217
269 217
269 216
268 216
268 215
267 215
267 214
266 214
265 214
265 213
264 213
264 212
263 212
263 211
263 210
262 210
262 209
261 209
261 208
261 207
261 206
260 206
259 206
258 206
257 206
256 206
255 206
254 206
253 206
252 206
251 206
250 206
250 207
249 207
248 207
248 206
247 206
246 206
246 205
246 204
246 203
246 202
245 202
245 201
244 201
243 201
242 201
241 201
240 201
239 201
239 200
238 200
237 200
236 200
235 200
234 200
233 200
233 199
233 198
233 197
233 196
233 195
232 195
232 194
231 194
231 193
231 192
230 192
230 191
230 190
230 189
230 188
230 187
229 187
229 186
228 186
228 185
228 184
228 183
228 182
228 181
228 180
228 179
228 178
228 177
229 177
229 176
229 175
230 175
230 174
231 174
231 173
232 173
233 173
233 172
233 171
233 170
233 169
233 168
233 167
233 166
232 166
232 165
232 164
231 164
230 164
230 163
230 162
230 161
230 160
230 159
229 159
429 379
428 379
430 379
431 379
432 379
433 379
434 379
435 379
435 378
434 378
433 378
433 377
433 376
433 375
433 374
433 373
433 372
433 371
433 370
433 369
433 368
434 368
435 368
435 367
436 367
436 366
436 365
436 364
436 363
436 362
436 361
437 361
437 360
438 360
439 360
440 360
440 359
440 358
440 357
441 357
441 356
442 356
443 356
443 355
444 355
445 355
446 355
446 354
446 353
446 352
446 351
446 350
446 349
446 348
446 347
446 346
446 345
447 345
448 345
448 344
449 344
450 344
451 344
452 344
453 344
454 344
455 344
455 345
455 346
455 347
455 348
456 348
456 349
457 349
458 349
459 349
460 349
461 349
462 349
463 349
464 349
465 349
466 349
467 349
468 349
469 349
470 349
471 349
472 349
473 349
473 350
474 350
474 349
475 349
475 348
476 348
476 347
477 347
477 346
478 346
478 345
478 344
478 343
478 342
477 342
477 341
476 341
475 341
475 340
475 339
474 339
474 338
473 338
472 338
471 338
471 337
471 336
470 336
470 335
470 334
470 333
470 332
470 331
470 330
470 329
470 328
470 327
470 326
470 325
470 324
470 323
470 322
470 321
469 321
468 321
468 320
467 320
467 319
467 318
467 317
467 316
467 315
467 314
467 313
467 312
468 312
468 311
469 311
469 310
469 309
470 309
470 308
471 308
471 307
470 307
470 306
469 306
469 305
469 304
469 303
469 302
468 302
468 301
468 300
468 299
468 298
468 297
468 296
468 295
469 295
469 294
468 294
468 293
467 293
466 293
465 293
464 293
463 293
462 293
461 293
460 293
460 292
460 291
460 290
460 289
460 288
460 287
460 286
459 286
459 285
458 285
458 284
457 284
457 283
456 283
456 282
455 282
455 281
454 281
454 280
454 279
454 278
454 277
454 276
454 275
453 275
453 274
452 274
452 275
451 275
450 275
449 275
448 275
447 275
446 275
445 275
444 275
443 275
443 274
443 273
442 273
442 272
442 271
441 271
441 270
440 270
440 269
439 269
439 268
439 267
438 267
438 266
438 265
437 265
436 265
435 265
434 265
434 264
434 263
434 262
433 262
433 261
432 261
432 260
432 259
432 258
432 257
432 256
432 255
432 254
433 254
433 253
434 253
434 252
427 379
426 379
425 379
424 379
423 379
422 379
421 379
420 379
419 379
418 379
417 379
417 378
416 378
416 377
415 377
165 327
165 328
165 326
165 325
165 324
165 323
165 322
164 322
164 321
164 320
163 320
163 319
164 319
164 318
165 318
165 317
165 316
166 316
166 315
166 314
166 313
166 312
167 312
167 311
168 311
169 311
169 310
170 310
171 310
171 309
172 309
172 308
173 308
173 307
173 306
173 305
173 304
174 304
174 303
175 303
176 303
176 302
177 302
178 302
179 302
179 301
180 301
181 301
182 301
183 301
183 300
183 299
183 298
183 297
183 296
183 295
183 294
182 294
182 293
183 293
184 293
185 293
186 293
187 293
188 293
189 293
190 293
190 292
191 292
191 291
191 290
191 289
191 288
192 288
192 287
193 287
193 286
194 286
194 285
194 284
195 284
195 283
195 282
195 281
195 280
195 279
196 279
197 279
198 279
199 279
200 279
201 279
202 279
203 279
204 279
205 279
206 279
206 278
207 278
208 278
209 278
210 278
211 278
211 279
212 279
212 280
213 280
214 280
214 281
215 281
215 282
216 282
217 282
218 282
219 282
220 282
221 282
221 283
221 284
221 285
221 286
221 287
221 288
220 288
220 289
220 290
220 291
220 292
220 293
221 293
221 294
221 295
222 295
222 296
222 297
222 298
223 298
223 299
224 299
225 299
225 300
226 300
226 301
227 301
227 302
227 303
227 304
227 305
227 306
227 307
227 308
227 309
227 310
227 311
228 311
229 311
229 312
230 312
231 312
231 313
232 313
232 314
233 314
234 314
234 315
235 315
236 315
237 315
238 315
239 315
240 315
240 314
241 314
241 313
241 312
241 311
241 310
241 309
241 308
242 308
242 309
242 310
243 310
243 311
244 311
245 311
246 311
247 311
247 312
248 312
249 312
250 312
251 312
252 312
253 312
253 313
254 313
254 314
254 315
254 316
254 317
254 318
254 319
254 320
253 320
253 321
253 322
254 322
254 323
254 324
255 324
256 324
257 324
258 324
259 324
260 324
261 324
262 324
263 324
264 324
264 323
265 323
266 323
267 323
268 323
269 323
270 323
271 323
271 322
272 322
272 321
273 321
274 321
274 320
275 320
276 320
277 320
278 320
279 320
165 329
165 330
165 331
165 332
164 332
164 333
163 333
163 334
162 334
162 335
162 336
163 336
163 337
163 338
163 339
163 340
162 340
162 341
161 341
161 342
160 342
160 343
159 343
159 344
158 344
158 345
157 345
156 345
156 346
155 346
154 346
153 346
152 346
151 346
151 347
151 348
152 348
152 349
152 350
152 351
152 352
153 352
154 352
155 352
156 352
156 353
157 353
157 354
158 354
158 355
158 356
159 356
159 357
158 357
158 358
157 358
157 359
157 360
156 360
156 361
156 362
156 363
156 364
156 365
156 366
156 367
156 368
157 368
158 368
158 369
157 369
157 370
156 370
156 371
155 371
155 372
156 372
156 373
156 374
157 374
157 375
157 376
158 376
159 376
160 376
161 376
162 376
163 376
164 376
165 376
166 376
167 376
167 377
167 378
167 379
167 380
168 380
168 381
169 381
169 382
170 382
170 383
171 383
172 383
172 384
173 384
173 385
172 385
172 386
171 386
171 387
170 387
170 388
170 389
170 390
170 391
170 392
171 392
171 393
171 394
172 394
172 395
171 395
170 395
169 395
168 395
167 395
166 395
166 396
165 396
164 396
164 397
164 398
164 399
164 400
164 401
164 402
164 403
164 404
165 404
165 405
166 405
166 406
167 406
167 407
167 408
167 409
167 410
167 411
166 411
166 412
165 412
164 412
163 412
162 412
161 412
161 413
161 414
161 415
160 415
160 416
160 417
160 418
160 419
159 419
159 420
159 421
158 421
158 422
157 422
156 422
156 423
155 423
154 423
153 423
152 423
151 423
150 423
149 423
149 424
148 424
147 424
146 424
145 424
145 425
144 425
143 425
143 426
144 426
144 427
145 427
145 428
146 428
146 429
147 429
147 430
148 430
148 431
148 432
149 432
149 433
149 434
149 435
149 436
149 437
149 438
149 439
149 440
150 440
151 440
151 441
152 441
153 441
153 442
154 442
154 443
155 443
155 444
156 444
156 445
156 446
157 446
157 447
158 447
158 448
159 448
160 448
161 448
161 449
162 449
162 450
163 450
163 451
164 451
164 452
164 453
164 454
164 455
165 455
165 456
166 456
166 457
167 457
167 458
168 458
168 459
168 460
168 461
168 462
168 463
168 464
168 465
168 466
168 467
168 468
168 469
168 470
169 470
169 471
169 472
169 473
169 474
168 474
168 475
167 475
167 476
166 476
166 477
166 478
166 479
166 480
166 481
166 482
166 483
166 484
166 485
166 486
166 487
166 488
166 489
166 490
166 491
166 492
