400 428
400 427
400 429
400 430
401 430
401 431
400 426
400 425
400 424
400 423
400 422
400 421
400 420
400 419
399 419
398 419
398 418
397 418
396 418
395 418
394 418
393 418
392 418
392 419
391 419
256 422
257 422
255 422
254 422
253 422
252 422
252 423
252 424
251 424
251 425
251 426
250 426
250 427
258 422
259 422
259 421
260 421
260 420
260 419
261 419
261 418
262 438
262 437
262 439
262 440
262 441
261 441
261 442
261 443
260 443
260 444
259 444
259 445
258 445
258 446
257 446
257 447
256 447
256 448
255 448
255 449
255 450
254 450
254 451
253 451
253 452
252 452
252 453
251 453
251 454
251 455
250 455
250 456
249 456
249 457
262 436
262 435
263 435
263 434
263 433
263 432
263 431
263 430
264 430
264 429
264 428
264 427
264 426
264 425
264 424
264 423
263 423
262 423
262 422
261 422
261 421
261 420
59 270
59 271
59 269
59 268
59 267
59 266
59 265
60 265
59 272
59 273
59 274
60 274
483 392
483 393
483 391
483 390
483 389
482 389
482 388
483 394
483 395
482 395
482 396
161 429
161 430
162 429
163 429
163 428
164 428
165 428
166 428
166 427
167 427
167 426
160 430
159 430
159 431
158 431
157 431
157 432
156 432
156 433
149 415
149 414
149 416
150 416
150 417
150 418
151 418
151 419
151 420
152 420
152 421
152 422
152 423
153 423
153 424
153 425
153 426
154 426
154 427
154 428
154 429
154 430
154 431
154 432
155 432
155 433
149 413
149 412
149 411
149 410
149 409
123 377
122 377
123 378
124 378
124 379
125 379
125 380
126 380
126 381
127 381
127 382
128 382
128 383
129 383
129 384
129 385
129 386
130 386
130 387
130 388
131 388
131 389
132 389
132 390
132 391
133 391
122 376
121 376
121 375
121 374
120 374
120 373
119 373
119 372
119 371
118 371
499 483
500 483
499 484
498 484
498 485
497 485
497 486
497 487
496 487
496 488
496 489
495 489
495 490
495 491
494 491
494 492
494 493
494 494
493 494
493 495
493 496
492 496
500 482
501 482
501 481
501 480
502 480
502 479
503 479
503 478
151 437
152 437
150 437
150 438
149 438
148 438
147 438
147 439
146 439
145 439
145 440
152 436
153 436
153 435
154 435
154 434
155 434
249 449
249 448
249 450
250 450
250 451
250 452
250 453
250 454
249 447
248 447
248 446
248 445
247 445
247 444
247 443
247 442
247 441
247 440
247 439
247 438
247 437
247 436
247 435
247 434
248 434
248 433
248 432
248 431
249 431
249 430
249 429
249 428
250 428
403 404
403 403
403 405
402 405
402 406
402 407
401 407
401 408
401 409
401 410
400 410
400 411
400 412
400 413
399 413
399 414
399 415
398 415
398 416
398 417
397 417
396 417
404 403
404 402
405 402
405 401
406 401
406 400
406 399
406 398
458 444
458 443
458 445
459 445
459 446
460 446
461 446
461 447
462 447
463 447
464 447
465 447
466 447
467 447
468 447
469 447
470 447
470 448
471 448
472 448
472 449
473 449
473 450
474 450
474 451
475 451
475 452
475 453
476 453
476 454
477 454
477 455
478 455
458 442
458 441
458 440
458 439
457 439
456 439
455 439
454 439
453 439
144 397
143 397
145 397
145 398
146 398
146 399
146 400
147 400
147 401
147 402
147 403
147 404
147 405
147 406
148 406
148 407
148 408
149 408
142 397
141 397
140 397
140 396
139 396
138 396
138 395
137 395
137 394
136 394
135 394
135 393
134 393
134 392
133 392
474 424
475 424
473 424
473 425
472 425
472 426
471 426
470 426
470 427
469 427
469 428
468 428
468 429
467 429
466 429
466 430
465 430
465 431
464 431
464 432
463 432
462 432
462 433
461 433
461 434
460 434
460 435
459 435
458 435
458 436
457 436
457 437
456 437
455 437
455 438
454 438
475 423
475 422
476 422
476 421
476 420
476 419
476 418
476 417
475 417
475 416
475 415
474 415
474 414
474 413
473 413
473 412
466 400
466 401
465 400
465 399
464 399
464 398
464 397
463 397
463 396
462 396
462 395
461 395
461 394
461 393
460 393
460 392
460 391
459 391
467 401
467 402
468 402
468 403
468 404
469 404
469 405
470 405
470 406
470 407
471 407
471 408
471 409
472 409
472 410
472 411
473 411
430 430
430 431
430 429
429 429
428 429
427 429
426 429
426 428
425 428
425 427
424 427
424 428
424 429
423 429
422 429
421 429
420 429
419 429
418 429
417 429
416 429
415 429
415 428
414 428
414 429
414 430
414 431
414 432
413 432
413 433
413 434
413 435
413 436
412 436
411 436
410 436
409 436
408 436
407 436
406 436
405 436
404 436
403 436
402 436
402 435
402 434
402 433
401 433
401 432
431 431
431 432
431 433
431 434
431 435
431 436
432 436
432 437
432 438
433 438
433 439
433 440
433 441
434 441
434 442
434 443
434 444
434 445
435 445
435 446
435 447
436 447
437 447
437 448
438 448
439 448
440 448
441 448
442 448
442 447
443 447
444 447
444 446
445 446
445 445
446 445
446 444
447 444
447 443
448 443
448 442
449 442
450 442
450 441
451 441
451 440
452 440
453 440
498 511
499 511
497 511
496 511
495 511
494 511
493 511
493 510
492 510
492 509
492 508
492 507
492 506
492 505
492 504
492 503
492 502
492 501
492 500
492 499
492 498
492 497
500 511
501 511
502 511
503 511
504 511
505 511
505 510
505 509
506 509
506 508
506 507
507 507
507 506
507 505
508 505
508 504
508 503
509 503
509 502
510 502
510 501
511 501
357 348
357 347
357 349
357 350
357 351
357 352
356 352
358 347
359 347
359 346
360 346
360 345
361 345
362 345
362 344
363 344
364 344
364 343
365 343
365 342
366 342
367 342
367 341
368 341
368 340
369 340
369 339
370 339
370 338
371 338
98 406
99 406
97 406
96 406
96 407
95 407
95 408
95 409
94 409
94 410
94 411
94 412
94 413
94 414
94 415
94 416
93 416
100 406
101 406
102 406
103 406
103 407
104 407
104 408
105 408
105 409
106 409
106 410
107 410
107 228
107 227
107 229
108 229
108 230
108 231
109 231
109 232
106 227
106 226
105 226
105 225
104 225
381 507
380 507
382 507
383 507
384 507
385 507
385 506
385 505
385 504
385 503
385 502
386 502
386 501
386 500
386 499
387 499
387 498
387 497
379 507
378 507
377 507
377 508
377 509
377 510
377 511
376 511
379 424
378 424
380 424
381 424
382 424
383 424
384 424
385 424
386 424
387 424
388 424
389 424
390 424
390 423
390 422
390 421
391 421
391 420
377 424
376 424
375 424
374 424
373 424
373 423
373 422
372 422
372 421
372 420
189 417
188 417
190 417
191 417
192 417
193 417
194 417
195 417
196 417
197 417
198 417
199 417
199 418
187 417
186 417
185 417
184 417
184 416
183 416
182 416
181 416
180 416
179 416
178 416
177 416
176 416
176 417
175 417
174 417
174 418
173 418
173 419
172 419
172 420
171 420
171 421
170 421
170 422
170 423
169 423
169 424
168 424
168 425
167 425
460 478
460 477
460 479
460 480
460 481
460 482
460 483
461 483
461 484
460 484
460 485
460 486
460 487
460 488
460 489
460 490
460 491
460 492
461 492
462 492
463 492
464 492
464 493
465 493
466 493
466 494
467 494
468 494
469 494
470 494
470 495
471 495
472 495
472 496
473 496
474 496
475 496
476 496
476 497
477 497
478 497
479 497
480 497
481 497
481 498
482 498
482 499
483 499
484 499
485 499
486 499
487 499
488 499
489 499
490 499
491 499
491 498
460 476
460 475
460 474
460 473
460 472
460 471
460 470
460 469
460 468
460 467
459 467
459 466
459 465
459 464
459 463
459 462
459 461
459 460
459 459
459 458
460 458
460 457
460 456
460 455
460 454
460 453
460 452
460 451
460 450
460 449
460 448
461 448
101 381
101 382
101 380
101 379
102 379
102 378
102 377
103 377
103 376
104 376
105 376
106 376
107 376
107 375
108 375
109 375
110 375
111 375
112 375
113 375
114 375
115 375
116 375
116 374
117 374
117 373
118 373
118 372
101 383
100 383
100 384
100 385
100 386
100 387
100 388
100 389
100 390
100 391
100 392
100 393
100 394
100 395
100 396
100 397
100 398
100 399
101 399
101 400
101 401
102 401
102 402
102 403
102 404
103 404
103 405
381 485
381 484
382 485
382 486
383 486
383 487
383 488
384 488
384 489
384 490
385 490
385 491
385 492
386 492
386 493
386 494
387 494
387 495
387 496
380 484
380 483
380 482
380 481
379 481
379 480
378 480
378 479
378 478
378 477
378 476
378 475
378 474
378 473
378 472
379 472
379 471
380 471
380 470
380 469
380 468
380 467
381 467
381 466
381 465
382 465
382 464
383 464
383 463
384 463
384 462
384 461
385 461
385 460
385 459
385 458
386 458
386 457
386 456
386 455
386 454
386 453
387 453
387 452
388 452
388 451
389 451
390 451
391 451
391 450
392 450
392 449
393 449
393 448
394 448
394 447
394 446
395 446
396 446
396 445
397 445
397 444
398 444
398 443
398 442
398 441
398 440
399 440
399 439
399 438
399 437
399 436
400 436
400 435
400 434
400 433
111 417
111 418
111 416
111 415
111 414
111 413
110 413
110 412
109 412
108 412
108 411
107 411
111 419
111 420
111 421
111 422
111 423
110 423
109 423
109 422
108 422
107 422
106 422
105 422
105 421
104 421
103 421
102 421
101 421
100 421
100 420
99 420
98 420
98 419
97 419
97 418
96 418
95 418
95 417
94 417
37 254
37 255
37 253
37 252
37 251
37 250
38 250
39 250
40 250
41 250
42 250
43 250
44 250
45 250
46 250
47 250
48 250
49 250
50 250
51 250
52 250
53 250
54 250
54 251
54 252
55 252
55 253
55 254
56 254
56 255
57 255
57 256
57 257
58 257
58 258
59 258
59 259
59 260
59 261
59 262
59 263
59 264
37 256
37 257
37 258
36 258
35 258
34 258
33 258
32 258
31 258
30 258
30 259
29 259
29 260
28 260
131 406
132 406
130 406
130 405
129 405
128 405
127 405
126 405
125 405
124 405
124 404
123 404
123 403
122 403
121 403
120 403
119 403
118 403
118 404
117 404
117 405
117 406
117 407
117 408
116 408
116 409
115 409
115 410
114 410
114 411
113 411
112 411
111 411
110 411
109 411
132 407
133 407
134 407
135 407
135 408
136 408
137 408
137 409
138 409
138 410
139 410
140 410
141 410
142 410
143 410
144 410
145 410
146 410
147 410
148 410
148 409
193 432
194 432
192 432
191 432
191 433
191 434
190 434
190 435
190 436
190 437
190 438
189 438
189 439
189 440
189 441
189 442
189 443
189 444
189 445
189 446
188 446
188 447
195 432
195 431
195 430
196 430
196 429
196 428
197 428
197 427
197 426
197 425
197 424
197 423
198 423
198 422
198 421
198 420
198 419
199 419
176 139
175 139
177 139
177 138
178 138
179 138
180 138
181 138
182 138
182 137
183 137
184 137
184 136
183 136
183 135
182 135
182 134
182 133
181 133
181 132
180 132
180 131
179 131
178 131
174 139
173 139
172 139
172 140
171 140
171 141
171 142
170 142
170 143
169 143
168 143
167 143
167 144
166 144
166 145
165 145
165 146
164 146
164 147
163 147
162 147
162 148
161 148
161 149
160 149
159 149
159 150
158 150
158 151
157 151
156 151
156 152
155 152
155 153
154 153
154 154
153 154
153 155
152 155
151 155
151 156
150 156
150 157
149 157
175 398
175 397
175 399
175 400
175 401
175 402
175 403
175 404
175 405
174 405
174 406
174 407
174 408
174 409
174 410
174 411
174 412
174 413
174 414
174 415
174 416
175 396
175 395
175 394
175 393
175 392
175 391
175 390
175 389
175 388
174 388
174 387
174 386
173 386
173 385
172 385
172 384
171 384
171 383
171 382
170 382
170 381
169 381
168 381
167 381
166 381
166 380
165 380
164 380
164 379
163 379
162 379
161 379
160 379
159 379
159 380
158 380
157 380
156 380
155 380
154 380
154 381
153 381
153 382
152 382
152 383
151 383
150 383
150 384
149 384
149 385
148 385
148 386
148 387
148 388
147 388
147 389
147 390
146 390
146 391
146 392
146 393
146 394
146 395
146 396
146 397
234 412
234 411
234 413
234 414
234 415
234 416
234 417
235 417
235 418
235 419
235 420
235 421
235 422
235 423
234 423
233 423
232 423
231 423
230 423
229 423
228 423
228 424
228 425
228 426
228 427
228 428
228 429
228 430
228 431
228 432
228 433
228 434
228 435
228 436
228 437
229 437
229 438
230 438
230 437
231 437
231 436
232 436
233 436
233 435
234 435
235 435
236 435
237 435
238 435
239 435
240 435
241 435
242 435
243 435
244 435
245 435
246 435
234 410
234 409
234 408
234 407
234 406
234 405
233 405
233 404
233 403
234 403
234 402
234 401
235 401
235 400
235 399
236 399
236 398
236 397
236 396
236 395
235 395
235 394
234 394
234 393
233 393
233 392
232 392
231 392
29 277
29 276
28 277
27 277
27 278
26 278
26 279
25 279
24 279
23 279
22 279
21 279
20 279
19 279
18 279
18 280
18 281
17 281
16 281
15 281
14 281
13 281
12 281
11 281
11 282
10 282
10 283
9 283
9 284
8 284
7 284
7 285
30 276
31 276
31 275
32 275
33 275
33 274
34 274
34 273
34 272
34 271
34 270
34 269
34 268
33 268
33 267
33 266
32 266
32 265
31 265
31 264
31 263
30 263
30 262
30 261
29 261
176 338
176 339
177 338
177 337
178 337
178 336
178 335
179 335
179 334
179 333
180 333
180 332
180 331
180 330
180 329
180 328
180 327
180 326
180 325
180 324
180 323
180 322
180 321
181 321
181 320
181 319
176 340
176 341
176 342
176 343
175 343
175 344
175 345
174 345
174 346
174 347
173 347
173 348
173 349
173 350
173 351
172 351
172 352
172 353
171 353
171 354
170 354
170 355
170 356
169 356
169 357
168 357
168 358
168 359
168 360
167 360
167 361
167 362
166 362
166 363
166 364
165 364
165 365
165 366
164 366
164 367
164 368
164 369
164 370
164 371
163 371
163 372
162 372
162 373
161 373
161 374
160 374
160 375
160 376
160 377
160 378
223 452
222 452
224 452
225 452
226 452
227 452
227 451
228 451
229 451
229 450
229 449
229 448
229 447
229 446
229 445
229 444
229 443
229 442
229 441
229 440
229 439
222 453
221 453
220 453
219 453
218 453
217 453
216 453
215 453
214 453
214 454
213 454
213 455
212 455
211 455
210 455
209 455
208 455
207 455
206 455
205 455
205 456
205 457
205 458
205 459
205 460
204 460
204 461
204 462
44 196
44 197
44 195
44 194
44 193
44 192
44 191
44 190
45 190
45 189
46 189
44 198
44 199
44 200
44 201
44 202
44 203
44 204
44 205
45 205
45 206
46 206
47 206
47 207
46 207
45 207
44 207
43 207
42 207
41 207
40 207
40 208
39 208
38 208
38 209
37 209
37 210
36 210
35 210
35 211
34 211
33 211
33 212
34 212
35 212
36 212
37 212
38 212
38 213
39 213
39 214
40 214
40 215
41 215
41 216
41 217
40 217
40 218
39 218
39 219
38 219
38 220
37 220
37 221
36 221
36 222
36 223
36 224
36 225
36 226
35 226
35 227
34 227
34 228
33 228
32 228
31 228
31 229
30 229
30 230
29 230
29 231
29 232
29 233
29 234
29 235
29 236
29 237
29 238
29 239
30 239
30 240
31 240
31 241
32 241
33 241
33 242
34 242
35 242
35 243
36 243
36 244
36 245
36 246
36 247
36 248
36 249
37 249
212 470
211 470
213 470
214 470
215 470
216 470
217 470
217 471
218 471
218 472
218 473
218 474
218 475
218 476
219 476
219 477
220 477
220 478
220 479
221 479
221 480
210 470
209 470
208 470
207 470
206 470
205 470
204 470
204 469
204 468
204 467
204 466
204 465
204 464
204 463
113 133
113 134
113 132
113 131
112 131
112 130
112 129
112 128
112 127
112 126
112 125
111 125
111 124
110 124
110 123
109 123
109 122
108 122
108 121
108 120
108 119
108 118
108 117
108 116
108 115
108 114
109 114
109 113
110 113
110 112
111 112
112 112
113 112
114 112
115 112
116 112
116 113
116 114
117 114
117 115
118 115
118 116
119 116
119 117
120 117
120 118
113 135
113 136
114 136
114 137
115 137
116 137
117 137
118 137
119 137
134 274
135 274
133 274
132 274
131 274
131 275
130 275
129 275
128 275
127 275
126 275
125 275
125 276
136 274
137 274
137 273
137 272
138 272
138 271
138 270
139 270
139 269
140 269
141 269
142 269
142 268
143 268
144 268
144 267
139 276
138 276
139 277
139 278
139 279
140 279
140 280
140 281
141 281
141 282
142 282
138 275
138 274
138 273
55 189
56 189
54 189
53 189
52 189
51 189
50 189
49 189
48 189
47 189
56 188
57 188
57 187
58 187
59 187
59 186
59 185
60 185
60 184
60 183
61 183
62 183
62 182
62 181
62 180
62 179
63 179
63 178
64 178
64 177
65 177
65 176
66 176
66 175
66 174
66 173
66 172
66 171
65 171
64 171
64 170
65 170
66 170
67 170
68 170
68 169
69 169
70 169
71 169
71 168
72 168
73 168
74 168
75 168
76 168
77 168
78 168
79 168
79 167
80 167
81 167
82 167
83 167
83 166
83 165
84 165
84 164
85 164
85 163
86 163
86 162
86 161
87 161
87 160
88 160
89 160
90 160
91 160
92 160
92 159
93 159
94 159
94 158
95 158
96 158
97 158
98 158
99 158
100 158
100 157
101 157
101 156
102 156
102 155
102 154
102 153
102 152
102 151
102 150
102 149
102 148
102 147
101 147
101 146
101 145
102 145
103 145
104 145
105 145
105 144
106 144
106 143
107 143
107 142
108 142
109 142
109 141
110 141
111 141
111 140
112 140
113 140
113 139
114 139
115 139
116 139
116 138
117 138
118 138
77 143
77 142
76 143
76 144
75 144
75 145
75 146
75 147
75 148
74 148
74 149
74 150
73 150
73 151
72 151
72 152
71 152
71 153
70 153
70 154
69 154
68 154
67 154
66 154
65 154
64 154
63 154
63 155
62 155
62 156
61 156
61 157
61 158
61 159
61 160
61 161
61 162
61 163
61 164
61 165
61 166
61 167
61 168
61 169
61 170
62 170
63 170
63 171
77 141
77 140
77 139
78 139
78 138
79 138
79 137
80 137
80 136
81 136
82 136
83 136
83 135
84 135
84 134
84 133
85 133
85 132
86 132
86 131
87 131
87 130
88 130
88 129
89 129
89 128
90 128
90 127
90 126
91 126
92 126
92 125
93 125
93 124
94 124
94 123
95 123
95 122
95 121
96 121
96 120
97 120
98 120
98 121
99 121
100 121
101 121
102 121
103 121
104 121
105 121
106 121
107 121
412 140
412 141
412 139
411 139
411 138
410 138
410 137
410 136
410 135
410 134
410 133
410 132
410 131
410 130
410 129
410 128
410 127
411 127
411 126
411 125
411 124
412 124
412 123
412 122
412 121
411 121
410 121
409 121
408 121
408 120
407 120
407 119
407 118
407 117
407 116
407 115
407 114
406 114
406 113
405 113
405 112
404 112
404 111
404 110
404 109
404 108
403 108
403 107
403 106
402 106
402 105
401 105
401 104
400 104
400 103
399 103
399 102
398 102
412 142
413 142
413 143
413 144
413 145
413 146
413 147
414 147
414 148
414 149
415 149
415 150
415 151
415 152
415 153
415 154
415 155
415 156
415 157
415 158
415 159
415 160
414 160
414 161
413 161
412 161
411 161
410 161
409 161
408 161
407 161
407 162
407 163
406 163
406 164
406 165
405 165
425 184
425 183
425 185
425 186
426 186
426 187
427 187
427 188
428 188
428 189
429 189
429 190
429 191
429 192
429 193
429 194
429 195
429 196
429 197
428 197
428 198
428 199
427 199
427 200
426 200
426 201
426 202
426 203
426 204
425 204
425 205
424 205
423 205
423 206
422 206
421 206
420 206
420 205
419 205
418 205
417 205
416 205
415 205
414 205
414 204
413 204
413 205
412 205
411 205
411 206
410 206
410 207
410 208
409 208
408 208
407 208
406 208
405 208
404 208
403 208
402 208
401 208
400 208
399 208
398 208
397 208
396 208
396 209
395 209
425 182
425 181
425 180
425 179
425 178
424 178
423 178
422 178
421 178
421 177
420 177
420 176
419 176
419 175
419 174
419 173
419 172
419 171
419 170
418 170
418 169
418 168
418 167
418 166
418 165
418 164
418 163
418 162
417 162
416 162
415 162
414 162
413 162
412 162
411 162
410 162
409 162
408 162
138 368
138 367
138 369
138 370
138 371
139 371
139 372
139 373
140 373
140 374
141 374
141 375
141 376
141 377
142 377
142 378
143 378
143 379
144 379
144 380
145 380
145 381
146 381
146 382
146 383
146 384
147 384
147 385
147 386
147 387
137 367
137 366
137 365
136 365
136 364
135 364
135 363
134 363
134 362
133 362
133 361
133 360
132 360
132 359
132 358
131 358
131 357
131 356
131 355
130 355
130 356
130 357
129 357
129 358
128 358
128 359
127 359
127 360
126 360
125 360
125 361
124 361
124 362
124 363
123 363
123 364
123 365
122 365
121 365
120 365
119 365
118 365
117 365
117 366
117 367
117 368
117 369
117 370
118 370
145 288
145 289
145 287
145 286
145 285
144 285
144 284
143 284
143 283
142 283
145 290
145 291
145 292
146 292
146 293
146 294
146 295
146 296
146 297
146 298
146 299
146 300
146 301
146 302
146 303
146 304
146 305
146 306
146 307
146 308
146 309
146 310
146 311
146 312
146 313
146 314
146 315
146 316
146 317
146 318
146 319
145 319
145 320
144 320
144 321
143 321
142 321
141 321
141 322
140 322
140 323
140 324
140 325
140 326
140 327
140 328
140 329
139 329
138 329
138 328
137 328
136 328
135 328
134 328
133 328
133 327
133 326
132 326
132 327
132 328
132 329
132 330
132 331
132 332
131 332
131 333
130 333
130 334
130 335
129 335
129 336
129 337
128 337
128 338
128 339
128 340
128 341
128 342
128 343
127 343
127 344
126 344
126 345
125 345
125 346
125 347
126 347
126 348
127 348
128 348
128 349
129 349
129 350
129 351
130 351
130 352
130 353
130 354
111 284
111 283
112 284
112 285
113 285
113 286
113 287
114 287
114 288
114 289
115 289
115 290
116 290
117 290
118 290
119 290
120 290
121 290
122 290
123 290
124 290
124 289
125 289
125 288
125 287
125 286
125 285
125 284
125 283
125 282
125 281
125 280
125 279
125 278
125 277
110 283
109 283
108 283
107 283
106 283
105 283
104 283
103 283
103 282
102 282
193 472
192 472
194 472
195 472
196 472
197 472
198 472
199 472
200 472
201 472
202 472
203 472
203 471
203 470
203 469
203 468
203 467
203 466
191 472
190 472
190 471
189 471
189 470
189 469
188 469
188 468
188 467
187 467
187 466
187 465
187 464
187 463
187 462
187 461
187 460
187 459
187 458
187 457
187 456
187 455
187 454
187 453
187 452
187 451
187 450
188 450
188 449
188 448
270 189
269 189
271 189
272 189
273 189
273 188
274 188
274 187
273 187
273 186
273 185
273 184
273 183
273 182
273 181
273 180
273 179
273 178
272 178
272 177
271 177
271 176
270 176
269 176
269 175
269 174
269 173
268 173
268 172
268 171
267 171
266 171
266 170
265 170
265 169
264 169
264 168
264 167
263 167
263 166
263 165
263 164
263 163
263 162
263 161
263 160
263 159
264 159
264 158
265 158
266 158
266 157
266 156
267 156
267 155
267 154
267 153
268 153
268 152
268 151
268 150
268 149
268 148
268 147
268 146
268 145
268 144
268 143
268 142
268 141
269 141
269 140
270 140
270 139
271 139
271 138
272 138
273 138
274 138
275 138
275 137
276 137
268 189
267 189
266 189
265 189
264 189
263 189
262 189
261 189
260 189
259 189
258 189
257 189
257 190
121 269
121 270
121 268
121 267
121 266
121 265
121 264
122 264
123 264
123 263
124 263
124 262
125 262
125 261
124 261
124 260
124 259
124 258
123 258
123 257
122 257
122 256
121 256
121 255
120 255
120 254
119 254
119 253
118 253
117 253
116 253
115 253
114 253
113 253
112 253
112 252
113 252
113 251
114 251
114 250
115 250
115 249
116 249
116 248
117 248
118 248
118 247
119 247
119 246
120 246
120 245
121 245
121 244
121 243
121 242
121 241
121 240
121 239
120 239
120 238
119 238
118 238
117 238
116 238
115 238
114 238
113 238
112 238
112 237
111 237
111 236
111 235
111 234
111 233
110 233
110 232
121 271
121 272
121 273
122 273
122 274
123 274
123 275
124 275
124 276
79 284
79 283
79 285
79 286
79 287
79 288
79 289
79 290
79 291
79 292
79 282
78 282
77 282
76 282
76 281
75 281
75 280
74 280
74 279
73 279
72 279
71 279
70 279
69 279
68 279
67 279
66 279
65 279
64 279
63 279
62 279
61 279
60 279
60 278
60 277
60 276
60 275
461 244
461 245
460 244
460 243
459 243
459 242
458 242
457 242
456 242
455 242
454 242
453 242
453 241
452 241
451 241
450 241
449 241
449 240
448 240
447 240
446 240
445 240
444 240
443 240
443 239
442 239
441 239
440 239
440 238
439 238
438 238
438 237
437 237
436 237
436 236
435 236
435 235
434 235
433 235
432 235
431 235
431 234
430 234
429 234
429 233
428 233
428 232
427 232
427 231
426 231
426 230
425 230
425 229
424 229
424 228
424 227
424 226
424 225
424 224
424 223
424 222
424 221
423 221
423 220
422 220
422 219
421 219
421 218
421 217
420 217
420 216
419 216
418 216
417 216
416 216
415 216
414 216
413 216
413 217
413 218
413 219
413 220
412 220
412 219
412 218
412 217
412 216
412 215
412 214
411 214
410 214
410 213
410 212
409 212
409 211
409 210
409 209
462 245
462 246
463 246
463 247
464 247
464 248
465 248
465 249
466 249
466 250
466 251
466 252
466 253
466 254
466 255
466 256
466 257
466 258
466 259
466 260
466 261
466 262
466 263
466 264
466 265
467 265
468 265
469 265
470 265
471 265
471 266
471 267
471 268
471 269
471 270
471 271
471 272
471 273
471 274
472 274
472 275
473 275
511 266
511 267
511 265
511 264
511 263
511 262
511 261
511 260
511 259
511 258
511 257
511 256
511 255
511 254
511 253
511 252
511 251
511 250
511 249
511 248
511 247
511 246
511 245
511 244
511 243
511 242
511 241
511 240
510 240
510 239
510 238
510 237
510 236
509 236
509 235
508 235
508 234
507 234
506 234
506 233
506 232
506 231
506 230
506 229
506 228
506 227
506 226
506 225
506 224
506 223
507 223
507 222
508 222
508 221
509 221
510 221
510 220
511 220
511 219
511 218
511 217
511 216
511 215
511 214
510 214
510 213
509 213
508 213
507 213
506 213
505 213
504 213
503 213
502 213
501 213
500 213
499 213
498 213
498 214
497 214
497 213
496 213
496 212
496 211
495 211
494 211
493 211
493 210
492 210
491 210
491 209
490 209
489 209
488 209
487 209
486 209
485 209
484 209
483 209
483 208
483 207
482 207
482 208
481 208
480 208
480 209
479 209
478 209
477 209
477 210
476 210
475 210
475 211
474 211
473 211
472 211
471 211
471 210
470 210
469 210
468 210
467 210
467 209
466 209
465 209
465 210
464 210
463 210
462 210
461 210
460 210
459 210
458 210
457 210
456 210
455 210
455 211
454 211
454 212
453 212
452 212
452 213
452 214
451 214
451 215
451 216
451 217
451 218
451 219
451 220
452 220
452 221
451 221
450 221
449 221
448 221
448 222
447 222
446 222
446 223
445 223
445 224
445 225
444 225
444 224
444 223
443 223
442 223
441 223
440 223
439 223
438 223
437 223
436 223
435 223
434 223
433 223
432 223
431 223
431 224
430 224
429 224
429 225
428 225
428 226
427 226
427 227
426 227
426 228
425 228
511 268
511 269
511 270
511 271
511 272
511 273
511 274
511 275
511 276
511 277
511 278
511 279
511 280
87 283
86 283
88 283
88 282
89 282
89 281
90 281
90 280
91 280
92 280
93 280
93 279
94 279
95 279
96 279
96 280
97 280
98 280
98 281
99 281
100 281
101 281
101 282
86 284
85 284
85 285
84 285
84 286
84 287
83 287
83 288
83 289
82 289
82 290
81 290
81 291
80 291
80 292
186 341
185 341
187 341
188 341
189 341
190 341
191 341
192 341
193 341
194 341
194 340
194 339
195 339
195 338
195 337
195 336
195 335
196 335
196 334
184 341
184 340
184 339
183 339
183 338
183 337
182 337
181 337
180 337
179 337
179 336
490 414
489 414
491 414
491 413
491 412
491 411
491 410
491 409
491 408
491 407
491 406
491 405
491 404
491 403
491 402
491 401
491 400
491 399
491 398
491 397
491 396
491 395
491 394
491 393
491 392
490 392
490 391
489 391
488 391
487 391
486 391
485 391
484 391
484 390
489 415
488 415
488 416
487 416
487 417
487 418
486 418
486 419
485 419
484 419
483 419
482 419
481 419
480 419
479 419
478 419
477 419
129 156
128 156
130 156
131 156
132 156
133 156
134 156
135 156
136 156
137 156
138 156
139 156
140 156
141 156
142 156
143 156
144 156
145 156
146 156
146 157
147 157
148 157
127 156
126 156
125 156
124 156
123 156
123 157
122 157
121 157
120 157
119 157
118 157
117 157
116 157
115 157
114 157
113 157
112 157
111 157
110 157
109 157
108 157
107 157
106 157
105 157
104 157
103 157
103 156
365 233
365 234
365 232
365 231
365 230
364 230
364 229
364 228
365 228
365 227
366 227
366 226
367 226
368 226
368 225
369 225
370 225
371 225
372 225
373 225
374 225
375 225
376 225
377 225
378 225
378 224
379 224
379 223
380 223
380 222
381 222
381 221
382 221
382 220
383 220
383 219
383 218
383 217
384 217
384 216
385 216
385 215
385 214
386 214
387 214
388 214
389 214
390 214
391 214
392 214
393 214
393 213
394 213
394 212
394 211
395 211
395 210
365 235
365 236
365 237
365 238
364 238
363 238
363 239
362 239
361 239
360 239
359 239
358 239
357 239
357 240
357 241
357 242
358 242
358 243
358 244
358 245
357 245
357 246
357 247
356 247
355 247
355 248
354 248
353 248
353 249
353 250
352 250
352 251
351 251
350 251
350 252
349 252
348 252
348 253
347 253
347 254
346 254
345 254
344 254
343 254
342 254
342 255
343 255
343 256
344 256
345 256
345 257
345 258
345 259
345 260
346 260
346 261
346 262
347 262
507 310
507 309
507 311
507 312
507 313
507 314
507 315
507 316
507 317
507 318
507 319
506 319
505 319
505 320
504 320
503 320
503 321
502 321
502 322
502 323
501 323
500 323
499 323
498 323
497 323
496 323
495 323
494 323
493 323
492 323
491 323
490 323
489 323
489 324
489 325
489 326
489 327
489 328
489 329
489 330
489 331
489 332
489 333
489 334
489 335
490 335
491 335
491 336
492 336
492 337
492 338
492 339
493 339
493 340
493 341
493 342
493 343
493 344
493 345
493 346
493 347
493 348
493 349
493 350
492 350
492 351
491 351
491 352
490 352
490 353
490 354
490 355
491 355
491 356
492 356
493 356
494 356
494 357
495 357
496 357
497 357
497 358
497 359
498 359
498 360
498 361
498 362
499 362
499 363
500 363
500 364
501 364
501 365
502 365
503 365
503 366
504 366
504 367
503 367
503 368
503 369
503 370
503 371
503 372
503 373
502 373
502 374
502 375
502 376
502 377
502 378
502 379
501 379
501 380
500 380
500 381
499 381
499 382
499 383
498 383
498 384
498 385
498 386
497 386
497 387
496 387
495 387
494 387
493 387
492 387
491 387
490 387
489 387
488 387
487 387
486 387
485 387
484 387
483 387
482 387
507 308
507 307
507 306
507 305
508 305
508 304
509 304
509 303
510 303
510 302
511 302
511 301
511 300
511 299
511 298
511 297
511 296
511 295
511 294
510 294
509 294
508 294
507 294
507 293
506 293
506 292
505 292
505 291
504 291
504 290
504 289
504 288
504 287
504 286
504 285
504 284
504 283
505 283
505 282
506 282
506 281
507 281
508 281
509 281
510 281
510 280
199 349
200 349
198 349
197 349
196 349
196 348
195 348
195 347
195 346
195 345
195 344
195 343
194 343
194 342
201 349
202 349
203 349
204 349
205 349
206 349
206 348
207 348
207 347
207 346
208 346
208 345
209 345
209 344
209 343
210 343
210 342
210 341
211 341
211 340
211 339
211 338
211 337
211 336
211 335
211 334
211 333
211 332
211 331
211 330
211 329
212 329
212 328
212 327
213 327
213 326
213 325
214 325
214 324
215 324
216 324
217 324
218 324
219 324
220 324
220 325
221 325
221 324
222 324
222 323
223 323
223 322
224 322
224 321
225 321
226 321
227 321
227 320
228 320
229 320
229 319
230 319
230 318
231 318
231 317
231 316
231 315
232 315
232 314
232 313
233 313
233 312
233 311
234 311
234 310
234 309
234 308
235 308
235 307
235 306
236 306
236 305
237 305
237 304
238 304
238 303
239 303
240 303
240 302
241 302
241 301
241 300
241 299
241 298
241 297
241 296
241 295
241 294
241 293
242 293
242 292
242 291
243 291
243 290
243 289
244 289
245 289
246 289
247 289
248 289
249 289
250 289
251 289
252 289
231 160
232 160
230 160
229 160
228 160
227 160
226 160
225 160
224 160
223 160
222 160
221 160
221 159
220 159
219 159
218 159
217 159
216 159
215 159
214 159
213 159
212 159
211 159
210 159
209 159
208 159
207 159
207 158
206 158
206 157
205 157
233 160
234 160
235 160
236 160
237 160
237 159
237 158
238 158
239 158
240 158
241 158
242 158
243 158
244 158
244 157
244 156
245 156
245 155
245 154
246 154
247 154
247 153
248 153
249 153
250 153
251 153
252 153
252 154
253 154
254 154
254 155
255 155
256 155
257 155
258 155
259 155
260 155
261 155
262 155
263 155
264 155
265 155
266 155
261 470
260 470
262 470
263 470
264 470
265 470
266 470
267 470
267 469
267 468
268 468
268 467
259 470
258 470
257 470
257 471
256 471
255 471
254 471
253 471
252 471
251 471
250 471
249 471
248 471
247 471
246 471
245 471
245 470
245 469
245 468
245 467
245 466
245 465
245 464
246 464
246 463
246 462
247 462
247 461
247 460
248 460
248 459
248 458
249 458
355 433
355 434
355 432
355 431
355 430
355 429
355 428
355 427
355 426
355 425
355 424
355 423
356 423
356 422
356 421
356 420
356 419
356 418
357 418
357 417
357 416
358 416
358 415
359 415
360 415
361 415
362 415
363 415
364 415
364 416
365 416
366 416
366 417
367 417
368 417
369 417
370 417
371 417
371 418
372 418
372 419
355 435
355 436
355 437
355 438
355 439
355 440
355 441
355 442
356 442
356 443
356 444
355 444
355 445
354 445
353 445
352 445
351 445
350 445
349 445
348 445
347 445
346 445
345 445
344 445
343 445
343 444
343 443
342 443
342 444
342 445
342 446
341 446
341 447
341 448
341 449
340 449
340 450
340 451
340 452
340 453
339 453
339 454
339 455
338 455
338 456
338 457
338 458
338 459
338 460
338 461
338 462
338 463
337 463
337 464
337 465
336 465
336 466
336 467
335 467
335 468
334 468
333 468
332 468
331 468
330 468
330 469
330 470
330 471
330 472
330 473
329 473
329 474
328 474
327 474
327 475
326 475
326 476
325 476
324 476
324 477
323 477
322 477
321 477
321 478
320 478
320 479
319 479
318 479
318 480
317 480
316 480
316 481
315 481
314 481
313 481
312 481
311 481
310 481
310 480
309 480
309 479
309 478
309 477
309 476
309 475
309 474
308 474
308 473
308 472
308 471
307 471
307 470
307 469
307 468
307 467
307 466
307 465
307 464
306 464
306 463
104 89
105 89
103 89
102 89
102 88
101 88
101 87
100 87
100 86
99 86
98 86
98 85
97 85
96 85
95 85
95 86
95 87
95 88
95 89
95 90
95 91
95 92
95 93
95 94
95 95
94 95
94 96
94 97
93 97
92 97
92 98
91 98
91 99
90 99
89 99
89 100
88 100
87 100
87 101
86 101
86 102
86 103
86 104
86 105
87 105
87 106
87 107
87 108
87 109
87 110
87 111
87 112
86 112
86 113
87 113
88 113
89 113
90 113
91 113
92 113
93 113
93 114
94 114
95 114
96 114
96 115
97 115
97 116
97 117
97 118
97 119
106 89
107 89
108 89
109 89
109 90
110 90
111 90
111 91
112 91
113 91
114 91
114 92
115 92
116 92
117 92
118 92
119 92
120 92
121 92
122 92
122 93
123 93
124 93
124 94
125 94
125 95
126 95
127 95
128 95
129 95
130 95
131 95
132 95
133 95
133 94
134 94
134 93
135 93
135 92
136 92
136 91
137 91
138 91
138 90
139 90
140 90
141 90
142 90
143 90
144 90
145 90
145 89
145 88
145 87
145 86
145 85
145 84
145 83
145 82
146 82
146 81
146 80
147 80
147 79
147 78
146 78
146 77
145 77
145 76
144 76
144 75
144 74
143 74
143 73
142 73
142 72
142 71
142 70
142 69
142 68
142 67
143 67
143 66
144 66
145 66
146 66
147 66
148 66
149 66
149 65
150 65
150 64
150 63
150 62
150 61
150 60
150 59
150 58
150 57
150 56
150 55
151 55
151 54
152 54
152 53
153 53
153 52
153 51
153 50
153 49
154 49
154 48
154 47
155 47
155 46
155 45
156 45
156 44
156 43
156 42
156 41
157 41
157 40
157 39
158 39
158 38
158 37
159 37
159 36
160 36
161 36
162 36
163 36
164 36
165 36
166 36
166 35
167 35
167 34
167 33
168 33
168 32
169 32
170 32
171 32
172 32
173 32
174 32
175 32
176 32
177 32
177 31
178 31
179 31
179 30
180 30
180 29
180 28
181 28
181 27
181 26
181 25
181 24
181 23
181 22
181 21
180 21
180 20
180 19
180 18
179 18
179 17
178 17
178 16
361 379
361 380
362 379
362 378
363 378
364 378
365 378
366 378
367 378
368 378
369 378
370 378
371 378
372 378
372 377
372 376
372 375
372 374
373 374
373 373
374 373
374 372
374 371
374 370
374 369
374 368
374 367
374 366
373 366
373 365
372 365
372 364
371 364
370 364
370 365
369 365
368 365
368 366
367 366
367 367
366 367
366 366
365 366
365 365
364 365
364 364
363 364
363 363
362 363
361 363
361 362
360 362
360 361
360 360
359 360
359 359
359 358
359 357
359 356
359 355
359 354
358 354
358 353
357 353
356 353
361 381
361 382
361 383
361 384
362 384
362 385
362 386
362 387
363 387
363 388
363 389
363 390
364 390
364 391
365 391
365 392
366 392
366 393
366 394
366 395
365 395
365 396
365 397
365 398
365 399
365 400
364 400
364 401
363 401
363 402
362 402
362 403
363 403
363 404
363 405
363 406
363 407
364 407
364 408
364 409
364 410
364 411
364 412
364 413
364 414
310 419
311 419
309 419
309 418
308 418
308 417
308 416
307 416
306 416
305 416
304 416
303 416
303 417
303 418
302 418
302 419
302 420
302 421
303 421
303 422
303 423
303 424
303 425
303 426
303 427
303 428
303 429
304 429
304 430
304 431
304 432
303 432
303 433
303 434
303 435
303 436
303 437
303 438
303 439
303 440
302 440
302 441
302 442
302 443
301 443
301 444
301 445
301 446
300 446
300 447
300 448
300 449
300 450
300 451
300 452
300 453
300 454
300 455
300 456
300 457
301 457
302 457
303 457
304 457
304 458
304 459
305 459
305 460
305 461
305 462
306 462
312 419
312 420
313 420
313 421
314 421
314 422
314 423
315 423
315 424
315 425
316 425
316 426
305 182
304 182
306 182
306 183
307 183
308 183
308 184
309 184
310 184
311 184
312 184
313 184
314 184
315 184
316 184
317 184
318 184
319 184
320 184
304 181
303 181
302 181
301 181
301 180
300 180
299 180
298 180
297 180
296 180
295 180
294 180
294 179
293 179
293 178
293 177
292 177
292 176
291 176
291 175
290 175
290 174
289 174
289 173
288 173
287 173
287 172
286 172
286 171
286 170
286 169
286 168
286 167
286 166
285 166
285 165
285 164
284 164
284 163
284 162
283 162
283 161
282 161
282 160
281 160
281 159
280 159
280 160
279 160
278 160
277 160
276 160
275 160
274 160
273 160
272 160
272 159
271 159
271 158
270 158
269 158
269 157
269 156
268 156
268 155
268 154
409 363
409 364
410 363
410 362
411 362
411 361
412 361
412 360
413 360
413 359
414 359
414 358
414 357
415 357
415 356
415 355
415 354
416 354
416 353
416 352
417 352
417 351
417 350
418 350
418 349
418 348
419 348
419 347
420 347
420 346
421 346
421 345
421 344
422 344
422 343
423 343
423 342
424 342
424 341
424 340
425 340
425 339
425 338
426 338
426 337
427 337
427 336
427 335
428 335
428 334
408 364
408 365
407 365
406 365
406 366
405 366
405 367
404 367
404 368
404 369
403 369
403 370
403 371
403 372
403 373
402 373
402 372
402 371
402 370
401 370
400 370
399 370
398 370
397 370
396 370
395 370
394 370
394 371
393 371
393 372
392 372
392 373
391 373
390 373
390 374
389 374
389 375
388 375
387 375
387 376
386 376
385 376
385 377
384 377
383 377
383 378
382 378
382 379
381 379
380 379
380 380
379 380
379 381
378 381
377 381
377 382
376 382
376 381
375 381
375 380
374 380
373 380
373 379
372 379
371 379
252 262
253 262
252 261
251 261
251 260
251 259
251 258
251 257
251 256
250 256
250 255
250 254
250 253
250 252
250 251
250 250
250 249
249 249
248 249
248 248
247 248
246 248
246 247
245 247
245 246
245 245
245 244
245 243
245 242
245 241
245 240
246 240
246 239
247 239
248 239
248 238
249 238
249 237
250 237
250 236
250 235
250 234
250 233
250 232
250 231
250 230
250 229
250 228
250 227
250 226
250 225
250 224
250 223
250 222
251 222
251 221
250 221
249 221
249 220
249 219
249 218
249 217
249 216
249 215
249 214
249 213
249 212
249 211
249 210
249 209
249 208
249 207
249 206
250 206
251 206
252 206
252 205
253 205
253 204
253 203
253 202
254 202
254 201
255 201
255 200
255 199
255 198
255 197
255 196
255 195
255 194
256 194
256 193
256 192
256 191
256 190
253 263
253 264
253 265
253 266
253 267
253 268
253 269
253 270
253 271
253 272
253 273
253 274
253 275
254 275
254 276
254 277
255 277
255 278
254 278
254 279
254 280
254 281
254 282
254 283
254 284
254 285
254 286
253 286
253 287
253 288
252 288
0 405
0 406
0 404
0 403
0 402
0 401
0 400
0 399
0 398
0 397
0 396
0 395
0 394
0 407
0 408
0 409
0 410
0 411
0 412
0 413
0 414
0 415
1 415
1 416
2 416
2 417
3 417
3 418
3 419
4 419
4 420
5 420
5 421
6 421
6 422
7 422
8 422
9 422
10 422
11 422
12 422
13 422
14 422
15 422
16 422
17 422
18 422
19 422
19 423
19 424
19 425
19 426
19 427
19 428
19 429
19 430
19 431
19 432
20 432
21 432
22 432
22 433
23 433
23 434
24 434
25 434
25 435
26 435
26 436
27 436
28 436
29 436
30 436
30 437
31 437
32 437
33 437
34 437
35 437
36 437
36 436
37 436
37 435
38 435
39 435
39 434
40 434
40 433
40 432
40 431
40 430
40 429
39 429
39 428
38 428
38 427
39 427
39 426
39 425
39 424
40 424
40 423
40 422
41 422
42 422
43 422
44 422
45 422
46 422
47 422
47 421
47 420
48 420
48 419
49 419
49 420
49 421
49 422
49 423
50 423
51 423
51 424
51 425
52 425
52 426
52 427
53 427
53 428
53 429
54 429
54 430
55 430
56 430
57 430
58 430
59 430
59 429
60 429
61 429
62 429
63 429
64 429
65 429
65 428
66 428
66 427
66 426
66 425
67 425
67 424
68 424
68 423
69 423
70 423
70 422
71 422
72 422
72 421
73 421
73 420
74 420
75 420
75 419
75 418
75 417
75 416
75 415
75 414
75 413
75 412
76 412
77 412
78 412
79 412
80 412
81 412
82 412
83 412
84 412
85 412
86 412
87 412
87 413
88 413
89 413
90 413
91 413
91 414
92 414
92 415
92 416
284 469
285 469
283 469
283 470
282 470
282 471
281 471
281 472
280 472
279 472
279 473
278 473
278 474
277 474
277 475
276 475
276 476
276 477
276 478
276 479
276 480
276 481
276 482
276 483
276 484
276 485
276 486
275 486
275 485
275 484
275 483
275 482
275 481
275 480
275 479
274 479
273 479
272 479
271 479
271 478
270 478
270 477
270 476
270 475
269 475
269 474
269 473
269 472
269 471
269 470
268 470
268 469
285 468
286 468
286 467
287 467
287 466
288 466
288 465
289 465
289 464
290 464
290 463
291 463
292 463
293 463
294 463
295 463
296 463
297 463
298 463
299 463
299 462
299 461
300 461
301 461
302 461
303 461
304 461
337 344
337 345
337 343
337 342
337 341
337 340
337 339
338 339
338 338
338 337
339 337
339 336
340 336
341 336
342 336
343 336
344 336
344 335
345 335
345 334
346 334
346 333
346 332
347 332
347 331
347 330
347 329
347 328
347 327
347 326
347 325
347 324
346 324
345 324
344 324
343 324
343 323
342 323
342 322
342 321
342 320
342 319
342 318
342 317
342 316
341 316
340 316
339 316
338 316
337 316
336 316
335 316
334 316
333 316
333 315
332 315
332 314
331 314
331 313
330 313
330 312
330 311
329 311
329 310
329 309
329 308
329 307
329 306
329 305
329 304
329 303
330 303
330 302
330 301
330 300
330 299
331 299
331 298
330 298
330 297
330 296
330 295
330 294
330 293
330 292
330 291
330 290
331 290
331 289
332 289
333 289
333 288
334 288
334 287
334 286
334 285
334 284
334 283
334 282
333 282
333 281
333 280
333 279
333 278
334 278
334 277
334 276
335 276
335 275
336 275
336 274
337 274
337 273
338 273
338 272
339 272
339 271
340 271
341 271
342 271
342 270
343 270
343 269
343 268
343 267
344 267
344 266
345 266
345 265
345 264
346 264
346 263
347 263
338 345
338 346
338 347
339 347
340 347
341 347
342 347
343 347
344 347
345 347
346 347
347 347
347 348
348 348
348 349
349 349
349 350
349 351
350 351
350 350
351 350
352 350
353 350
354 350
354 351
355 351
355 352
462 124
463 124
461 124
460 124
459 124
458 124
457 124
456 124
455 124
454 124
453 124
452 124
451 124
450 124
449 124
448 124
447 124
446 124
446 123
446 122
446 121
445 121
445 120
444 120
443 120
443 119
442 119
441 119
441 118
440 118
440 117
440 116
440 115
440 114
439 114
439 113
439 112
438 112
438 113
437 113
436 113
435 113
434 113
434 114
433 114
433 113
433 112
433 111
433 110
433 109
433 108
433 107
433 106
433 105
432 105
432 104
431 104
430 104
430 103
429 103
428 103
428 102
427 102
427 101
426 101
425 101
425 100
425 99
424 99
423 99
422 99
421 99
420 99
419 99
418 99
418 98
417 98
416 98
416 97
415 97
415 98
414 98
413 98
413 99
413 100
412 100
412 101
411 101
410 101
409 101
408 101
407 101
406 101
405 101
404 101
403 101
402 101
401 101
400 101
399 101
464 124
465 124
466 124
467 124
467 123
467 122
468 122
469 122
470 122
471 122
472 122
473 122
473 121
474 121
475 121
476 121
477 121
478 121
479 121
480 121
481 121
482 121
483 121
484 121
485 121
486 121
487 121
487 120
488 120
488 119
489 119
490 119
491 119
491 118
492 118
492 117
493 117
493 118
494 118
494 119
494 120
495 120
495 121
496 121
496 122
497 122
498 122
498 123
499 123
499 124
499 125
500 125
500 126
501 126
501 127
501 128
502 128
502 129
502 130
502 131
502 132
502 133
502 134
502 135
502 136
502 137
502 138
502 139
503 139
503 140
503 141
502 141
501 141
501 142
500 142
500 143
499 143
499 144
499 145
498 145
498 146
497 146
497 147
498 147
498 148
499 148
499 149
500 149
500 150
501 150
501 151
502 151
502 152
503 152
503 153
504 153
504 154
505 154
506 154
506 155
506 156
505 156
505 157
505 158
504 158
504 159
504 160
504 161
504 162
504 163
504 164
504 165
504 166
504 167
504 168
504 169
504 170
503 170
503 171
502 171
501 171
500 171
499 171
498 171
497 171
496 171
495 171
494 171
494 172
494 173
494 174
494 175
494 176
494 177
493 177
493 178
492 178
491 178
490 178
489 178
488 178
488 179
489 179
489 180
489 181
489 182
489 183
489 184
489 185
488 185
488 186
487 186
486 186
486 187
485 187
485 188
484 188
484 189
484 190
484 191
484 192
484 193
483 193
483 194
483 195
482 195
482 196
481 196
481 197
481 198
481 199
481 200
481 201
481 202
482 202
482 203
483 203
483 204
483 205
483 206
370 98
369 98
371 98
372 98
373 98
374 98
374 99
374 100
375 100
376 100
377 100
378 100
379 100
380 100
381 100
382 100
383 100
384 100
385 100
386 100
387 100
388 100
389 100
390 100
391 100
392 100
393 100
394 100
395 100
396 100
396 101
397 101
397 102
368 98
367 98
366 98
366 97
366 96
366 95
365 95
365 94
365 93
365 92
365 91
365 90
365 89
365 88
364 88
364 87
364 86
363 86
363 85
299 83
298 83
299 84
300 84
301 84
302 84
303 84
304 84
305 84
305 85
306 85
307 85
307 86
308 86
309 86
309 87
309 88
309 89
309 90
309 91
309 92
309 93
309 94
309 95
309 96
309 97
309 98
309 99
309 100
309 101
309 102
309 103
310 103
310 104
311 104
311 105
312 105
313 105
313 106
313 107
314 107
314 108
314 109
315 109
315 110
315 111
315 112
315 113
315 114
315 115
315 116
315 117
314 117
314 118
313 118
313 119
312 119
312 120
311 120
310 120
310 121
310 122
309 122
308 122
307 122
306 122
305 122
304 122
303 122
302 122
301 122
300 122
299 122
298 122
298 123
297 123
296 123
296 124
296 125
295 125
295 126
294 126
294 127
293 127
293 128
292 128
292 129
292 130
291 130
291 131
290 131
289 131
288 131
287 131
286 131
285 131
284 131
283 131
282 131
281 131
281 132
280 132
280 133
279 133
279 134
278 134
278 135
277 135
277 136
276 136
297 83
296 83
295 83
294 83
294 82
293 82
293 81
292 81
291 81
290 81
290 80
289 80
289 79
289 78
288 78
288 77
288 76
288 75
289 75
289 74
289 73
289 72
290 72
290 71
291 71
292 71
293 71
294 71
294 70
295 70
296 70
296 69
297 69
298 69
298 68
298 67
298 66
298 65
299 65
299 64
300 64
300 63
299 63
299 62
298 62
298 61
298 60
298 59
298 58
298 57
298 56
299 56
299 55
300 55
300 54
300 53
301 53
301 52
301 51
301 50
301 49
301 48
301 47
301 46
302 46
303 46
304 46
304 45
305 45
305 44
306 44
306 43
306 42
307 42
307 41
307 40
307 39
307 38
307 37
307 36
306 36
306 35
305 35
305 34
305 33
304 33
304 32
304 31
304 30
304 29
303 29
303 28
303 27
302 27
302 26
302 25
302 24
302 23
302 22
302 21
303 21
303 20
304 20
304 19
304 18
305 18
305 17
306 17
307 17
308 17
309 17
310 17
311 17
311 16
312 16
313 16
313 15
312 15
312 14
312 13
312 12
312 11
312 10
312 9
312 8
311 8
311 7
310 7
310 6
309 6
309 5
309 4
309 3
309 2
309 1
308 1
308 0
484 98
484 99
483 98
483 97
482 97
482 96
481 96
481 95
481 94
481 93
481 92
481 91
481 90
481 89
482 89
482 88
482 87
483 87
483 86
483 85
483 84
483 83
483 82
483 81
483 80
483 79
484 79
484 78
485 78
485 77
486 77
486 76
486 75
486 74
486 73
486 72
486 71
486 70
486 69
486 68
486 67
486 66
486 65
486 64
486 63
486 62
486 61
486 60
486 59
486 58
486 57
486 56
487 56
488 56
489 56
490 56
491 56
492 56
492 57
493 57
493 56
493 55
493 54
493 53
493 52
493 51
493 50
493 49
494 49
494 48
495 48
495 47
496 47
497 47
498 47
498 46
498 45
498 44
498 43
498 42
498 41
499 41
500 41
501 41
502 41
503 41
503 40
504 40
504 39
505 39
485 99
486 99
487 99
488 99
489 99
490 99
491 99
492 99
492 100
492 101
491 101
491 102
490 102
490 103
490 104
490 105
490 106
490 107
490 108
489 108
489 109
488 109
488 110
488 111
488 112
488 113
488 114
488 115
489 115
490 115
491 115
492 115
493 115
493 116
296 349
296 348
296 350
296 351
296 352
297 352
297 353
298 353
299 353
300 353
300 354
301 354
302 354
303 354
303 355
304 355
305 355
306 355
307 355
307 356
308 356
309 356
310 356
310 357
311 357
312 357
313 357
314 357
315 357
316 357
317 357
317 358
318 358
319 358
319 359
320 359
321 359
321 360
322 360
323 360
323 361
324 361
325 361
326 361
327 361
327 362
328 362
329 362
330 362
331 362
332 362
333 362
333 363
334 363
334 362
335 362
335 361
336 361
336 360
337 360
338 360
338 359
339 359
339 358
340 358
340 357
341 357
342 357
342 356
343 356
343 355
344 355
345 355
345 354
346 354
347 354
347 353
348 353
348 352
349 352
296 347
296 346
296 345
297 345
297 344
297 343
298 343
298 342
339 106
338 106
340 106
340 107
341 107
341 108
341 109
341 110
342 110
342 111
343 111
344 111
345 111
345 112
346 112
346 113
345 113
345 114
344 114
344 115
344 116
344 117
344 118
344 119
344 120
344 121
344 122
344 123
344 124
344 125
344 126
344 127
345 127
345 128
345 129
345 130
345 131
345 132
345 133
345 134
345 135
346 135
346 136
347 136
347 137
348 137
348 138
348 139
349 139
349 138
350 138
351 138
352 138
353 138
354 138
355 138
356 138
357 138
357 139
358 139
359 139
359 140
360 140
360 141
361 141
361 142
361 143
361 144
361 145
361 146
361 147
362 147
362 148
363 148
363 149
364 149
364 150
365 150
366 150
366 151
367 151
368 151
368 152
368 153
369 153
370 153
370 154
371 154
371 155
371 156
371 157
371 158
371 159
371 160
371 161
372 161
372 162
373 162
373 163
374 163
374 164
375 164
376 164
376 165
377 165
378 165
379 165
380 165
381 165
382 165
383 165
383 166
384 166
384 167
385 167
386 167
387 167
388 167
389 167
389 168
389 169
390 169
390 170
390 171
390 172
390 173
391 173
391 174
392 174
392 175
393 175
394 175
394 176
395 176
395 177
396 177
397 177
398 177
399 177
400 177
400 176
400 175
400 174
400 173
400 172
400 171
400 170
400 169
400 168
401 168
401 167
402 167
403 167
403 166
404 166
405 166
338 105
337 105
336 105
335 105
335 104
334 104
333 104
332 104
331 104
331 105
330 105
330 106
329 106
328 106
327 106
326 106
325 106
324 106
323 106
322 106
321 106
320 106
319 106
318 106
317 106
316 106
315 106
315 107
315 108
430 36
430 35
430 37
430 38
430 39
430 40
430 41
430 42
431 42
432 42
433 42
434 42
434 43
435 43
435 44
436 44
436 45
436 46
436 47
436 48
436 49
436 50
436 51
436 52
436 53
436 54
436 55
437 55
437 56
436 56
436 57
436 58
436 59
436 60
436 61
436 62
436 63
436 64
437 64
437 65
437 66
437 67
437 68
437 69
437 70
437 71
437 72
436 72
435 72
435 73
434 73
434 74
433 74
433 75
432 75
432 76
432 77
432 78
432 79
432 80
431 80
430 80
430 81
429 81
428 81
427 81
427 82
426 82
426 83
426 84
426 85
426 86
426 87
426 88
426 89
426 90
426 91
426 92
426 93
426 94
426 95
425 95
425 96
425 97
425 98
430 34
430 33
430 32
430 31
430 30
430 29
430 28
430 27
430 26
430 25
430 24
430 23
431 23
432 23
433 23
433 22
434 22
434 21
434 20
435 20
435 19
435 18
435 17
436 17
436 16
437 16
437 15
438 15
438 14
438 13
438 12
438 11
438 10
438 9
438 8
438 7
438 6
438 5
438 4
437 4
437 3
436 3
436 2
435 2
434 2
433 2
433 1
432 1
431 1
430 1
429 1
428 1
428 2
427 2
426 2
426 3
425 3
424 3
424 4
424 5
423 5
423 6
422 6
422 7
421 7
421 8
420 8
420 9
419 9
419 10
418 10
417 10
416 10
415 10
414 10
413 10
412 10
412 9
411 9
411 8
410 8
410 7
410 6
409 6
408 6
407 6
407 5
406 5
405 5
405 4
404 4
404 3
403 3
403 2
403 1
403 0
402 0
401 0
400 0
399 0
399 1
398 1
398 2
397 2
397 3
396 3
396 4
396 5
396 6
396 7
396 8
261 327
262 327
260 327
259 327
258 327
257 327
256 327
256 328
255 328
254 328
253 328
252 328
251 328
251 329
250 329
250 330
249 330
249 331
248 331
247 331
246 331
245 331
244 331
243 331
242 331
241 331
240 331
239 331
238 331
237 331
236 331
235 331
234 331
233 331
232 331
232 330
232 329
231 329
230 329
229 329
228 329
227 329
226 329
226 330
226 331
225 331
225 332
224 332
224 333
223 333
222 333
221 333
220 333
219 333
219 332
219 331
219 330
219 329
219 328
219 327
219 326
220 326
263 327
264 327
265 327
266 327
267 327
268 327
268 328
269 328
269 329
270 329
271 329
272 329
272 330
273 330
274 330
274 331
274 332
275 332
276 332
276 333
277 333
277 334
278 334
278 335
279 335
279 336
279 337
279 338
279 339
279 340
279 341
279 342
279 343
279 344
279 345
280 345
280 346
281 346
281 347
282 347
282 348
283 348
284 348
284 349
285 349
286 349
286 350
287 350
288 350
288 351
289 351
290 351
291 351
292 351
292 352
293 352
294 352
295 352
195 143
195 142
195 144
195 145
195 146
195 147
195 148
195 149
195 150
195 151
195 152
194 152
194 153
195 153
196 153
197 153
198 153
199 153
199 154
200 154
201 154
201 155
202 155
203 155
203 156
204 156
204 157
194 142
194 141
194 140
194 139
194 138
193 138
193 137
193 136
192 136
191 136
191 135
190 135
189 135
188 135
187 135
186 135
185 135
185 136
7 443
7 442
7 444
7 445
7 446
7 447
8 447
8 448
8 449
9 449
9 450
10 450
11 450
11 451
12 451
13 451
13 452
7 441
7 440
7 439
7 438
7 437
7 436
7 435
6 435
6 434
6 433
6 432
7 432
7 431
7 430
7 429
7 428
7 427
7 426
7 425
7 424
6 424
6 423
325 445
325 444
325 446
325 447
325 448
325 449
324 449
324 450
324 451
324 452
324 453
324 454
324 455
325 455
325 456
325 457
326 457
326 458
326 459
327 459
327 460
327 461
327 462
327 463
328 463
328 464
328 465
328 466
329 466
329 467
330 467
325 443
325 442
325 441
326 441
326 440
326 439
326 438
326 437
327 437
327 436
327 435
327 434
327 433
327 432
327 431
327 430
327 429
327 428
327 427
242 3
241 3
243 3
244 3
244 2
245 2
246 2
246 1
247 1
247 0
248 0
249 0
250 0
251 0
252 0
253 0
254 0
255 0
256 0
257 0
258 0
259 0
260 0
261 0
262 0
262 1
262 2
263 2
263 3
264 3
264 4
264 5
265 5
265 6
264 6
264 7
264 8
264 9
265 9
266 9
267 9
268 9
269 9
270 9
271 9
272 9
273 9
274 9
274 8
275 8
275 7
276 7
277 7
278 7
279 7
280 7
281 7
282 7
283 7
283 8
284 8
285 8
286 8
287 8
288 8
289 8
290 8
291 8
292 8
293 8
294 8
295 8
296 8
296 7
296 6
296 5
296 4
296 3
296 2
297 2
298 2
299 2
300 2
301 2
301 1
302 1
303 1
304 1
305 1
306 1
307 1
307 0
240 3
239 3
239 4
238 4
237 4
236 4
236 3
235 3
234 3
234 2
234 1
234 0
233 0
232 0
231 0
230 0
229 0
229 1
229 2
229 3
228 3
228 4
227 4
227 5
227 6
227 7
227 8
227 9
227 10
226 10
226 9
225 9
225 8
224 8
224 7
223 7
222 7
221 7
220 7
219 7
218 7
217 7
217 6
217 5
216 5
216 4
216 3
216 2
215 2
215 1
215 0
214 0
213 0
212 0
211 0
210 0
209 0
208 0
207 0
206 0
205 0
204 0
203 0
202 0
201 0
200 0
200 1
199 1
199 2
198 2
198 3
197 3
197 4
196 4
196 5
195 5
195 4
194 4
194 3
193 3
192 3
191 3
190 3
189 3
188 3
187 3
186 3
185 3
184 3
184 4
183 4
183 5
182 5
182 6
181 6
181 7
181 8
181 9
181 10
181 11
181 12
181 13
181 14
180 14
180 15
179 15
179 16
