434 60
434 59
435 60
435 61
436 61
437 61
437 62
438 62
438 63
438 64
439 64
439 65
440 65
441 65
442 65
443 65
444 65
444 66
445 66
445 67
445 68
445 69
445 70
445 71
445 72
445 73
445 74
446 74
447 74
448 74
448 75
449 75
450 75
451 75
452 75
453 75
454 75
454 74
455 74
456 74
456 73
457 73
457 72
457 71
457 70
457 69
457 68
458 68
458 67
458 66
459 66
459 65
459 64
458 64
457 64
457 63
456 63
455 63
455 62
454 62
453 62
453 61
452 61
452 60
452 59
452 58
452 57
452 56
452 55
452 54
452 53
452 52
452 51
452 50
452 49
452 48
451 48
451 47
450 47
450 46
449 46
448 46
448 45
447 45
446 45
445 45
444 45
443 45
442 45
442 44
442 43
442 42
442 41
442 40
442 39
441 39
441 38
440 38
440 37
440 36
439 36
439 35
438 35
438 34
437 34
437 33
437 32
437 31
437 30
437 29
438 29
438 28
439 28
439 27
439 26
440 26
440 25
441 25
441 24
441 23
442 23
443 23
444 23
445 23
445 22
446 22
447 22
447 21
448 21
448 20
449 20
450 20
451 20
452 20
453 20
454 20
455 20
456 20
457 20
458 20
459 20
459 21
459 22
460 22
460 23
460 24
460 25
460 26
461 26
462 26
463 26
464 26
465 26
466 26
467 26
467 27
468 27
469 27
470 27
471 27
472 27
473 27
473 26
473 25
474 25
474 24
474 23
475 23
476 23
477 23
478 23
479 23
480 23
481 23
481 22
482 22
482 23
483 23
484 23
485 23
486 23
487 23
488 23
489 23
490 23
433 59
433 58
433 57
432 57
432 56
432 55
431 55
431 54
430 54
430 53
429 53
429 52
428 52
428 51
427 51
427 52
426 52
426 53
426 54
426 55
426 56
426 57
426 58
425 58
425 59
424 59
420 14
421 14
419 14
418 14
417 14
416 14
416 15
416 16
416 17
416 18
416 19
416 20
416 21
417 21
417 22
416 22
415 22
414 22
413 22
412 22
411 22
410 22
409 22
408 22
407 22
407 23
406 23
406 24
405 24
405 25
405 26
404 26
404 27
403 27
403 28
402 28
401 28
400 28
399 28
398 28
397 28
396 28
396 27
395 27
394 27
393 27
392 27
391 27
390 27
422 14
423 14
424 14
424 15
425 15
425 16
426 16
426 15
427 15
428 15
429 15
430 15
431 15
432 15
433 15
434 15
434 16
435 16
436 16
436 15
437 15
437 14
438 14
439 14
440 14
440 13
440 12
440 11
441 11
441 12
441 13
442 13
442 14
442 15
443 15
443 16
444 16
444 17
444 18
444 19
444 20
444 21
444 22
399 42
399 41
399 43
399 44
400 44
400 45
400 46
400 47
400 48
400 49
400 50
401 50
401 51
402 51
402 52
399 40
399 39
399 38
400 38
400 37
400 36
400 35
401 35
401 34
402 34
402 33
402 32
402 31
402 30
402 29
6 204
5 204
6 205
7 205
7 206
8 206
8 207
9 207
9 208
10 208
11 208
11 209
12 209
13 209
13 210
14 210
14 211
15 211
5 203
4 203
4 202
3 202
3 201
2 201
2 200
1 200
1 199
1 198
1 197
1 196
1 195
2 195
2 194
2 193
2 192
2 191
2 190
2 189
2 188
2 187
1 187
1 186
0 186
0 185
0 184
0 183
0 182
0 181
1 181
2 181
2 180
3 180
3 179
3 178
3 177
3 176
3 175
3 174
3 173
3 172
3 171
3 170
4 170
5 170
6 170
6 169
7 169
7 168
8 168
8 167
9 167
9 168
10 168
11 168
12 168
13 168
14 168
15 168
15 169
16 169
17 169
18 169
19 169
20 169
21 169
22 169
23 169
24 169
24 168
25 168
25 167
26 167
26 166
26 165
26 164
26 163
26 162
27 162
27 161
28 161
28 160
27 160
26 160
25 160
24 160
23 160
22 160
22 159
21 159
21 158
20 158
20 157
19 157
19 156
19 155
18 155
18 154
18 153
18 152
18 151
18 150
17 150
17 149
16 149
16 148
15 148
95 223
94 223
95 224
96 224
97 224
97 225
97 226
98 226
98 227
99 227
99 228
100 228
94 222
94 221
93 221
93 220
93 219
93 218
92 218
92 217
92 216
91 216
91 215
90 215
18 186
19 186
17 186
16 186
16 187
15 187
15 188
14 188
14 189
13 189
13 190
12 190
11 190
10 190
10 191
9 191
8 191
8 192
7 192
6 192
5 192
4 192
4 193
3 193
3 194
20 186
21 186
22 186
23 186
23 185
23 184
23 183
24 183
24 182
25 182
25 181
26 181
26 180
27 180
27 179
28 179
28 178
29 178
30 178
31 178
32 178
33 178
34 178
34 179
35 179
36 179
36 180
37 180
37 181
37 182
37 183
37 184
37 185
37 186
37 187
37 188
37 189
37 190
37 191
37 192
37 193
36 193
36 194
35 194
34 194
34 195
98 211
98 212
99 211
100 211
100 210
101 210
102 210
103 210
104 210
105 210
106 210
106 209
107 209
107 208
107 207
107 206
107 205
108 205
108 204
108 203
107 203
106 203
106 202
105 202
105 201
105 200
104 200
104 199
104 198
104 197
104 196
104 195
104 194
103 194
102 194
102 193
101 193
100 193
100 192
99 192
98 192
98 191
97 191
97 190
96 190
96 189
96 188
96 187
95 187
95 186
94 186
93 186
92 186
91 186
90 186
89 186
88 186
97 212
96 212
95 212
94 212
93 212
93 213
92 213
92 214
91 214
90 214
16 246
15 246
17 246
18 246
18 245
19 245
19 244
20 244
21 244
21 243
21 242
22 242
22 241
22 240
23 240
23 239
24 239
24 240
24 241
25 241
25 242
26 242
26 243
27 243
28 243
28 244
28 245
28 246
29 246
29 247
30 247
30 248
31 248
31 249
32 249
33 249
34 249
35 249
35 250
36 250
36 251
36 252
36 253
36 254
36 255
36 256
36 257
37 257
38 257
38 258
39 258
14 246
13 246
12 246
11 246
11 247
10 247
10 248
9 248
9 249
8 249
55 223
55 222
56 223
56 224
57 224
58 224
58 225
59 225
59 226
60 226
60 227
61 227
55 221
55 220
55 219
55 218
55 217
56 217
56 216
55 216
54 216
53 216
52 216
51 216
50 216
50 215
50 214
49 214
48 214
47 214
47 213
46 213
45 213
45 212
44 212
43 212
42 212
41 212
41 213
40 213
40 212
40 211
40 210
40 209
40 208
40 207
39 207
39 206
38 206
37 206
36 206
35 206
34 206
33 206
33 205
32 205
31 205
31 204
30 204
29 204
29 203
28 203
27 203
27 202
28 202
28 201
29 201
29 200
29 199
29 198
30 198
30 197
31 197
32 197
32 196
33 196
33 195
68 183
69 183
68 184
68 185
67 185
67 186
66 186
66 187
65 187
65 188
64 188
63 188
63 189
62 189
61 189
60 189
60 190
59 190
58 190
57 190
56 190
55 190
55 189
54 189
54 188
53 188
53 187
53 186
53 185
53 184
52 184
51 184
50 184
49 184
49 183
48 183
47 183
46 183
46 182
45 182
44 182
43 182
42 182
41 182
40 182
39 182
39 183
39 184
39 185
38 185
38 186
38 187
69 182
69 181
70 181
71 181
71 180
72 180
72 179
73 179
73 178
74 178
74 179
75 179
76 179
77 179
78 179
79 179
80 179
80 178
81 178
81 179
81 180
82 180
82 181
83 181
83 182
84 182
84 183
85 183
85 184
86 184
87 184
87 185
88 185
11 358
11 359
11 357
11 356
11 355
11 354
11 353
11 352
11 351
11 350
11 349
12 349
13 349
13 348
14 348
14 347
15 347
15 346
16 346
11 360
11 361
11 362
11 363
11 364
11 365
10 365
10 366
9 366
37 233
36 233
38 233
39 233
40 233
41 233
42 233
43 233
44 233
45 233
45 232
46 232
46 231
46 230
47 230
47 229
47 228
48 228
49 228
49 227
50 227
51 227
51 226
52 226
53 226
54 226
55 226
56 226
57 226
58 226
36 234
35 234
34 234
33 234
32 234
31 234
30 234
29 234
29 235
28 235
27 235
26 235
26 236
25 236
25 237
24 237
24 238
23 238
18 253
18 254
18 252
18 251
18 250
18 249
18 248
19 248
19 247
18 247
18 255
18 256
18 257
18 258
18 259
17 259
17 260
16 260
16 261
16 262
16 263
15 263
15 264
15 265
14 265
14 266
14 267
14 268
13 268
13 269
12 269
11 269
10 269
9 269
8 269
7 269
6 269
5 269
5 270
4 270
4 271
3 271
3 272
2 272
2 273
1 273
1 274
0 274
0 275
113 40
114 40
113 39
113 38
113 37
113 36
113 35
112 35
111 35
110 35
109 35
108 35
107 35
107 34
106 34
105 34
104 34
103 34
102 34
101 34
100 34
99 34
98 34
98 33
98 32
98 31
98 30
97 30
97 31
97 32
97 33
97 34
97 35
96 35
95 35
94 35
93 35
92 35
92 36
91 36
91 37
91 38
91 39
91 40
91 41
90 41
90 42
89 42
89 43
89 44
89 45
89 46
88 46
88 47
87 47
87 48
86 48
86 49
85 49
85 48
84 48
84 47
83 47
82 47
81 47
80 47
79 47
78 47
77 47
76 47
76 46
75 46
75 45
75 44
74 44
74 43
74 42
74 41
74 40
74 39
74 38
74 37
74 36
73 36
73 35
72 35
71 35
71 34
70 34
69 34
69 33
68 33
67 33
67 32
67 31
66 31
66 30
66 29
65 29
65 28
64 28
64 27
64 26
63 26
63 25
62 25
62 24
63 24
63 23
64 23
64 22
65 22
65 21
66 21
66 20
66 19
66 18
66 17
66 16
66 15
66 14
65 14
64 14
63 14
63 13
62 13
61 13
61 12
60 12
60 11
60 10
59 10
59 9
59 8
58 8
58 7
58 6
57 6
57 5
56 5
55 5
55 4
55 3
54 3
54 2
54 1
54 0
53 0
52 0
51 0
50 0
49 0
48 0
47 0
46 0
45 0
44 0
43 0
42 0
41 0
40 0
39 0
38 0
37 0
36 0
35 0
34 0
34 1
34 2
34 3
33 3
114 41
115 41
116 41
117 41
118 41
118 42
119 42
119 43
120 43
120 44
121 44
122 44
123 44
124 44
125 44
125 45
125 46
125 47
125 48
125 49
126 49
127 49
127 50
128 50
128 51
129 51
129 52
129 53
130 53
131 53
132 53
132 54
133 54
134 54
135 54
136 54
137 54
137 55
137 56
137 57
137 58
138 58
138 59
138 60
139 60
139 61
139 62
140 62
140 63
141 63
142 63
143 63
144 63
145 63
146 63
147 63
148 63
149 63
150 63
151 63
151 64
152 64
153 64
153 65
154 65
155 65
156 65
156 66
157 66
158 66
158 67
159 67
159 68
159 69
160 69
2 76
2 75
1 76
1 77
0 77
0 78
0 79
0 80
0 81
0 82
0 83
1 83
1 84
2 84
2 85
3 85
3 86
3 87
3 88
3 89
3 90
3 91
3 92
3 93
2 93
2 94
1 94
1 95
0 95
0 96
0 97
1 97
1 98
2 98
3 98
4 98
4 99
4 100
4 101
4 102
4 103
4 104
4 105
4 106
5 106
5 107
6 107
6 108
7 108
7 109
8 109
8 110
9 110
9 111
9 112
9 113
9 114
9 115
9 116
9 117
9 118
9 119
9 120
9 121
9 122
9 123
8 123
8 124
7 124
6 124
6 125
5 125
5 126
4 126
4 127
3 127
3 128
2 128
1 128
1 129
0 129
0 130
1 130
2 130
2 131
3 131
4 131
4 132
5 132
5 133
6 133
7 133
7 134
8 134
8 135
8 136
9 136
9 137
9 138
9 139
10 139
10 140
10 141
11 141
11 142
12 142
12 143
12 144
12 145
13 145
13 146
14 146
14 147
15 147
3 75
3 74
3 73
4 73
4 72
4 71
5 71
5 70
5 69
4 69
4 68
4 67
4 66
5 66
5 65
6 65
6 64
7 64
7 63
8 63
9 63
9 62
10 62
10 61
10 60
10 59
10 58
10 57
10 56
10 55
10 54
10 53
10 52
10 51
10 50
9 50
9 49
9 48
9 47
8 47
8 46
8 45
9 45
10 45
11 45
12 45
13 45
14 45
14 44
15 44
15 43
16 43
16 42
17 42
18 42
19 42
20 42
21 42
22 42
23 42
23 41
23 40
23 39
23 38
23 37
24 37
24 36
24 35
25 35
25 34
25 33
25 32
26 32
26 31
27 31
27 30
27 29
26 29
25 29
24 29
23 29
22 29
21 29
20 29
19 29
18 29
18 28
18 27
18 26
18 25
18 24
18 23
18 22
18 21
17 21
17 20
17 19
17 18
18 18
18 17
19 17
20 17
20 16
20 15
20 14
20 13
20 12
20 11
20 10
21 10
21 9
22 9
22 8
23 8
24 8
25 8
26 8
27 8
28 8
29 8
30 8
30 7
30 6
31 6
31 5
32 5
32 4
33 4
193 0
193 1
194 0
195 0
196 0
197 0
198 0
199 0
200 0
201 0
202 0
203 0
204 0
205 0
206 0
207 0
208 0
209 0
210 0
211 0
212 0
213 0
214 0
215 0
216 0
217 0
217 1
218 1
218 2
219 2
219 3
220 3
221 3
221 4
222 4
223 4
224 4
225 4
226 4
227 4
228 4
229 4
230 4
231 4
232 4
233 4
234 4
235 4
236 4
237 4
237 3
237 2
238 2
238 1
239 1
239 0
240 0
241 0
242 0
243 0
244 0
245 0
246 0
247 0
248 0
249 0
250 0
251 0
252 0
253 0
254 0
255 0
255 1
256 1
256 2
256 3
257 3
257 4
258 4
259 4
259 5
260 5
261 5
262 5
263 5
264 5
265 5
266 5
267 5
267 4
268 4
269 4
269 3
270 3
270 2
270 1
271 1
271 2
272 2
273 2
274 2
275 2
276 2
277 2
278 2
279 2
279 1
280 1
280 2
281 2
282 2
282 3
282 4
283 4
283 5
283 6
284 6
284 7
285 7
286 7
287 7
288 7
288 8
288 9
288 10
288 11
289 11
289 10
289 9
289 8
290 8
290 7
290 6
290 5
291 5
292 5
293 5
294 5
295 5
296 5
297 5
298 5
299 5
299 6
299 7
299 8
299 9
299 10
299 11
299 12
300 12
300 13
300 14
301 14
302 14
303 14
304 14
305 14
306 14
306 15
306 16
307 16
307 17
307 18
307 19
307 20
307 21
307 22
307 23
307 24
307 25
307 26
307 27
307 28
307 29
308 29
309 29
310 29
310 30
311 30
311 31
312 31
313 31
313 32
314 32
314 33
315 33
315 34
316 34
316 35
317 35
317 36
317 37
317 38
318 38
318 39
318 40
319 40
319 41
320 41
320 42
321 42
321 43
322 43
322 44
322 45
323 45
323 46
323 47
323 48
323 49
323 50
323 51
323 52
324 52
324 51
325 51
325 50
325 49
326 49
326 48
327 48
327 47
327 46
328 46
328 45
328 44
329 44
329 43
330 43
331 43
331 42
332 42
332 41
333 41
333 40
333 39
334 39
334 38
334 37
335 37
335 36
336 36
336 35
336 34
336 33
336 32
336 31
337 31
337 30
337 29
338 29
339 29
340 29
340 28
341 28
341 27
341 26
341 25
341 24
341 23
342 23
342 22
342 21
342 20
343 20
343 19
343 18
343 17
344 17
344 16
345 16
345 15
346 15
347 15
347 14
348 14
349 14
350 14
351 14
351 15
352 15
352 16
352 17
352 18
352 19
352 20
352 21
352 22
352 23
352 24
353 24
353 23
354 23
354 22
354 21
355 21
355 20
356 20
357 20
358 20
359 20
360 20
360 19
361 19
362 19
362 18
363 18
363 17
364 17
365 17
366 17
366 16
367 16
368 16
369 16
370 16
371 16
371 17
371 18
372 18
372 19
372 20
373 20
373 21
374 21
374 22
375 22
375 23
375 24
375 25
375 26
376 26
376 27
376 28
377 28
377 29
377 30
377 31
378 31
379 31
380 31
381 31
382 31
383 31
383 32
384 32
384 33
385 33
385 34
386 34
386 35
387 35
387 34
388 34
388 33
388 32
388 31
388 30
388 29
389 29
389 28
390 28
192 1
192 2
191 2
191 3
190 3
189 3
188 3
188 4
187 4
186 4
186 5
185 5
185 6
184 6
184 7
184 8
183 8
182 8
182 9
182 10
182 11
182 12
182 13
181 13
181 14
181 15
180 15
180 16
180 17
180 18
180 19
180 20
179 20
179 21
178 21
177 21
177 22
177 23
176 23
176 24
175 24
175 25
175 26
175 27
174 27
174 28
173 28
173 29
172 29
172 30
171 30
170 30
169 30
169 31
168 31
168 32
167 32
167 33
166 33
166 34
165 34
164 34
164 35
163 35
163 36
162 36
162 37
162 38
161 38
161 39
161 40
160 40
159 40
159 39
158 39
157 39
156 39
155 39
154 39
153 39
152 39
151 39
150 39
149 39
148 39
148 38
147 38
147 37
147 36
146 36
146 37
145 37
145 38
144 38
143 38
142 38
141 38
141 37
140 37
140 36
140 35
139 35
139 34
139 33
138 33
138 32
138 31
138 30
137 30
137 29
136 29
136 28
135 28
135 29
134 29
133 29
132 29
131 29
131 30
130 30
129 30
129 31
128 31
127 31
127 30
126 30
125 30
124 30
123 30
122 30
121 30
120 30
119 30
118 30
118 31
117 31
117 32
116 32
115 32
115 33
114 33
114 34
113 34
351 142
350 142
352 142
353 142
354 142
355 142
356 142
356 143
357 143
357 144
358 144
358 145
359 145
360 145
361 145
362 145
363 145
364 145
364 144
365 144
365 143
365 142
365 141
365 140
366 140
366 139
366 138
366 137
367 137
367 136
367 135
367 134
367 133
368 133
369 133
369 132
370 132
370 131
371 131
372 131
372 130
373 130
374 130
375 130
376 130
377 130
378 130
379 130
379 131
379 132
380 132
380 133
381 133
381 134
382 134
382 133
382 132
383 132
383 131
384 131
384 130
384 129
385 129
385 128
386 128
387 128
387 127
388 127
389 127
390 127
390 126
391 126
391 125
391 124
390 124
390 123
390 122
390 121
390 120
389 120
389 119
389 118
389 117
388 117
388 116
388 115
387 115
387 114
387 113
386 113
386 112
385 112
385 111
385 110
384 110
384 109
384 108
383 108
383 107
382 107
382 106
383 106
384 106
385 106
386 106
387 106
388 106
389 106
389 105
390 105
390 104
390 103
391 103
391 104
392 104
392 105
393 105
394 105
395 105
395 106
396 106
397 106
397 105
398 105
398 104
399 104
399 103
399 102
399 101
400 101
400 100
400 99
401 99
401 98
401 97
401 96
401 95
401 94
401 93
400 93
400 92
400 91
399 91
399 90
398 90
398 89
398 88
397 88
397 87
397 86
397 85
397 84
397 83
397 82
397 81
397 80
397 79
397 78
397 77
397 76
397 75
397 74
397 73
397 72
397 71
397 70
398 70
398 69
398 68
399 68
399 67
399 66
399 65
399 64
399 63
400 63
400 62
400 61
400 60
400 59
400 58
400 57
400 56
400 55
401 55
401 54
401 53
401 52
349 142
348 142
348 141
347 141
347 140
346 140
346 139
345 139
345 138
344 138
344 137
344 136
344 135
344 134
344 133
344 132
344 131
343 131
343 130
331 229
332 229
331 228
330 228
330 227
329 227
328 227
328 226
327 226
327 225
328 225
328 224
329 224
329 223
329 222
330 222
330 221
330 220
330 219
330 218
330 217
330 216
330 215
330 214
331 214
331 213
332 213
332 212
333 212
334 212
335 212
336 212
336 211
336 210
337 210
337 209
338 209
339 209
339 208
340 208
340 207
341 207
341 206
341 205
342 205
342 204
343 204
343 203
344 203
344 202
345 202
346 202
346 201
346 200
347 200
347 199
348 199
348 198
349 198
350 198
350 197
351 197
351 196
351 195
351 194
351 193
351 192
351 191
351 190
351 189
351 188
352 188
352 187
352 186
353 186
353 185
354 185
355 185
356 185
356 184
357 184
358 184
358 183
359 183
360 183
360 182
361 182
362 182
363 182
364 182
365 182
366 182
367 182
367 183
367 184
367 185
367 186
367 187
367 188
367 189
367 190
367 191
368 191
369 191
370 191
371 191
372 191
373 191
373 190
374 190
374 189
375 189
375 188
376 188
376 187
377 187
378 187
378 186
379 186
380 186
381 186
381 185
382 185
382 184
383 184
383 183
384 183
385 183
386 183
387 183
387 182
388 182
389 182
389 181
390 181
390 182
391 182
392 182
393 182
393 181
394 181
395 181
396 181
397 181
398 181
399 181
400 181
400 180
400 179
401 179
401 180
402 180
402 181
402 182
403 182
403 183
404 183
404 184
405 184
405 185
406 185
406 186
405 186
405 187
405 188
405 189
405 190
404 190
404 191
403 191
403 192
402 192
401 192
400 192
400 193
399 193
399 194
399 195
398 195
398 196
398 197
398 198
399 198
399 199
400 199
401 199
402 199
403 199
404 199
404 200
405 200
405 201
406 201
407 201
408 201
409 201
410 201
411 201
412 201
413 201
414 201
415 201
416 201
417 201
417 200
417 199
417 198
417 197
417 196
417 195
417 194
417 193
417 192
418 192
418 191
419 191
420 191
420 190
421 190
421 189
421 188
421 187
421 186
421 185
421 184
422 184
422 183
423 183
424 183
424 182
425 182
425 181
426 181
427 181
427 180
428 180
428 179
428 178
428 177
428 176
428 175
428 174
427 174
427 173
428 173
429 173
429 172
430 172
430 171
431 171
431 170
432 170
432 169
432 168
432 167
432 166
432 165
432 164
432 163
433 163
433 162
434 162
434 161
435 161
435 160
436 160
436 159
436 158
437 158
437 157
438 157
438 156
439 156
439 155
440 155
441 155
441 154
441 153
441 152
441 151
441 150
441 149
442 149
442 148
443 148
443 147
444 147
444 146
445 146
446 146
447 146
448 146
448 145
449 145
450 145
451 145
452 145
453 145
454 145
455 145
456 145
457 145
458 145
459 145
459 144
458 144
458 143
458 142
458 141
458 140
458 139
458 138
458 137
458 136
458 135
457 135
456 135
455 135
454 135
454 134
453 134
453 133
452 133
452 132
451 132
451 131
451 130
451 129
450 129
450 128
450 127
450 126
450 125
450 124
449 124
449 125
449 126
449 127
448 127
448 128
447 128
447 129
446 129
446 130
445 130
444 130
444 129
443 129
442 129
441 129
441 128
440 128
439 128
439 127
438 127
437 127
436 127
436 126
435 126
434 126
434 125
435 125
435 124
435 123
435 122
435 121
435 120
435 119
435 118
434 118
434 117
433 117
432 117
432 116
431 116
430 116
430 115
429 115
429 114
428 114
428 113
427 113
427 112
426 112
426 111
426 110
426 109
426 108
426 107
426 106
425 106
425 105
424 105
423 105
423 104
422 104
422 103
421 103
420 103
419 103
418 103
417 103
416 103
415 103
414 103
413 103
412 103
411 103
410 103
410 102
409 102
409 101
409 100
408 100
408 99
408 98
407 98
407 97
406 97
405 97
404 97
403 97
402 97
332 230
333 230
333 231
333 232
333 233
334 233
334 234
335 234
336 234
337 234
338 234
339 234
340 234
341 234
342 234
342 235
343 235
343 236
344 236
345 236
346 236
346 237
347 237
348 237
349 237
350 237
351 237
352 237
353 237
354 237
354 238
355 238
356 238
356 239
357 239
357 240
357 241
357 242
357 243
357 244
356 244
356 245
356 246
356 247
356 248
355 248
355 249
354 249
354 250
354 251
354 252
355 252
355 253
356 253
356 254
355 254
355 255
355 256
355 257
355 258
355 259
354 259
354 260
354 261
353 261
353 262
352 262
352 263
352 264
351 264
351 265
351 266
351 267
351 268
351 269
351 270
351 271
351 272
496 218
496 217
496 219
496 220
496 221
496 222
496 223
496 224
496 225
496 226
496 227
496 228
496 229
496 230
496 231
495 231
495 232
494 232
494 233
493 233
497 217
497 216
497 215
498 215
498 214
498 213
498 212
498 211
498 210
499 210
499 209
499 208
499 207
499 206
500 206
500 205
500 204
501 204
501 203
501 202
501 201
501 200
501 199
501 198
500 198
500 197
499 197
498 197
497 197
496 197
495 197
494 197
493 197
492 197
492 196
492 195
492 194
492 193
492 192
492 191
492 190
493 190
493 189
492 189
492 188
492 187
492 186
492 185
492 184
492 183
493 183
493 182
494 182
495 182
496 182
496 181
497 181
497 180
498 180
498 179
499 179
499 178
499 177
499 176
499 175
499 174
499 173
499 172
499 171
499 170
499 169
499 168
499 167
499 166
499 165
499 164
499 163
500 163
500 162
500 161
501 161
501 160
502 160
502 159
503 159
503 158
502 158
502 157
501 157
501 156
501 155
501 154
501 153
501 152
501 151
501 150
501 149
501 148
501 147
501 146
501 145
501 144
501 143
501 142
501 141
501 140
501 139
501 138
501 137
501 136
501 135
501 134
501 133
501 132
501 131
502 131
503 131
504 131
504 130
505 130
506 130
506 129
507 129
508 129
509 129
510 129
511 129
511 128
511 127
511 126
511 125
511 124
511 123
511 122
511 121
511 120
510 120
509 120
509 119
510 119
510 118
511 118
511 117
511 116
511 115
511 114
511 113
511 112
511 111
511 110
511 109
511 108
511 107
511 106
511 105
511 104
511 103
511 102
511 101
511 100
511 99
511 98
511 97
511 96
511 95
511 94
510 94
509 94
509 93
508 93
507 93
506 93
505 93
504 93
503 93
502 93
501 93
500 93
499 93
498 93
497 93
497 92
497 91
497 90
497 89
497 88
497 87
497 86
496 86
495 86
495 85
495 84
494 84
494 83
493 83
493 82
493 81
493 80
493 79
493 78
492 78
492 77
492 76
491 76
490 76
489 76
488 76
487 76
486 76
486 75
487 75
487 74
487 73
488 73
488 72
488 71
488 70
487 70
487 69
486 69
486 68
485 68
484 68
483 68
482 68
481 68
481 67
480 67
480 66
479 66
479 65
479 64
479 63
478 63
478 62
478 61
477 61
477 60
477 59
477 58
477 57
477 56
477 55
477 54
477 53
477 52
476 52
475 52
474 52
473 52
473 51
472 51
471 51
471 50
470 50
470 51
469 51
469 52
468 52
468 53
467 53
466 53
466 54
466 55
467 55
467 56
467 57
467 58
467 59
467 60
467 61
467 62
467 63
467 64
466 64
465 64
464 64
463 64
462 64
461 64
460 64
11 326
12 326
11 327
11 328
10 328
10 329
9 329
8 329
7 329
6 329
5 329
4 329
3 329
2 329
2 330
2 331
2 332
2 333
2 334
2 335
2 336
2 337
3 337
4 337
4 338
4 339
5 339
5 340
5 341
5 342
5 343
5 344
5 345
6 345
6 346
6 347
7 347
8 347
9 347
10 347
11 347
12 347
13 347
12 325
12 324
13 324
13 323
14 323
14 322
15 322
15 321
16 321
17 321
17 320
18 320
18 319
18 318
18 317
19 317
20 317
20 316
21 316
21 315
21 314
21 313
21 312
21 311
22 311
22 310
22 309
22 308
22 307
22 306
22 305
22 304
22 303
22 302
22 301
21 301
20 301
19 301
18 301
17 301
16 301
15 301
14 301
13 301
13 302
12 302
11 302
10 302
9 302
8 302
7 302
6 302
5 302
4 302
4 301
4 300
4 299
4 298
4 297
4 296
5 296
6 296
6 295
6 294
5 294
4 294
4 293
3 293
3 292
3 291
3 290
3 289
2 289
2 288
1 288
1 287
0 287
0 286
0 285
0 284
0 283
0 282
0 281
0 280
0 279
0 278
0 277
0 276
170 157
170 156
170 158
171 158
171 159
171 160
171 161
172 161
172 162
173 162
173 163
174 163
174 164
174 165
175 165
176 165
177 165
178 165
179 165
180 165
181 165
182 165
183 165
184 165
185 165
186 165
187 165
188 165
188 164
189 164
190 164
191 164
191 163
192 163
192 162
193 162
193 161
194 161
194 160
194 159
195 159
195 158
194 158
194 157
194 156
194 155
194 154
194 153
195 153
195 152
194 152
193 152
192 152
192 151
191 151
190 151
190 150
190 149
190 148
189 148
189 147
189 146
189 145
189 144
189 143
189 142
188 142
188 141
187 141
186 141
185 141
184 141
184 140
183 140
183 139
182 139
182 138
182 137
182 136
182 135
181 135
181 134
180 134
180 133
179 133
179 132
178 132
177 132
177 131
176 131
176 130
176 129
176 128
176 127
176 126
176 125
176 124
175 124
175 123
174 123
174 122
174 121
173 121
173 120
172 120
172 119
172 118
172 117
172 116
173 116
173 115
174 115
175 115
176 115
177 115
178 115
179 115
180 115
180 114
181 114
181 113
181 112
181 111
181 110
182 110
182 109
183 109
183 108
184 108
185 108
185 107
184 107
183 107
182 107
182 106
182 105
182 104
182 103
181 103
181 102
181 101
182 101
183 101
183 100
184 100
184 99
185 99
186 99
186 98
187 98
188 98
189 98
189 97
189 96
189 95
189 94
189 93
189 92
189 91
189 90
189 89
190 89
190 88
191 88
192 88
192 87
191 87
190 87
189 87
188 87
188 86
187 86
187 85
187 84
187 83
187 82
187 81
187 80
186 80
186 79
186 78
186 77
186 76
186 75
186 74
186 73
185 73
184 73
183 73
182 73
181 73
180 73
180 74
179 74
179 75
178 75
178 76
177 76
177 77
176 77
175 77
174 77
173 77
172 77
171 77
170 77
169 77
168 77
168 76
169 76
169 75
170 75
170 74
170 73
170 72
170 71
170 70
170 69
170 68
170 67
169 67
169 66
168 66
167 66
167 65
166 65
165 65
164 65
163 65
162 65
162 66
162 67
161 67
161 68
160 68
169 156
169 155
168 155
168 154
167 154
167 153
166 153
166 152
482 237
483 237
481 237
480 237
479 237
478 237
477 237
477 238
484 237
485 237
486 237
487 237
488 237
489 237
489 236
490 236
490 235
491 235
491 234
492 234
492 233
437 278
437 279
438 278
439 278
439 277
440 277
440 276
440 275
441 275
442 275
443 275
444 275
445 275
446 275
446 274
446 273
447 273
447 272
447 271
448 271
448 270
448 269
448 268
448 267
448 266
448 265
448 264
448 263
449 263
449 262
450 262
450 261
450 260
450 259
450 258
450 257
450 256
450 255
450 254
450 253
450 252
449 252
449 251
450 251
451 251
451 250
452 250
453 250
454 250
454 249
455 249
456 249
456 248
457 248
458 248
458 247
459 247
459 246
459 245
460 245
460 244
460 243
460 242
460 241
459 241
459 240
459 239
458 239
458 238
457 238
457 237
456 237
456 236
456 235
455 235
455 234
454 234
454 233
454 232
453 232
453 231
452 231
452 230
451 230
451 229
451 228
451 227
451 226
451 225
451 224
452 224
452 223
451 223
450 223
450 222
450 221
449 221
449 220
449 219
449 218
449 217
448 217
448 216
448 215
447 215
447 214
446 214
446 213
445 213
444 213
444 212
443 212
442 212
442 211
441 211
440 211
440 210
439 210
438 210
438 209
438 208
438 207
438 206
438 205
438 204
437 204
437 203
437 202
436 202
436 201
435 201
434 201
434 200
433 200
432 200
432 199
432 198
432 197
432 196
432 195
432 194
432 193
432 192
431 192
431 191
430 191
430 190
429 190
429 189
429 188
428 188
428 187
428 186
428 185
428 184
428 183
427 183
426 183
426 182
436 279
435 279
434 279
433 279
432 279
431 279
430 279
430 280
430 281
429 281
429 282
429 283
428 283
427 283
427 284
426 284
425 284
425 285
424 285
424 286
423 286
423 287
422 287
422 288
422 289
421 289
421 290
421 291
420 291
420 292
420 293
420 294
420 295
420 296
420 297
420 298
420 299
420 300
420 301
419 301
419 302
418 302
418 303
417 303
417 304
416 304
416 305
416 306
416 307
416 308
416 309
416 310
415 310
415 311
415 312
414 312
349 294
350 294
349 293
348 293
347 293
346 293
345 293
345 292
344 292
343 292
342 292
342 291
341 291
340 291
340 292
339 292
338 292
337 292
336 292
335 292
334 292
333 292
332 292
332 293
331 293
330 293
329 293
329 294
328 294
328 295
327 295
327 296
326 296
326 297
325 297
325 298
324 298
324 299
323 299
323 300
322 300
322 301
322 302
321 302
321 303
321 304
321 305
321 306
321 307
321 308
321 309
321 310
321 311
321 312
321 313
321 314
322 314
322 315
323 315
323 316
324 316
325 316
326 316
326 317
326 318
327 318
327 319
328 319
328 320
328 321
328 322
328 323
328 324
328 325
329 325
329 326
329 327
330 327
351 294
352 294
353 294
354 294
355 294
356 294
356 295
357 295
357 296
358 296
358 297
359 297
359 298
360 298
361 298
362 298
362 297
363 297
364 297
365 297
366 297
366 296
365 296
365 295
365 294
365 293
365 292
365 291
365 290
365 289
365 288
365 287
365 286
364 286
364 285
364 284
364 283
364 282
364 281
363 281
363 280
363 279
363 278
362 278
362 277
361 277
360 277
360 276
359 276
359 275
358 275
357 275
357 274
356 274
356 273
355 273
354 273
353 273
352 273
352 272
232 252
232 253
231 252
231 251
231 250
231 249
231 248
231 247
231 246
231 245
230 245
230 244
229 244
233 253
233 254
234 254
235 254
235 255
236 255
236 256
237 256
238 256
238 257
239 257
240 257
241 257
242 257
243 257
244 257
244 256
245 256
246 256
246 255
245 255
245 254
245 253
245 252
245 251
245 250
245 249
245 248
245 247
246 247
247 247
248 247
248 246
249 246
249 245
250 245
250 244
250 243
251 243
251 242
252 242
252 241
251 241
251 240
251 239
250 239
250 238
249 238
249 237
249 236
249 235
249 234
249 233
248 233
248 232
248 231
248 230
247 230
247 229
247 228
246 228
246 227
245 227
245 226
244 226
244 225
244 224
245 224
245 223
245 222
245 221
245 220
245 219
245 218
245 217
246 217
247 217
247 216
247 215
246 215
246 214
246 213
246 212
246 211
246 210
246 209
246 208
246 207
246 206
246 205
246 204
246 203
246 202
246 201
246 200
245 200
245 199
245 198
245 197
245 196
245 195
244 195
244 194
243 194
242 194
241 194
240 194
240 193
239 193
239 192
240 192
241 192
242 192
243 192
244 192
245 192
246 192
247 192
248 192
249 192
250 192
250 191
250 190
250 189
250 188
249 188
249 187
248 187
248 186
248 185
248 184
247 184
247 183
247 182
247 181
247 180
247 179
247 178
247 177
247 176
246 176
246 175
245 175
245 174
244 174
244 173
243 173
243 172
243 171
242 171
241 171
240 171
239 171
238 171
237 171
237 172
236 172
236 173
235 173
234 173
233 173
233 172
232 172
231 172
231 171
230 171
230 170
229 170
228 170
228 169
227 169
226 169
226 168
226 167
226 166
226 165
226 164
226 163
225 163
225 162
224 162
224 161
223 161
222 161
222 160
221 160
220 160
219 160
218 160
217 160
216 160
215 160
215 159
216 159
217 159
217 158
217 157
217 156
217 155
217 154
217 153
217 152
217 151
217 150
217 149
217 148
217 147
218 147
218 146
217 146
217 145
216 145
215 145
214 145
213 145
212 145
211 145
210 145
210 146
210 147
210 148
209 148
208 148
207 148
206 148
206 149
205 149
204 149
204 150
203 150
203 151
202 151
201 151
201 152
200 152
199 152
198 152
197 152
196 152
349 314
349 313
350 314
351 314
352 314
352 315
353 315
353 316
354 316
354 317
354 318
354 319
354 320
353 320
353 321
352 321
352 322
351 322
350 322
350 323
349 323
348 313
347 313
346 313
345 313
344 313
343 313
342 313
341 313
341 312
342 312
343 312
343 311
344 311
344 310
345 310
345 309
346 309
346 308
347 308
347 307
347 306
347 305
347 304
347 303
347 302
346 302
346 301
346 300
345 300
345 299
345 298
345 297
345 296
345 295
345 294
477 399
477 400
476 399
476 398
476 397
475 397
475 396
476 396
476 395
477 395
477 394
477 393
477 392
477 391
477 390
477 389
477 388
477 387
477 386
477 385
477 384
476 384
476 383
475 383
474 383
473 383
472 383
472 382
472 381
472 380
472 379
472 378
472 377
472 376
472 375
472 374
473 374
473 373
473 372
473 371
473 370
473 369
474 369
475 369
476 369
476 368
476 367
475 367
475 366
474 366
474 365
474 364
474 363
474 362
473 362
472 362
472 361
471 361
471 360
471 359
470 359
470 358
470 357
469 357
469 356
469 355
469 354
469 353
468 353
468 352
468 351
468 350
467 350
467 349
467 348
467 347
467 346
467 345
467 344
467 343
467 342
467 341
467 340
467 339
467 338
467 337
467 336
467 335
467 334
467 333
467 332
467 331
466 331
465 331
464 331
463 331
462 331
461 331
460 331
460 330
459 330
458 330
457 330
456 330
455 330
454 330
454 329
453 329
452 329
452 328
451 328
450 328
450 327
449 327
448 327
447 327
447 328
446 328
445 328
445 329
444 329
443 329
442 329
441 329
441 328
440 328
439 328
438 328
437 328
436 328
435 328
435 327
435 326
435 325
435 324
436 324
436 323
436 322
436 321
435 321
434 321
434 320
433 320
432 320
431 320
431 319
431 318
430 318
430 317
429 317
429 316
428 316
427 316
427 317
426 317
426 318
425 318
424 318
423 318
422 318
421 318
420 318
419 318
418 318
417 318
417 317
417 316
416 316
416 315
415 315
415 314
415 313
414 313
477 401
478 401
478 402
478 403
478 404
478 405
478 406
478 407
478 408
477 408
477 409
477 410
477 411
477 412
477 413
478 413
478 414
479 414
480 414
480 415
481 415
481 416
482 416
482 417
483 417
483 418
484 418
484 419
485 419
486 419
486 420
487 420
487 421
488 421
488 422
488 423
489 423
489 424
489 425
489 426
489 427
489 428
489 429
489 430
490 430
491 430
492 430
493 430
494 430
495 430
495 431
496 431
496 432
496 433
496 434
496 435
496 436
496 437
496 438
496 439
495 439
495 440
494 440
494 441
493 441
492 441
492 442
491 442
491 443
491 444
490 444
490 445
490 446
489 446
489 447
489 448
490 448
490 449
491 449
491 450
492 450
492 451
492 452
492 453
492 454
492 455
492 456
492 457
492 458
492 459
492 460
491 460
490 460
490 461
489 461
489 462
488 462
488 463
488 464
488 465
488 466
488 467
488 468
488 469
488 470
489 470
489 471
490 471
490 472
491 472
492 472
492 473
493 473
493 474
494 474
495 474
496 474
497 474
498 474
499 474
499 473
500 473
500 474
500 475
501 475
501 476
501 477
502 477
502 478
503 478
503 479
504 479
