386 244
387 244
386 243
385 243
385 242
384 242
384 241
384 240
383 240
383 239
383 238
388 244
388 245
389 245
389 246
390 246
390 247
46 147
45 147
47 147
48 147
49 147
44 147
43 147
42 147
42 148
424 257
423 257
425 257
425 258
422 257
421 257
420 257
419 257
419 258
418 258
418 259
382 230
382 229
382 231
382 232
382 233
382 234
382 235
382 236
382 237
383 237
382 228
382 227
382 226
382 225
383 225
383 224
248 287
248 286
248 288
247 288
247 289
247 290
246 290
249 286
249 285
249 284
250 284
250 283
251 283
251 282
140 215
141 215
139 215
138 215
137 215
136 215
135 215
134 215
134 214
133 214
142 215
143 215
144 215
145 215
146 215
147 215
148 215
148 216
149 216
150 216
121 215
122 215
120 215
120 216
119 216
118 216
117 216
116 216
116 217
115 217
114 217
123 215
124 215
125 215
126 215
126 214
127 214
128 214
129 214
130 214
131 214
132 214
110 216
110 215
111 216
112 216
113 216
113 217
109 215
108 215
107 215
107 214
106 214
106 213
105 213
97 212
96 212
98 212
99 212
100 212
101 212
102 212
103 212
104 212
104 213
95 212
94 212
93 212
92 212
91 212
90 212
89 212
88 212
88 213
156 218
155 218
157 218
158 218
159 218
160 218
161 218
162 218
163 218
164 218
165 218
166 218
167 218
168 218
169 218
155 217
154 217
153 217
152 217
151 217
151 216
396 248
395 248
397 248
398 248
398 249
399 249
394 248
393 248
392 248
391 248
390 248
67 50
66 50
68 50
69 50
70 50
71 50
65 50
64 50
64 51
63 51
62 51
62 52
63 459
62 459
64 459
65 459
66 459
67 459
67 458
67 457
68 457
68 456
68 455
68 454
69 454
69 453
69 452
69 451
69 450
70 450
70 449
70 448
70 447
71 447
71 446
61 459
60 459
59 459
58 459
58 460
57 460
57 461
56 461
412 242
411 242
412 243
412 244
413 244
413 245
413 246
413 247
414 247
414 248
414 249
415 249
416 249
417 249
417 250
417 251
417 252
417 253
417 254
417 255
418 255
418 256
418 257
411 241
411 240
411 239
410 239
410 238
10 83
9 83
10 82
10 81
11 81
11 80
11 79
12 79
12 78
12 77
13 77
13 76
9 84
9 85
9 86
8 86
8 87
8 88
7 88
7 89
7 90
7 91
6 91
6 92
5 92
79 459
78 459
80 459
81 459
82 459
83 459
84 459
84 460
84 461
84 462
83 462
83 463
77 459
76 459
75 459
75 458
75 457
74 457
74 456
74 455
73 455
72 455
71 455
71 454
71 453
71 452
71 451
71 450
71 449
71 448
157 89
158 89
156 89
156 88
155 88
154 88
154 87
153 87
153 86
152 86
151 86
151 85
150 85
150 84
149 84
148 84
158 90
159 90
159 91
160 91
160 92
161 92
161 93
162 93
163 93
163 94
164 94
164 95
165 95
165 96
166 96
440 175
441 175
439 175
438 175
437 175
437 176
436 176
436 177
435 177
442 175
443 175
443 174
444 174
444 173
445 173
91 22
91 23
91 21
91 20
91 19
91 18
90 18
89 18
88 18
87 18
86 18
86 17
85 17
91 24
90 24
90 25
90 26
89 26
89 27
89 28
103 293
103 294
103 292
103 291
103 290
102 290
102 289
103 295
103 296
103 297
103 298
102 298
102 299
101 299
101 300
101 301
100 301
382 265
383 265
382 266
382 267
382 268
381 268
381 269
380 269
380 270
379 270
379 271
379 272
378 272
377 272
376 272
376 273
375 273
375 274
374 274
374 275
373 275
373 276
372 276
372 277
371 277
383 264
383 263
383 262
384 262
384 261
385 261
385 260
386 260
387 260
388 260
389 260
389 259
390 259
390 258
390 257
390 256
390 255
390 254
390 253
390 252
390 251
390 250
390 249
430 180
430 181
431 180
432 180
432 179
433 179
433 178
434 178
434 177
429 181
428 181
428 182
427 182
427 183
426 183
426 184
425 184
425 185
425 186
424 186
424 187
423 187
422 187
422 188
421 188
421 189
420 189
419 189
419 190
418 190
418 191
417 191
496 28
497 28
495 28
494 28
493 28
492 28
491 28
490 28
490 27
490 26
490 25
490 24
489 24
489 23
489 22
488 22
488 21
488 20
487 20
487 19
487 18
486 18
486 17
485 17
484 17
483 17
483 16
482 16
482 15
482 14
481 14
481 13
482 13
482 12
482 11
483 11
483 10
484 10
485 10
486 10
487 10
487 9
488 9
489 9
489 8
490 8
491 8
491 7
492 7
492 6
493 6
493 5
493 4
493 3
494 3
495 3
496 3
497 3
498 3
499 3
500 3
501 3
502 3
502 2
503 2
503 1
503 0
504 0
497 27
498 27
498 26
499 26
500 26
501 26
502 26
503 26
504 26
504 25
505 25
505 24
506 24
506 23
506 22
507 22
507 21
508 21
509 21
509 20
510 20
510 19
509 19
508 19
508 18
508 17
508 16
508 15
508 14
507 14
507 13
507 12
506 12
506 11
506 10
506 9
505 9
505 8
505 7
504 7
504 6
504 5
504 4
504 3
504 2
504 1
382 275
382 276
381 275
381 274
380 274
379 274
378 274
377 274
376 274
382 277
383 277
383 278
383 279
384 279
384 280
385 280
386 280
386 281
387 281
387 282
388 282
389 282
389 283
390 283
390 284
391 284
391 285
392 285
393 285
393 286
394 286
394 287
395 287
395 288
396 288
396 289
397 289
397 290
363 156
363 155
363 157
363 158
363 159
363 160
362 160
361 160
360 160
359 160
358 160
357 160
356 160
355 160
363 154
364 154
364 153
365 153
366 153
366 152
367 152
367 151
367 150
368 150
368 149
368 148
368 147
369 147
369 146
370 146
370 145
371 145
371 144
371 143
372 143
257 65
257 64
257 66
257 67
257 68
257 69
257 70
257 71
258 71
258 72
259 72
259 73
259 74
260 74
260 75
261 75
261 76
262 76
262 77
263 77
263 78
264 78
265 78
266 78
266 79
267 79
268 79
268 80
269 80
269 81
270 81
270 82
271 82
271 83
272 83
273 83
273 84
274 84
275 84
276 84
276 85
277 85
278 85
278 86
279 86
280 86
280 87
281 87
257 63
257 62
257 61
257 60
257 59
257 58
257 57
256 57
256 56
255 56
255 55
255 54
255 53
255 52
255 51
256 51
256 50
256 49
257 49
257 48
257 47
257 46
258 46
258 45
258 44
259 44
259 43
260 43
260 42
261 42
261 41
262 41
262 40
263 40
263 39
111 301
110 301
111 300
111 299
112 299
112 298
112 297
113 297
113 296
114 296
114 295
114 294
115 294
115 293
116 293
116 292
117 292
117 291
109 301
108 301
107 301
106 301
105 301
104 301
103 301
102 301
175 103
175 104
174 103
174 102
173 102
173 101
172 101
172 100
171 100
171 99
170 99
170 98
169 98
168 98
168 97
167 97
167 96
176 104
176 105
177 105
178 105
178 106
179 106
179 107
180 107
180 108
181 108
181 109
182 109
182 110
223 470
223 471
223 469
223 468
223 467
223 466
223 465
223 464
224 464
224 463
224 462
225 462
225 461
225 460
225 459
225 458
225 457
225 456
225 455
225 454
225 453
225 452
225 451
225 450
225 449
225 448
225 447
225 446
224 446
223 472
223 473
222 473
222 474
222 475
222 476
222 477
222 478
222 479
222 480
222 481
222 482
222 483
222 484
222 485
222 486
222 487
222 488
223 488
290 75
290 74
289 75
289 76
288 76
288 77
287 77
287 78
286 78
286 79
285 79
285 80
284 80
284 81
283 81
283 82
283 83
283 84
283 85
283 86
283 87
282 87
291 74
291 73
292 73
293 73
293 72
294 72
294 71
294 70
295 70
295 69
295 68
296 68
296 67
297 67
297 66
298 66
298 65
298 64
299 64
299 63
299 62
299 61
300 61
301 61
301 60
302 60
303 60
304 60
305 60
306 60
307 60
308 60
308 59
309 59
309 58
309 57
310 57
311 57
311 56
312 56
313 56
313 55
314 55
315 55
316 55
317 55
318 55
318 54
319 54
319 53
319 52
320 52
320 51
320 50
321 50
321 49
322 49
322 48
322 47
322 46
322 45
322 44
322 43
322 42
321 42
321 41
321 40
322 40
322 39
323 39
323 38
324 38
325 38
326 38
327 38
327 37
327 36
327 35
327 34
373 18
373 19
373 17
373 16
373 15
373 14
373 13
373 12
373 11
374 11
374 10
374 9
374 8
375 8
375 7
375 6
375 5
375 4
375 3
376 3
376 2
376 1
376 0
377 0
373 20
373 21
373 22
373 23
373 24
373 25
373 26
373 27
373 28
373 29
373 30
372 30
372 31
371 31
371 32
371 33
371 34
371 35
371 36
371 37
370 37
370 36
369 36
368 36
367 36
366 36
365 36
365 35
364 35
363 35
362 35
361 35
360 35
359 35
358 35
357 35
357 36
356 36
355 36
355 37
354 37
353 37
44 53
44 52
43 53
43 54
42 54
42 55
42 56
42 57
41 57
41 58
40 58
40 59
39 59
39 60
38 60
45 52
46 52
47 52
47 51
48 51
49 51
50 51
51 51
52 51
52 52
52 53
52 54
52 55
52 56
52 57
53 57
53 58
53 59
54 59
54 58
55 58
55 57
56 57
56 56
57 56
57 55
58 55
59 55
59 54
60 54
60 53
61 53
61 52
350 48
351 48
349 48
348 48
347 48
346 48
346 49
345 49
345 50
345 51
345 52
345 53
345 54
345 55
344 55
344 56
343 56
343 57
342 57
342 58
341 58
340 58
339 58
339 59
338 59
337 59
337 60
337 61
336 61
336 62
335 62
335 63
335 64
335 65
335 66
334 66
334 67
334 68
333 68
333 69
332 69
332 70
331 70
331 71
330 71
330 72
329 72
329 73
328 73
327 73
327 74
326 74
326 75
325 75
324 75
324 74
323 74
322 74
321 74
320 74
319 74
319 73
318 73
318 72
317 72
316 72
316 71
315 71
315 70
314 70
314 69
314 68
314 67
314 66
314 65
313 65
312 65
311 65
310 65
310 64
309 64
309 63
309 62
309 61
309 60
352 48
353 48
354 48
355 48
356 48
357 48
358 48
358 47
358 46
358 45
358 44
358 43
358 42
358 41
358 40
357 40
356 40
356 39
355 39
355 38
354 38
353 38
48 467
49 467
47 467
46 467
45 467
44 467
43 467
43 468
50 467
50 466
51 466
52 466
52 465
53 465
53 464
54 464
54 463
55 463
55 462
56 462
356 134
356 133
357 134
358 134
358 135
359 135
360 135
361 135
362 135
363 135
364 135
365 135
366 135
367 135
368 135
369 135
370 135
371 135
371 136
371 137
371 138
371 139
371 140
371 141
371 142
372 142
355 133
354 133
354 132
353 132
353 131
352 131
352 130
351 130
351 129
350 129
350 128
349 128
349 127
348 127
348 126
347 126
479 69
479 68
478 69
478 70
477 70
477 71
476 71
476 72
475 72
474 72
474 71
473 71
472 71
471 71
470 71
470 70
469 70
469 69
469 68
469 67
468 67
468 66
467 66
467 65
466 65
465 65
464 65
463 65
463 64
462 64
462 63
463 63
463 62
464 62
464 61
465 61
465 60
466 60
466 59
467 59
468 59
468 58
469 58
470 58
471 58
471 57
472 57
473 57
474 57
474 56
475 56
476 56
477 56
477 55
478 55
479 55
480 55
481 55
481 54
482 54
482 53
483 53
483 52
484 52
485 52
485 51
486 51
487 51
487 50
488 50
488 49
489 49
489 48
490 48
491 48
491 47
492 47
493 47
493 46
494 46
494 45
495 45
495 44
495 43
495 42
496 42
496 41
496 40
497 40
497 39
497 38
498 38
498 37
499 37
499 36
499 35
498 35
498 34
497 34
497 33
497 32
497 31
497 30
497 29
480 68
481 68
481 67
482 67
482 66
483 66
484 66
484 65
484 64
485 64
486 64
487 64
488 64
489 64
490 64
490 63
491 63
492 63
492 62
493 62
493 61
493 60
493 59
492 59
492 58
492 57
491 57
491 56
491 55
491 54
491 53
490 53
490 52
490 51
490 50
490 49
141 207
141 208
141 206
141 205
141 204
141 203
141 202
141 201
141 200
141 199
141 198
142 198
142 197
141 209
141 210
141 211
141 212
141 213
141 214
120 416
119 416
121 416
122 416
123 416
124 416
125 416
126 416
127 416
128 416
129 416
130 416
131 416
132 416
118 416
117 416
116 416
116 417
115 417
114 417
113 417
112 417
111 417
110 417
176 490
177 490
175 490
174 490
174 489
173 489
172 489
172 488
171 488
170 488
170 487
169 487
168 487
178 490
179 490
180 490
180 491
181 491
181 490
182 490
183 490
184 490
185 490
185 489
185 488
185 487
185 486
185 485
185 484
186 484
186 483
186 482
186 481
186 480
186 479
186 478
186 477
186 476
187 476
188 476
189 476
190 476
191 476
192 476
192 477
193 477
193 478
194 478
194 479
195 479
195 480
196 480
197 480
197 481
198 481
199 481
199 482
200 482
201 482
202 482
203 482
203 483
204 483
204 484
205 484
205 485
206 485
207 485
208 485
209 485
210 485
211 485
212 485
213 485
214 485
215 485
215 486
216 486
217 486
218 486
218 487
219 487
220 487
221 487
221 488
191 116
192 116
190 116
190 115
189 115
189 114
188 114
187 114
187 113
186 113
186 112
185 112
184 112
184 111
183 111
183 110
192 117
193 117
193 118
194 118
195 118
196 118
196 119
197 119
198 119
199 119
200 119
200 120
201 120
202 120
202 121
203 121
204 121
204 122
205 122
206 122
207 122
208 122
209 122
210 122
210 123
210 124
211 124
211 125
102 2
102 3
103 2
104 2
105 2
106 2
107 2
107 1
108 1
108 0
102 4
101 4
101 5
100 5
100 6
99 6
99 7
98 7
98 8
97 8
97 9
96 9
96 10
95 10
95 11
94 11
94 12
94 13
93 13
93 14
93 15
93 16
92 16
91 16
90 16
89 16
88 16
87 16
86 16
85 16
242 146
242 147
242 145
242 144
242 143
242 142
242 141
242 140
242 139
242 138
242 137
242 136
241 136
241 135
241 134
240 134
240 133
240 132
240 131
239 131
239 130
238 130
238 129
237 129
237 128
236 128
236 127
235 127
234 127
234 126
233 126
232 126
231 126
230 126
229 126
229 127
228 127
227 127
226 127
226 128
225 128
225 129
225 130
224 130
224 131
224 132
223 132
222 132
221 132
220 132
220 131
220 130
219 130
219 129
219 128
218 128
217 128
216 128
215 128
214 128
213 128
212 128
212 127
211 127
211 126
242 148
242 149
242 150
242 151
242 152
242 153
242 154
242 155
242 156
242 157
242 158
241 158
240 158
239 158
238 158
237 158
237 157
236 157
235 157
235 156
235 155
234 155
234 154
234 153
234 152
234 151
234 150
233 150
233 149
232 149
231 149
230 149
229 149
228 149
227 149
226 149
226 148
226 147
226 146
226 145
226 144
226 143
226 142
225 142
225 141
224 141
224 140
223 140
223 139
222 139
222 138
222 137
222 136
222 135
222 134
222 133
223 133
204 180
204 179
204 181
204 182
204 183
204 184
204 185
204 186
203 186
203 187
202 187
202 188
201 188
201 189
200 189
200 190
200 191
200 192
199 192
199 193
199 194
199 195
198 195
198 196
197 196
197 197
197 198
196 198
196 199
196 200
196 201
196 202
196 203
196 204
196 205
196 206
196 207
195 207
195 208
194 208
193 208
192 208
192 209
191 209
190 209
190 210
189 210
188 210
188 211
187 211
187 212
186 212
185 212
184 212
184 213
183 213
182 213
181 213
181 214
180 214
179 214
179 215
178 215
177 215
176 215
175 215
175 216
174 216
173 216
172 216
171 216
171 217
170 217
169 217
204 178
204 177
204 176
204 175
204 174
204 173
205 173
206 173
206 172
207 172
208 172
209 172
210 172
211 172
212 172
213 172
214 172
215 172
215 171
216 171
216 170
217 170
217 169
217 168
218 168
218 167
219 167
220 167
221 167
222 167
223 167
224 167
225 167
226 167
227 167
228 167
229 167
229 168
230 168
230 169
231 169
232 169
233 169
234 169
235 169
236 169
236 168
237 168
237 167
238 167
239 167
240 167
241 167
241 166
241 165
241 164
241 163
241 162
241 161
241 160
241 159
42 243
43 243
42 244
41 244
41 245
40 245
40 246
40 247
40 248
40 249
39 249
39 250
39 251
39 252
38 252
38 253
37 253
37 254
36 254
36 255
35 255
35 256
35 257
35 258
35 259
35 260
35 261
35 262
35 263
36 263
37 263
37 264
43 242
44 242
44 241
45 241
45 240
46 240
46 239
46 238
46 237
46 236
45 236
45 235
44 235
43 235
42 235
41 235
40 235
39 235
38 235
38 234
37 234
37 233
36 233
36 232
36 231
36 230
36 229
36 228
36 227
36 226
35 226
35 225
237 278
236 278
237 277
237 276
237 275
237 274
237 273
238 273
238 272
238 271
239 271
239 270
239 269
240 269
240 268
236 279
236 280
236 281
235 281
235 282
235 283
235 284
234 284
234 285
234 286
233 286
233 287
232 287
232 288
232 289
231 289
231 290
231 291
230 291
230 292
230 293
230 294
230 295
230 296
342 259
343 259
341 259
340 259
339 259
338 259
337 259
337 258
337 257
337 256
343 260
344 260
344 261
345 261
345 262
346 262
346 263
347 263
347 264
347 265
348 265
348 266
348 267
349 267
349 268
81 495
81 494
81 496
81 497
82 497
83 497
83 498
84 498
84 499
85 499
81 493
81 492
82 492
82 491
83 491
83 490
83 489
83 488
82 488
82 487
82 486
81 486
81 485
80 485
80 484
79 484
78 484
77 484
77 483
77 482
77 481
77 480
77 479
77 478
77 477
77 476
77 475
77 474
78 474
78 473
78 472
79 472
79 471
80 471
80 470
80 469
80 468
81 468
81 467
81 466
82 466
82 465
82 464
83 464
103 251
102 251
104 251
104 250
105 250
106 250
106 249
107 249
108 249
108 248
109 248
110 248
111 248
112 248
113 248
114 248
114 247
115 247
115 246
116 246
117 246
117 245
117 244
117 243
117 242
117 241
117 240
117 239
117 238
117 237
116 237
116 236
115 236
114 236
114 235
113 235
112 235
112 234
111 234
110 234
109 234
108 234
107 234
106 234
106 233
105 233
104 233
103 233
103 232
103 231
103 230
103 229
103 228
103 227
103 226
103 225
102 225
102 224
101 224
101 223
100 223
99 223
98 223
97 223
96 223
95 223
94 223
94 224
93 224
93 223
93 222
93 221
93 220
93 219
93 218
93 217
93 216
93 215
93 214
93 213
92 213
91 213
90 213
89 213
101 251
100 251
99 251
98 251
97 251
97 252
96 252
95 252
94 252
93 252
93 253
92 253
91 253
91 254
90 254
89 254
89 255
88 255
88 256
87 256
87 257
87 258
87 259
87 260
87 261
87 262
5 101
5 102
5 100
4 100
4 99
3 99
3 98
3 97
3 96
3 95
3 94
3 93
4 93
4 92
5 103
5 104
5 105
5 106
5 107
5 108
5 109
5 110
6 110
480 32
479 32
481 32
482 32
483 32
484 32
484 31
485 31
485 30
486 30
486 29
487 29
488 29
489 29
489 28
478 32
477 32
476 32
475 32
475 31
474 31
473 31
472 31
471 31
470 31
469 31
469 30
469 29
468 29
468 28
468 27
468 26
469 26
469 25
469 24
470 24
470 23
470 22
471 22
471 21
471 20
472 20
472 19
473 19
473 18
474 18
475 18
476 18
477 18
478 18
479 18
480 18
480 17
481 17
481 16
160 372
160 371
159 372
158 372
157 372
157 373
156 373
156 374
156 375
155 375
155 376
155 377
155 378
155 379
155 380
155 381
155 382
155 383
156 383
156 384
156 385
156 386
156 387
155 387
155 388
154 388
153 388
153 389
152 389
152 390
151 390
151 391
150 391
149 391
149 392
148 392
147 392
146 392
145 392
145 393
145 394
145 395
145 396
145 397
145 398
145 399
145 400
145 401
144 401
144 402
144 403
144 404
143 404
143 405
143 406
143 407
143 408
143 409
143 410
142 410
142 411
141 411
141 412
140 412
139 412
139 413
138 413
137 413
137 414
136 414
135 414
135 415
134 415
133 415
132 415
161 371
162 371
163 371
164 371
165 371
166 371
167 371
168 371
169 371
170 371
170 372
171 372
171 373
171 374
171 375
171 376
171 377
171 378
171 379
171 380
171 381
171 382
171 383
171 384
171 385
171 386
171 387
171 388
170 388
169 388
169 389
168 389
167 389
166 389
165 389
164 389
163 389
162 389
161 389
160 389
159 389
159 388
158 388
158 387
157 387
157 386
157 385
371 335
372 335
370 335
370 334
369 334
369 333
368 333
367 333
367 332
366 332
366 331
366 330
365 330
365 329
364 329
364 328
363 328
363 327
363 326
362 326
362 325
361 325
361 324
360 324
360 323
359 323
358 323
357 323
357 322
356 322
355 322
354 322
354 321
353 321
353 320
353 319
352 319
352 318
351 318
351 317
351 316
351 315
351 314
351 313
352 313
352 312
352 311
353 311
353 310
354 310
354 309
355 309
355 308
355 307
355 306
356 306
356 305
357 305
357 304
358 304
358 303
359 303
359 302
360 302
360 301
361 301
361 300
362 300
363 300
364 300
365 300
366 300
367 300
368 300
369 300
370 300
371 300
372 300
373 300
373 299
374 299
374 298
375 298
375 297
376 297
376 296
377 296
377 295
378 295
378 294
378 293
379 293
379 292
379 291
380 291
380 290
380 289
380 288
381 288
381 287
382 287
382 286
382 285
383 285
383 284
384 284
385 284
386 284
387 284
388 284
389 284
373 335
374 335
375 335
375 334
376 334
376 333
376 332
377 332
377 331
377 330
377 329
377 328
377 327
377 326
377 325
377 324
377 323
377 322
377 321
377 320
377 319
377 318
376 318
376 317
375 317
375 316
374 316
373 316
373 315
372 315
372 314
371 314
371 313
371 312
371 311
371 310
371 309
371 308
371 307
371 306
371 305
372 305
372 304
372 303
372 302
372 301
193 423
194 423
192 423
191 423
190 423
190 422
189 422
189 421
188 421
195 423
196 423
196 424
196 425
197 425
197 426
197 427
198 427
199 427
200 427
201 427
202 427
203 427
204 427
205 427
206 427
206 428
206 429
206 430
207 430
207 431
208 431
208 432
209 432
209 433
210 433
210 434
211 434
211 435
211 436
211 437
211 438
211 439
211 440
211 441
211 442
212 442
212 441
213 441
214 441
215 441
216 441
217 441
218 441
219 441
219 440
220 440
221 440
222 440
223 440
223 441
223 442
223 443
223 444
223 445
224 445
409 263
408 263
410 263
411 263
412 263
413 263
414 263
415 263
416 263
416 262
417 262
417 261
417 260
418 260
407 263
406 263
405 263
404 263
403 263
402 263
401 263
400 263
399 263
398 263
397 263
396 263
395 263
394 263
394 262
393 262
393 261
393 260
392 260
392 259
391 259
391 258
391 257
391 256
391 255
391 254
391 253
391 252
391 251
391 250
391 249
80 258
81 258
79 258
78 258
77 258
76 258
76 257
75 257
74 257
73 257
72 257
71 257
70 257
70 256
69 256
82 258
83 258
84 258
85 258
86 258
86 259
86 260
84 51
85 51
83 51
82 51
82 52
81 52
80 52
79 52
78 52
77 52
76 52
75 52
74 52
73 52
73 51
72 51
72 50
86 51
87 51
88 51
89 51
89 50
90 50
90 49
89 49
89 48
88 48
88 47
88 46
88 45
88 44
88 43
87 43
87 42
87 41
87 40
87 39
87 38
87 37
87 36
87 35
87 34
87 33
87 32
87 31
88 31
88 30
88 29
88 28
250 27
250 26
249 27
249 28
248 28
248 29
248 30
248 31
248 32
248 33
248 34
248 35
248 36
248 37
249 37
250 37
251 37
251 38
252 38
253 38
253 39
254 39
254 40
255 40
256 40
257 40
258 40
259 40
260 40
261 40
251 26
251 25
252 25
252 24
252 23
252 22
253 22
253 21
254 21
254 20
255 20
255 19
436 84
435 84
436 85
437 85
438 85
439 85
440 85
441 85
442 85
443 85
444 85
445 85
446 85
447 85
448 85
448 84
449 84
449 83
450 83
450 82
451 82
451 81
452 81
452 80
453 80
453 79
454 79
454 78
454 77
454 76
454 75
455 75
455 74
456 74
456 73
457 73
458 73
458 72
459 72
459 71
460 71
460 70
461 70
461 69
461 68
461 67
461 66
462 66
462 65
434 84
434 83
434 82
433 82
433 81
432 81
432 80
431 80
431 79
430 79
430 78
429 78
256 134
255 134
257 134
258 134
259 134
260 134
261 134
261 133
262 133
263 133
264 133
265 133
265 132
266 132
267 132
268 132
269 132
270 132
271 132
272 132
272 131
273 131
273 130
274 130
275 130
275 129
276 129
277 129
277 128
278 128
279 128
280 128
280 127
281 127
281 126
281 125
281 124
281 123
281 122
281 121
280 121
280 120
280 119
279 119
279 118
278 118
278 117
278 116
278 115
278 114
278 113
278 112
278 111
278 110
279 110
280 110
280 109
281 109
282 109
282 108
283 108
283 107
284 107
284 106
284 105
284 104
284 103
284 102
284 101
284 100
284 99
284 98
284 97
284 96
284 95
284 94
284 93
284 92
284 91
284 90
284 89
284 88
283 88
282 88
254 134
253 134
252 134
251 134
250 134
249 134
248 134
247 134
246 134
245 134
244 134
243 134
242 134
355 265
354 265
356 265
357 265
358 265
359 265
360 265
361 265
362 265
363 265
364 265
365 265
366 265
367 265
368 265
369 265
370 265
371 265
372 265
373 265
374 265
375 265
375 264
375 263
375 262
376 262
376 263
376 264
376 265
376 266
376 267
377 267
377 268
378 268
379 268
380 268
353 265
352 265
351 265
351 266
350 266
350 267
350 268
0 420
0 421
0 419
0 418
0 417
0 416
0 415
0 414
0 413
0 412
0 411
0 410
0 409
0 408
0 407
0 406
0 405
0 404
0 403
0 402
0 401
0 400
0 399
0 398
0 397
0 396
1 396
2 396
2 395
3 395
4 395
4 394
4 393
5 393
6 393
7 393
8 393
9 393
10 393
11 393
12 393
13 393
14 393
15 393
16 393
16 392
17 392
17 391
18 391
18 390
19 390
20 390
20 389
21 389
21 388
22 388
22 387
23 387
23 386
22 386
22 385
22 384
21 384
21 383
21 382
20 382
20 381
19 381
19 380
18 380
18 379
18 378
18 377
18 376
18 375
18 374
18 373
18 372
18 371
18 370
18 369
18 368
18 367
18 366
19 366
19 365
19 364
20 364
20 365
21 365
21 366
22 366
23 366
24 366
25 366
26 366
26 365
0 422
0 423
0 424
0 425
0 426
1 426
2 426
3 426
4 426
5 426
5 427
6 427
6 428
7 428
8 428
8 429
9 429
10 429
10 430
11 430
12 430
12 431
13 431
14 431
14 432
15 432
15 433
16 433
16 434
16 435
16 436
16 437
16 438
16 439
16 440
16 441
17 441
17 442
17 443
17 444
17 445
17 446
17 447
17 448
17 449
16 449
16 450
15 450
15 451
14 451
14 452
14 453
13 453
222 187
221 187
223 187
224 187
225 187
226 187
226 186
227 186
227 185
227 184
228 184
228 183
229 183
229 182
230 182
230 181
231 181
231 180
231 179
231 178
232 178
233 178
234 178
235 178
235 177
236 177
236 176
237 176
237 175
236 175
236 174
236 173
236 172
236 171
236 170
221 188
220 188
220 189
219 189
219 190
218 190
218 191
218 192
218 193
218 194
218 195
218 196
218 197
218 198
218 199
218 200
218 201
218 202
218 203
217 203
216 203
215 203
214 203
213 203
212 203
211 203
210 203
210 204
209 204
208 204
208 205
207 205
207 206
206 206
206 207
205 207
205 208
204 208
203 208
202 208
201 208
200 208
199 208
198 208
197 208
196 208
221 262
222 262
220 262
220 261
219 261
219 260
218 260
218 259
217 259
217 258
217 257
216 257
216 256
215 256
215 255
214 255
214 254
214 253
214 252
214 251
214 250
214 249
214 248
215 248
215 247
215 246
216 246
217 246
217 245
218 245
219 245
219 244
220 244
220 243
220 242
220 241
220 240
221 240
221 239
221 238
221 237
221 236
221 235
221 234
221 233
222 233
222 232
223 232
223 231
223 230
223 229
223 228
223 227
223 226
223 225
223 224
223 223
223 222
223 221
224 221
224 220
223 220
223 219
223 218
223 217
223 216
224 216
224 215
225 215
225 214
225 213
226 213
226 212
226 211
227 211
227 210
227 209
227 208
227 207
226 207
226 206
225 206
225 205
224 205
224 204
223 204
222 204
222 203
221 203
220 203
219 203
222 263
222 264
223 264
223 265
224 265
224 266
225 266
225 267
226 267
226 268
227 268
227 269
227 270
227 271
228 271
228 272
228 273
228 274
228 275
228 276
228 277
228 278
228 279
228 280
228 281
228 282
228 283
228 284
228 285
228 286
229 286
229 287
230 287
231 287
10 327
10 328
9 327
9 326
9 325
8 325
8 324
7 324
6 324
5 324
4 324
3 324
2 324
1 324
0 324
0 323
0 322
10 329
10 330
11 330
12 330
12 331
13 331
13 332
14 332
15 332
15 333
15 334
16 334
16 335
16 336
17 336
17 337
17 338
17 339
17 340
17 341
17 342
17 343
16 343
15 343
15 344
14 344
13 344
13 345
12 345
12 346
11 346
11 347
11 348
10 348
10 349
10 350
10 351
10 352
10 353
10 354
10 355
10 356
11 356
11 357
12 357
13 357
13 358
14 358
14 359
14 360
15 360
15 361
16 361
17 361
17 362
18 362
18 363
19 363
190 71
189 71
190 72
190 73
191 73
192 73
193 73
194 73
195 73
196 73
196 74
197 74
198 74
199 74
200 74
200 75
201 75
201 76
201 77
201 78
201 79
201 80
200 80
200 81
200 82
200 83
199 83
199 84
199 85
198 85
198 86
198 87
199 87
200 87
201 87
202 87
203 87
204 87
204 88
205 88
206 88
207 88
208 88
209 88
210 88
211 88
212 88
212 89
212 90
212 91
212 92
212 93
213 93
213 94
212 94
212 95
211 95
211 96
211 97
210 97
210 98
210 99
209 99
209 100
208 100
208 101
208 102
208 103
208 104
208 105
208 106
208 107
209 107
210 107
211 107
212 107
213 107
214 107
215 107
215 108
216 108
217 108
217 109
218 109
219 109
219 110
220 110
220 111
221 111
221 112
220 112
220 113
220 114
219 114
219 115
219 116
218 116
218 117
217 117
217 118
216 118
216 119
215 119
215 120
214 120
214 121
213 121
213 122
212 122
212 123
211 123
189 70
189 69
189 68
188 68
188 67
188 66
188 65
187 65
187 64
186 64
185 64
184 64
184 63
183 63
183 62
182 62
182 61
182 60
182 59
183 59
183 58
184 58
185 58
185 57
186 57
186 56
187 56
188 56
189 56
190 56
191 56
192 56
193 56
194 56
195 56
196 56
197 56
198 56
198 57
248 119
248 120
248 118
248 117
248 116
247 116
246 116
246 115
245 115
245 114
244 114
244 113
243 113
243 112
242 112
242 111
241 111
241 110
241 109
240 109
239 109
238 109
237 109
237 110
236 110
236 111
236 112
235 112
235 113
234 113
234 114
233 114
233 115
232 115
232 116
231 116
231 117
231 118
231 119
230 119
230 120
230 121
229 121
229 122
230 122
230 123
230 124
231 124
231 125
232 125
248 121
248 122
248 123
248 124
248 125
248 126
247 126
247 127
247 128
246 128
245 128
245 129
244 129
244 130
243 130
242 130
241 130
241 131
241 132
241 133
251 84
250 84
251 83
252 83
252 82
252 81
253 81
253 80
253 79
253 78
253 77
253 76
253 75
253 74
254 74
255 74
256 74
256 73
257 73
258 73
250 85
249 85
249 86
249 87
248 87
248 88
248 89
248 90
247 90
246 90
246 91
245 91
245 90
244 90
243 90
242 90
242 91
241 91
241 92
241 93
241 94
240 94
240 95
239 95
239 96
238 96
237 96
236 96
236 97
235 97
234 97
234 98
233 98
233 99
232 99
232 100
231 100
231 101
230 101
230 102
229 102
229 103
228 103
227 103
227 104
226 104
226 105
225 105
225 106
224 106
224 107
223 107
223 108
223 109
222 109
222 110
221 110
70 268
71 268
69 268
69 269
68 269
68 270
68 271
68 272
68 273
67 273
66 273
65 273
64 273
63 273
62 273
61 273
60 273
59 273
58 273
57 273
57 272
56 272
55 272
54 272
53 272
52 272
52 271
51 271
50 271
50 270
49 270
49 269
48 269
48 268
47 268
47 267
46 267
45 267
45 266
44 266
43 266
42 266
42 265
41 265
40 265
39 265
38 265
38 264
71 267
72 267
72 266
73 266
74 266
75 266
76 266
77 266
78 266
79 266
80 266
81 266
82 266
83 266
83 265
84 265
84 264
85 264
85 263
86 263
87 263
338 329
339 329
337 329
336 329
335 329
335 330
334 330
333 330
332 330
331 330
330 330
329 330
328 330
327 330
326 330
325 330
324 330
324 329
323 329
323 328
323 327
322 327
322 326
322 325
321 325
320 325
319 325
319 324
318 324
318 323
318 322
318 321
318 320
317 320
317 319
317 318
317 317
317 316
316 316
316 315
316 314
339 328
340 328
340 327
341 327
341 326
342 326
342 325
343 325
344 325
345 325
346 325
347 325
348 325
349 325
350 325
351 325
351 324
351 323
351 322
351 321
351 320
351 319
7 288
7 289
7 287
7 286
7 285
8 285
8 284
9 284
9 283
10 283
11 283
12 283
13 283
13 282
13 281
13 280
13 279
13 278
12 278
12 277
12 276
12 275
12 274
12 273
11 273
11 272
10 272
10 271
9 271
8 271
7 271
6 271
6 270
6 269
5 269
5 268
5 267
5 266
6 266
6 265
6 264
6 263
7 263
7 262
8 262
9 262
9 261
10 261
10 260
11 260
12 260
12 259
13 259
14 259
15 259
16 259
17 259
17 258
18 258
19 258
20 258
21 258
21 259
22 259
23 259
24 259
25 259
25 260
26 260
27 260
27 261
28 261
28 262
29 262
30 262
31 262
32 262
33 262
34 262
7 290
7 291
7 292
6 292
6 293
5 293
4 293
4 294
3 294
3 295
3 296
2 296
2 297
1 297
0 297
0 298
0 299
0 300
0 301
0 302
0 303
0 304
0 305
0 306
0 307
0 308
0 309
0 310
0 311
0 312
0 313
0 314
0 315
0 316
0 317
0 318
0 319
0 320
0 321
292 132
293 132
291 132
290 132
289 132
288 132
287 132
286 132
285 132
285 131
284 131
284 130
283 130
282 130
281 130
280 130
279 130
278 130
277 130
294 132
295 132
296 132
297 132
298 132
299 132
300 132
202 455
202 454
202 456
202 457
202 458
202 459
202 460
202 461
202 462
202 463
201 463
201 464
200 464
200 465
200 466
199 466
199 467
199 468
198 468
198 469
198 470
197 470
196 470
196 471
195 471
195 472
195 473
194 473
194 474
194 475
193 475
193 476
202 453
202 452
202 451
202 450
201 450
201 449
202 449
203 449
203 448
204 448
204 447
205 447
205 446
206 446
206 445
207 445
207 444
208 444
209 444
209 443
210 443
211 443
187 86
186 86
188 86
189 86
190 86
191 86
192 86
192 85
192 84
193 84
194 84
195 84
196 84
197 84
197 85
185 86
184 86
183 86
182 86
182 87
181 87
181 88
180 88
180 89
180 90
179 90
179 91
178 91
177 91
177 92
176 92
175 92
174 92
174 93
173 93
172 93
172 94
171 94
170 94
170 95
169 95
168 95
167 95
320 396
319 396
321 396
321 395
322 395
322 394
323 394
323 393
324 393
324 392
325 392
325 391
326 391
326 390
326 389
325 389
325 388
324 388
323 388
323 387
322 387
321 387
321 386
320 386
319 386
319 385
318 385
318 384
317 384
317 383
317 382
316 382
316 381
315 381
315 380
315 379
315 378
315 377
315 376
315 375
316 375
316 374
316 373
316 372
316 371
317 371
317 370
318 370
319 370
319 369
320 369
321 369
321 368
322 368
323 368
323 367
324 367
325 367
325 366
326 366
326 365
327 365
328 365
329 365
330 365
331 365
332 365
333 365
333 364
334 364
334 363
335 363
335 362
336 362
337 362
337 361
338 361
339 361
340 361
340 360
341 360
342 360
342 359
343 359
343 358
344 358
344 357
344 356
345 356
345 355
346 355
347 355
348 355
349 355
350 355
351 355
352 355
353 355
354 355
354 354
355 354
356 354
357 354
358 354
359 354
359 353
359 352
359 351
359 350
359 349
360 349
361 349
362 349
363 349
364 349
365 349
365 348
366 348
367 348
368 348
369 348
370 348
371 348
372 348
373 348
374 348
375 348
376 348
377 348
378 348
378 347
377 347
377 346
377 345
377 344
377 343
377 342
377 341
377 340
377 339
377 338
376 338
376 337
375 337
375 336
319 397
318 397
318 398
317 398
317 399
317 400
317 401
317 402
316 402
316 403
316 404
315 404
315 405
315 406
314 406
314 407
314 408
314 409
314 410
314 411
314 412
314 413
314 414
314 415
314 416
314 417
313 417
313 418
313 419
312 419
312 420
312 421
312 422
312 423
312 424
312 425
312 426
312 427
312 428
312 429
312 430
312 431
312 432
312 433
311 433
311 434
310 434
309 434
309 435
308 435
308 436
307 436
306 436
306 437
306 438
306 439
306 440
306 441
306 442
307 442
307 443
307 444
307 445
308 445
308 446
308 447
308 448
308 449
308 450
308 451
307 451
307 452
307 453
306 453
306 454
305 454
304 454
303 454
302 454
301 454
301 455
300 455
300 456
300 457
299 457
298 457
297 457
296 457
295 457
294 457
293 457
292 457
292 458
84 146
85 146
83 146
82 146
81 146
80 146
79 146
78 146
77 146
76 146
76 145
75 145
74 145
73 145
72 145
72 146
71 146
71 147
71 148
70 148
69 148
69 149
68 149
67 149
67 150
66 150
65 150
65 151
64 151
63 151
63 152
62 152
61 152
61 153
60 153
59 153
58 153
57 153
56 153
55 153
54 153
53 153
53 152
52 152
52 151
52 150
51 150
51 149
50 149
50 148
49 148
86 146
87 146
87 147
88 147
88 148
88 149
88 150
88 151
88 152
88 153
89 153
89 154
90 154
90 155
91 155
91 156
91 157
91 158
91 159
91 160
92 160
93 160
94 160
95 160
95 161
95 162
95 163
95 164
95 165
96 165
96 166
96 167
96 168
97 168
97 169
97 170
97 171
97 172
98 172
98 173
97 173
97 174
96 174
96 175
95 175
95 176
95 177
95 178
95 179
95 180
96 180
96 181
96 182
96 183
96 184
96 185
96 186
97 186
98 186
98 187
99 187
99 188
99 189
99 190
99 191
99 192
99 193
99 194
99 195
99 196
99 197
98 197
97 197
96 197
95 197
94 197
93 197
92 197
92 198
91 198
91 199
90 199
90 200
90 201
89 201
89 202
89 203
89 204
89 205
89 206
89 207
89 208
89 209
89 210
89 211
395 70
394 70
396 70
396 71
397 71
397 72
398 72
398 73
399 73
400 73
401 73
401 74
402 74
402 75
403 75
403 76
403 77
403 78
403 79
403 80
404 80
404 81
393 70
392 70
391 70
390 70
389 70
389 71
388 71
387 71
387 72
386 72
385 72
385 73
384 73
383 73
383 74
382 74
381 74
380 74
379 74
378 74
377 74
377 73
376 73
376 72
376 71
376 70
376 69
375 69
375 68
374 68
374 67
374 66
373 66
373 67
372 67
371 67
370 67
369 67
368 67
367 67
366 67
365 67
364 67
363 67
363 66
362 66
361 66
361 65
360 65
359 65
359 64
359 63
359 62
359 61
359 60
359 59
359 58
359 57
359 56
359 55
359 54
359 53
359 52
360 52
360 51
360 50
360 49
359 49
359 48
274 49
275 49
274 50
273 50
273 51
272 51
271 51
270 51
269 51
268 51
267 51
267 52
266 52
266 51
265 51
265 50
264 50
263 50
263 49
262 49
261 49
260 49
259 49
259 48
259 47
259 46
259 45
275 48
276 48
276 47
277 47
277 46
278 46
279 46
279 45
280 45
280 44
281 44
282 44
283 44
284 44
285 44
286 44
287 44
288 44
288 45
288 46
288 47
289 47
289 48
289 49
290 49
290 50
291 50
291 51
292 51
292 52
291 52
291 53
291 54
291 55
292 55
292 56
293 56
293 57
294 57
294 58
295 58
296 58
296 59
297 59
298 59
298 60
299 60
300 60
221 313
221 312
221 314
221 315
221 316
221 317
221 318
221 319
220 319
220 320
219 320
219 321
218 321
218 322
217 322
216 322
215 322
215 323
214 323
214 324
214 325
214 326
214 327
214 328
214 329
214 330
214 331
214 332
214 333
214 334
214 335
214 336
214 337
214 338
213 338
213 339
213 340
213 341
213 342
213 343
213 344
213 345
213 346
213 347
213 348
214 348
214 349
214 350
215 350
215 351
215 352
215 353
214 353
214 354
213 354
213 355
212 355
211 355
210 355
209 355
208 355
207 355
206 355
205 355
204 355
203 355
202 355
202 356
201 356
201 357
200 357
199 357
198 357
197 357
197 358
196 358
196 359
195 359
194 359
194 360
193 360
192 360
192 361
191 361
190 361
190 362
189 362
189 363
188 363
188 364
187 364
186 364
186 365
185 365
184 365
184 366
183 366
182 366
182 367
181 367
180 367
180 368
179 368
179 369
178 369
177 369
176 369
175 369
174 369
174 368
174 367
174 366
173 366
173 365
172 365
172 366
172 367
172 368
172 369
172 370
172 371
172 372
221 311
221 310
221 309
221 308
220 308
220 307
219 307
218 307
218 306
218 305
218 304
218 303
218 302
217 302
217 301
217 300
218 300
219 300
220 300
221 300
222 300
223 300
224 300
225 300
225 299
226 299
227 299
228 299
228 298
229 298
229 297
230 297
91 139
90 139
92 139
92 138
93 138
94 138
95 138
95 137
96 137
97 137
98 137
99 137
100 137
101 137
101 138
102 138
102 139
103 139
103 140
103 141
104 141
104 142
105 142
105 143
105 144
105 145
105 146
106 146
106 147
105 147
105 148
104 148
104 149
104 150
104 151
104 152
104 153
103 153
103 154
102 154
101 154
100 154
100 155
99 155
98 155
98 156
98 157
97 157
97 158
96 158
96 159
95 159
90 140
89 140
89 141
89 142
88 142
88 143
88 144
88 145
88 146
204 60
205 60
204 59
203 59
202 59
201 59
201 58
200 58
199 58
199 57
205 61
205 62
206 62
206 63
207 63
207 64
208 64
209 64
209 65
210 65
210 66
210 67
210 68
210 69
210 70
210 71
210 72
211 72
211 73
212 73
212 74
213 74
214 74
214 75
215 75
216 75
216 76
217 76
217 77
217 78
218 78
218 79
218 80
219 80
219 81
220 81
220 82
220 83
220 84
219 84
218 84
217 84
216 84
216 85
215 85
215 86
214 86
214 87
213 87
213 88
410 71
409 71
411 71
412 71
413 71
414 71
415 71
415 72
416 72
416 73
417 73
417 74
418 74
418 75
419 75
420 75
421 75
422 75
423 75
424 75
425 75
426 75
427 75
427 76
427 77
428 77
428 78
408 71
407 71
406 71
405 71
404 71
403 71
402 71
402 72
401 72
187 409
187 410
187 408
186 408
185 408
184 408
183 408
182 408
181 408
180 408
179 408
178 408
177 408
176 408
175 408
175 407
175 406
174 406
173 406
172 406
171 406
170 406
169 406
169 405
169 404
169 403
169 402
169 401
169 400
169 399
169 398
169 397
169 396
169 395
169 394
169 393
169 392
168 392
168 391
168 390
187 411
187 412
187 413
187 414
187 415
187 416
187 417
187 418
187 419
188 419
188 420
98 46
97 46
99 46
99 45
100 45
100 44
101 44
101 43
102 43
102 42
96 46
95 46
94 46
94 47
93 47
92 47
92 48
91 48
91 49
119 272
119 273
119 271
119 270
119 269
119 268
119 267
119 266
120 266
121 266
121 265
122 265
122 264
122 263
123 263
123 262
124 262
124 261
125 261
126 261
126 260
127 260
127 259
128 259
129 259
129 258
130 258
130 257
131 257
131 256
132 256
132 255
132 254
132 253
133 253
133 252
132 252
132 251
131 251
131 250
130 250
129 250
129 249
128 249
127 249
127 248
127 247
127 246
127 245
127 244
126 244
126 243
126 242
126 241
126 240
125 240
125 241
125 242
124 242
124 243
123 243
122 243
122 242
121 242
120 242
119 242
119 241
118 241
118 240
118 239
118 238
119 274
118 274
118 275
117 275
117 276
116 276
116 277
116 278
116 279
116 280
116 281
116 282
116 283
116 284
116 285
116 286
116 287
116 288
116 289
116 290
116 291
137 119
138 119
136 119
135 119
134 119
133 119
132 119
131 119
130 119
129 119
128 119
127 119
127 118
126 118
126 117
125 117
125 116
124 116
123 116
123 115
122 115
121 115
120 115
119 115
118 115
117 115
116 115
115 115
115 116
115 117
114 117
114 118
114 119
114 120
114 121
114 122
114 123
114 124
114 125
115 125
115 126
115 127
115 128
116 128
116 129
116 130
116 131
116 132
116 133
116 134
116 135
116 136
115 136
115 137
115 138
115 139
115 140
115 141
114 141
113 141
113 142
112 142
112 143
111 143
111 144
110 144
110 145
109 145
109 146
108 146
107 146
139 119
140 119
141 119
142 119
142 118
143 118
143 117
143 116
144 116
144 115
144 114
144 113
145 113
145 112
146 112
146 111
147 111
148 111
148 110
149 110
149 109
150 109
151 109
152 109
152 108
153 108
154 108
154 107
154 106
155 106
155 105
155 104
156 104
157 104
157 103
158 103
159 103
160 103
160 102
160 101
160 100
160 99
160 98
160 97
161 97
161 96
162 96
162 95
163 95
104 431
105 431
104 432
104 433
104 434
104 435
104 436
103 436
102 436
102 437
101 437
100 437
99 437
99 438
98 438
97 438
97 439
97 440
96 440
96 441
96 442
95 442
95 443
94 443
94 444
93 444
93 445
92 445
92 446
92 447
91 447
91 448
91 449
90 449
90 450
90 451
89 451
89 452
89 453
88 453
88 454
88 455
87 455
87 456
86 456
86 457
86 458
85 458
85 459
85 460
105 430
106 430
106 429
107 429
108 429
109 429
110 429
111 429
112 429
112 428
112 427
113 427
113 426
114 426
114 425
114 424
114 423
114 422
114 421
114 420
114 419
113 419
113 418
112 418
111 418
110 418
389 437
389 438
390 437
390 436
391 436
391 435
392 435
392 434
392 433
393 433
393 432
393 431
393 430
393 429
394 429
394 428
394 427
394 426
395 426
395 425
395 424
395 423
395 422
395 421
396 421
396 420
396 419
396 418
397 418
397 417
397 416
398 416
398 415
388 438
387 438
386 438
386 439
385 439
384 439
384 440
383 440
383 441
383 442
383 443
383 444
383 445
383 446
383 447
383 448
383 449
384 449
384 450
385 450
327 110
328 110
326 110
325 110
324 110
323 110
322 110
321 110
320 110
320 109
319 109
318 109
318 108
317 108
317 107
316 107
316 106
315 106
315 105
314 105
314 104
313 104
313 103
313 102
312 102
312 101
312 100
311 100
311 99
310 99
310 98
309 98
309 97
308 97
308 96
307 96
306 96
306 95
305 95
304 95
303 95
303 94
302 94
301 94
301 93
300 93
299 93
298 93
297 93
296 93
295 93
294 93
293 93
293 92
292 92
291 92
291 91
290 91
289 91
288 91
288 90
287 90
286 90
286 89
285 89
329 110
330 110
331 110
331 111
332 111
333 111
333 112
333 113
334 113
334 114
335 114
335 115
336 115
337 115
337 116
338 116
338 117
339 117
340 117
340 118
340 119
341 119
341 120
342 120
342 121
343 121
343 122
344 122
344 123
345 123
345 124
346 124
346 125
347 125
62 81
62 80
62 82
62 83
62 84
62 85
62 86
62 87
62 88
62 89
62 90
62 91
61 91
61 92
61 93
61 94
62 79
62 78
62 77
62 76
62 75
62 74
62 73
62 72
62 71
62 70
61 70
61 69
61 68
61 67
61 66
61 65
60 65
60 64
60 63
60 62
60 61
60 60
60 59
60 58
60 57
60 56
60 55
28 79
28 78
29 79
30 79
30 80
31 80
32 80
32 81
33 81
33 80
34 80
35 80
35 79
35 78
35 77
35 76
35 75
35 74
35 73
35 72
35 71
34 71
34 70
33 70
33 69
34 69
35 69
35 68
36 68
36 67
37 67
37 66
37 65
37 64
37 63
37 62
37 61
38 61
27 78
26 78
25 78
24 78
23 78
22 78
22 77
21 77
21 76
20 76
19 76
18 76
17 76
16 76
15 76
14 76
27 49
27 50
27 48
27 47
27 46
28 46
28 45
29 45
29 44
29 43
30 43
30 42
31 42
31 41
32 41
33 41
33 40
26 50
26 51
25 51
25 52
25 53
24 53
24 54
23 54
23 55
23 56
22 56
22 57
21 57
21 58
21 59
20 59
20 60
19 60
19 61
18 61
18 62
17 62
17 63
17 64
16 64
16 65
16 66
16 67
16 68
16 69
16 70
16 71
15 71
15 72
15 73
14 73
14 74
14 75
13 75
142 351
142 352
141 351
140 351
139 351
138 351
137 351
136 351
136 350
137 350
137 349
138 349
139 349
139 348
140 348
140 347
140 346
140 345
140 344
140 343
140 342
140 341
141 341
141 340
141 339
141 338
141 337
141 336
141 335
141 334
141 333
141 332
141 331
141 330
142 330
142 329
143 329
143 328
143 327
143 326
142 326
142 325
141 325
141 324
141 323
140 323
140 322
139 322
139 321
138 321
138 320
138 319
137 319
137 318
137 317
137 316
136 316
136 315
136 314
136 313
135 313
135 312
134 312
134 311
134 310
133 310
133 309
132 309
132 308
131 308
131 307
130 307
130 306
129 306
129 305
128 305
128 304
128 303
127 303
127 302
126 302
125 302
124 302
123 302
122 302
121 302
121 301
120 301
119 301
118 301
117 301
116 301
115 301
114 301
114 300
114 299
114 298
114 297
143 352
144 352
144 353
145 353
146 353
147 353
148 353
149 353
150 353
151 353
152 353
153 353
154 353
155 353
156 353
157 353
157 354
157 355
157 356
158 356
159 356
160 356
161 356
162 356
163 356
164 356
165 356
165 357
166 357
166 358
167 358
168 358
168 359
169 359
169 360
169 361
170 361
170 362
170 363
171 363
171 364
172 364
211 149
212 149
211 150
210 150
210 151
209 151
209 152
209 153
208 153
208 154
208 155
208 156
208 157
208 158
208 159
208 160
208 161
208 162
208 163
208 164
208 165
209 165
209 166
210 166
211 166
212 166
213 166
214 166
214 167
215 167
216 167
216 168
213 149
214 149
215 149
215 148
216 148
217 148
217 147
218 147
218 146
219 146
219 145
219 144
219 143
219 142
219 141
219 140
220 140
220 139
220 138
221 138
221 137
221 136
221 135
64 105
64 106
64 104
64 103
64 102
64 101
65 101
65 100
65 99
65 98
65 97
64 97
64 96
63 96
63 95
62 95
61 95
64 107
64 108
64 109
64 110
63 110
63 111
63 112
63 113
63 114
63 115
63 116
64 116
64 117
64 118
64 119
64 120
64 121
64 122
65 122
65 123
65 124
65 125
66 125
66 126
65 126
65 127
65 128
65 129
65 130
65 131
65 132
66 132
66 133
66 134
66 135
67 135
67 136
68 136
68 137
68 138
69 138
69 139
70 139
70 140
70 141
71 141
71 142
71 143
72 143
72 144
73 144
240 297
239 297
241 297
242 297
243 297
244 297
244 296
244 295
244 294
245 294
245 293
245 292
246 292
246 291
238 297
237 297
236 297
235 297
234 297
233 297
232 297
231 297
16 466
16 467
16 465
17 465
18 465
18 464
19 464
19 463
20 463
20 462
21 462
21 461
22 461
22 460
22 459
22 458
22 457
22 456
22 455
21 455
20 455
20 454
19 454
18 454
17 454
16 454
15 454
14 454
16 468
16 469
16 470
16 471
16 472
17 472
17 473
18 473
19 473
20 473
21 473
21 474
22 474
22 475
22 476
22 477
22 478
22 479
23 479
24 479
24 480
25 480
26 480
27 480
27 481
28 481
28 482
29 482
30 482
31 482
32 482
33 482
34 482
35 482
36 482
36 483
37 483
38 483
39 483
40 483
41 483
41 482
42 482
42 481
42 480
42 479
42 478
42 477
42 476
42 475
42 474
42 473
42 472
42 471
42 470
42 469
42 468
353 97
354 97
353 98
353 99
352 99
352 100
351 100
351 101
351 102
351 103
351 104
351 105
351 106
351 107
350 107
350 108
350 109
350 110
350 111
350 112
350 113
350 114
350 115
351 115
352 115
352 116
351 116
351 117
350 117
350 118
350 119
350 120
350 121
350 122
350 123
350 124
349 124
349 125
348 125
354 96
354 95
355 95
355 94
355 93
355 92
355 91
355 90
355 89
354 89
353 89
353 88
353 87
353 86
353 85
353 84
353 83
353 82
353 81
353 80
354 80
354 79
355 79
356 79
356 78
357 78
357 77
358 77
358 76
359 76
359 75
359 74
360 74
360 73
360 72
360 71
360 70
360 69
360 68
360 67
360 66
43 197
43 196
43 198
43 199
43 200
43 201
43 202
43 203
43 204
43 205
43 206
43 207
43 208
43 209
43 210
43 211
44 211
44 212
44 213
44 214
44 215
44 216
44 217
44 218
44 219
44 220
44 221
44 222
44 223
44 224
43 224
43 225
42 225
41 225
40 225
39 225
38 225
37 225
36 225
43 195
43 194
42 194
41 194
41 193
42 193
42 192
43 192
43 191
44 191
45 191
45 190
45 189
44 189
44 188
44 187
44 186
44 185
44 184
45 184
45 183
46 183
46 182
46 181
47 181
47 180
47 179
48 179
49 179
49 178
50 178
50 177
51 177
51 176
51 175
52 175
52 174
52 173
52 172
52 171
52 170
53 170
53 169
53 168
53 167
53 166
53 165
53 164
53 163
53 162
53 161
53 160
53 159
53 158
52 158
52 157
52 156
52 155
52 154
52 153
276 495
276 494
276 496
276 497
276 498
276 499
275 499
274 499
273 499
272 499
271 499
271 500
270 500
270 501
269 501
268 501
267 501
267 502
266 502
265 502
265 503
264 503
264 504
263 504
263 505
263 506
262 506
262 507
262 508
262 509
262 510
261 510
261 511
260 511
259 511
258 511
257 511
256 511
255 511
254 511
253 511
252 511
251 511
250 511
249 511
248 511
247 511
246 511
245 511
244 511
244 510
243 510
243 509
242 509
242 508
241 508
241 507
240 507
239 507
238 507
237 507
237 506
236 506
235 506
234 506
233 506
232 506
231 506
230 506
230 505
230 504
229 504
229 503
228 503
227 503
227 502
226 502
226 501
226 500
225 500
225 499
225 498
225 497
225 496
225 495
225 494
225 493
225 492
225 491
225 490
225 489
224 489
224 488
276 493
276 492
276 491
276 490
277 490
277 489
277 488
277 487
278 487
278 486
278 485
279 485
279 484
280 484
280 483
281 483
281 482
282 482
282 481
283 481
283 480
283 479
284 479
284 478
284 477
285 477
285 476
285 475
285 474
285 473
285 472
285 471
285 470
285 469
285 468
285 467
286 467
287 467
288 467
288 466
289 466
290 466
290 465
291 465
291 464
291 463
291 462
291 461
291 460
291 459
292 459
258 329
258 330
257 329
257 328
256 328
256 327
255 327
254 327
253 327
252 327
251 327
250 327
250 326
249 326
248 326
247 326
246 326
246 327
245 327
244 327
243 327
242 327
241 327
240 327
239 327
239 328
238 328
237 328
236 328
235 328
234 328
233 328
233 327
232 327
231 327
230 327
229 327
228 327
227 327
226 327
225 327
225 328
225 329
225 330
224 330
224 331
223 331
223 332
222 332
221 332
220 332
219 332
218 332
217 332
216 332
215 332
259 330
259 331
260 331
261 331
261 332
262 332
262 333
263 333
263 334
264 334
264 335
264 336
265 336
265 337
265 338
264 338
264 339
264 340
264 341
264 342
265 342
265 343
265 344
266 344
267 344
268 344
269 344
270 344
271 344
272 344
273 344
274 344
275 344
276 344
277 344
278 344
279 344
280 344
281 344
282 344
283 344
284 344
284 345
285 345
285 344
286 344
286 343
286 342
287 342
287 341
287 340
288 340
288 339
288 338
289 338
289 337
289 336
290 336
290 335
291 335
291 334
291 333
291 332
292 332
292 331
292 330
293 330
293 329
294 329
295 329
295 328
296 328
296 327
297 327
298 327
298 326
299 326
300 326
300 325
301 325
301 324
302 324
303 324
304 324
305 324
306 324
307 324
308 324
309 324
310 324
311 324
312 324
313 324
314 324
314 323
315 323
315 322
315 321
315 320
316 320
316 319
316 318
316 317
421 26
422 26
421 27
421 28
420 28
420 29
420 30
420 31
420 32
420 33
419 33
418 33
418 34
417 34
416 34
416 35
415 35
415 36
414 36
414 37
414 38
413 38
413 39
412 39
412 40
411 40
411 41
410 41
409 41
409 42
408 42
408 43
408 44
408 45
407 45
407 46
406 46
406 47
405 47
405 48
404 48
403 48
402 48
401 48
400 48
399 48
398 48
398 49
398 50
398 51
398 52
398 53
398 54
398 55
398 56
398 57
398 58
399 58
399 59
400 59
400 60
401 60
401 61
401 62
401 63
401 64
401 65
401 66
401 67
401 68
401 69
401 70
401 71
422 25
423 25
424 25
425 25
426 25
427 25
428 25
429 25
430 25
431 25
432 25
432 24
433 24
433 23
434 23
435 23
436 23
437 23
438 23
438 22
438 21
439 21
440 21
441 21
442 21
443 21
444 21
444 20
444 19
444 18
444 17
444 16
444 15
444 14
445 14
445 13
446 13
446 12
446 11
446 10
446 9
446 8
446 7
446 6
446 5
446 4
446 3
446 2
446 1
446 0
447 0
448 0
449 0
450 0
451 0
452 0
453 0
454 0
455 0
456 0
457 0
457 1
458 1
459 1
460 1
461 1
462 1
462 2
463 2
463 3
463 4
463 5
463 6
463 7
464 7
464 8
465 8
466 8
467 8
468 8
468 9
469 9
469 10
470 10
470 11
471 11
472 11
473 11
474 11
475 11
476 11
477 11
478 11
479 11
480 11
481 11
481 12
295 180
296 180
295 179
294 179
294 178
293 178
293 177
292 177
292 176
291 176
290 176
289 176
289 175
288 175
287 175
286 175
285 175
284 175
283 175
282 175
281 175
280 175
279 175
279 174
278 174
277 174
277 173
277 172
276 172
276 171
276 170
275 170
275 169
275 168
275 167
275 166
275 165
275 164
274 164
274 163
274 162
274 161
274 160
274 159
274 158
274 157
273 157
273 156
272 156
271 156
271 155
270 155
270 154
269 154
269 153
269 152
269 151
269 150
268 150
268 149
268 148
268 147
268 146
268 145
268 144
268 143
268 142
268 141
267 141
266 141
266 140
265 140
265 139
265 138
265 137
265 136
265 135
265 134
296 181
296 182
297 182
297 183
298 183
299 183
300 183
300 182
301 182
301 181
301 180
302 180
302 179
302 178
303 178
303 177
304 177
304 176
305 176
306 176
306 175
307 175
308 175
309 175
310 175
311 175
311 174
312 174
313 174
313 173
314 173
314 172
315 172
316 172
316 171
317 171
318 171
319 171
320 171
320 170
321 170
322 170
322 169
322 168
321 168
320 168
320 167
319 167
319 166
318 166
318 165
318 164
318 163
318 162
317 162
317 161
317 160
317 159
317 158
317 157
316 157
316 156
317 156
317 155
318 155
318 154
319 154
320 154
321 154
322 154
323 154
324 154
325 154
326 154
326 153
327 153
327 152
328 152
328 151
329 151
330 151
330 150
331 150
331 151
332 151
333 151
334 151
334 152
335 152
336 152
337 152
338 152
339 152
340 152
341 152
341 151
342 151
342 150
342 149
342 148
343 148
343 147
343 146
344 146
344 145
344 144
344 143
344 142
345 142
345 141
346 141
346 140
347 140
347 141
348 141
349 141
349 142
350 142
351 142
352 142
353 142
354 142
354 143
355 143
356 143
357 143
358 143
359 143
360 143
361 143
362 143
363 143
364 143
365 143
366 143
367 143
368 143
369 143
370 143
127 505
126 505
127 506
128 506
128 507
129 507
129 508
129 509
129 510
129 511
130 511
131 511
132 511
133 511
134 511
135 511
136 511
137 511
138 511
139 511
140 511
141 511
142 511
143 511
144 511
145 511
146 511
147 511
148 511
149 511
150 511
151 511
151 510
152 510
152 509
153 509
153 508
154 508
154 507
155 507
155 506
156 506
156 505
157 505
157 504
158 504
158 503
159 503
159 502
159 501
159 500
160 500
161 500
161 499
162 499
162 498
163 498
163 497
164 497
165 497
166 497
166 496
167 496
168 496
168 495
169 495
170 495
170 494
170 493
170 492
170 491
170 490
170 489
125 505
124 505
124 504
123 504
122 504
121 504
120 504
119 504
118 504
117 504
116 504
115 504
114 504
114 503
113 503
112 503
111 503
111 502
110 502
109 502
109 501
108 501
107 501
106 501
105 501
104 501
103 501
103 500
102 500
102 499
102 498
102 497
101 497
101 496
101 495
100 495
100 494
99 494
99 493
98 493
98 492
98 491
97 491
97 490
97 489
97 488
96 488
95 488
94 488
94 487
93 487
92 487
92 486
91 486
91 485
90 485
90 484
89 484
89 483
89 482
89 481
89 480
89 479
89 478
88 478
87 478
86 478
85 478
84 478
83 478
83 477
82 477
81 477
80 477
80 476
80 475
79 475
79 474
79 473
0 68
0 69
0 67
0 66
0 65
0 64
0 63
1 63
1 62
2 62
2 61
3 61
3 60
4 60
4 59
4 58
4 57
4 56
4 55
4 54
3 54
2 54
1 54
1 53
1 52
1 51
1 50
1 49
1 48
1 47
1 46
1 45
1 44
1 43
1 42
1 41
1 40
1 39
1 38
1 37
2 37
3 37
4 37
4 36
5 36
5 35
6 35
7 35
8 35
8 34
9 34
10 34
10 33
11 33
12 33
12 32
13 32
13 31
14 31
14 30
15 30
16 30
16 29
17 29
0 70
0 71
0 72
0 73
0 74
0 75
0 76
1 76
1 77
2 77
2 78
3 78
3 79
4 79
5 79
6 79
7 79
8 79
9 79
10 79
59 391
58 391
60 391
61 391
61 392
62 392
62 393
63 393
63 394
63 395
64 395
64 396
65 396
66 396
67 396
68 396
69 396
69 397
69 398
69 399
69 400
69 401
69 402
69 403
70 403
70 404
71 404
72 404
73 404
74 404
75 404
76 404
77 404
78 404
79 404
80 404
80 405
81 405
81 406
82 406
83 406
83 407
84 407
84 408
85 408
85 409
85 410
85 411
85 412
85 413
85 414
85 415
85 416
85 417
85 418
85 419
85 420
85 421
85 422
85 423
85 424
85 425
84 425
84 426
84 427
83 427
83 428
83 429
82 429
82 430
81 430
81 431
81 432
81 433
80 433
80 434
80 435
79 435
79 436
79 437
79 438
78 438
78 439
78 440
77 440
77 441
77 442
76 442
76 443
75 443
75 444
74 444
73 444
73 445
72 445
72 446
57 391
56 391
55 391
54 391
53 391
52 391
51 391
50 391
50 392
49 392
49 393
48 393
48 394
48 395
47 395
46 395
45 395
44 395
43 395
42 395
41 395
40 395
39 395
39 394
39 393
39 392
39 391
39 390
39 389
39 388
39 387
40 387
41 387
41 386
40 386
39 386
38 386
37 386
36 386
35 386
34 386
33 386
32 386
32 387
31 387
30 387
29 387
28 387
27 387
26 387
25 387
24 387
234 31
235 31
233 31
232 31
231 31
230 31
229 31
228 31
227 31
226 31
226 30
226 29
226 28
226 27
226 26
226 25
226 24
226 23
227 23
227 22
227 21
228 21
228 20
228 19
229 19
229 18
230 18
230 17
236 31
237 31
238 31
239 31
240 31
241 31
242 31
243 31
244 31
245 31
246 31
247 31
247 32
247 33
247 34
247 35
247 36
247 37
511 110
511 109
511 111
511 112
511 113
511 114
511 115
511 116
511 117
511 118
511 119
511 120
511 121
511 122
511 123
511 124
511 125
511 126
511 127
511 128
511 129
511 130
511 131
511 132
511 133
511 134
511 135
511 136
511 137
511 138
511 139
510 139
509 139
509 140
508 140
508 141
507 141
507 142
506 142
506 143
505 143
505 144
504 144
504 145
504 146
503 146
503 147
503 148
503 149
503 150
503 151
503 152
503 153
503 154
503 155
503 156
503 157
503 158
503 159
503 160
503 161
503 162
503 163
503 164
503 165
503 166
503 167
503 168
503 169
503 170
503 171
503 172
511 108
511 107
511 106
511 105
511 104
511 103
511 102
511 101
511 100
511 99
511 98
511 97
511 96
511 95
511 94
511 93
511 92
511 91
511 90
511 89
511 88
510 88
510 87
509 87
508 87
508 86
508 85
507 85
507 84
506 84
505 84
505 83
504 83
503 83
502 83
501 83
500 83
499 83
499 82
498 82
497 82
496 82
495 82
494 82
494 81
493 81
493 80
492 80
492 79
491 79
491 78
491 77
490 77
490 76
490 75
489 75
489 74
489 73
488 73
488 72
488 71
488 70
488 69
488 68
488 67
487 67
487 66
486 66
485 66
485 65
398 127
398 128
398 126
399 126
399 125
400 125
401 125
402 125
403 125
404 125
404 124
405 124
405 123
405 122
406 122
406 121
407 121
407 120
408 120
408 119
409 119
409 118
409 117
410 117
410 116
410 115
411 115
411 114
411 113
411 112
412 112
412 111
412 110
412 109
412 108
413 108
413 107
414 107
414 106
415 106
415 105
416 105
417 105
417 104
418 104
418 103
418 102
419 102
419 101
419 100
419 99
419 98
419 97
419 96
420 96
420 95
421 95
421 94
421 93
421 92
421 91
421 90
421 89
422 89
422 90
423 90
423 91
424 91
425 91
426 91
427 91
428 91
429 91
430 91
431 91
432 91
432 90
432 89
433 89
433 88
434 88
434 87
435 87
435 86
436 86
397 128
397 129
397 130
396 130
396 131
396 132
395 132
395 133
395 134
394 134
394 135
394 136
393 136
393 137
393 138
393 139
393 140
393 141
392 141
391 141
390 141
390 142
389 142
388 142
387 142
386 142
386 141
385 141
385 140
384 140
383 140
382 140
381 140
380 140
379 140
378 140
377 140
376 140
375 140
374 140
373 140
372 140
372 141
0 232
0 231
0 233
0 234
0 235
0 236
0 237
0 238
0 239
1 239
1 240
1 241
1 242
2 242
2 243
3 243
3 244
4 244
4 245
4 246
4 247
4 248
5 248
5 249
6 249
6 250
7 250
8 250
8 251
9 251
9 252
10 252
11 252
11 253
12 253
12 254
13 254
13 255
14 255
14 256
15 256
16 256
16 257
17 257
18 257
19 257
0 230
0 229
0 228
0 227
0 226
0 225
0 224
0 223
0 222
425 198
425 199
425 197
424 197
424 196
423 196
422 196
421 196
420 196
419 196
418 196
418 195
418 194
418 193
418 192
425 200
425 201
426 201
426 202
426 203
426 204
427 204
427 205
427 206
427 207
428 207
444 161
444 162
444 160
444 159
444 158
443 158
443 157
443 156
442 156
442 155
441 155
441 154
440 154
440 153
445 162
445 163
445 164
446 164
446 165
446 166
446 167
446 168
446 169
446 170
446 171
446 172
445 172
359 208
359 207
360 208
360 209
360 210
360 211
360 212
360 213
360 214
360 215
360 216
360 217
360 218
360 219
360 220
360 221
359 221
359 222
359 223
360 223
360 224
361 224
361 225
362 225
362 226
363 226
364 226
365 226
366 226
367 226
368 226
369 226
370 226
370 227
371 227
372 227
373 227
374 227
375 227
376 227
377 227
378 227
379 227
380 227
381 227
359 206
359 205
359 204
359 203
359 202
359 201
359 200
359 199
359 198
359 197
359 196
359 195
359 194
359 193
359 192
359 191
359 190
358 190
358 189
357 189
357 188
357 187
357 186
357 185
357 184
357 183
357 182
357 181
357 180
357 179
357 178
356 178
355 178
355 177
354 177
354 176
355 176
355 175
356 175
356 174
357 174
357 173
358 173
359 173
359 172
360 172
360 171
360 170
361 170
361 169
361 168
361 167
361 166
361 165
361 164
361 163
361 162
360 162
360 161
359 161
358 161
357 161
356 161
355 161
19 15
19 14
19 16
19 17
19 18
19 19
19 20
19 21
18 21
18 22
18 23
18 24
18 25
18 26
18 27
18 28
17 28
19 13
19 12
20 12
20 11
21 11
21 10
22 10
22 9
23 9
23 8
24 8
24 7
25 7
25 6
26 6
26 5
27 5
28 5
28 4
415 382
414 382
416 382
416 383
417 383
417 384
418 384
419 384
420 384
421 384
422 384
423 384
424 384
425 384
426 384
427 384
428 384
429 384
430 384
430 385
431 385
431 386
431 387
430 387
430 388
429 388
429 389
429 390
429 391
429 392
429 393
429 394
428 394
428 395
428 396
427 396
427 397
427 398
426 398
426 399
426 400
426 401
427 401
427 402
428 402
428 403
429 403
429 404
430 404
431 404
431 405
431 406
432 406
432 407
432 408
432 409
432 410
432 411
431 411
431 412
430 412
429 412
428 412
427 412
426 412
425 412
424 412
423 412
422 412
421 412
420 412
419 412
418 412
418 413
417 413
417 414
416 414
416 415
415 415
415 416
414 416
414 417
413 417
413 418
412 418
412 419
412 420
412 421
412 422
412 423
412 424
412 425
412 426
412 427
412 428
412 429
411 429
411 430
410 430
410 431
409 431
409 432
408 432
407 432
406 432
405 432
404 432
403 432
402 432
401 432
400 432
399 432
398 432
397 432
397 431
397 430
397 429
397 428
397 427
397 426
397 425
397 424
397 423
397 422
397 421
397 420
397 419
413 382
412 382
411 382
410 382
409 382
408 382
407 382
407 381
406 381
406 380
405 380
404 380
404 379
404 378
404 377
404 376
404 375
404 374
404 373
404 372
404 371
404 370
403 370
403 369
402 369
401 369
400 369
400 368
399 368
399 367
399 366
398 366
398 365
398 364
397 364
397 363
396 363
396 362
395 362
395 361
395 360
395 359
395 358
395 357
395 356
395 355
394 355
393 355
392 355
391 355
390 355
389 355
388 355
388 354
387 354
386 354
385 354
384 354
383 354
383 353
382 353
381 353
381 352
380 352
380 351
380 350
379 350
379 349
379 348
139 49
139 48
139 50
140 50
140 51
140 52
140 53
140 54
140 55
140 56
140 57
140 58
139 58
139 59
139 60
139 61
138 61
138 62
138 63
138 64
138 65
138 66
138 67
138 68
138 69
138 70
138 71
138 72
138 73
138 74
138 75
138 76
138 77
138 78
138 79
139 79
139 80
140 80
141 80
142 80
142 81
143 81
144 81
144 82
145 82
146 82
146 83
147 83
148 83
138 48
138 47
138 46
138 45
138 44
137 44
137 43
136 43
136 42
136 41
135 41
135 40
135 39
135 38
135 37
134 37
134 36
133 36
133 35
132 35
131 35
130 35
129 35
128 35
127 35
126 35
126 36
125 36
124 36
123 36
122 36
121 36
120 36
119 36
119 35
118 35
118 34
117 34
117 33
116 33
116 32
116 31
115 31
115 30
114 30
114 29
113 29
112 29
111 29
110 29
109 29
109 28
108 28
107 28
106 28
105 28
105 27
105 26
104 26
104 25
104 24
104 23
103 23
103 22
102 22
101 22
100 22
99 22
98 22
97 22
96 22
96 21
95 21
94 21
94 20
93 20
93 19
92 19
0 165
0 166
0 164
0 163
0 162
0 161
0 160
0 159
0 158
0 157
0 156
0 155
0 154
0 153
0 152
0 151
0 150
0 149
0 148
0 147
0 146
0 145
0 144
0 143
0 142
0 141
0 140
0 139
0 138
0 137
0 136
0 135
0 134
0 133
0 132
0 131
0 130
0 129
0 128
0 127
0 126
0 125
0 124
0 123
0 122
0 121
0 120
0 119
0 118
0 117
0 116
0 115
0 114
0 113
0 112
1 112
2 112
3 112
3 111
4 111
5 111
0 167
0 168
0 169
0 170
0 171
0 172
0 173
0 174
0 175
0 176
1 176
2 176
3 176
4 176
5 176
6 176
7 176
8 176
8 177
9 177
228 4
227 4
229 4
230 4
230 5
230 6
231 6
231 7
231 8
231 9
231 10
231 11
231 12
231 13
231 14
231 15
231 16
230 16
226 4
225 4
224 4
223 4
222 4
221 4
220 4
219 4
218 4
217 4
216 4
215 4
214 4
213 4
212 4
211 4
409 190
408 190
410 190
411 190
412 190
413 190
414 190
415 190
416 190
416 191
407 190
406 190
405 190
404 190
403 190
402 190
401 190
400 190
399 190
399 191
398 191
398 192
398 193
398 194
397 194
456 177
456 178
456 176
456 175
456 174
456 173
456 172
456 171
456 170
456 169
456 168
456 167
455 167
454 167
453 167
453 168
452 168
452 169
451 169
450 169
449 169
448 169
447 169
447 170
456 179
456 180
456 181
455 181
455 182
455 183
455 184
455 185
455 186
455 187
455 188
454 188
454 189
453 189
453 190
452 190
452 191
451 191
451 192
451 193
450 193
450 194
450 195
450 196
451 196
451 197
452 197
453 197
454 197
455 197
456 197
456 198
457 198
457 199
458 199
458 200
459 200
459 201
459 202
460 202
461 202
461 203
462 203
463 203
464 203
465 203
466 203
467 203
468 203
469 203
470 203
471 203
472 203
472 202
473 202
474 202
474 201
475 201
476 201
476 200
477 200
478 200
479 200
480 200
481 200
482 200
482 199
482 198
483 198
483 199
484 199
484 200
485 200
486 200
487 200
488 200
489 200
490 200
491 200
492 200
493 200
493 199
494 199
495 199
496 199
496 198
497 198
498 198
499 198
500 198
501 198
502 198
503 198
504 198
505 198
506 198
507 198
507 197
506 197
506 196
506 195
506 194
506 193
506 192
505 192
505 191
504 191
504 190
503 190
502 190
502 189
502 188
502 187
502 186
502 185
501 185
501 184
501 183
501 182
502 182
502 181
502 180
502 179
502 178
502 177
502 176
502 175
503 175
503 174
503 173
441 251
440 251
442 251
443 251
444 251
445 251
446 251
446 252
447 252
447 253
447 254
448 254
448 255
449 255
449 256
450 256
450 257
451 257
451 258
452 258
453 258
453 259
454 259
454 260
455 260
455 261
456 261
456 262
457 262
457 263
458 263
459 263
460 263
460 264
461 264
462 264
463 264
463 265
464 265
465 265
465 266
466 266
467 266
467 267
468 267
469 267
470 267
470 268
471 268
471 269
472 269
472 270
473 270
473 271
474 271
474 272
474 273
475 273
475 274
476 274
476 275
477 275
478 275
479 275
480 275
480 276
481 276
482 276
482 277
483 277
483 276
483 275
483 274
483 273
483 272
483 271
483 270
483 269
483 268
483 267
483 266
482 266
482 265
482 264
481 264
481 263
481 262
481 261
481 260
481 259
481 258
481 257
481 256
481 255
482 255
482 254
482 253
482 252
482 251
482 250
482 249
482 248
482 247
482 246
482 245
482 244
482 243
482 242
482 241
482 240
482 239
482 238
481 238
481 237
480 237
480 236
479 236
479 235
478 235
478 234
477 234
477 233
477 232
477 231
476 231
476 230
476 229
477 229
477 228
477 227
477 226
478 226
478 225
479 225
479 224
480 224
480 223
480 222
481 222
481 221
482 221
483 221
484 221
485 221
486 221
487 221
488 221
489 221
489 220
490 220
491 220
492 220
492 219
493 219
493 218
494 218
495 218
495 217
495 216
494 216
494 215
493 215
493 214
493 213
493 212
493 211
493 210
493 209
493 208
493 207
494 207
494 206
495 206
495 205
496 205
496 204
496 203
496 202
496 201
496 200
439 251
438 251
437 251
436 251
435 251
434 251
433 251
432 251
431 251
430 251
429 251
428 251
427 251
426 251
426 252
426 253
426 254
426 255
426 256
425 256
491 304
491 303
491 305
491 306
492 306
492 307
493 307
494 307
495 307
495 308
496 308
497 308
497 309
498 309
498 310
499 310
499 311
500 311
500 312
500 313
501 313
501 314
502 314
503 314
504 314
504 315
505 315
506 315
507 315
507 316
508 316
509 316
510 316
510 317
511 317
491 302
491 301
491 300
490 300
490 299
490 298
489 298
489 297
489 296
488 296
488 295
488 294
487 294
487 293
487 292
487 291
487 290
487 289
487 288
487 287
487 286
487 285
486 285
486 284
485 284
485 283
484 283
484 282
484 281
484 280
484 279
483 279
483 278
452 417
451 417
453 417
453 418
454 418
455 418
455 419
456 419
456 420
457 420
457 421
458 421
458 422
459 422
459 423
460 423
460 424
460 425
461 425
461 426
462 426
462 427
463 427
463 428
464 428
465 428
466 428
467 428
467 429
468 429
469 429
470 429
470 430
471 430
471 431
472 431
472 430
473 430
473 429
474 429
474 428
475 428
475 427
476 427
476 426
476 425
476 424
476 423
476 422
476 421
475 421
475 420
474 420
474 419
473 419
472 419
472 418
471 418
471 417
470 417
470 416
469 416
469 415
468 415
468 414
467 414
467 413
467 412
467 411
467 410
466 410
466 409
465 409
465 408
464 408
464 407
463 407
463 406
463 405
462 405
462 404
461 404
461 403
460 403
460 402
459 402
459 401
458 401
458 400
457 400
457 399
457 398
456 398
456 397
456 396
455 396
455 395
450 417
449 417
448 417
447 417
447 416
447 415
446 415
445 415
445 414
444 414
443 414
442 414
441 414
440 414
439 414
438 414
437 414
436 414
435 414
434 414
433 414
433 413
432 413
432 412
291 292
291 291
291 293
291 294
291 295
291 296
292 296
292 297
292 298
292 299
292 300
292 301
292 302
293 302
293 303
293 304
293 305
293 306
293 307
293 308
293 309
293 310
294 310
294 311
295 311
295 312
296 312
296 313
297 313
297 314
297 315
297 316
297 317
297 318
297 319
297 320
297 321
297 322
297 323
297 324
297 325
297 326
291 290
291 289
291 288
291 287
291 286
291 285
292 285
292 284
292 283
293 283
293 282
294 282
294 281
481 450
481 449
482 450
482 451
483 451
483 452
484 452
485 452
485 453
486 453
486 454
487 454
488 454
489 454
490 454
491 454
492 454
492 455
493 455
494 455
494 456
495 456
495 457
496 457
496 458
497 458
497 459
497 460
498 460
498 461
499 461
499 462
500 462
501 462
502 462
503 462
503 463
504 463
504 464
505 464
505 465
506 465
506 466
507 466
507 467
507 468
507 469
507 470
507 471
507 472
508 472
509 472
510 472
511 472
480 449
480 448
479 448
479 447
479 446
479 445
479 444
479 443
479 442
479 441
478 441
478 440
478 439
477 439
477 438
476 438
476 437
475 437
474 437
474 436
473 436
473 435
473 434
473 433
472 433
472 432
443 334
442 334
444 334
445 334
446 334
447 334
448 334
449 334
450 334
451 334
452 334
452 335
453 335
453 336
454 336
454 337
454 338
455 338
455 339
455 340
456 340
456 341
457 341
457 342
458 342
458 343
458 344
459 344
459 345
460 345
460 346
461 346
461 347
441 334
440 334
439 334
438 334
437 334
436 334
436 335
435 335
435 336
434 336
433 336
432 336
431 336
430 336
429 336
428 336
427 336
426 336
425 336
424 336
423 336
422 336
421 336
420 336
419 336
418 336
417 336
416 336
416 335
415 335
414 335
413 335
412 335
411 335
411 334
411 333
411 332
411 331
411 330
411 329
411 328
411 327
411 326
412 326
413 326
413 325
414 325
414 324
413 324
412 324
411 324
410 324
409 324
408 324
408 323
407 323
407 322
406 322
405 322
404 322
403 322
402 322
401 322
400 322
399 322
398 322
397 322
396 322
395 322
394 322
393 322
393 321
392 321
392 320
392 319
392 318
392 317
391 317
391 316
390 316
390 315
389 315
389 314
388 314
388 315
387 315
386 315
385 315
384 315
383 315
382 315
381 315
380 315
379 315
378 315
378 316
378 317
377 317
454 138
454 139
454 137
454 136
454 135
453 135
453 134
452 134
452 133
452 132
451 132
451 131
450 131
454 140
454 141
454 142
454 143
454 144
453 144
453 145
453 146
453 147
453 148
453 149
453 150
452 150
452 151
453 151
454 151
454 152
455 152
456 152
456 153
457 153
458 153
458 154
459 154
460 154
461 154
461 155
462 155
463 155
463 156
463 157
462 157
462 158
462 159
461 159
461 160
461 161
460 161
460 162
459 162
459 163
458 163
458 164
457 164
457 165
456 165
456 166
455 166
298 249
299 249
297 249
296 249
295 249
294 249
293 249
292 249
292 248
300 249
301 249
302 249
303 249
303 250
303 251
304 251
304 252
304 253
304 254
304 255
304 256
305 256
305 257
306 257
306 258
307 258
307 259
307 260
307 261
307 262
307 263
307 264
307 265
308 265
308 266
308 267
308 268
308 269
308 270
308 271
308 272
309 272
310 272
310 273
311 273
311 274
312 274
312 275
312 276
313 276
313 277
313 278
313 279
313 280
314 280
314 281
314 282
315 282
315 283
315 284
316 284
316 285
316 286
317 286
317 287
318 287
318 288
319 288
319 289
320 289
320 290
320 291
320 292
319 292
319 293
319 294
319 295
319 296
319 297
319 298
319 299
319 300
319 301
319 302
319 303
319 304
318 304
318 305
318 306
318 307
317 307
317 308
317 309
316 309
316 310
316 311
316 312
316 313
