412 417
412 418
412 416
412 415
413 415
413 414
414 414
414 413
412 419
412 420
412 421
412 422
411 422
52 422
52 421
52 423
52 424
52 425
52 426
52 427
52 428
52 429
52 430
53 430
53 431
53 432
53 433
53 434
53 435
53 436
53 437
53 438
53 439
52 439
52 440
51 440
51 441
52 420
52 419
52 418
52 417
52 416
53 416
53 415
48 210
47 210
48 211
49 211
49 212
49 213
50 213
50 214
51 214
51 215
52 215
52 216
53 216
54 216
54 217
54 218
55 218
55 219
56 219
56 220
56 221
57 221
47 209
47 208
47 207
47 206
47 205
47 204
48 204
48 203
49 203
50 203
50 202
51 202
51 201
52 201
52 200
53 200
53 199
53 198
54 198
54 197
55 197
45 268
46 268
44 268
43 268
43 267
42 267
42 266
42 265
43 265
43 264
44 264
44 263
45 263
45 262
45 261
45 260
45 259
45 258
45 257
45 256
45 255
45 254
45 253
44 253
44 252
44 251
44 250
44 249
44 248
43 248
43 247
42 247
42 246
41 246
41 245
40 245
39 245
39 244
38 244
38 243
38 242
38 241
38 240
38 239
38 238
38 237
38 236
38 235
37 235
37 234
38 234
38 233
38 232
38 231
38 230
38 229
38 228
38 227
38 226
38 225
38 224
39 224
39 223
40 223
40 222
41 222
42 222
42 221
43 221
43 220
44 220
44 219
45 219
45 218
46 218
46 217
47 217
48 217
49 217
50 217
50 216
50 215
46 269
47 269
48 269
49 269
50 269
51 269
52 269
53 269
54 269
54 270
55 270
55 271
56 271
56 272
57 272
57 273
58 273
58 274
59 274
59 275
60 275
60 276
60 277
60 278
60 279
60 280
60 281
60 282
60 283
60 284
60 285
60 286
61 286
61 287
62 287
62 288
63 288
64 288
65 288
66 288
67 288
68 288
69 288
70 288
71 288
71 287
72 287
73 287
74 287
74 286
75 286
75 285
76 285
76 284
77 284
61 230
62 230
61 229
60 229
59 229
59 228
58 228
57 228
57 227
57 226
57 225
57 224
57 223
57 222
62 231
62 232
63 232
63 233
63 234
64 234
64 235
65 235
62 247
62 248
63 247
63 246
64 246
65 246
66 246
66 245
67 245
67 244
68 244
68 243
67 243
67 242
67 241
67 240
67 239
67 238
67 237
66 237
66 236
65 236
61 248
61 249
60 249
60 250
60 251
60 252
59 252
59 253
58 253
58 254
58 255
57 255
57 256
57 257
57 258
56 258
56 259
55 259
55 260
55 261
55 262
54 262
54 263
54 264
53 264
53 265
53 266
53 267
53 268
6 84
6 83
6 85
7 85
7 86
7 87
7 88
7 89
7 90
7 91
7 92
7 93
7 94
6 94
6 82
6 81
6 80
6 79
5 79
5 78
4 78
4 77
23 318
24 318
22 318
21 318
20 318
20 317
19 317
18 317
18 316
17 316
16 316
16 315
16 314
16 313
16 312
16 311
17 311
17 310
18 310
19 310
20 310
21 310
21 309
22 309
22 308
23 308
24 308
24 307
25 307
25 306
26 306
26 305
26 304
27 304
27 303
26 303
26 302
26 301
26 300
26 299
26 298
26 297
25 297
25 296
24 296
23 296
22 296
21 296
20 296
19 296
19 295
19 294
19 293
19 292
19 291
19 290
19 289
19 288
19 287
18 287
17 287
16 287
15 287
14 287
13 287
12 287
11 287
10 287
9 287
9 286
8 286
25 318
26 318
27 318
27 319
28 319
29 319
29 320
30 320
31 320
31 321
32 321
33 321
34 321
35 321
36 321
36 320
36 319
36 318
36 317
36 316
36 315
37 315
37 314
37 313
38 313
38 312
38 311
37 311
37 310
37 309
36 309
36 308
36 307
35 307
35 306
35 305
34 305
34 304
34 303
33 303
33 302
32 302
32 303
31 303
30 303
29 303
28 303
78 276
78 277
78 275
77 275
76 275
76 274
75 274
74 274
74 273
73 273
72 273
71 273
70 273
69 273
68 273
67 273
66 273
65 273
64 273
63 273
62 273
61 273
60 273
59 273
78 278
78 279
78 280
78 281
78 282
78 283
77 283
73 212
73 213
73 211
73 210
72 210
72 209
72 208
71 208
71 207
71 206
70 206
70 205
69 205
68 205
67 205
67 204
67 203
66 203
66 202
66 201
65 201
65 200
64 200
63 200
62 200
61 200
60 200
59 200
58 200
57 200
57 199
56 199
56 198
56 197
73 214
73 215
74 215
74 216
75 216
75 217
76 217
76 218
75 218
74 218
74 219
73 219
73 220
72 220
72 221
71 221
70 221
70 222
69 222
68 222
67 222
66 222
65 222
64 222
63 222
62 222
61 222
60 222
59 222
58 222
142 309
142 308
142 310
142 311
142 312
142 313
142 314
142 315
142 316
142 317
142 318
142 319
142 320
142 321
142 322
142 323
143 323
143 324
143 325
143 326
143 327
143 328
143 329
143 330
143 331
143 332
143 333
143 334
143 335
142 335
141 335
140 335
139 335
138 335
138 334
137 334
136 334
135 334
134 334
133 334
132 334
132 333
131 333
131 332
130 332
129 332
129 333
129 334
128 334
128 335
128 336
127 336
127 337
127 338
127 339
126 339
125 339
125 340
124 340
123 340
122 340
121 340
121 341
120 341
120 342
120 343
119 343
119 342
118 342
118 341
117 341
117 340
117 339
117 338
117 337
117 336
116 336
116 335
115 335
115 334
115 333
115 332
114 332
113 332
113 331
112 331
111 331
110 331
109 331
108 331
108 330
107 330
107 329
107 328
106 328
106 327
142 307
142 306
141 306
141 305
142 305
143 305
144 305
144 304
145 304
146 304
146 303
147 303
147 302
148 302
148 301
149 301
149 300
148 300
148 299
148 298
148 297
148 296
147 296
147 295
147 294
146 294
146 293
147 293
147 292
147 291
147 290
147 289
148 289
148 288
149 288
150 288
150 287
151 287
152 287
152 286
153 286
153 285
154 285
154 284
154 283
155 283
155 282
155 281
156 281
156 280
157 280
157 281
158 281
159 281
160 281
161 281
162 281
163 281
164 281
165 281
166 281
167 281
167 280
167 279
168 279
168 278
169 278
169 277
169 276
170 276
170 275
170 274
171 274
171 273
171 272
172 272
172 271
173 271
174 271
174 270
175 270
176 270
176 269
177 269
177 268
178 268
178 269
179 269
179 270
179 271
180 271
180 272
180 273
181 273
181 274
182 274
182 275
183 275
184 275
184 276
185 276
185 277
186 277
187 277
188 277
189 277
190 277
191 277
192 277
192 276
193 276
193 275
194 275
195 275
196 275
197 275
198 275
199 275
200 275
201 275
201 276
202 276
202 277
202 278
202 279
202 280
202 281
202 282
202 283
202 284
202 285
202 286
201 286
200 286
200 287
199 287
199 288
198 288
198 289
197 289
197 290
47 452
46 452
47 451
47 450
48 450
48 449
48 448
49 448
49 447
49 446
49 445
49 444
50 444
50 443
50 442
51 442
46 453
45 453
44 453
44 454
43 454
43 455
42 455
42 454
41 454
41 453
41 452
40 452
39 452
39 451
38 451
38 450
37 450
37 449
36 449
35 449
35 448
34 448
34 447
33 447
33 446
32 446
31 446
30 446
29 446
28 446
28 445
29 445
29 444
29 443
29 442
29 441
29 440
28 440
28 439
29 439
30 439
31 439
32 439
33 439
34 439
35 439
36 439
36 438
37 438
37 437
38 437
38 436
39 436
39 435
40 435
41 435
41 434
42 434
43 434
44 434
45 434
46 434
46 433
47 433
47 432
48 432
48 431
49 431
50 431
50 430
51 430
51 429
317 422
317 421
317 423
317 424
317 425
317 426
317 427
317 428
318 428
318 429
318 430
319 430
319 431
319 432
319 433
319 434
319 435
318 435
318 436
317 436
317 437
317 438
317 439
317 440
317 441
317 442
317 443
317 444
317 445
317 446
317 447
317 448
317 449
317 450
316 450
316 451
316 452
316 453
316 454
316 455
315 455
315 456
314 456
313 456
313 457
312 457
311 457
311 456
311 455
310 455
310 454
310 453
309 453
309 452
308 452
307 452
306 452
305 452
305 451
304 451
303 451
302 451
301 451
300 451
300 452
299 452
298 452
298 453
297 453
297 454
296 454
295 454
294 454
293 454
292 454
291 454
290 454
289 454
288 454
287 454
286 454
285 454
284 454
283 454
282 454
281 454
280 454
280 453
279 453
279 452
279 451
279 450
279 449
279 448
279 447
279 446
279 445
279 444
278 444
277 444
276 444
275 444
274 444
273 444
273 445
272 445
272 446
272 447
272 448
271 448
271 449
271 450
271 451
270 451
270 452
269 452
268 452
267 452
266 452
265 452
264 452
263 452
263 451
262 451
262 450
261 450
260 450
259 450
258 450
257 450
257 451
256 451
256 452
256 453
255 453
255 454
255 455
255 456
255 457
255 458
255 459
254 459
254 460
254 461
253 461
253 462
252 462
251 462
250 462
249 462
248 462
247 462
247 461
247 460
247 459
247 458
246 458
246 457
246 456
245 456
245 455
244 455
244 454
243 454
243 453
242 453
241 453
240 453
239 453
238 453
238 452
237 452
237 451
236 451
236 452
235 452
235 453
234 453
233 453
232 453
231 453
230 453
229 453
228 453
228 454
227 454
226 454
225 454
224 454
224 455
223 455
222 455
222 454
222 453
221 453
221 452
221 451
220 451
220 450
219 450
219 449
218 449
218 448
217 448
216 448
215 448
215 447
214 447
213 447
212 447
211 447
210 447
209 447
209 446
208 446
208 445
207 445
206 445
206 444
205 444
204 444
203 444
202 444
201 444
200 444
317 420
317 419
317 418
317 417
317 416
317 415
317 414
318 414
318 413
122 493
122 494
122 492
122 491
122 490
121 490
121 489
121 488
120 488
120 487
120 486
119 486
119 485
118 485
118 484
118 483
118 482
119 482
120 482
121 482
122 482
122 481
123 481
123 480
124 480
125 480
126 480
127 480
128 480
129 480
130 480
130 479
131 479
131 480
132 480
133 480
134 480
135 480
135 481
136 481
137 481
137 482
138 482
138 483
139 483
139 484
140 484
140 485
141 485
142 485
142 486
143 486
144 486
145 486
146 486
147 486
147 485
147 484
148 484
148 483
148 482
149 482
149 481
150 481
150 480
151 480
152 480
153 480
153 479
154 479
155 479
155 478
156 478
156 477
156 476
156 475
157 475
158 475
159 475
160 475
161 475
161 474
162 474
163 474
163 473
164 473
164 472
165 472
165 473
166 473
167 473
167 474
168 474
169 474
169 475
170 475
171 475
171 476
172 476
173 476
173 477
174 477
174 478
174 479
174 480
174 481
174 482
174 483
175 483
176 483
177 483
178 483
179 483
180 483
181 483
182 483
183 483
184 483
185 483
186 483
187 483
188 483
188 482
189 482
189 481
190 481
190 480
191 480
191 479
192 479
192 478
193 478
193 477
194 477
195 477
196 477
197 477
198 477
199 477
199 476
199 475
199 474
199 473
200 473
200 472
201 472
201 471
202 471
202 470
203 470
204 470
205 470
206 470
207 470
207 469
207 468
207 467
207 466
207 465
207 464
207 463
207 462
207 461
207 460
207 459
208 459
208 458
209 458
209 457
210 457
210 456
210 455
210 454
210 453
210 452
210 451
211 451
211 450
211 449
212 449
212 448
213 448
214 448
121 494
121 495
121 496
120 496
120 497
120 498
120 499
119 499
118 499
117 499
116 499
115 499
115 498
114 498
114 497
113 497
113 496
112 496
112 495
111 495
111 494
93 124
93 123
93 125
94 125
94 126
95 126
95 127
96 127
97 127
97 128
98 128
99 128
99 129
100 129
101 129
102 129
103 129
104 129
105 129
106 129
107 129
107 128
108 128
108 127
109 127
92 123
92 122
91 122
90 122
89 122
88 122
88 121
87 121
86 121
85 121
85 122
84 122
84 123
84 124
83 124
83 125
82 125
82 126
82 127
82 128
82 129
82 130
82 131
82 132
81 132
80 132
79 132
78 132
77 132
76 132
75 132
75 131
74 131
74 130
73 130
33 99
34 99
32 99
31 99
30 99
29 99
28 99
27 99
27 98
26 98
25 98
24 98
23 98
22 98
21 98
21 99
20 99
19 99
19 98
18 98
17 98
16 98
15 98
14 98
13 98
12 98
11 98
11 97
10 97
9 97
9 96
8 96
8 95
7 95
6 95
34 98
35 98
35 97
36 97
37 97
38 97
39 97
40 97
41 97
41 96
41 95
41 94
41 93
41 92
41 91
41 90
41 89
41 88
41 87
41 86
41 85
41 84
42 84
43 84
43 83
42 83
41 83
40 83
39 83
38 83
37 83
36 83
36 84
35 84
35 85
35 86
34 86
34 87
79 94
78 94
80 94
81 94
81 95
82 95
82 96
83 96
83 97
84 97
85 97
85 98
86 98
86 99
86 100
86 101
86 102
86 103
86 104
86 105
86 106
86 107
86 108
86 109
86 110
85 110
85 111
84 111
84 112
84 113
85 113
85 114
85 115
86 115
86 116
86 117
86 118
86 119
86 120
77 94
77 93
76 93
75 93
75 92
74 92
73 92
72 92
71 92
70 92
69 92
69 91
69 90
69 89
69 88
69 87
70 87
70 86
69 86
69 85
68 85
68 84
67 84
67 83
67 82
66 82
66 81
66 80
66 79
66 78
66 77
65 77
64 77
63 77
62 77
61 77
60 77
59 77
58 77
58 78
57 78
57 79
56 79
56 80
55 80
54 80
53 80
53 81
52 81
51 81
51 82
50 82
49 82
49 83
48 83
48 84
47 84
46 84
45 84
44 84
93 268
93 269
93 267
94 267
94 266
95 266
95 265
96 265
97 265
98 265
98 264
97 264
97 263
97 262
97 261
96 261
95 261
94 261
93 261
92 261
91 261
90 261
89 261
89 262
88 262
88 263
87 263
87 264
87 265
86 265
86 266
93 270
93 271
92 271
92 272
92 273
91 273
91 274
90 274
90 275
90 276
89 276
89 277
88 277
88 278
88 279
88 280
88 281
88 282
87 282
87 283
86 283
86 284
85 284
85 285
85 286
84 286
83 286
82 286
81 286
80 286
79 286
78 286
78 285
77 285
136 224
136 225
136 223
136 222
136 221
137 221
137 220
138 220
138 219
139 219
139 218
139 217
140 217
140 216
140 215
141 215
141 214
142 214
143 214
144 214
145 214
146 214
147 214
148 214
149 214
150 214
151 214
152 214
153 214
154 214
154 213
154 212
154 211
154 210
153 210
153 209
153 208
152 208
152 207
151 207
151 206
151 205
151 204
151 203
151 202
151 201
151 200
150 200
150 201
149 201
148 201
148 202
147 202
146 202
145 202
144 202
143 202
143 203
142 203
142 204
141 204
141 205
140 205
139 205
138 205
137 205
136 205
136 206
135 206
135 207
134 207
134 208
133 208
133 209
132 209
132 210
131 210
131 211
130 211
129 211
128 211
127 211
126 211
125 211
124 211
123 211
122 211
121 211
120 211
119 211
118 211
117 211
117 212
116 212
115 212
114 212
113 212
112 212
111 212
110 212
110 213
109 213
109 214
108 214
108 215
108 216
108 217
108 218
108 219
108 220
107 220
106 220
106 219
105 219
104 219
103 219
102 219
101 219
100 219
99 219
98 219
97 219
96 219
136 226
136 227
136 228
136 229
136 230
135 230
134 230
133 230
132 230
132 231
132 232
132 233
132 234
132 235
132 236
132 237
131 237
130 237
129 237
128 237
128 238
128 239
128 240
127 240
127 241
126 241
125 241
125 242
124 242
123 242
122 242
121 242
120 242
119 242
119 243
118 243
118 244
118 245
118 246
118 247
118 248
118 249
118 250
118 251
119 251
120 251
120 252
121 252
121 253
122 253
122 254
123 254
123 255
123 256
124 256
124 257
124 258
124 259
124 260
123 260
123 261
123 262
123 263
123 264
123 265
123 266
123 267
122 267
122 266
121 266
121 265
120 265
119 265
118 265
117 265
116 265
115 265
114 265
113 265
113 264
112 264
111 264
111 263
110 263
110 262
109 262
108 262
107 262
106 262
105 262
104 262
103 262
102 262
101 262
100 262
100 263
99 263
99 264
150 271
149 271
151 271
152 271
153 271
153 270
154 270
154 271
154 272
154 273
154 274
154 275
154 276
154 277
154 278
154 279
155 279
156 279
148 271
148 272
147 272
146 272
145 272
144 272
144 273
143 273
142 273
141 273
140 273
139 273
139 272
138 272
137 272
137 271
136 271
136 270
136 269
135 269
135 268
135 267
135 266
134 266
134 265
133 265
132 265
132 264
131 264
131 263
130 263
129 263
129 262
128 262
127 262
127 261
126 261
126 260
125 260
125 259
365 384
365 383
365 385
365 386
364 386
363 386
363 387
362 387
362 388
361 388
365 382
365 381
365 380
365 379
364 379
363 379
362 379
362 378
361 378
361 377
360 377
360 376
359 376
359 375
358 375
357 375
356 375
355 375
354 375
353 375
352 375
351 375
350 375
349 375
349 376
348 376
348 377
347 377
347 378
346 378
346 379
345 379
344 379
343 379
342 379
342 380
341 380
341 379
340 379
340 378
339 378
339 377
338 377
338 376
338 375
338 374
337 374
337 373
337 372
336 372
336 371
117 414
117 413
117 415
117 416
118 416
118 417
118 418
118 419
118 420
118 421
118 422
118 423
119 423
120 423
121 423
122 423
123 423
124 423
125 423
126 423
127 423
128 423
129 423
130 423
131 423
131 424
132 424
132 425
133 425
133 426
133 427
133 428
134 428
134 429
135 429
135 430
135 431
136 431
136 432
136 433
137 433
138 433
139 433
140 433
141 433
142 433
142 434
143 434
144 434
145 434
146 434
146 433
147 433
148 433
148 432
117 412
117 411
117 410
116 410
116 409
116 408
115 408
138 125
138 124
138 126
138 127
138 128
138 129
138 130
138 131
138 132
138 133
137 133
137 134
137 135
136 135
136 136
136 137
136 138
136 139
135 139
134 139
133 139
132 139
131 139
130 139
129 139
128 139
128 140
127 140
126 140
125 140
125 139
124 139
123 139
123 138
122 138
122 137
121 137
120 137
119 137
118 137
117 137
116 137
116 136
116 135
116 134
115 134
115 133
114 133
113 133
113 132
112 132
112 131
111 131
111 130
111 129
110 129
110 128
110 127
138 123
138 122
138 121
138 120
138 119
139 119
139 118
165 202
165 203
165 201
165 200
165 199
165 198
165 197
164 197
164 196
163 196
162 196
162 195
161 195
161 194
161 193
160 193
160 192
159 192
159 191
158 191
157 191
156 191
155 191
154 191
153 191
153 192
152 192
151 192
150 192
149 192
149 193
149 194
150 194
150 195
150 196
150 197
150 198
150 199
165 204
165 205
165 206
165 207
166 207
166 208
166 209
167 209
167 210
167 211
167 212
167 213
167 214
167 215
167 216
167 217
167 218
167 219
167 220
168 220
168 221
169 221
170 221
170 222
171 222
172 222
172 223
173 223
173 224
174 224
174 225
175 225
175 226
175 227
175 228
175 229
175 230
174 230
174 231
173 231
173 232
172 232
171 232
171 233
170 233
170 234
170 235
171 235
171 236
171 237
171 238
171 239
171 240
172 240
173 240
174 240
175 240
176 240
176 241
177 241
178 241
179 241
179 242
180 242
181 242
182 242
182 243
183 243
183 244
184 244
185 244
186 244
187 244
188 244
189 244
190 244
191 244
192 244
192 245
193 245
193 246
194 246
194 247
194 248
194 249
195 249
196 249
196 250
197 250
198 250
199 250
200 250
200 251
201 251
202 251
203 251
204 251
205 251
206 251
206 250
206 249
206 248
206 247
207 247
207 246
208 246
208 245
209 245
210 245
211 245
211 244
212 244
213 244
213 243
214 243
215 243
216 243
217 243
218 243
219 243
220 243
221 243
221 244
221 245
221 246
221 247
221 248
221 249
220 249
220 250
220 251
219 251
219 252
219 253
219 254
219 255
218 255
218 256
217 256
217 257
216 257
215 257
215 258
215 259
215 260
215 261
215 262
215 263
214 263
213 263
213 264
212 264
211 264
210 264
209 264
208 264
207 264
206 264
205 264
204 264
203 264
202 264
201 264
200 264
200 265
199 265
199 266
199 267
199 268
199 269
199 270
198 270
198 271
197 271
196 271
195 271
194 271
194 272
193 272
193 273
193 274
94 421
95 421
93 421
92 421
91 421
91 422
90 422
89 422
88 422
87 422
87 423
86 423
86 422
85 422
84 422
83 422
82 422
81 422
80 422
79 422
78 422
78 423
78 424
77 424
76 424
75 424
74 424
73 424
72 424
71 424
70 424
70 425
69 425
68 425
68 426
67 426
67 427
66 427
66 428
65 428
64 428
63 428
62 428
61 428
60 428
59 428
58 428
57 428
56 428
55 428
54 428
53 428
96 421
97 421
98 421
99 421
100 421
100 422
101 422
101 423
102 423
102 424
103 424
104 424
105 424
106 424
106 425
107 425
108 425
108 426
109 426
110 426
111 426
112 426
113 426
114 426
114 427
115 427
115 426
115 425
115 424
116 424
116 423
117 423
230 306
231 306
230 307
229 307
229 308
229 309
229 310
230 310
230 311
230 312
230 313
230 314
230 315
230 316
231 316
231 317
232 317
231 305
231 304
232 304
232 303
232 302
232 301
232 300
232 299
232 298
231 298
231 297
230 297
230 296
229 296
229 295
228 295
227 295
226 295
225 295
224 295
223 295
223 296
222 296
222 297
221 297
221 298
221 299
220 299
220 300
219 300
218 300
217 300
217 301
216 301
216 300
215 300
215 299
215 298
214 298
214 297
213 297
213 296
212 296
211 296
210 296
209 296
208 296
207 296
207 295
206 295
206 294
205 294
205 293
204 293
204 292
203 292
202 292
201 292
200 292
199 292
199 291
198 291
198 290
52 492
52 493
52 491
52 490
52 489
52 488
52 487
52 486
52 485
52 484
51 484
51 483
50 483
50 484
50 485
49 485
49 486
48 486
48 487
47 487
46 487
45 487
44 487
43 487
42 487
41 487
41 488
40 488
39 488
39 487
38 487
38 486
37 486
36 486
36 485
35 485
35 484
35 483
34 483
34 482
34 481
34 480
34 479
34 478
33 478
33 477
33 476
33 475
33 474
33 473
32 473
31 473
30 473
29 473
28 473
27 473
26 473
25 473
25 472
24 472
24 471
23 471
23 470
22 470
21 470
20 470
19 470
19 471
18 471
18 470
18 469
18 468
18 467
17 467
17 466
16 466
16 465
16 464
15 464
15 463
15 462
14 462
14 461
14 460
14 459
13 459
13 458
14 458
14 457
15 457
15 456
15 455
16 455
16 454
16 453
16 452
16 451
16 450
15 450
15 449
14 449
13 449
13 448
14 448
15 448
15 447
16 447
17 447
18 447
18 446
19 446
20 446
21 446
22 446
23 446
24 446
24 447
25 447
25 446
26 446
27 446
52 494
52 495
52 496
52 497
53 497
54 497
55 497
55 498
55 499
56 499
56 500
57 500
57 501
58 501
59 501
59 502
60 502
61 502
61 503
61 504
61 505
61 506
62 506
62 507
63 507
64 507
65 507
66 507
67 507
67 506
68 506
68 505
68 504
69 504
69 503
69 502
69 501
69 500
69 499
69 498
69 497
69 496
69 495
69 494
69 493
68 493
67 493
67 492
68 492
69 492
70 492
71 492
72 492
73 492
74 492
75 492
76 492
76 493
77 493
77 494
78 494
79 494
80 494
81 494
82 494
83 494
84 494
85 494
86 494
87 494
88 494
89 494
90 494
90 495
91 495
91 496
92 496
92 497
93 497
93 498
93 499
94 499
95 499
95 500
96 500
97 500
98 500
98 501
99 501
99 500
100 500
101 500
102 500
102 501
103 501
104 501
105 501
105 502
106 502
106 501
107 501
108 501
108 500
109 500
109 499
109 498
109 497
110 497
110 496
110 495
84 197
83 197
85 197
86 197
86 196
86 195
87 195
87 194
87 193
87 192
88 192
88 191
89 191
90 191
91 191
91 192
92 192
92 193
92 194
92 195
93 195
93 196
93 197
94 197
95 197
96 197
97 197
98 197
98 196
99 196
99 195
99 194
99 193
100 193
100 192
100 191
100 190
101 190
101 189
102 189
102 188
103 188
104 188
104 187
104 186
104 185
104 184
104 183
104 182
104 181
105 181
105 180
106 180
106 179
107 179
107 178
108 178
109 178
110 178
110 177
111 177
112 177
113 177
114 177
114 178
114 179
115 179
116 179
116 180
117 180
118 180
118 179
119 179
119 178
120 178
120 177
121 177
121 176
122 176
122 175
123 175
123 174
124 174
125 174
126 174
127 174
128 174
129 174
130 174
131 174
132 174
133 174
134 174
135 174
136 174
137 174
137 175
138 175
138 176
138 177
138 178
138 179
138 180
137 180
137 181
136 181
135 181
134 181
133 181
132 181
132 182
132 183
131 183
131 184
131 185
130 185
129 185
129 186
128 186
127 186
127 187
127 188
126 188
126 189
126 190
125 190
125 191
125 192
125 193
125 194
125 195
125 196
126 196
127 196
128 196
129 196
130 196
131 196
132 196
133 196
133 195
134 195
135 195
136 195
137 195
138 195
139 195
139 194
140 194
140 193
140 192
140 191
140 190
141 190
141 189
142 189
143 189
144 189
145 189
146 189
147 189
147 190
148 190
148 191
148 192
82 197
81 197
80 197
79 197
78 197
77 197
77 198
76 198
76 199
76 200
75 200
75 201
75 202
74 202
74 203
73 203
73 204
72 204
72 205
71 205
143 231
144 231
142 231
141 231
140 231
139 231
138 231
137 231
137 230
145 231
146 231
147 231
148 231
149 231
150 231
151 231
152 231
152 232
153 232
153 233
153 234
154 234
154 235
155 235
155 236
156 236
156 237
157 237
157 238
158 238
159 238
160 238
161 238
162 238
163 238
163 237
164 237
165 237
166 237
167 237
168 237
168 236
169 236
169 235
169 234
62 487
62 486
63 487
64 487
65 487
65 488
65 489
65 490
66 490
66 491
66 492
61 486
60 486
60 485
59 485
59 484
59 483
59 482
59 481
58 481
58 482
57 482
56 482
55 482
54 482
53 482
52 482
51 482
157 328
157 329
157 327
157 326
157 325
157 324
157 323
156 323
155 323
155 324
154 324
153 324
153 323
152 323
151 323
150 323
150 322
149 322
148 322
147 322
146 322
145 322
144 322
143 322
157 330
157 331
158 331
158 332
159 332
159 333
160 333
160 334
160 335
160 336
160 337
161 337
161 338
160 338
160 339
159 339
159 340
159 341
158 341
158 342
158 343
157 343
157 344
158 344
158 345
158 346
159 346
159 347
158 347
158 348
158 349
157 349
157 350
157 351
156 351
156 352
155 352
154 352
153 352
153 353
152 353
151 353
150 353
149 353
148 353
148 352
147 352
147 351
146 351
146 350
145 350
145 349
144 349
144 348
144 347
143 347
143 346
143 345
143 344
143 343
143 342
143 341
143 340
144 340
144 339
144 338
144 337
144 336
144 335
27 69
26 69
28 69
29 69
30 69
31 69
31 70
32 70
32 71
32 72
32 73
32 74
32 75
32 76
32 77
33 77
34 77
34 78
35 78
35 79
35 80
35 81
35 82
35 83
25 69
24 69
23 69
22 69
21 69
20 69
20 70
19 70
18 70
17 70
17 71
16 71
15 71
14 71
14 72
13 72
12 72
11 72
11 73
10 73
9 73
8 73
8 74
7 74
6 74
6 75
5 75
5 76
4 76
46 308
46 307
46 309
46 310
46 311
46 312
46 313
46 314
45 314
44 314
43 314
42 314
41 314
40 314
40 313
39 313
39 312
46 306
46 305
47 305
47 304
48 304
48 303
48 302
48 301
48 300
48 299
48 298
48 297
47 297
47 296
48 296
48 295
48 294
49 294
49 293
49 292
49 291
49 290
50 290
51 290
52 290
53 290
54 290
55 290
56 290
56 289
57 289
57 288
58 288
58 287
59 287
60 287
16 110
16 111
16 109
16 108
15 108
14 108
14 107
13 107
13 106
12 106
12 105
12 104
13 104
13 103
14 103
15 103
16 103
17 103
18 103
19 103
20 103
20 102
20 101
20 100
16 112
16 113
16 114
16 115
16 116
16 117
15 117
15 118
15 119
14 119
14 120
14 121
13 121
13 122
13 123
13 124
13 125
13 126
13 127
12 127
12 128
12 129
11 129
11 130
11 131
11 132
11 133
10 133
10 134
10 135
10 136
10 137
10 138
9 138
9 139
8 139
8 140
9 140
10 140
11 140
12 140
13 140
14 140
15 140
16 140
17 140
17 141
17 142
17 143
17 144
17 145
17 146
17 147
18 147
19 147
19 148
20 148
21 148
21 149
67 119
66 119
68 119
69 119
70 119
70 120
71 120
72 120
73 120
73 121
74 121
75 121
76 121
77 121
78 121
79 121
80 121
80 122
81 122
81 123
81 124
81 125
65 119
64 119
63 119
62 119
61 119
60 119
60 120
59 120
58 120
58 121
57 121
56 121
56 122
55 122
54 122
53 122
52 122
51 122
50 122
49 122
48 122
47 122
46 122
46 121
45 121
44 121
44 120
43 120
42 120
41 120
40 120
39 120
38 120
37 120
36 120
35 120
34 120
33 120
33 121
33 122
33 123
32 123
32 124
32 125
32 126
31 126
31 127
32 127
32 128
33 128
34 128
35 128
36 128
36 129
37 129
37 130
37 131
38 131
38 132
38 133
38 134
38 135
38 136
38 137
38 138
38 139
38 140
38 141
38 142
37 142
36 142
36 143
35 143
34 143
33 143
33 142
32 142
31 142
31 141
30 141
30 140
29 140
29 139
28 139
27 139
26 139
25 139
24 139
24 138
23 138
23 137
22 137
22 138
21 138
21 139
20 139
19 139
18 139
17 139
145 169
145 170
145 168
146 168
146 167
147 167
147 166
147 165
146 165
146 164
145 164
145 163
145 162
145 161
145 160
144 160
144 159
143 159
142 159
141 159
141 158
141 157
140 157
140 156
139 156
139 155
138 155
138 154
137 154
137 153
136 153
135 153
135 152
134 152
133 152
132 152
131 152
130 152
130 151
129 151
128 151
127 151
127 150
126 150
126 149
125 149
125 148
124 148
123 148
123 147
123 146
124 146
124 145
125 145
125 144
125 143
125 142
125 141
144 170
144 171
143 171
143 172
143 173
142 173
141 173
140 173
139 173
138 173
138 174
246 294
246 293
246 295
246 296
246 297
246 298
245 298
244 298
243 298
242 298
241 298
240 298
239 298
239 299
238 299
237 299
236 299
235 299
234 299
233 299
246 292
246 291
246 290
246 289
246 288
247 288
248 288
248 287
249 287
250 287
250 286
251 286
251 285
251 284
252 284
252 283
253 283
254 283
254 282
255 282
255 281
254 281
254 280
253 280
252 280
251 280
250 280
250 279
249 279
249 278
248 278
247 278
247 277
246 277
246 276
245 276
245 275
244 275
244 274
243 274
243 273
242 273
241 273
240 273
239 273
239 272
238 272
238 271
237 271
237 270
236 270
235 270
234 270
234 269
233 269
233 268
232 268
232 267
232 266
231 266
231 265
231 264
231 263
231 262
231 261
230 261
230 260
229 260
229 259
229 258
229 257
228 257
228 256
229 256
230 256
231 256
231 255
232 255
233 255
233 254
232 254
231 254
231 253
231 252
230 252
230 251
230 250
229 250
229 249
229 248
229 247
229 246
228 246
227 246
227 245
226 245
225 245
224 245
224 244
223 244
222 244
72 397
72 398
72 396
73 396
74 396
74 395
75 395
75 394
75 393
76 393
76 392
77 392
77 391
78 391
78 390
79 390
79 389
79 388
80 388
80 387
81 387
82 387
82 388
83 388
84 388
85 388
86 388
87 388
87 389
88 389
88 390
89 390
89 391
90 391
90 392
90 393
90 394
90 395
91 395
91 396
91 397
92 397
92 398
93 398
93 399
94 399
94 400
94 401
94 402
94 403
94 404
94 405
94 406
93 406
93 407
92 407
92 408
91 408
91 409
92 409
92 410
93 410
93 411
94 411
95 411
95 412
95 413
95 414
95 415
96 415
96 416
97 416
98 416
99 416
100 416
101 416
101 417
102 417
102 418
101 418
101 419
101 420
101 421
72 399
72 400
72 401
72 402
71 402
71 403
70 403
70 404
69 404
69 405
68 405
67 405
67 406
68 406
68 407
68 408
68 409
68 410
68 411
69 411
70 411
70 412
71 412
71 413
72 413
72 414
73 414
73 415
73 416
74 416
74 417
75 417
75 418
74 418
74 419
73 419
73 420
73 421
73 422
73 423
72 423
71 423
113 89
113 90
113 88
113 87
114 87
114 86
115 86
115 85
116 85
116 84
116 83
116 82
116 81
116 80
116 79
116 78
116 77
115 77
115 76
114 76
114 75
113 75
112 75
111 75
110 75
109 75
108 75
107 75
106 75
105 75
113 91
113 92
113 93
113 94
113 95
113 96
113 97
112 97
111 97
110 97
110 98
109 98
109 99
108 99
108 100
107 100
106 100
105 100
104 100
103 100
102 100
101 100
101 101
100 101
100 102
99 102
98 102
97 102
96 102
95 102
94 102
94 103
94 104
94 105
94 106
93 106
93 105
92 105
92 104
92 103
92 102
92 101
92 100
92 99
91 99
91 98
90 98
89 98
88 98
87 98
47 377
47 376
47 378
48 378
48 379
49 379
49 380
50 380
50 381
51 381
51 380
52 380
52 379
53 379
54 379
55 379
56 379
57 379
58 379
59 379
60 379
60 380
61 380
62 380
63 380
64 380
65 380
66 380
67 380
68 380
68 381
69 381
70 381
70 382
71 382
72 382
72 383
73 383
73 384
74 384
75 384
75 385
76 385
77 385
77 386
78 386
79 386
80 386
47 375
47 374
47 373
47 372
47 371
46 371
45 371
45 372
44 372
44 373
43 373
43 374
43 375
42 375
42 376
41 376
41 377
40 377
40 378
39 378
38 378
38 379
37 379
36 379
36 378
35 378
35 377
34 377
34 376
33 376
33 375
32 375
31 375
31 374
30 374
30 373
29 373
29 372
29 371
29 370
28 370
28 369
27 369
26 369
26 370
25 370
24 370
24 371
23 371
23 372
22 372
22 371
22 370
22 369
22 368
22 367
22 366
21 366
21 365
21 364
20 364
20 363
20 362
19 362
19 361
19 360
19 359
18 359
18 358
17 358
17 357
16 357
15 357
15 356
14 356
13 356
13 355
12 355
11 355
11 354
10 354
9 354
9 353
8 353
7 353
6 353
6 352
5 352
5 351
4 351
4 350
4 349
5 349
5 348
6 348
7 348
7 347
8 347
9 347
10 347
11 347
12 347
13 347
13 346
13 345
14 345
14 344
15 344
15 343
15 342
15 341
15 340
15 339
15 338
16 338
16 337
17 337
17 336
18 336
18 335
19 335
19 334
20 334
20 333
21 333
22 333
23 333
24 333
24 332
24 331
24 330
24 329
25 329
25 328
26 328
27 328
27 327
28 327
28 328
29 328
30 328
31 328
32 328
32 329
32 330
32 331
33 331
34 331
34 330
34 329
34 328
34 327
34 326
35 326
35 325
35 324
35 323
35 322
36 322
506 216
506 217
506 215
506 214
506 213
505 213
504 213
504 214
503 214
502 214
501 214
500 214
499 214
498 214
497 214
496 214
495 214
494 214
494 213
493 213
492 213
492 212
491 212
506 218
507 218
507 219
508 219
508 220
509 220
509 221
510 221
510 222
511 222
511 223
88 252
89 252
87 252
87 251
86 251
85 251
84 251
84 250
83 250
82 250
82 249
81 249
81 248
81 247
81 246
80 246
80 247
80 248
80 249
79 249
79 250
78 250
78 251
78 252
78 253
77 253
76 253
76 254
75 254
74 254
74 255
73 255
72 255
72 256
71 256
71 257
70 257
70 258
70 259
70 260
70 261
69 261
69 262
68 262
68 263
68 264
67 264
67 265
67 266
66 266
65 266
64 266
63 266
62 266
61 266
60 266
60 267
60 268
60 269
60 270
59 270
59 271
59 272
90 252
91 252
92 252
93 252
94 252
95 252
95 253
95 254
95 255
95 256
95 257
95 258
96 258
96 259
97 259
98 259
98 260
98 261
98 262
98 263
196 89
196 90
195 89
195 88
194 88
194 87
193 87
193 86
193 85
193 84
193 83
193 82
192 82
192 81
191 81
191 80
190 80
189 80
188 80
187 80
187 81
186 81
185 81
184 81
184 82
183 82
182 82
181 82
180 82
179 82
178 82
178 81
177 81
176 81
176 80
175 80
174 80
173 80
172 80
172 79
172 78
171 78
171 77
171 76
171 75
170 75
170 74
170 73
170 72
170 71
170 70
170 69
170 68
170 67
170 66
169 66
169 65
168 65
168 64
167 64
166 64
166 63
165 63
164 63
163 63
163 62
162 62
162 63
161 63
161 64
161 65
161 66
160 66
159 66
159 67
158 67
157 67
157 68
156 68
156 69
155 69
155 70
154 70
154 71
154 72
154 73
154 74
154 75
154 76
154 77
154 78
154 79
155 79
197 90
198 90
199 90
200 90
201 90
202 90
203 90
203 91
203 92
204 92
204 93
205 93
205 94
206 94
206 95
207 95
208 95
208 96
208 97
209 97
209 98
209 99
209 100
209 101
208 101
208 102
207 102
207 103
207 104
207 105
207 106
206 106
206 107
206 108
206 109
206 110
206 111
206 112
207 112
207 113
208 113
208 114
209 114
210 114
211 114
212 114
213 114
214 114
215 114
216 114
217 114
217 115
216 115
215 115
214 115
214 116
213 116
213 117
212 117
212 118
211 118
211 119
210 119
210 120
209 120
208 120
207 120
207 121
206 121
205 121
204 121
203 121
203 122
202 122
201 122
201 123
200 123
200 124
200 125
200 126
200 127
200 128
200 129
200 130
199 130
198 130
198 131
197 131
196 131
195 131
195 132
194 132
194 133
193 133
193 134
193 135
192 135
192 136
192 137
192 138
192 139
192 140
192 141
192 142
192 143
191 143
190 143
189 143
188 143
188 142
187 142
186 142
186 141
185 141
185 140
185 139
184 139
183 139
182 139
182 138
181 138
180 138
180 137
179 137
179 138
179 139
179 140
179 141
179 142
179 143
179 144
179 145
179 146
179 147
179 148
178 148
177 148
177 149
176 149
176 150
176 151
175 151
175 152
175 153
175 154
175 155
175 156
175 157
175 158
175 159
176 159
177 159
178 159
179 159
179 160
180 160
180 161
181 161
181 162
181 163
182 163
182 164
182 165
182 166
182 167
183 167
183 168
184 168
185 168
185 169
186 169
187 169
187 170
188 170
188 171
189 171
189 172
189 173
189 174
189 175
189 176
189 177
189 178
189 179
188 179
187 179
187 180
186 180
185 180
184 180
184 181
185 181
186 181
187 181
188 181
189 181
189 182
190 182
191 182
191 183
192 183
192 184
193 184
194 184
194 185
195 185
196 185
197 185
198 185
199 185
199 186
199 187
199 188
199 189
199 190
198 190
198 191
197 191
197 192
197 193
197 194
197 195
197 196
196 196
196 197
195 197
195 198
194 198
194 199
194 200
193 200
193 201
192 201
192 202
191 202
191 203
190 203
189 203
188 203
187 203
186 203
185 203
185 204
184 204
184 205
185 205
185 206
186 206
187 206
188 206
188 207
189 207
189 208
189 209
190 209
190 210
190 211
189 211
189 212
189 213
189 214
188 214
188 215
187 215
186 215
185 215
184 215
184 216
183 216
183 217
183 218
182 218
182 219
181 219
181 220
181 221
180 221
180 222
180 223
180 224
179 224
179 225
178 225
177 225
177 226
176 226
176 227
111 400
112 400
110 400
109 400
109 399
108 399
107 399
107 400
106 400
105 400
104 400
103 400
102 400
101 400
100 400
99 400
99 399
98 399
97 399
96 399
95 399
112 401
113 401
113 402
113 403
113 404
113 405
114 405
114 406
114 407
115 407
189 355
189 354
188 355
188 356
187 356
187 357
186 357
186 358
186 359
186 360
186 361
186 362
186 363
186 364
186 365
186 366
185 366
185 367
184 367
184 368
183 368
182 368
181 368
181 369
180 369
179 369
178 369
177 369
176 369
175 369
174 369
174 368
173 368
173 367
173 366
172 366
172 365
171 365
171 364
170 364
170 363
169 363
169 362
168 362
168 361
167 361
167 360
166 360
166 359
165 359
164 359
163 359
162 359
161 359
160 359
159 359
159 358
159 357
159 356
159 355
159 354
159 353
159 352
159 351
159 350
159 349
159 348
190 354
191 354
192 354
192 353
193 353
194 353
195 353
196 353
197 353
197 354
198 354
198 355
199 355
199 354
199 353
199 352
199 351
199 350
199 349
199 348
200 348
200 347
200 346
200 345
200 344
199 344
199 343
198 343
198 342
197 342
196 342
196 341
195 341
194 341
193 341
193 340
192 340
192 339
192 338
192 337
191 337
191 336
191 335
192 335
193 335
193 334
194 334
194 333
195 333
195 332
195 331
195 330
195 329
195 328
195 327
196 327
197 327
198 327
198 326
199 326
200 326
201 326
202 326
202 325
202 324
202 323
202 322
202 321
202 320
202 319
202 318
202 317
202 316
202 315
202 314
201 314
201 313
202 313
202 312
203 312
203 311
204 311
204 310
205 310
206 310
206 309
207 309
208 309
208 310
209 310
210 310
211 310
212 310
213 310
213 309
214 309
214 308
215 308
215 307
216 307
216 306
216 305
216 304
216 303
216 302
85 55
85 54
84 55
83 55
83 56
82 56
82 57
81 57
81 58
81 59
81 60
81 61
81 62
82 62
82 63
83 63
83 64
84 64
84 65
85 65
85 66
85 67
86 67
86 68
86 69
87 69
87 70
87 71
87 72
88 72
88 73
89 73
89 74
89 75
89 76
89 77
89 78
90 78
90 79
90 80
90 81
90 82
90 83
90 84
90 85
90 86
90 87
91 87
91 88
91 89
91 90
91 91
91 92
91 93
90 93
90 94
90 95
89 95
89 96
88 96
87 96
86 96
85 96
84 96
86 54
86 53
86 52
86 51
86 50
86 49
86 48
86 47
85 47
84 47
83 47
82 47
81 47
80 47
79 47
79 46
78 46
78 45
78 44
77 44
77 45
76 45
76 46
75 46
75 47
74 47
74 48
73 48
73 49
72 49
72 50
71 50
70 50
69 50
68 50
67 50
66 50
65 50
64 50
64 51
63 51
63 52
62 52
62 53
61 53
61 52
60 52
60 51
59 51
58 51
57 51
56 51
56 50
55 50
55 49
54 49
53 49
52 49
51 49
50 49
49 49
48 49
47 49
46 49
45 49
44 49
44 48
43 48
43 47
43 46
42 46
42 45
42 44
41 44
41 43
40 43
40 42
39 42
38 42
38 41
37 41
37 40
37 39
37 38
36 38
36 37
36 36
35 36
35 35
35 34
35 33
35 32
34 32
33 32
32 32
31 32
30 32
29 32
28 32
27 32
26 32
25 32
24 32
24 33
24 34
24 35
23 35
23 36
23 37
23 38
23 39
23 40
24 40
24 41
25 41
25 42
24 42
24 43
24 44
24 45
24 46
23 46
23 47
23 48
22 48
21 48
20 48
19 48
19 47
18 47
17 47
17 46
16 46
16 45
15 45
14 45
13 45
12 45
11 45
10 45
10 46
10 47
9 47
9 48
9 49
8 49
8 50
7 50
7 51
7 52
7 53
7 54
7 55
7 56
6 56
6 57
6 58
5 58
5 59
4 59
4 60
4 61
4 62
4 63
4 64
4 65
4 66
4 67
3 67
3 68
3 69
3 70
3 71
3 72
3 73
3 74
3 75
3 76
3 77
353 448
353 449
353 447
353 446
352 446
352 445
351 445
350 445
350 446
349 446
348 446
347 446
346 446
345 446
344 446
343 446
342 446
342 445
341 445
341 444
340 444
340 443
339 443
339 442
338 442
337 442
336 442
335 442
334 442
333 442
332 442
331 442
330 442
330 441
330 440
329 440
329 439
328 439
328 438
327 438
327 437
326 437
326 436
325 436
325 435
324 435
323 435
322 435
321 435
320 435
353 450
353 451
354 451
354 452
355 452
355 453
356 453
356 454
356 455
357 455
357 456
357 457
357 458
357 459
357 460
357 461
357 462
357 463
357 464
357 465
357 466
357 467
358 467
358 468
359 468
360 468
361 468
362 468
363 468
364 468
365 468
366 468
367 468
367 467
368 467
368 466
369 466
370 466
371 466
372 466
373 466
374 466
375 466
376 466
377 466
377 467
378 467
378 468
378 469
379 469
380 469
381 469
382 469
383 469
384 469
385 469
386 469
387 469
388 469
388 470
389 470
390 470
391 470
392 470
392 469
393 469
394 469
394 468
394 467
395 467
395 466
396 466
396 467
396 468
397 468
397 469
398 469
399 469
400 469
401 469
402 469
403 469
403 468
404 468
405 468
405 467
405 466
405 465
405 464
405 463
405 462
404 462
404 461
403 461
403 460
403 459
403 458
403 457
402 457
401 457
400 457
399 457
398 457
397 457
397 456
396 456
396 455
395 455
354 443
355 443
353 443
353 444
352 444
355 442
356 442
356 441
357 441
357 440
358 440
358 439
358 438
359 438
359 437
359 436
359 435
359 434
359 433
359 432
359 431
359 430
359 429
330 335
330 336
329 335
328 335
328 334
327 334
327 333
327 332
327 331
327 330
327 329
326 329
325 329
324 329
323 329
322 329
321 329
321 328
321 327
321 326
321 325
321 324
321 323
320 323
320 324
319 324
318 324
317 324
316 324
315 324
314 324
313 324
313 323
312 323
312 322
311 322
311 323
310 323
309 323
309 324
308 324
307 324
306 324
305 324
305 325
304 325
304 326
303 326
303 327
303 328
303 329
303 330
303 331
304 331
304 332
304 333
304 334
305 334
305 335
305 336
306 336
306 337
305 337
304 337
304 338
303 338
302 338
302 339
301 339
301 340
300 340
300 341
300 342
299 342
299 343
299 344
299 345
299 346
299 347
300 347
300 348
300 349
300 350
300 351
300 352
301 352
301 353
302 353
302 354
303 354
303 355
304 355
305 355
305 356
306 356
306 357
307 357
308 357
308 358
308 359
308 360
308 361
308 362
308 363
308 364
308 365
309 365
309 366
309 367
310 367
311 367
311 368
312 368
312 369
331 336
332 336
333 336
334 336
334 337
335 337
335 338
335 339
335 340
335 341
335 342
335 343
335 344
336 344
337 344
337 345
338 345
338 346
337 346
337 347
337 348
337 349
336 349
336 350
335 350
335 351
334 351
333 351
332 351
332 352
333 352
333 353
334 353
335 353
336 353
337 353
338 353
339 353
339 354
339 355
339 356
339 357
339 358
339 359
339 360
339 361
339 362
339 363
339 364
339 365
339 366
339 367
339 368
338 368
337 368
337 369
337 370
336 370
306 389
306 388
305 389
305 390
305 391
304 391
304 392
303 392
303 393
303 394
303 395
303 396
303 397
303 398
303 399
303 400
304 400
304 401
304 402
304 403
304 404
303 404
303 405
302 405
301 405
300 405
300 406
299 406
298 406
298 407
297 407
297 406
296 406
296 405
296 404
296 403
296 402
296 401
295 401
295 400
294 400
294 399
293 399
293 398
292 398
292 397
292 396
291 396
291 395
291 394
291 393
291 392
291 391
290 391
289 391
288 391
287 391
286 391
285 391
285 390
284 390
284 389
283 389
283 390
282 390
282 391
281 391
281 392
281 393
281 394
280 394
280 395
280 396
280 397
280 398
280 399
280 400
280 401
280 402
280 403
279 403
279 404
278 404
278 405
277 405
277 406
276 406
275 406
275 407
274 407
273 407
272 407
271 407
270 407
269 407
269 408
269 409
269 410
269 411
268 411
268 412
268 413
267 413
267 414
266 414
266 415
265 415
265 416
266 416
266 417
266 418
266 419
267 419
267 420
268 420
268 421
269 421
270 421
270 422
270 423
270 424
270 425
270 426
269 426
269 427
268 427
268 428
267 428
267 429
266 429
266 430
265 430
265 431
264 431
264 432
264 433
264 434
264 435
264 436
263 436
263 435
262 435
262 434
261 434
260 434
259 434
259 435
258 435
258 436
258 437
258 438
258 439
258 440
258 441
258 442
258 443
258 444
258 445
258 446
258 447
258 448
258 449
307 388
307 387
308 387
308 386
308 385
308 384
308 383
308 382
308 381
308 380
308 379
307 379
307 378
308 378
308 377
308 376
308 375
308 374
308 373
308 372
309 372
310 372
310 371
311 371
311 370
312 370
79 82
80 82
78 82
78 83
77 83
77 84
76 84
76 85
75 85
74 85
73 85
72 85
71 85
71 86
80 81
81 81
82 81
82 80
83 80
84 80
85 80
86 80
87 80
88 80
89 80
128 66
128 67
127 66
126 66
126 65
125 65
124 65
124 66
123 66
122 66
121 66
120 66
119 66
118 66
117 66
116 66
116 67
116 68
116 69
115 69
115 70
115 71
115 72
115 73
115 74
114 74
129 67
129 68
130 68
131 68
132 68
133 68
134 68
135 68
136 68
137 68
137 69
138 69
138 68
138 67
138 66
139 66
139 65
140 65
140 64
140 63
140 62
141 62
142 62
142 61
143 61
143 60
144 60
144 59
144 58
144 57
144 56
144 55
145 55
145 54
145 53
145 52
145 51
145 50
145 49
144 49
143 49
142 49
141 49
140 49
139 49
139 48
140 48
140 47
141 47
142 47
142 46
142 45
142 44
142 43
142 42
142 41
143 41
143 42
144 42
144 43
144 44
145 44
146 44
147 44
148 44
149 44
150 44
150 45
151 45
152 45
153 45
154 45
155 45
156 45
157 45
158 45
159 45
159 46
160 46
160 47
160 48
161 48
161 49
161 50
161 51
161 52
160 52
160 53
159 53
159 54
158 54
158 55
158 56
158 57
158 58
158 59
157 59
157 60
158 60
159 60
159 61
160 61
161 61
162 61
408 115
408 116
408 114
407 114
406 114
405 114
404 114
403 114
402 114
401 114
400 114
400 113
399 113
399 112
398 112
409 116
409 117
409 118
409 119
410 119
410 120
411 120
411 121
411 122
411 123
411 124
411 125
411 126
411 127
411 128
411 129
411 130
410 130
271 23
270 23
272 23
273 23
274 23
274 22
275 22
275 21
276 21
276 20
277 20
278 20
279 20
280 20
281 20
281 21
281 22
281 23
281 24
281 25
282 25
283 25
283 26
284 26
285 26
285 27
286 27
287 27
288 27
289 27
289 26
290 26
291 26
292 26
293 26
294 26
294 27
295 27
295 28
296 28
297 28
298 28
299 28
300 28
300 29
301 29
302 29
302 28
303 28
304 28
305 28
306 28
307 28
308 28
309 28
310 28
310 29
311 29
312 29
312 28
313 28
314 28
315 28
316 28
317 28
318 28
319 28
320 28
321 28
321 29
322 29
269 23
269 24
268 24
268 25
267 25
267 26
267 27
266 27
266 28
265 28
264 28
264 27
264 26
264 25
264 24
264 23
263 23
263 22
262 22
261 22
260 22
259 22
258 22
258 21
257 21
257 20
256 20
256 19
255 19
255 18
254 18
254 17
253 17
252 17
251 17
250 17
249 17
248 17
247 17
246 17
245 17
245 16
245 15
245 14
245 13
245 12
245 11
245 10
245 9
245 8
245 7
245 6
245 5
245 4
246 4
246 3
246 2
246 1
246 0
247 0
248 0
248 1
249 1
249 2
250 2
251 2
252 2
253 2
254 2
255 2
256 2
256 1
257 1
258 1
258 0
259 0
260 0
261 0
262 0
263 0
264 0
264 1
264 2
265 2
109 63
109 62
109 64
109 65
108 65
108 66
108 67
107 67
107 68
106 68
106 69
106 70
106 71
106 72
106 73
106 74
109 61
109 60
109 59
110 59
111 59
111 58
112 58
113 58
113 57
113 56
114 56
114 55
115 55
115 54
116 54
117 54
118 54
119 54
120 54
121 54
121 53
120 53
119 53
118 53
118 52
118 51
118 50
118 49
118 48
118 47
118 46
118 45
119 45
120 45
120 44
120 43
120 42
120 41
120 40
120 39
120 38
119 38
119 37
118 37
118 36
118 35
118 34
118 33
118 32
118 31
118 30
117 30
117 29
118 29
119 29
120 29
121 29
122 29
123 29
124 29
125 29
125 30
126 30
126 31
127 31
128 31
129 31
130 31
131 31
132 31
133 31
134 31
134 32
134 33
134 34
134 35
133 35
133 36
134 36
135 36
136 36
137 36
138 36
139 36
139 37
140 37
140 38
141 38
141 39
142 39
142 40
223 325
223 326
223 324
223 323
224 323
224 322
224 321
225 321
225 320
226 320
227 320
227 319
228 319
229 319
230 319
230 318
231 318
232 318
223 327
223 328
223 329
223 330
223 331
223 332
223 333
223 334
223 335
223 336
223 337
224 337
225 337
226 337
226 338
227 338
228 338
228 339
229 339
229 340
230 340
230 341
231 341
231 342
232 342
233 342
233 343
233 344
233 345
233 346
233 347
233 348
234 348
234 349
235 349
235 350
236 350
237 350
237 351
238 351
239 351
239 352
240 352
240 353
241 353
242 353
243 353
243 354
243 355
243 356
243 357
243 358
243 359
243 360
243 361
243 362
243 363
243 364
243 365
244 365
244 366
244 367
244 368
244 369
244 370
244 371
244 372
244 373
245 373
245 374
246 374
247 374
248 374
249 374
250 374
251 374
252 374
252 373
253 373
253 372
254 372
254 371
206 69
207 69
205 69
204 69
203 69
202 69
202 70
202 71
202 72
202 73
202 74
201 74
201 73
200 73
199 73
198 73
197 73
196 73
195 73
194 73
193 73
192 73
191 73
191 74
191 75
190 75
190 76
190 77
190 78
190 79
191 79
208 69
209 69
210 69
211 69
212 69
213 69
213 68
212 68
212 67
212 66
212 65
212 64
212 63
212 62
212 61
212 60
213 60
214 60
215 60
216 60
217 60
218 60
219 60
220 60
221 60
222 60
223 60
223 61
224 61
224 62
225 62
225 63
226 63
226 64
227 64
227 65
228 65
229 65
229 66
230 66
231 66
232 66
232 67
233 67
233 68
234 68
234 69
235 69
235 70
236 70
237 70
238 70
238 71
238 72
238 73
238 74
238 75
238 76
239 76
240 76
240 77
241 77
242 77
242 76
243 76
244 76
244 75
245 75
245 76
245 77
246 77
246 78
247 78
247 79
248 79
249 79
250 79
251 79
252 79
252 78
253 78
254 78
255 78
256 78
256 79
257 79
257 80
258 80
258 81
259 81
259 82
259 83
259 84
259 85
259 86
259 87
260 87
260 86
260 85
260 84
260 83
260 82
260 81
260 80
260 79
260 78
260 77
260 76
260 75
260 74
260 73
261 73
261 72
262 72
262 71
262 70
262 69
262 68
262 67
261 67
261 66
260 66
259 66
259 65
258 65
258 64
258 63
258 62
258 61
259 61
259 60
259 59
259 58
258 58
258 57
258 56
258 55
257 55
257 54
257 53
256 53
256 52
255 52
255 51
254 51
254 50
254 49
253 49
253 48
253 47
254 47
255 47
255 46
256 46
257 46
258 46
258 45
259 45
259 44
260 44
261 44
261 43
262 43
262 42
262 41
262 40
263 40
263 39
263 38
264 38
264 37
264 36
264 35
265 35
265 34
266 34
266 33
266 32
266 31
266 30
266 29
265 29
264 29
263 29
262 29
262 28
263 28
211 331
212 331
210 331
209 331
208 331
207 331
207 330
206 330
206 329
205 329
205 328
204 328
204 327
203 327
203 326
213 331
213 330
214 330
215 330
216 330
216 329
217 329
218 329
218 330
219 330
219 331
220 331
221 331
221 332
222 332
222 333
222 334
222 335
256 265
257 265
256 266
255 266
255 267
255 268
255 269
255 270
255 271
256 271
256 272
256 273
256 274
256 275
255 275
255 276
255 277
255 278
255 279
255 280
258 265
259 265
260 265
261 265
262 265
263 265
263 264
272 477
272 478
272 476
272 475
272 474
273 474
273 473
274 473
274 472
272 479
272 480
272 481
272 482
272 483
272 484
272 485
272 486
272 487
272 488
272 489
272 490
271 490
270 490
270 491
269 491
268 491
267 491
266 491
266 490
265 490
264 490
263 490
262 490
262 489
261 489
261 488
260 488
260 487
259 487
258 487
258 486
257 486
257 485
256 485
256 484
255 484
254 484
253 484
252 484
251 484
251 485
250 485
250 486
249 486
249 487
248 487
247 487
246 487
245 487
244 487
243 487
243 488
242 488
242 489
241 489
241 490
240 490
239 490
238 490
238 489
238 488
238 487
238 486
238 485
238 484
238 483
238 482
238 481
238 480
237 480
237 479
237 478
237 477
237 476
237 475
238 475
238 474
238 473
238 472
238 471
238 470
238 469
237 469
236 469
235 469
234 469
233 469
232 469
231 469
230 469
230 468
229 468
228 468
227 468
226 468
225 468
225 467
224 467
224 466
224 465
224 464
224 463
224 462
224 461
224 460
224 459
224 458
224 457
223 457
223 456
179 45
180 45
178 45
178 46
177 46
177 47
177 48
177 49
176 49
176 50
175 50
174 50
173 50
172 50
171 50
170 50
170 51
169 51
168 51
167 51
166 51
165 51
164 51
163 51
162 51
181 45
181 44
182 44
182 43
183 43
183 42
184 42
184 41
185 41
185 40
185 39
184 39
184 38
183 38
183 37
182 37
182 36
182 35
182 34
182 33
182 32
182 31
182 30
182 29
182 28
183 28
451 129
452 129
450 129
450 128
449 128
448 128
447 128
446 128
445 128
445 127
444 127
452 130
453 130
454 130
455 130
456 130
457 130
457 131
458 131
458 132
459 132
460 132
461 132
462 132
463 132
464 132
465 132
465 133
466 133
466 134
467 134
467 135
468 135
469 135
469 136
470 136
471 136
472 136
473 136
474 136
475 136
476 136
477 136
478 136
478 135
478 134
478 133
478 132
478 131
478 130
479 130
479 129
480 129
480 128
297 147
297 146
297 148
296 148
296 149
295 149
295 150
294 150
294 151
294 152
293 152
293 153
292 153
292 154
291 154
291 155
290 155
290 156
289 156
288 156
287 156
286 156
285 156
284 156
283 156
283 155
282 155
281 155
280 155
279 155
279 154
279 153
279 152
279 151
279 150
278 150
278 149
277 149
276 149
275 149
274 149
274 148
273 148
272 148
271 148
270 148
269 148
268 148
267 148
266 148
265 148
265 147
265 146
264 146
263 146
263 145
262 145
261 145
260 145
259 145
259 146
258 146
257 146
256 146
256 147
255 147
254 147
253 147
252 147
252 148
251 148
251 149
250 149
250 150
250 151
250 152
249 152
248 152
247 152
246 152
245 152
244 152
244 151
243 151
242 151
241 151
240 151
239 151
238 151
237 151
237 150
236 150
236 149
236 148
236 147
236 146
235 146
235 145
235 144
235 143
234 143
234 142
233 142
232 142
231 142
230 142
229 142
228 142
227 142
227 141
227 140
226 140
226 139
226 138
226 137
226 136
225 136
225 135
225 134
224 134
224 133
223 133
222 133
222 132
221 132
220 132
219 132
218 132
218 131
217 131
216 131
215 131
214 131
213 131
213 132
212 132
211 132
210 132
209 132
209 133
208 133
207 133
206 133
206 134
205 134
205 135
204 135
204 134
204 133
203 133
203 132
203 131
202 131
202 130
201 130
297 145
297 144
297 143
298 143
298 142
299 142
299 141
330 366
329 366
331 366
331 367
332 367
333 367
334 367
334 368
335 368
335 369
335 370
328 366
328 365
327 365
327 364
326 364
326 363
325 363
324 363
324 364
323 364
322 364
322 365
321 365
321 366
320 366
319 366
319 367
318 367
317 367
316 367
315 367
314 367
314 368
313 368
313 369
266 378
266 377
267 378
268 378
269 378
270 378
271 378
272 378
273 378
273 379
273 380
274 380
274 381
275 381
275 382
275 383
275 384
275 385
275 386
276 386
276 387
276 388
277 388
277 389
278 389
278 390
279 390
279 391
279 392
279 393
279 394
279 395
279 396
265 377
264 377
263 377
262 377
261 377
261 376
260 376
260 375
259 375
258 375
258 374
257 374
257 373
256 373
255 373
255 372
439 350
440 350
439 349
438 349
437 349
437 348
436 348
435 348
434 348
433 348
432 348
431 348
430 348
430 347
429 347
429 346
441 350
442 350
443 350
444 350
444 351
445 351
445 352
445 353
446 353
447 353
447 354
169 372
170 372
168 372
168 373
167 373
166 373
165 373
164 373
163 373
162 373
161 373
160 373
159 373
159 374
160 374
160 375
161 375
161 376
162 376
162 377
163 377
163 378
163 379
163 380
164 380
164 381
164 382
164 383
164 384
164 385
164 386
164 387
164 388
164 389
164 390
163 390
163 391
163 392
163 393
163 394
163 395
163 396
164 396
164 397
165 397
166 397
167 397
168 397
169 397
170 397
171 397
172 397
172 396
173 396
174 396
174 397
175 397
175 398
176 398
177 398
177 399
178 399
178 398
179 398
180 398
181 398
182 398
182 399
183 399
183 400
183 401
183 402
183 403
183 404
184 404
184 405
185 405
185 406
185 407
185 408
185 409
185 410
185 411
185 412
185 413
185 414
186 414
187 414
188 414
188 415
187 415
187 416
186 416
186 417
185 417
185 418
185 419
185 420
185 421
185 422
184 422
183 422
182 422
181 422
180 422
180 423
179 423
179 424
178 424
178 425
177 425
176 425
175 425
175 426
174 426
174 427
173 427
172 427
172 428
171 428
170 428
169 428
168 428
168 429
167 429
166 429
165 429
165 428
164 428
163 428
162 428
162 427
162 426
162 425
162 424
161 424
161 423
161 422
160 422
160 421
159 421
158 421
157 421
156 421
155 421
154 421
153 421
153 422
153 423
153 424
153 425
153 426
153 427
152 427
152 428
151 428
151 429
150 429
150 430
150 431
149 431
149 432
171 372
171 371
171 370
171 369
171 368
171 367
171 366
357 407
357 406
357 408
357 409
357 410
358 410
358 411
359 411
360 411
360 412
361 412
362 412
363 412
363 413
363 414
363 415
363 416
363 417
363 418
364 418
365 418
365 419
365 420
365 421
365 422
365 423
365 424
365 425
365 426
365 427
364 427
364 428
363 428
362 428
361 428
361 429
360 429
357 405
357 404
357 403
357 402
357 401
357 400
357 399
358 399
358 398
359 398
359 397
359 396
360 396
360 395
360 394
361 394
361 393
361 392
361 391
361 390
361 389
408 434
408 433
408 435
408 436
408 437
407 437
407 438
406 438
406 439
406 440
406 441
406 442
405 442
405 443
405 444
405 445
405 446
405 447
405 448
405 449
405 450
405 451
405 452
405 453
405 454
405 455
404 455
404 456
403 456
402 456
401 456
400 456
399 456
398 456
408 432
408 431
409 431
409 430
410 430
410 429
410 428
410 427
410 426
410 425
410 424
410 423
411 423
202 29
202 28
202 30
201 30
201 31
201 32
200 32
200 33
201 33
201 34
201 35
201 36
201 37
201 38
201 39
201 40
201 41
200 41
202 27
202 26
202 25
202 24
202 23
201 23
200 23
199 23
198 23
197 23
196 23
195 23
195 24
194 24
193 24
192 24
192 25
191 25
191 26
190 26
189 26
189 27
188 27
187 27
186 27
185 27
184 27
183 27
15 416
15 415
16 416
16 417
17 417
17 418
18 418
18 419
19 419
20 419
21 419
22 419
23 419
24 419
25 419
26 419
27 419
28 419
29 419
29 420
30 420
31 420
31 421
32 421
32 422
32 423
33 423
33 424
34 424
34 423
35 423
36 423
37 423
38 423
39 423
40 423
41 423
41 422
42 422
42 421
43 421
43 420
44 420
44 419
45 419
46 419
47 419
48 419
49 419
50 419
51 419
51 418
15 414
15 413
15 412
15 411
15 410
15 409
15 408
15 407
15 406
15 405
16 405
16 404
16 403
15 403
15 402
15 401
15 400
15 399
15 398
15 397
15 396
16 396
16 395
16 394
17 394
17 393
17 392
17 391
18 391
18 390
18 389
18 388
18 387
17 387
17 386
16 386
16 385
15 385
15 384
15 383
15 382
15 381
15 380
15 379
15 378
15 377
15 376
15 375
14 375
14 374
15 374
16 374
17 374
18 374
19 374
20 374
21 374
21 373
22 373
235 0
236 0
234 0
233 0
232 0
231 0
230 0
229 0
228 0
227 0
226 0
225 0
224 0
223 0
222 0
221 0
220 0
220 1
220 2
219 2
218 2
218 3
217 3
216 3
216 4
215 4
215 5
215 6
215 7
215 8
215 9
214 9
214 10
214 11
213 11
212 11
212 12
213 12
213 13
213 14
213 15
213 16
213 17
213 18
213 19
213 20
213 21
213 22
213 23
213 24
213 25
212 25
211 25
210 25
209 25
208 25
207 25
206 25
206 24
205 24
205 23
204 23
203 23
237 0
238 0
239 0
240 0
241 0
242 0
243 0
244 0
245 0
460 475
461 475
459 475
458 475
457 475
456 475
455 475
455 476
455 477
454 477
454 478
454 479
453 479
453 480
462 475
463 475
463 476
464 476
465 476
465 477
465 478
466 478
466 477
466 476
466 475
466 474
467 474
467 473
467 472
468 472
468 471
469 471
469 470
470 470
470 469
471 469
471 468
472 468
472 467
473 467
474 467
475 467
476 467
477 467
478 467
478 468
479 468
480 468
481 468
482 468
483 468
483 467
484 467
485 467
486 467
486 466
487 466
488 466
488 465
489 465
490 465
491 465
492 465
493 465
494 465
495 465
496 465
497 465
498 465
498 464
499 464
416 374
416 375
416 373
417 373
417 372
418 372
418 371
417 371
417 370
417 369
417 368
417 367
417 366
416 366
416 365
415 365
415 366
414 366
414 367
413 367
413 368
413 369
412 369
411 369
411 370
410 370
409 370
408 370
408 369
407 369
407 370
406 370
405 370
404 370
404 371
404 372
404 373
404 374
404 375
404 376
404 377
404 378
404 379
403 379
402 379
401 379
400 379
399 379
398 379
397 379
396 379
396 380
395 380
394 380
394 379
393 379
392 379
391 379
391 378
390 378
390 377
389 377
389 376
388 376
388 375
387 375
387 374
386 374
386 373
385 373
384 373
383 373
383 374
382 374
381 374
381 375
380 375
380 376
380 377
379 377
379 378
379 379
378 379
377 379
376 379
375 379
374 379
373 379
372 379
372 378
372 377
372 376
371 376
371 375
370 375
370 374
369 374
369 373
368 373
367 373
366 373
365 373
364 373
363 373
363 374
362 374
362 375
361 375
361 376
416 376
416 377
416 378
416 379
415 379
415 380
416 380
416 381
417 381
417 382
417 383
417 384
417 385
417 386
417 387
417 388
418 388
418 389
418 390
419 390
419 391
420 391
420 392
420 393
420 394
420 395
420 396
419 396
419 397
418 397
417 397
416 397
415 397
414 397
413 397
412 397
411 397
410 397
409 397
408 397
407 397
406 397
405 397
405 398
404 398
404 399
404 400
404 401
403 401
403 402
403 403
402 403
401 403
401 404
119 10
118 10
120 10
121 10
121 9
122 9
123 9
123 8
124 8
124 7
124 6
124 5
124 4
124 3
124 2
124 1
125 1
125 0
126 0
127 0
128 0
128 1
129 1
130 1
131 1
131 2
132 2
133 2
133 3
134 3
135 3
135 4
136 4
136 5
137 5
137 6
138 6
139 6
140 6
140 5
141 5
142 5
143 5
143 4
143 3
144 3
144 4
144 5
144 6
145 6
145 7
146 7
146 8
146 9
147 9
147 10
148 10
149 10
150 10
151 10
152 10
153 10
153 9
154 9
154 8
154 7
154 6
154 5
154 4
154 3
155 3
156 3
157 3
158 3
159 3
160 3
161 3
162 3
162 2
163 2
163 1
164 1
165 1
166 1
167 1
168 1
169 1
170 1
171 1
172 1
173 1
173 2
174 2
175 2
176 2
177 2
178 2
179 2
180 2
180 1
181 1
182 1
182 0
183 0
184 0
184 1
185 1
185 2
185 3
186 3
186 4
186 5
186 6
187 6
187 7
188 7
188 8
189 8
189 9
190 9
191 9
191 10
192 10
193 10
194 10
194 9
195 9
196 9
196 8
197 8
197 7
198 7
198 8
198 9
199 9
199 10
200 10
200 11
201 11
201 12
202 12
202 13
202 14
202 15
202 16
202 17
202 18
202 19
202 20
202 21
202 22
203 22
117 10
116 10
115 10
115 11
116 11
116 12
116 13
116 14
116 15
116 16
117 16
117 17
118 17
118 18
119 18
120 18
120 19
121 19
121 20
121 21
121 22
121 23
121 24
121 25
121 26
120 26
120 27
119 27
118 27
118 28
117 28
4 394
3 394
5 394
5 395
6 395
6 396
7 396
7 397
7 398
7 399
7 400
7 401
8 401
9 401
9 402
10 402
10 403
11 403
12 403
13 403
14 403
3 393
2 393
2 392
1 392
0 392
0 391
0 390
0 389
0 388
0 387
0 386
0 385
0 384
0 383
0 382
0 381
0 380
0 379
1 379
2 379
3 379
3 378
4 378
4 377
5 377
5 376
6 376
6 375
7 375
8 375
9 375
10 375
11 375
12 375
13 375
13 374
327 48
328 48
326 48
325 48
324 48
323 48
323 47
322 47
322 46
322 45
321 45
321 44
321 43
321 42
320 42
320 41
320 40
320 39
320 38
321 38
321 37
321 36
321 35
321 34
321 33
321 32
321 31
321 30
329 48
330 48
331 48
332 48
333 48
333 49
334 49
334 50
335 50
335 51
336 51
336 52
336 53
337 53
337 54
338 54
339 54
340 54
341 54
342 54
343 54
344 54
344 53
344 52
344 51
344 50
345 50
345 51
345 52
345 53
346 53
346 54
346 55
347 55
348 55
349 55
350 55
351 55
352 55
353 55
354 55
354 54
354 53
355 53
355 52
356 52
357 52
358 52
359 52
360 52
361 52
361 53
362 53
362 54
363 54
363 55
363 56
363 57
363 58
363 59
364 59
364 60
365 60
366 60
366 61
366 62
365 62
364 62
363 62
362 62
361 62
360 62
359 62
358 62
358 63
358 64
358 65
358 66
358 67
358 68
358 69
358 70
358 71
358 72
357 72
357 73
357 74
358 74
358 75
358 76
358 77
358 78
359 78
359 79
360 79
361 79
362 79
363 79
364 79
365 79
366 79
366 80
258 314
258 313
258 315
258 316
258 317
258 318
257 318
257 319
257 320
257 321
257 322
256 322
255 322
255 321
254 321
253 321
253 322
252 322
251 322
250 322
249 322
248 322
248 323
247 323
246 323
245 323
244 323
244 322
243 322
242 322
242 321
241 321
240 321
239 321
238 321
238 320
237 320
236 320
236 319
235 319
234 319
234 318
233 318
233 317
258 312
258 311
258 310
259 310
259 309
260 309
261 309
262 309
262 308
263 308
264 308
264 307
264 306
264 305
264 304
264 303
264 302
264 301
264 300
264 299
265 299
266 299
266 298
265 298
264 298
263 298
262 298
261 298
260 298
259 298
259 297
258 297
258 296
257 296
257 295
257 294
257 293
257 292
257 291
257 290
257 289
257 288
257 287
257 286
257 285
256 285
256 284
256 283
255 283
149 376
150 376
148 376
148 377
147 377
147 378
147 379
147 380
147 381
147 382
146 382
146 383
146 384
145 384
144 384
143 384
143 383
142 383
141 383
141 384
141 385
141 386
141 387
141 388
141 389
140 389
139 389
139 390
138 390
138 391
138 392
137 392
137 393
138 393
138 394
138 395
139 395
139 396
140 396
141 396
141 397
142 397
142 398
142 399
143 399
143 400
143 401
144 401
145 401
146 401
147 401
148 401
149 401
149 400
150 400
150 399
151 399
152 399
152 400
152 401
152 402
152 403
152 404
152 405
152 406
153 406
153 407
154 407
154 408
154 409
153 409
152 409
151 409
151 410
151 411
150 411
150 412
151 412
151 413
151 414
151 415
151 416
151 417
151 418
151 419
151 420
152 420
152 421
150 375
151 375
152 375
153 375
154 375
154 374
155 374
156 374
157 374
158 374
307 277
306 277
307 276
308 276
308 275
309 275
309 274
309 273
309 272
309 271
309 270
309 269
310 269
311 269
312 269
313 269
314 269
315 269
315 268
315 267
315 266
315 265
315 264
315 263
315 262
316 262
316 261
317 261
317 260
317 259
317 258
317 257
317 256
317 255
318 255
318 254
319 254
320 254
321 254
322 254
322 255
323 255
324 255
324 256
325 256
325 257
325 258
325 259
326 259
326 260
326 261
326 262
326 263
326 264
327 264
328 264
329 264
330 264
331 264
332 264
333 264
334 264
335 264
335 265
335 266
335 267
335 268
335 269
335 270
336 270
336 271
336 272
337 272
338 272
338 273
339 273
340 273
340 274
340 275
341 275
341 276
342 276
343 276
344 276
345 276
346 276
347 276
348 276
348 277
306 278
306 279
306 280
306 281
305 281
305 282
305 283
304 283
304 284
303 284
303 285
302 285
301 285
300 285
299 285
298 285
297 285
297 286
297 287
297 288
297 289
297 290
297 291
297 292
297 293
297 294
296 294
295 294
295 295
296 295
296 296
296 297
296 298
296 299
296 300
296 301
296 302
296 303
296 304
295 304
294 304
293 304
292 304
291 304
291 305
290 305
290 306
289 306
289 307
288 307
288 308
289 308
290 308
290 309
291 309
291 310
292 310
292 311
292 312
292 313
292 314
291 314
291 315
291 316
291 317
290 317
290 318
290 319
290 320
290 321
290 322
290 323
290 324
290 325
290 326
290 327
290 328
290 329
290 330
290 331
291 331
291 332
292 332
293 332
293 333
294 333
295 333
296 333
296 334
297 334
298 334
299 334
299 333
300 333
300 332
301 332
301 331
301 330
302 330
302 329
302 328
417 407
417 408
417 406
416 406
416 405
415 405
415 404
414 404
413 404
413 403
412 403
412 402
412 401
412 400
412 399
412 398
417 409
417 410
417 411
416 411
416 412
415 412
415 413
266 311
266 310
267 311
267 312
268 312
269 312
270 312
271 312
272 312
273 312
273 313
273 314
274 314
274 315
275 315
275 316
275 317
275 318
275 319
276 319
276 320
275 320
275 321
274 321
274 322
274 323
274 324
274 325
274 326
274 327
274 328
275 328
275 329
275 330
276 330
277 330
277 331
278 331
279 331
280 331
281 331
281 332
282 332
282 331
283 331
283 330
284 330
285 330
286 330
287 330
288 330
289 330
266 309
265 309
265 308
285 277
284 277
286 277
287 277
287 278
288 278
289 278
289 279
290 279
290 280
291 280
291 281
291 282
292 282
292 283
293 283
293 284
294 284
294 285
295 285
296 285
284 276
283 276
282 276
281 276
281 275
281 274
280 274
280 273
280 272
279 272
279 271
279 270
278 270
278 269
277 269
276 269
275 269
274 269
273 269
272 269
271 269
270 269
270 268
269 268
269 267
268 267
267 267
266 267
265 267
265 266
264 266
264 265
480 215
479 215
481 215
482 215
483 215
484 215
485 215
486 215
487 215
488 215
488 214
489 214
489 213
490 213
490 212
478 215
477 215
477 214
476 214
476 215
475 215
474 215
473 215
472 215
472 216
472 217
472 218
472 219
472 220
471 220
471 221
471 222
471 223
471 224
471 225
471 226
471 227
471 228
470 228
470 229
470 230
470 231
470 232
470 233
469 233
469 234
470 234
470 235
471 235
471 236
472 236
472 237
473 237
473 238
474 238
474 239
422 423
423 423
421 423
421 422
420 422
419 422
418 422
417 422
416 422
415 422
414 422
413 422
424 423
425 423
426 423
427 423
427 424
428 424
428 425
429 425
430 425
431 425
432 425
432 426
432 427
433 427
433 428
433 429
433 430
433 431
433 432
433 433
433 434
434 434
435 434
436 434
436 435
437 435
437 436
436 436
435 436
434 436
433 436
432 436
431 436
431 437
430 437
430 438
429 438
429 439
429 440
428 440
427 440
426 440
425 440
425 441
424 441
424 442
423 442
423 443
82 7
83 7
81 7
80 7
80 8
80 9
79 9
79 10
79 11
79 12
78 12
78 13
78 14
77 14
76 14
75 14
74 14
73 14
73 15
72 15
72 16
71 16
70 16
70 17
69 17
68 17
67 17
66 17
65 17
64 17
63 17
62 17
61 17
60 17
60 18
59 18
59 19
58 19
57 19
56 19
55 19
54 19
53 19
52 19
52 18
51 18
51 17
50 17
50 16
50 15
50 14
50 13
50 12
49 12
49 13
49 14
49 15
49 16
48 16
47 16
46 16
46 17
45 17
45 18
44 18
44 19
44 20
44 21
44 22
45 22
46 22
46 23
46 24
46 25
46 26
45 26
44 26
43 26
42 26
41 26
40 26
39 26
38 26
38 27
37 27
37 28
37 29
37 30
36 30
36 31
35 31
84 7
85 7
86 7
86 8
87 8
87 9
88 9
89 9
90 9
91 9
92 9
93 9
94 9
94 8
95 8
95 7
103 365
103 366
102 365
102 364
101 364
101 363
100 363
99 363
99 362
98 362
97 362
97 361
96 361
96 360
95 360
95 359
94 359
93 359
92 359
92 358
91 358
91 357
90 357
90 356
89 356
89 355
88 355
88 354
88 353
87 353
87 352
87 351
88 351
88 350
89 350
90 350
90 349
91 349
92 349
93 349
94 349
95 349
95 348
95 347
94 347
93 347
93 346
92 346
91 346
91 345
90 345
90 344
90 343
89 343
89 342
88 342
88 341
87 341
87 340
87 339
86 339
86 338
86 337
85 337
85 336
85 335
84 335
84 334
83 334
83 333
82 333
82 332
81 332
80 332
79 332
79 331
78 331
77 331
76 331
76 330
75 330
74 330
74 331
73 331
72 331
71 331
70 331
70 332
70 333
70 334
70 335
70 336
70 337
70 338
69 338
69 337
69 336
69 335
69 334
69 333
69 332
69 331
68 331
68 330
68 329
68 328
68 327
67 327
67 326
66 326
66 325
65 325
64 325
63 325
62 325
61 325
60 325
60 324
59 324
58 324
58 323
57 323
56 323
55 323
54 323
54 324
54 325
53 325
53 326
53 327
53 328
52 328
52 329
51 329
51 330
50 330
50 329
49 329
48 329
47 329
46 329
45 329
44 329
43 329
43 328
42 328
42 327
41 327
41 326
40 326
39 326
39 325
38 325
38 324
38 323
37 323
37 322
37 321
103 367
103 368
103 369
104 369
104 370
104 371
104 372
104 373
104 374
104 375
104 376
104 377
104 378
104 379
105 379
106 379
106 380
107 380
107 381
108 381
109 381
109 382
110 382
110 383
110 384
110 385
110 386
110 387
110 388
109 388
109 389
109 390
109 391
109 392
109 393
109 394
109 395
109 396
109 397
109 398
108 398
330 100
330 101
329 100
329 99
329 98
328 98
327 98
327 97
326 97
325 97
324 97
323 97
322 97
321 97
320 97
319 97
318 97
317 97
316 97
315 97
315 96
316 96
316 95
316 94
316 93
316 92
316 91
316 90
316 89
316 88
316 87
316 86
316 85
315 85
314 85
313 85
312 85
311 85
311 84
310 84
309 84
308 84
308 83
307 83
307 82
306 82
305 82
304 82
303 82
302 82
301 82
301 81
300 81
300 80
299 80
298 80
298 79
297 79
297 78
296 78
296 77
295 77
295 78
294 78
294 79
293 79
293 80
292 80
292 81
292 82
292 83
292 84
291 84
291 85
290 85
290 86
289 86
288 86
287 86
287 87
286 87
285 87
285 88
284 88
283 88
282 88
281 88
280 88
279 88
278 88
277 88
277 87
276 87
276 86
275 86
274 86
274 85
273 85
272 85
271 85
270 85
269 85
268 85
267 85
266 85
265 85
264 85
263 85
262 85
262 86
261 86
330 102
330 103
330 104
330 105
331 105
331 104
332 104
333 104
334 104
335 104
336 104
337 104
338 104
339 104
339 105
340 105
341 105
341 106
342 106
343 106
343 107
344 107
345 107
346 107
347 107
347 108
347 109
347 110
347 111
347 112
347 113
347 114
347 115
347 116
347 117
348 117
348 118
348 119
349 119
349 120
350 120
350 121
351 121
351 122
352 122
353 122
353 123
354 123
355 123
355 124
356 124
357 124
357 125
358 125
359 125
360 125
361 125
362 125
363 125
364 125
365 125
365 124
366 124
370 114
370 115
371 114
372 114
373 114
374 114
375 114
376 114
376 113
376 112
376 111
376 110
377 110
378 110
379 110
380 110
381 110
382 110
383 110
384 110
385 110
386 110
387 110
388 110
388 111
389 111
390 111
390 110
391 110
392 110
393 110
394 110
395 110
396 110
397 110
397 111
398 111
369 115
369 116
369 117
368 117
368 118
368 119
368 120
368 121
368 122
368 123
367 123
367 124
79 350
80 350
78 350
77 350
76 350
75 350
74 350
74 349
74 348
73 348
72 348
72 347
71 347
71 346
70 346
70 345
69 345
69 344
68 344
68 343
68 342
68 341
69 341
69 340
69 339
81 350
82 350
83 350
84 350
85 350
86 350
86 351
454 32
454 31
454 33
453 33
453 34
452 34
451 34
451 35
450 35
450 36
451 36
451 37
452 37
452 38
453 38
454 38
455 38
456 38
456 39
457 39
457 40
458 40
455 31
455 30
456 30
456 29
457 29
457 28
458 28
459 28
459 27
460 27
460 26
459 26
459 25
459 24
459 23
459 22
459 21
459 20
459 19
460 19
460 18
461 18
462 18
462 17
462 16
462 15
462 14
463 14
464 14
464 13
465 13
465 14
466 14
466 15
466 16
467 16
467 17
467 18
467 19
468 19
468 20
468 21
469 21
469 22
469 23
470 23
470 24
470 25
470 26
470 27
471 27
471 28
472 28
472 29
473 29
474 29
475 29
476 29
476 30
477 30
477 31
478 31
478 32
478 33
478 34
478 35
479 35
479 36
480 36
480 37
481 37
482 37
482 38
483 38
483 39
483 40
484 40
484 41
484 42
484 43
485 43
486 43
486 44
487 44
487 45
488 45
488 46
489 46
489 47
489 48
489 49
489 50
489 51
489 52
489 53
488 53
488 54
487 54
487 55
487 56
486 56
486 57
486 58
486 59
486 60
485 60
485 61
484 61
446 27
446 26
446 28
447 28
447 29
447 30
447 31
447 32
447 33
447 34
447 35
447 36
447 37
448 37
448 36
449 36
446 25
446 24
446 23
446 22
445 22
445 21
445 20
445 19
445 18
445 17
445 16
444 16
443 16
442 16
441 16
441 15
441 14
440 14
492 117
492 118
492 116
493 116
494 116
495 116
495 115
496 115
497 115
497 114
498 114
499 114
500 114
501 114
502 114
503 114
503 113
504 113
505 113
505 112
505 111
505 110
505 109
505 108
505 107
505 106
505 105
504 105
504 104
504 103
503 103
503 102
502 102
502 101
491 118
491 119
490 119
490 120
489 120
489 121
488 121
488 122
488 123
488 124
487 124
486 124
485 124
484 124
483 124
482 124
481 124
481 125
481 126
480 126
480 127
101 348
102 348
100 348
99 348
98 348
97 348
96 348
103 348
103 347
104 347
104 346
104 345
104 344
105 344
105 343
105 342
105 341
105 340
105 339
105 338
106 338
106 337
106 336
106 335
106 334
106 333
106 332
106 331
106 330
106 329
388 239
389 239
387 239
386 239
385 239
384 239
383 239
382 239
381 239
380 239
379 239
378 239
377 239
376 239
375 239
374 239
374 240
374 241
374 242
373 242
373 243
372 243
372 244
371 244
371 245
370 245
369 245
369 246
369 247
368 247
368 248
367 248
367 249
366 249
366 250
365 250
364 250
363 250
362 250
361 250
360 250
360 251
360 252
360 253
360 254
360 255
360 256
360 257
361 257
361 258
361 259
362 259
362 260
363 260
363 261
364 261
365 261
366 261
366 262
365 262
365 263
364 263
363 263
362 263
361 263
360 263
360 264
359 264
358 264
357 264
356 264
355 264
354 264
353 264
352 264
351 264
350 264
349 264
349 265
349 266
349 267
349 268
349 269
349 270
349 271
349 272
349 273
349 274
349 275
349 276
390 239
391 239
392 239
392 238
392 237
392 236
392 235
392 234
392 233
393 233
393 234
394 234
395 234
396 234
396 235
397 235
398 235
399 235
400 235
401 235
401 236
402 236
402 237
403 237
404 237
404 236
405 236
405 235
406 235
406 234
406 233
407 233
408 233
409 233
410 233
411 233
412 233
413 233
414 233
414 234
415 234
415 235
416 235
416 236
417 236
417 237
418 237
419 237
420 237
420 238
421 238
421 239
422 239
422 240
454 469
454 470
453 469
453 468
453 467
452 467
452 466
451 466
450 466
450 465
449 465
448 465
447 465
447 466
446 466
446 467
445 467
445 468
444 468
444 469
443 469
443 470
442 470
442 471
441 471
440 471
439 471
438 471
437 471
436 471
436 470
435 470
435 469
434 469
434 468
433 468
432 468
431 468
430 468
430 467
429 467
429 468
428 468
428 469
428 470
427 470
427 471
427 472
426 472
426 473
425 473
424 473
423 473
422 473
421 473
421 472
420 472
420 471
420 470
420 469
420 468
420 467
419 467
419 466
418 466
418 465
418 464
418 463
418 462
417 462
417 461
417 460
416 460
416 459
415 459
414 459
414 458
413 458
412 458
412 459
411 459
410 459
409 459
408 459
407 459
407 460
406 460
406 461
405 461
454 471
454 472
454 473
454 474
454 475
454 476
445 413
446 413
444 413
443 413
442 413
441 413
440 413
439 413
438 413
437 413
437 412
447 413
448 413
448 412
448 411
448 410
448 409
448 408
448 407
449 407
450 407
450 406
451 406
451 405
452 405
453 405
454 405
455 405
456 405
457 405
458 405
459 405
460 405
460 406
461 406
462 406
463 406
464 406
465 406
466 406
467 406
468 406
469 406
470 406
470 407
470 408
471 408
471 407
472 407
472 406
473 406
474 406
475 406
476 406
477 406
478 406
478 405
478 404
478 403
478 402
478 401
478 400
478 399
478 398
478 397
478 396
477 396
97 16
97 15
97 17
97 18
98 18
98 19
98 20
98 21
98 22
98 23
99 23
100 23
101 23
102 23
103 23
104 23
104 24
105 24
106 24
107 24
108 24
109 24
110 24
111 24
112 24
113 24
113 25
113 26
114 26
114 27
115 27
115 28
116 28
116 29
97 14
97 13
97 12
97 11
97 10
97 9
97 8
96 8
96 7
377 303
378 303
376 303
375 303
375 304
374 304
374 305
373 305
373 306
373 307
372 307
372 308
371 308
371 309
370 309
370 310
369 310
368 310
367 310
366 310
365 310
365 309
364 309
364 308
363 308
363 307
363 306
363 305
363 304
363 303
362 303
362 302
362 301
363 301
363 300
363 299
364 299
364 298
364 297
364 296
363 296
363 295
362 295
361 295
361 294
360 294
359 294
358 294
358 295
358 296
357 296
357 297
356 297
355 297
354 297
353 297
353 298
352 298
351 298
351 299
350 299
350 300
349 300
349 301
348 301
347 301
346 301
345 301
344 301
344 302
343 302
343 303
343 304
343 305
343 306
342 306
341 306
340 306
339 306
338 306
337 306
337 305
336 305
336 304
335 304
334 304
334 303
333 303
333 302
332 302
332 303
331 303
330 303
329 303
328 303
327 303
326 303
325 303
324 303
323 303
323 304
323 305
324 305
324 306
324 307
324 308
324 309
324 310
324 311
324 312
324 313
324 314
324 315
324 316
324 317
323 317
322 317
322 318
322 319
322 320
321 320
321 321
321 322
320 322
379 303
380 303
381 303
382 303
382 302
383 302
383 301
384 301
385 301
386 301
387 301
388 301
388 300
389 300
390 300
391 300
392 300
393 300
394 300
394 299
395 299
396 299
397 299
398 299
399 299
400 299
401 299
401 300
402 300
402 301
403 301
403 302
404 302
404 303
404 304
405 304
405 305
406 305
407 305
408 305
409 305
410 305
411 305
412 305
413 305
414 305
415 305
416 305
417 305
418 305
419 305
420 305
421 305
421 304
422 304
422 303
423 303
424 303
425 303
426 303
427 303
427 302
428 302
429 302
430 302
431 302
432 302
433 302
434 302
434 301
435 301
435 302
436 302
437 302
437 303
438 303
438 304
439 304
439 305
439 306
440 306
440 307
441 307
441 308
442 308
442 309
443 309
443 310
444 310
444 311
445 311
446 311
446 312
447 312
447 311
448 311
449 311
449 310
449 309
449 308
450 308
450 307
450 306
450 305
451 305
451 304
451 303
452 303
452 302
452 301
453 301
453 300
453 299
453 298
453 297
454 297
454 296
454 295
454 294
455 294
456 294
457 294
458 294
459 294
460 294
461 294
462 294
463 294
464 294
465 294
466 294
467 294
468 294
469 294
470 294
471 294
472 294
473 294
474 294
475 294
476 294
476 295
476 296
477 296
477 297
476 297
476 298
476 299
476 300
476 301
475 301
475 302
474 302
473 302
473 303
472 303
471 303
434 27
433 27
435 27
436 27
436 28
436 29
436 30
436 31
435 31
435 32
434 32
434 33
435 33
435 34
435 35
435 36
436 36
436 37
437 37
437 38
438 38
439 38
440 38
441 38
442 38
443 38
444 38
445 38
446 38
446 37
432 27
431 27
430 27
429 27
428 27
427 27
427 26
426 26
425 26
424 26
423 26
422 26
421 26
421 25
420 25
420 24
419 24
419 23
419 22
419 21
419 20
419 19
419 18
419 17
419 16
419 15
419 14
418 14
418 13
417 13
416 13
415 13
414 13
413 13
413 14
412 14
411 14
410 14
409 14
409 15
408 15
408 16
407 16
406 16
405 16
404 16
404 17
403 17
403 18
402 18
401 18
401 17
400 17
399 17
398 17
397 17
396 17
395 17
394 17
393 17
392 17
391 17
390 17
389 17
389 16
388 16
388 17
387 17
387 18
387 19
387 20
387 21
387 22
386 22
386 23
386 24
385 24
384 24
384 25
383 25
382 25
381 25
381 26
380 26
379 26
379 27
379 28
379 29
379 30
379 31
379 32
379 33
378 33
378 34
377 34
377 35
376 35
376 36
376 37
375 37
375 38
374 38
373 38
372 38
371 38
370 38
369 38
369 39
369 40
368 40
368 41
368 42
368 43
368 44
368 45
368 46
368 47
368 48
368 49
369 49
369 50
370 50
371 50
371 51
372 51
372 52
372 53
372 54
371 54
371 55
370 55
370 56
369 56
369 57
369 58
369 59
369 60
368 60
368 61
367 61
445 79
444 79
446 79
447 79
448 79
449 79
450 79
451 79
452 79
452 78
453 78
454 78
455 78
456 78
457 78
458 78
459 78
460 78
461 78
462 78
462 79
463 79
463 80
464 80
464 81
465 81
466 81
467 81
468 81
469 81
469 82
470 82
471 82
472 82
473 82
474 82
474 83
474 84
473 84
473 85
473 86
473 87
473 88
473 89
473 90
474 90
475 90
476 90
477 90
478 90
479 90
479 91
480 91
480 90
481 90
482 90
483 90
483 89
484 89
484 88
484 87
485 87
485 88
485 89
485 90
485 91
485 92
485 93
485 94
485 95
485 96
485 97
485 98
485 99
486 99
486 100
487 100
488 100
489 100
490 100
490 101
491 101
491 100
492 100
493 100
494 100
495 100
496 100
497 100
498 100
499 100
500 100
501 100
501 101
443 79
442 79
441 79
441 80
440 80
440 81
439 81
439 82
438 82
438 83
437 83
437 84
437 85
436 85
435 85
434 85
433 85
432 85
431 85
430 85
429 85
428 85
427 85
427 84
426 84
426 83
426 82
426 81
425 81
425 82
424 82
424 83
424 84
423 84
423 85
422 85
422 86
422 87
422 88
422 89
422 90
422 91
422 92
422 93
422 94
422 95
421 95
452 370
453 370
451 370
450 370
449 370
449 371
448 371
448 372
448 373
448 374
448 375
448 376
448 377
448 378
448 379
448 380
447 380
447 381
447 382
446 382
446 383
446 384
445 384
445 385
445 386
445 387
445 388
445 389
444 389
444 390
444 391
445 391
446 391
447 391
448 391
449 391
450 391
451 391
452 391
453 391
454 391
455 391
455 390
456 390
456 391
456 392
456 393
456 394
456 395
456 396
456 397
457 397
458 397
459 397
459 398
460 398
461 398
461 399
462 399
463 399
464 399
465 399
465 400
464 400
464 401
463 401
463 402
463 403
463 404
462 404
462 405
461 405
454 370
455 370
456 370
456 369
457 369
457 368
458 368
459 368
459 367
460 367
460 366
461 366
462 366
462 365
463 365
463 364
464 364
464 363
465 363
465 362
466 362
466 361
465 361
465 360
464 360
464 359
463 359
463 358
462 358
462 357
462 356
462 355
461 355
461 354
461 353
460 353
460 352
460 351
459 351
459 350
458 350
458 349
458 348
457 348
457 347
456 347
455 347
455 346
454 346
453 346
453 345
452 345
451 345
450 345
449 345
448 345
447 345
447 346
446 346
446 347
446 348
446 349
446 350
446 351
446 352
424 120
423 120
425 120
426 120
427 120
428 120
429 120
430 120
431 120
432 120
432 121
432 122
432 123
432 124
433 124
433 125
433 126
434 126
434 127
434 128
435 128
435 129
436 129
437 129
438 129
439 129
440 129
441 129
442 129
442 128
443 128
444 128
422 120
421 120
420 120
419 120
418 120
418 121
417 121
416 121
415 121
414 121
413 121
412 121
398 103
397 103
398 102
398 101
398 100
398 99
398 98
397 98
397 97
396 97
396 96
396 95
397 95
397 94
398 94
398 93
399 93
399 92
400 92
400 91
400 90
400 89
400 88
399 88
399 87
398 87
397 87
397 86
396 86
396 85
395 85
395 84
395 83
394 83
394 82
393 82
393 81
392 81
392 80
391 80
390 80
389 80
388 80
387 80
386 80
385 80
384 80
384 81
383 81
383 82
382 82
381 82
381 83
380 83
380 84
379 84
378 84
377 84
376 84
375 84
375 83
375 82
375 81
375 80
375 79
375 78
374 78
374 79
373 79
372 79
371 79
370 79
369 79
368 79
367 79
397 104
397 105
397 106
397 107
397 108
397 109
431 371
430 371
432 371
433 371
433 370
434 370
434 369
435 369
436 369
437 369
438 369
438 370
439 370
440 370
441 370
442 370
443 370
444 370
445 370
446 370
447 370
447 371
429 371
428 371
427 371
426 371
425 371
425 372
424 372
424 373
423 373
422 373
421 373
420 373
419 373
419 372
502 19
502 20
502 18
501 18
501 17
500 17
500 16
500 15
499 15
498 15
497 15
497 14
496 14
495 14
494 14
493 14
492 14
491 14
490 14
489 14
488 14
487 14
486 14
485 14
485 13
485 12
484 12
484 11
483 11
483 10
502 21
502 22
503 22
503 23
504 23
504 24
504 25
503 25
503 26
502 26
502 27
502 28
502 29
502 30
502 31
501 31
501 32
500 32
500 33
499 33
499 34
499 35
499 36
499 37
499 38
500 38
500 39
499 39
498 39
498 40
497 40
496 40
496 41
496 42
495 42
495 43
495 44
494 44
494 45
493 45
492 45
491 45
490 45
490 46
467 457
467 456
468 457
469 457
470 457
471 457
472 457
472 458
473 458
474 458
475 458
475 459
476 459
476 460
476 461
477 461
477 462
477 463
477 464
477 465
477 466
467 455
467 454
467 453
467 452
466 452
466 451
466 450
465 450
465 449
465 448
464 448
464 447
465 447
465 446
466 446
467 446
467 445
468 445
469 445
470 445
470 446
471 446
472 446
473 446
474 446
475 446
476 446
477 446
478 446
478 445
479 445
479 444
479 443
479 442
479 441
479 440
479 439
479 438
479 437
479 436
479 435
479 434
480 434
481 434
481 435
482 435
482 436
483 436
484 436
484 437
485 437
486 437
486 438
487 438
488 438
489 438
490 438
491 438
491 437
491 436
491 435
491 434
492 434
492 433
493 433
494 433
494 432
495 432
496 432
497 432
497 433
498 433
499 433
500 433
500 434
501 434
502 434
502 433
503 433
504 433
504 432
505 432
505 431
506 431
506 430
506 429
506 428
506 427
506 426
506 425
506 424
506 423
507 423
398 505
399 505
397 505
397 504
396 504
396 503
395 503
395 502
394 502
394 501
393 501
393 500
392 500
392 499
391 499
390 499
389 499
388 499
387 499
386 499
385 499
384 499
383 499
383 498
399 506
399 507
400 507
400 508
400 509
400 510
401 510
401 511
402 511
403 511
404 511
405 511
406 511
407 511
408 511
409 511
410 511
411 511
441 68
441 67
441 69
441 70
442 70
442 71
443 71
443 72
444 72
445 72
446 72
447 72
448 72
449 72
449 73
450 73
450 74
451 74
451 75
451 76
452 76
452 77
441 66
441 65
441 64
441 63
440 63
440 62
439 62
439 61
439 60
439 59
439 58
439 57
438 57
438 58
438 59
438 60
438 61
437 61
437 62
436 62
436 63
435 63
434 63
434 64
433 64
433 63
432 63
431 63
430 63
429 63
428 63
427 63
427 64
426 64
426 65
425 65
425 66
425 67
424 67
424 68
423 68
423 69
422 69
421 69
420 69
419 69
419 68
418 68
417 68
416 68
415 68
414 68
414 67
413 67
412 67
412 66
411 66
411 65
410 65
409 65
409 64
408 64
408 63
407 63
407 62
407 61
406 61
405 61
404 61
404 60
403 60
403 61
402 61
401 61
401 62
400 62
399 62
398 62
398 63
397 63
396 63
396 64
395 64
394 64
393 64
392 64
391 64
390 64
390 63
389 63
388 63
387 63
386 63
386 62
385 62
384 62
383 62
383 61
382 61
381 61
381 60
380 60
380 59
380 58
380 57
380 56
379 56
379 55
379 54
378 54
378 53
377 53
376 53
375 53
374 53
373 53
356 206
356 205
356 207
356 208
356 209
356 210
356 211
356 212
357 212
357 213
358 213
356 204
356 203
356 202
356 201
356 200
357 200
358 200
358 199
359 199
360 199
360 198
361 198
361 197
361 196
361 195
361 194
361 193
361 192
361 191
361 190
361 189
361 188
361 187
360 187
360 186
360 185
359 185
359 184
360 184
360 183
361 183
362 183
362 182
362 181
362 180
362 179
362 178
362 177
362 176
361 176
361 175
360 175
360 174
359 174
358 174
358 175
357 175
356 175
355 175
354 175
353 175
353 176
352 176
351 176
350 176
350 177
349 177
348 177
347 177
346 177
345 177
344 177
343 177
342 177
341 177
340 177
340 176
339 176
339 177
339 178
339 179
339 180
338 180
338 181
337 181
337 182
336 182
335 182
335 183
334 183
334 184
333 184
333 185
333 186
333 187
333 188
333 189
332 189
332 190
331 190
331 191
330 191
330 192
329 192
329 193
328 193
328 194
327 194
327 195
326 195
325 195
324 195
323 195
322 195
321 195
320 195
319 195
319 194
318 194
318 193
318 192
317 192
317 191
317 190
317 189
317 188
316 188
315 188
314 188
313 188
312 188
312 187
312 186
312 185
312 184
311 184
311 183
310 183
309 183
308 183
307 183
306 183
305 183
304 183
304 184
303 184
303 185
302 185
302 186
302 187
301 187
301 188
300 188
300 189
299 189
298 189
298 190
297 190
296 190
296 191
295 191
294 191
293 191
293 192
292 192
291 192
291 193
291 194
290 194
290 195
289 195
289 196
289 197
289 198
289 199
289 200
289 201
289 202
289 203
289 204
288 204
288 205
287 205
286 205
285 205
284 205
283 205
282 205
281 205
280 205
280 206
279 206
278 206
278 207
277 207
276 207
275 207
274 207
274 208
273 208
272 208
271 208
270 208
269 208
268 208
267 208
266 208
265 208
265 207
265 206
265 205
265 204
265 203
265 202
265 201
264 201
263 201
263 200
262 200
262 199
262 198
261 198
261 197
260 197
259 197
258 197
257 197
256 197
255 197
254 197
253 197
252 197
252 198
252 199
252 200
251 200
250 200
250 199
250 198
249 198
249 197
248 197
248 196
247 196
246 196
245 196
244 196
243 196
243 195
242 195
242 194
241 194
241 193
241 192
241 191
240 191
240 190
239 190
239 189
238 189
238 188
238 187
238 186
237 186
237 185
237 184
236 184
236 183
236 182
236 181
235 181
235 182
234 182
234 183
233 183
232 183
231 183
231 184
230 184
230 185
229 185
228 185
228 186
227 186
226 186
225 186
225 187
224 187
224 188
223 188
222 188
222 189
221 189
220 189
219 189
218 189
218 190
217 190
217 189
216 189
216 188
215 188
214 188
213 188
213 189
212 189
212 190
211 190
211 191
210 191
209 191
208 191
207 191
206 191
205 191
204 191
204 190
203 190
202 190
201 190
200 190
493 336
494 336
492 336
492 337
491 337
491 338
491 339
491 340
491 341
491 342
492 342
492 343
493 343
493 344
493 345
492 345
492 346
492 347
492 348
492 349
492 350
492 351
491 351
491 350
491 349
490 349
489 349
488 349
487 349
486 349
485 349
484 349
483 349
482 349
482 350
481 350
481 351
480 351
480 352
479 352
478 352
478 353
477 353
477 354
477 355
477 356
477 357
477 358
477 359
477 360
477 361
476 361
476 362
475 362
474 362
473 362
472 362
471 362
470 362
469 362
468 362
467 362
494 335
495 335
496 335
497 335
498 335
499 335
500 335
501 335
502 335
503 335
503 334
503 333
503 332
503 331
503 330
504 330
504 329
505 329
506 329
506 328
507 328
342 238
342 237
342 239
342 240
341 240
341 241
341 242
341 243
340 243
340 244
339 244
339 245
338 245
338 246
338 247
338 248
338 249
337 249
336 249
336 250
335 250
334 250
333 250
333 251
332 251
332 252
331 252
331 253
330 253
330 254
329 254
328 254
328 255
327 255
326 255
325 255
343 237
343 236
344 236
344 235
345 235
346 235
346 234
347 234
348 234
349 234
350 234
351 234
351 233
352 233
353 233
353 232
428 236
429 236
427 236
426 236
425 236
425 237
424 237
424 238
423 238
423 239
430 236
431 236
432 236
432 237
433 237
433 238
434 238
435 238
436 238
436 239
437 239
438 239
438 240
439 240
440 240
440 241
441 241
441 242
441 243
442 243
443 243
444 243
445 243
446 243
446 244
447 244
448 244
448 245
449 245
450 245
451 245
452 245
453 245
454 245
455 245
456 245
457 245
457 244
458 244
459 244
460 244
461 244
462 244
463 244
464 244
465 244
465 245
466 245
466 246
467 246
468 246
469 246
470 246
471 246
472 246
472 245
473 245
473 244
473 243
473 242
473 241
473 240
474 240
504 3
503 3
504 4
505 4
505 5
506 5
506 6
506 7
506 8
506 9
507 9
507 10
508 10
508 11
507 11
507 12
506 12
506 13
505 13
504 13
503 13
502 13
502 14
501 14
501 15
502 3
501 3
500 3
499 3
498 3
498 2
497 2
497 1
131 444
131 443
132 444
132 445
133 445
133 446
134 446
135 446
135 447
135 448
134 448
134 449
134 450
134 451
134 452
134 453
134 454
134 455
134 456
134 457
134 458
134 459
134 460
134 461
133 461
132 461
131 461
131 462
130 462
130 463
129 463
129 464
129 465
129 466
129 467
129 468
128 468
128 469
128 470
127 470
126 470
126 471
125 471
125 472
124 472
124 473
123 473
123 474
123 475
123 476
123 477
123 478
123 479
131 442
131 441
131 440
131 439
131 438
131 437
131 436
131 435
132 435
133 435
133 434
133 433
134 433
134 432
134 431
134 430
408 502
408 501
408 503
408 504
408 505
408 506
408 507
408 508
409 508
410 508
410 509
411 509
411 510
409 501
409 500
410 500
411 500
412 500
413 500
414 500
415 500
416 500
417 500
418 500
418 499
419 499
419 498
420 498
494 201
493 201
494 202
495 202
495 203
495 204
496 204
496 205
496 206
496 207
496 208
496 209
495 209
495 210
494 210
493 210
493 211
492 211
493 200
492 200
491 200
490 200
489 200
489 199
490 199
491 199
491 198
491 197
492 197
492 196
493 196
494 196
495 196
496 196
497 196
498 196
499 196
500 196
500 195
501 195
502 195
503 195
504 195
505 195
506 195
507 195
507 194
508 194
509 194
510 194
510 193
511 193
444 183
444 182
444 184
444 185
444 186
444 187
444 188
444 189
444 190
444 191
444 192
444 193
444 194
444 195
444 196
444 197
444 198
444 199
444 200
444 201
444 202
443 202
443 182
443 181
443 180
442 180
442 179
441 179
441 178
440 178
439 178
439 177
438 177
437 177
437 176
436 176
436 175
436 174
436 173
436 172
436 171
436 170
436 169
436 168
436 167
436 166
436 165
436 164
436 163
436 162
437 162
437 161
437 160
438 160
438 159
439 159
439 158
440 158
440 157
441 157
441 156
442 156
442 155
442 154
443 154
443 153
444 153
444 152
443 152
443 151
442 151
442 150
441 150
440 150
440 149
440 148
440 147
440 146
440 145
440 144
440 143
440 142
439 142
439 141
439 140
438 140
437 140
436 140
435 140
434 140
434 139
433 139
433 138
433 137
432 137
432 136
433 136
433 135
433 134
433 133
433 132
433 131
434 131
434 130
434 129
462 505
463 505
461 505
460 505
459 505
458 505
457 505
456 505
455 505
455 506
455 507
454 507
453 507
452 507
451 507
450 507
449 507
448 507
447 507
446 507
446 508
445 508
445 509
444 509
444 510
443 510
443 511
442 511
441 511
440 511
439 511
438 511
437 511
436 511
436 510
436 509
436 508
436 507
436 506
436 505
436 504
436 503
436 502
436 501
436 500
436 499
436 498
436 497
435 497
434 497
433 497
432 497
431 497
430 497
429 497
428 497
427 497
426 497
425 497
424 497
423 497
422 497
421 497
420 497
464 505
465 505
465 504
466 504
466 503
467 503
467 502
468 502
468 501
469 501
469 500
469 499
469 498
469 497
470 497
470 496
471 496
471 495
472 495
473 495
474 495
475 495
475 494
475 493
475 492
475 491
476 491
476 490
476 489
475 489
475 488
474 488
474 487
474 486
473 486
472 486
471 486
470 486
470 485
469 485
469 484
468 484
468 483
468 482
467 482
467 481
467 480
466 480
466 479
479 260
479 259
479 261
479 262
479 263
479 264
479 265
479 266
479 267
479 268
479 269
479 270
480 270
481 270
482 270
483 270
484 270
485 270
486 270
487 270
488 270
489 270
490 270
491 270
492 270
493 270
493 271
494 271
495 271
495 272
496 272
496 271
497 271
498 271
499 271
500 271
501 271
502 271
502 270
503 270
504 270
505 270
506 270
507 270
508 270
509 270
510 270
511 270
479 258
479 257
479 256
479 255
479 254
479 253
479 252
479 251
479 250
479 249
479 248
478 248
478 247
477 247
477 246
476 246
475 246
475 245
474 245
474 244
474 243
474 242
474 241
436 115
436 114
435 115
435 116
435 117
435 118
434 118
434 119
433 119
433 120
433 121
433 122
433 123
436 113
436 112
437 112
437 111
437 110
437 109
438 109
438 108
438 107
439 107
439 106
439 105
440 105
440 104
440 103
440 102
440 101
440 100
441 100
441 99
441 98
441 97
441 96
441 95
441 94
441 93
441 92
440 92
440 91
440 90
440 89
439 89
439 88
439 87
439 86
439 85
439 84
439 83
