195 79
196 79
194 79
193 79
192 79
192 80
191 80
191 81
191 82
191 83
191 84
191 85
191 86
190 86
190 87
190 88
190 89
190 90
190 91
190 92
190 93
190 94
190 95
189 95
189 96
197 79
197 78
198 78
198 77
199 77
199 76
199 75
200 75
200 74
200 73
201 73
201 72
202 72
202 71
203 71
74 159
74 158
74 160
75 160
75 161
75 162
75 163
76 163
76 164
76 165
77 165
77 166
78 166
78 167
78 168
79 168
79 167
80 167
80 166
81 166
82 166
83 166
83 165
84 165
84 164
85 164
85 163
85 162
86 162
86 161
86 160
87 160
87 159
88 159
88 158
88 157
89 157
89 156
90 156
91 156
91 155
92 155
93 155
94 155
95 155
96 155
97 155
98 155
98 154
98 153
99 153
99 152
99 151
99 150
100 150
100 149
100 148
101 148
101 147
102 147
102 146
102 145
103 145
103 144
104 144
104 143
105 143
105 142
106 142
106 141
107 141
107 140
107 139
107 138
107 137
107 136
107 135
106 135
106 134
106 133
106 132
106 131
105 131
105 130
106 130
106 129
107 129
108 129
108 128
109 128
109 127
110 127
111 127
112 127
113 127
114 127
115 127
116 127
116 126
117 126
117 125
118 125
118 124
119 124
119 123
120 123
120 122
121 122
122 122
123 122
124 122
125 122
125 123
126 123
126 124
127 124
128 124
129 124
130 124
131 124
132 124
133 124
134 124
135 124
136 124
136 123
136 122
137 122
138 122
139 122
140 122
141 122
142 122
143 122
144 122
145 122
146 122
147 122
148 122
149 122
150 122
151 122
152 122
152 121
153 121
154 121
155 121
156 121
157 121
158 121
159 121
159 120
159 119
159 118
159 117
160 117
160 116
161 116
161 115
161 114
161 113
161 112
161 111
161 110
161 109
160 109
160 108
159 108
158 108
158 107
157 107
157 106
156 106
156 105
156 104
155 104
154 104
153 104
152 104
151 104
151 103
152 103
153 103
154 103
154 102
154 101
154 100
154 99
154 98
154 97
154 96
154 95
154 94
155 94
155 93
155 92
155 91
155 90
155 89
156 89
156 88
156 87
157 87
157 86
158 86
159 86
159 87
160 87
161 87
161 88
161 89
162 89
162 90
162 91
163 91
163 92
164 92
165 92
166 92
167 92
168 92
169 92
170 92
170 93
170 94
171 94
171 93
172 93
172 92
173 92
174 92
175 92
176 92
177 92
178 92
178 93
178 94
178 95
178 96
179 96
179 97
180 97
181 97
182 97
183 97
184 97
185 97
186 97
187 97
188 97
188 96
73 158
73 157
72 157
72 156
72 155
73 155
73 154
73 153
73 152
73 151
74 151
74 150
75 150
75 149
74 149
74 148
74 147
74 146
74 145
74 144
74 143
74 142
74 141
73 141
73 140
73 139
73 138
73 137
74 137
74 136
74 135
74 134
75 134
75 133
76 133
76 132
77 132
77 131
78 131
258 183
259 183
257 183
256 183
255 183
254 183
253 183
252 183
252 182
251 182
250 182
249 182
248 182
247 182
247 181
246 181
245 181
245 180
245 179
244 179
244 178
244 177
245 177
245 176
245 175
246 175
246 174
247 174
247 173
247 172
247 171
248 171
248 170
248 169
249 169
249 168
248 168
247 168
246 168
245 168
244 168
243 168
242 168
241 168
241 167
240 167
240 166
239 166
239 165
239 164
238 164
238 163
237 163
237 162
236 162
236 161
235 161
235 160
235 159
234 159
234 158
234 157
234 156
234 155
234 154
234 153
234 152
234 151
235 151
235 150
234 150
234 149
233 149
232 149
231 149
230 149
229 149
229 148
229 147
228 147
228 146
227 146
227 145
226 145
225 145
225 144
224 144
224 143
223 143
222 143
221 143
221 142
221 141
221 140
221 139
221 138
221 137
221 136
221 135
221 134
221 133
221 132
221 131
220 131
220 130
220 129
220 128
220 127
220 126
219 126
219 125
218 125
217 125
216 125
215 125
215 124
214 124
213 124
212 124
211 124
210 124
209 124
208 124
207 124
206 124
206 123
205 123
205 122
204 122
203 122
203 121
202 121
202 120
201 120
201 119
200 119
200 118
199 118
199 117
198 117
197 117
196 117
195 117
195 118
195 119
195 120
195 121
195 122
195 123
194 123
194 124
193 124
193 125
192 125
192 126
191 126
190 126
189 126
188 126
187 126
186 126
185 126
184 126
183 126
182 126
182 127
181 127
180 127
179 127
178 127
177 127
176 127
175 127
174 127
173 127
172 127
172 128
171 128
171 127
170 127
170 126
169 126
168 126
168 125
167 125
167 124
167 123
166 123
166 122
165 122
165 121
164 121
164 120
164 119
164 118
164 117
163 117
162 117
162 116
260 183
261 183
262 183
263 183
264 183
265 183
265 184
266 184
266 185
266 186
266 187
266 188
266 189
266 190
266 191
266 192
266 193
267 193
267 194
267 195
268 195
268 196
269 196
269 197
270 197
270 198
270 199
270 200
270 201
270 202
271 202
271 203
272 203
273 203
132 109
132 110
132 108
132 107
131 107
131 106
131 105
130 105
130 104
130 103
130 102
130 101
130 100
131 100
131 99
131 98
132 98
132 97
133 97
133 96
134 96
135 96
135 95
136 95
137 95
138 95
139 95
140 95
141 95
142 95
142 96
143 96
143 97
144 97
144 98
145 98
146 98
146 99
147 99
148 99
148 100
148 101
149 101
149 102
149 103
150 103
132 111
133 111
133 112
134 112
134 113
135 113
135 114
136 114
136 115
136 116
136 117
136 118
136 119
136 120
136 121
149 134
149 133
149 135
149 136
148 136
148 137
147 137
147 138
146 138
146 139
145 139
145 140
144 140
144 141
143 141
142 141
141 141
140 141
139 141
139 142
138 142
138 143
137 143
137 144
136 144
136 145
136 146
135 146
135 147
134 147
133 147
132 147
131 147
130 147
129 147
128 147
127 147
126 147
125 147
125 146
124 146
123 146
123 147
123 148
122 148
122 149
121 149
120 149
119 149
118 149
117 149
116 149
115 149
114 149
113 149
112 149
111 149
111 148
110 148
110 147
109 147
109 146
108 146
108 145
108 144
108 143
108 142
108 141
149 132
150 132
150 131
151 131
151 130
152 130
153 130
154 130
155 130
156 130
157 130
158 130
158 129
159 129
159 128
159 127
159 126
159 125
159 124
159 123
159 122
179 60
179 61
178 60
177 60
176 60
175 60
174 60
173 60
172 60
172 59
171 59
171 58
170 58
169 58
168 58
167 58
166 58
165 58
164 58
163 58
163 57
163 56
162 56
162 57
161 57
161 58
160 58
159 58
158 58
158 59
157 59
157 60
157 61
156 61
156 62
157 62
157 63
157 64
158 64
158 65
158 66
158 67
158 68
158 69
157 69
157 70
156 70
156 71
156 72
156 73
156 74
156 75
156 76
156 77
155 77
155 78
155 79
155 80
155 81
155 82
155 83
156 83
156 84
157 84
157 85
180 61
181 61
182 61
183 61
184 61
184 62
185 62
185 63
186 63
186 64
187 64
187 65
187 66
188 66
188 67
189 67
189 68
189 69
189 70
189 71
189 72
189 73
189 74
190 74
190 75
191 75
191 76
191 77
191 78
192 78
148 166
147 166
149 166
149 167
150 167
150 168
151 168
151 169
152 169
152 170
153 170
153 171
154 171
155 171
155 172
156 172
157 172
157 173
158 173
158 174
158 175
158 176
158 177
158 178
158 179
159 179
159 180
159 181
160 181
160 182
161 182
162 182
162 183
163 183
164 183
164 184
165 184
166 184
167 184
168 184
169 184
169 185
146 166
145 166
144 166
144 165
143 165
143 164
144 164
144 163
145 163
145 162
145 161
145 160
146 160
146 159
147 159
147 158
146 158
145 158
145 157
144 157
143 157
143 156
142 156
141 156
141 155
140 155
139 155
138 155
137 155
137 154
136 154
136 153
135 153
135 152
135 151
135 150
135 149
135 148
134 148
173 439
173 438
173 440
174 440
174 441
175 441
175 442
176 442
176 443
177 443
178 443
179 443
180 443
181 443
182 443
182 444
182 445
182 446
182 447
181 447
181 448
180 448
180 449
180 450
180 451
180 452
181 452
181 453
182 453
182 454
183 454
183 455
172 438
172 437
171 437
171 436
171 435
171 434
171 433
171 432
171 431
171 430
171 429
170 429
170 428
169 428
168 428
168 427
167 427
167 426
166 426
166 425
166 424
166 423
167 423
168 423
169 423
170 423
171 423
172 423
173 423
173 424
174 424
174 425
175 425
175 426
176 426
177 426
178 426
179 426
180 426
181 426
182 426
183 426
184 426
185 426
186 426
186 427
187 427
187 428
188 428
188 429
188 430
188 431
188 432
188 433
188 434
188 435
188 436
188 437
188 438
188 439
188 440
188 441
188 442
187 442
187 443
186 443
186 444
185 444
185 445
184 445
184 446
183 446
185 58
185 57
185 59
185 60
185 61
185 56
185 55
185 54
186 54
186 53
186 52
186 51
186 50
186 49
186 48
186 47
187 47
179 470
180 470
178 470
177 470
176 470
175 470
174 470
173 470
173 469
172 469
171 469
171 468
172 468
173 468
174 468
174 467
174 466
174 465
174 464
174 463
175 463
175 462
175 461
174 461
174 460
174 459
173 459
173 458
172 458
172 457
171 457
171 456
172 456
172 455
172 454
173 454
173 453
173 452
174 452
174 451
175 451
175 450
176 450
176 449
177 449
178 449
179 449
179 450
179 451
181 470
181 471
182 471
183 471
183 472
183 473
183 474
184 474
184 475
185 475
185 474
186 474
187 474
188 474
189 474
190 474
191 474
192 474
193 474
194 474
195 474
196 474
197 474
198 474
199 474
200 474
201 474
202 474
202 473
203 473
203 472
204 472
204 473
204 474
205 474
205 475
206 475
206 476
206 477
206 478
206 479
206 480
206 481
206 482
206 483
206 484
206 485
206 486
206 487
206 488
206 489
206 490
206 491
206 492
207 492
207 493
208 493
208 494
208 495
209 495
209 496
210 496
210 497
210 498
211 498
212 498
213 498
214 498
215 498
216 498
217 498
218 498
219 498
220 498
221 498
222 498
223 498
224 498
225 498
225 497
226 497
226 496
227 496
228 496
229 496
230 496
231 496
232 496
233 496
233 497
234 497
234 498
234 499
234 500
234 501
234 502
234 503
234 504
234 505
235 505
236 505
236 506
237 506
237 507
237 508
238 508
238 509
239 509
239 510
239 511
240 511
241 511
242 511
243 511
244 511
245 511
246 511
247 511
248 511
249 511
250 511
251 511
252 511
253 511
254 511
255 511
256 511
257 511
258 511
193 496
194 496
192 496
191 496
191 497
191 498
191 499
191 500
191 501
191 502
191 503
191 504
191 505
191 506
191 507
191 508
191 509
191 510
191 511
190 511
189 511
188 511
187 511
186 511
185 511
185 510
185 509
184 509
184 508
184 507
183 507
183 506
182 506
182 505
182 504
181 504
181 503
180 503
179 503
178 503
177 503
176 503
175 503
174 503
173 503
172 503
171 503
170 503
169 503
168 503
167 503
167 504
166 504
166 505
165 505
165 506
164 506
163 506
163 507
162 507
162 508
162 509
161 509
161 510
160 510
160 511
159 511
195 496
195 495
196 495
196 494
197 494
198 494
199 494
200 494
201 494
202 494
202 493
203 493
204 493
205 493
205 492
407 244
408 244
406 244
405 244
404 244
403 244
402 244
401 244
400 244
400 245
400 246
400 247
400 248
400 249
400 250
399 250
399 251
398 251
397 251
396 251
396 252
395 252
395 253
394 253
394 252
394 251
393 251
392 251
392 250
391 250
390 250
390 249
389 249
389 248
388 248
388 247
409 244
410 244
411 244
412 244
413 244
414 244
414 243
415 243
266 503
266 504
266 502
266 501
266 500
266 499
266 498
266 497
266 496
266 495
265 495
265 494
264 494
264 493
263 493
263 492
262 492
262 491
262 490
262 489
262 488
262 487
262 486
262 485
262 484
261 484
260 484
260 485
259 485
259 486
258 486
257 486
256 486
255 486
254 486
253 486
253 485
252 485
251 485
251 484
250 484
249 484
248 484
248 483
247 483
246 483
246 482
246 481
245 481
245 480
245 479
244 479
244 478
243 478
242 478
242 477
241 477
240 477
240 476
239 476
238 476
238 477
237 477
237 478
236 478
236 479
235 479
235 480
235 481
234 481
234 482
234 483
233 483
233 484
232 484
232 485
232 486
232 487
232 488
231 488
231 489
231 490
231 491
231 492
231 493
231 494
231 495
265 504
264 504
264 505
263 505
262 505
261 505
261 506
260 506
260 507
260 508
259 508
259 509
258 509
258 510
49 88
49 87
49 89
50 89
50 90
51 90
52 90
53 90
54 90
55 90
55 91
56 91
57 91
57 92
58 92
58 93
59 93
59 94
60 94
60 95
61 95
61 96
61 97
61 98
61 99
61 100
61 101
61 102
61 103
62 103
62 104
62 105
63 105
63 106
63 107
64 107
65 107
66 107
67 107
68 107
68 108
68 109
69 109
69 110
70 110
70 111
70 112
70 113
70 114
70 115
70 116
70 117
70 118
70 119
70 120
70 121
69 121
69 122
70 122
70 123
70 124
70 125
70 126
70 127
70 128
70 129
70 130
70 131
71 131
72 131
73 131
74 131
75 131
76 131
49 86
48 86
48 85
48 84
48 83
48 82
48 81
47 81
47 80
46 80
46 79
45 79
44 79
44 78
43 78
42 78
42 77
42 76
42 75
42 74
41 74
41 73
41 72
41 71
41 70
41 69
41 68
41 67
40 67
39 67
38 67
37 67
36 67
35 67
34 67
33 67
32 67
31 67
31 68
30 68
29 68
29 69
28 69
28 70
27 70
27 71
26 71
25 71
24 71
23 71
22 71
21 71
21 72
373 230
372 230
374 230
375 230
376 230
376 229
376 228
377 228
378 228
379 228
380 228
381 228
382 228
382 229
381 229
380 229
380 230
380 231
380 232
380 233
380 234
379 234
379 235
380 235
380 236
380 237
380 238
380 239
380 240
380 241
380 242
380 243
380 244
381 244
382 244
383 244
384 244
385 244
386 244
386 245
387 245
387 246
387 247
371 230
370 230
369 230
369 229
369 228
368 228
368 227
367 227
367 226
367 225
367 224
367 223
367 222
367 221
367 220
367 219
367 218
366 218
365 218
364 218
363 218
362 218
362 217
361 217
360 217
360 216
359 216
358 216
357 216
357 215
357 214
357 213
357 212
356 212
356 211
356 210
355 210
355 209
354 209
354 208
353 208
352 208
351 208
350 208
349 208
349 207
348 207
348 206
348 205
347 205
347 204
346 204
346 203
345 203
345 202
344 202
343 202
342 202
341 202
340 202
339 202
338 202
337 202
336 202
336 201
335 201
335 200
334 200
334 199
333 199
332 199
331 199
331 198
330 198
330 197
329 197
329 196
328 196
328 195
327 195
326 195
326 194
325 194
324 194
323 194
322 194
321 194
320 194
320 193
319 193
319 192
318 192
318 191
318 190
317 190
317 189
317 188
317 187
317 186
317 185
317 184
317 183
316 183
315 183
315 182
314 182
314 181
313 181
312 181
311 181
310 181
309 181
308 181
307 181
306 181
305 181
304 181
304 180
303 180
303 179
303 178
303 177
302 177
302 176
303 176
304 176
305 176
305 175
305 174
305 173
305 172
305 171
305 170
305 169
305 168
304 168
304 167
304 166
303 166
303 165
302 165
302 164
301 164
300 164
299 164
299 163
298 163
297 163
296 163
295 163
294 163
294 162
293 162
292 162
292 161
292 160
292 159
292 158
293 158
293 157
293 156
294 156
294 155
294 154
293 154
293 153
293 152
293 151
292 151
292 150
291 150
291 149
291 148
290 148
290 147
289 147
288 147
287 147
286 147
286 148
285 148
284 148
284 149
283 149
283 150
282 150
282 151
281 151
280 151
279 151
278 151
278 152
277 152
277 153
276 153
276 154
275 154
275 155
275 156
275 157
275 158
275 159
275 160
274 160
274 161
273 161
273 162
273 163
272 163
272 164
271 164
271 165
271 166
271 167
270 167
269 167
269 168
268 168
267 168
266 168
265 168
264 168
264 167
264 166
263 166
263 165
262 165
262 164
261 164
261 163
260 163
260 162
259 162
258 162
257 162
256 162
255 162
254 162
254 163
253 163
253 164
252 164
252 165
251 165
251 166
251 167
250 167
250 168
217 342
217 341
216 342
216 343
215 343
214 343
213 343
212 343
211 343
210 343
209 343
209 344
208 344
208 345
208 346
207 346
206 346
206 347
205 347
205 348
204 348
204 349
203 349
202 349
201 349
200 349
199 349
198 349
197 349
196 349
196 348
195 348
195 347
195 346
195 345
194 345
194 344
193 344
193 343
192 343
192 342
191 342
190 342
189 342
189 343
188 343
188 344
187 344
187 345
187 346
186 346
186 347
186 348
186 349
186 350
186 351
186 352
186 353
186 354
186 355
187 355
187 356
188 356
188 357
189 357
189 358
189 359
189 360
189 361
189 362
189 363
189 364
189 365
189 366
189 367
189 368
189 369
189 370
190 370
190 371
191 371
191 372
191 373
191 374
191 375
191 376
191 377
191 378
191 379
191 380
191 381
190 381
190 382
190 383
190 384
190 385
190 386
190 387
190 388
191 388
191 389
191 390
191 391
190 391
190 392
190 393
189 393
189 394
188 394
188 395
188 396
188 397
188 398
188 399
188 400
188 401
188 402
188 403
189 403
189 404
189 405
190 405
190 406
191 406
192 406
192 407
193 407
193 408
194 408
194 409
194 410
194 411
195 411
195 412
195 413
195 414
195 415
195 416
195 417
195 418
194 418
194 419
193 419
192 419
192 420
191 420
190 420
190 421
189 421
189 422
188 422
188 423
188 424
188 425
187 425
187 426
218 341
218 340
218 339
219 339
219 338
219 337
219 336
219 335
220 335
220 334
220 333
221 333
221 332
222 332
222 331
223 331
223 330
223 329
224 329
224 328
225 328
226 328
227 328
228 328
229 328
230 328
231 328
232 328
233 328
234 328
235 328
236 328
237 328
237 327
238 327
239 327
239 326
239 325
239 324
239 323
239 322
238 322
238 321
237 321
237 320
238 320
238 319
239 319
239 318
240 318
241 318
241 317
242 317
243 317
244 317
245 317
246 317
247 317
247 316
247 315
247 314
247 313
247 312
247 311
247 310
247 309
247 308
247 307
248 307
249 307
249 306
250 306
250 305
251 305
251 304
252 304
252 303
252 302
253 302
253 301
254 301
255 301
256 301
257 301
258 301
258 300
259 300
260 300
261 300
262 300
263 300
264 300
265 300
265 301
265 302
266 302
266 303
267 303
267 304
267 305
267 306
267 307
267 308
267 309
268 309
268 310
268 311
269 311
269 312
270 312
270 313
271 313
272 313
273 313
273 314
274 314
275 314
275 315
163 24
163 23
163 25
163 26
163 27
164 27
164 28
164 29
164 30
165 30
165 31
165 32
166 32
166 33
166 34
166 35
166 36
166 37
166 38
166 39
167 39
168 39
168 40
167 40
166 40
165 40
164 40
163 40
162 40
161 40
160 40
159 40
158 40
158 41
157 41
157 42
157 43
156 43
156 44
156 45
156 46
156 47
156 48
156 49
156 50
155 50
155 51
156 51
156 52
156 53
156 54
156 55
156 56
156 57
156 58
156 59
156 60
163 22
163 21
163 20
163 19
164 19
164 18
164 17
164 16
164 15
164 14
164 13
164 12
164 11
481 225
481 226
481 224
481 223
481 222
482 222
482 221
483 221
484 221
484 222
485 222
486 222
487 222
488 222
489 222
490 222
491 222
492 222
492 223
492 224
492 225
492 226
492 227
492 228
493 228
493 229
494 229
494 230
495 230
496 230
497 230
497 231
498 231
499 231
499 232
500 232
501 232
501 233
502 233
502 234
502 235
502 236
502 237
503 237
503 238
504 238
505 238
506 238
507 238
508 238
509 238
510 238
510 237
511 237
481 227
481 228
481 229
481 230
481 231
480 231
479 231
479 232
478 232
478 233
478 234
478 235
478 236
478 237
478 238
478 239
478 240
477 240
476 240
476 239
475 239
474 239
473 239
472 239
471 239
471 238
470 238
470 237
469 237
469 236
469 235
468 235
468 236
468 237
468 238
468 239
468 240
468 241
468 242
468 243
467 243
467 244
467 245
466 245
466 246
465 246
465 247
464 247
463 247
462 247
461 247
460 247
460 248
459 248
458 248
457 248
456 248
455 248
455 249
454 249
454 250
454 251
454 252
454 253
453 253
453 254
453 255
454 255
454 256
455 256
455 257
455 258
455 259
455 260
455 261
455 262
454 262
454 263
454 264
453 264
452 264
451 264
451 265
450 265
450 266
449 266
448 266
447 266
446 266
445 266
444 266
443 266
442 266
441 266
441 265
440 265
439 265
439 264
438 264
437 264
437 263
436 263
436 262
435 262
434 262
433 262
432 262
431 262
431 261
430 261
429 261
428 261
427 261
426 261
425 261
424 261
424 260
424 259
424 258
424 257
424 256
424 255
424 254
423 254
422 254
421 254
420 254
419 254
418 254
418 253
417 253
416 253
416 252
416 251
416 250
416 249
416 248
416 247
416 246
416 245
416 244
415 244
279 117
279 118
279 116
279 115
279 114
279 113
279 112
278 112
279 119
279 120
279 121
278 121
277 121
276 121
275 121
275 122
274 122
274 123
273 123
273 124
273 125
273 126
273 127
273 128
272 128
272 129
272 130
272 131
271 131
271 132
271 133
271 134
271 135
271 136
270 136
270 137
270 138
269 138
269 139
268 139
268 140
268 141
269 141
269 142
270 142
270 143
271 143
271 144
272 144
272 145
273 145
273 146
273 147
274 147
274 148
274 149
275 149
275 150
276 150
277 150
277 151
151 301
152 301
151 300
150 300
150 299
149 299
149 298
148 298
148 297
148 296
148 295
148 294
148 293
148 292
148 291
148 290
147 290
147 289
146 289
146 288
145 288
145 287
145 286
144 286
144 285
144 284
143 284
143 283
142 283
142 282
141 282
140 282
140 281
141 281
141 280
141 279
141 278
141 277
141 276
141 275
141 274
141 273
141 272
141 271
141 270
141 269
141 268
141 267
141 266
141 265
141 264
141 263
141 262
141 261
141 260
141 259
140 259
140 258
140 257
140 256
140 255
140 254
140 253
140 252
140 251
140 250
140 249
140 248
140 247
140 246
140 245
140 244
141 244
141 243
141 242
141 241
141 240
141 239
141 238
141 237
141 236
141 235
142 235
142 234
142 233
141 233
141 232
140 232
140 231
139 231
139 230
138 230
138 229
138 228
138 227
138 226
137 226
136 226
136 225
135 225
134 225
134 226
133 226
132 226
131 226
131 227
130 227
129 227
128 227
127 227
126 227
125 227
124 227
123 227
122 227
122 226
121 226
121 225
121 224
121 223
121 222
121 221
121 220
121 219
120 219
119 219
118 219
118 218
117 218
116 218
115 218
115 217
116 217
116 216
116 215
116 214
116 213
116 212
115 212
114 212
113 212
112 212
111 212
111 211
110 211
110 210
109 210
109 209
109 208
109 207
108 207
108 206
107 206
107 205
107 204
106 204
106 203
106 202
105 202
104 202
104 201
103 201
102 201
102 200
101 200
101 199
102 199
102 198
102 197
102 196
102 195
102 194
102 193
103 193
103 192
103 191
102 191
102 190
102 189
102 188
102 187
102 186
102 185
102 184
102 183
102 182
103 182
103 181
104 181
104 180
105 180
105 179
105 178
106 178
106 177
106 176
106 175
106 174
106 173
106 172
106 171
106 170
106 169
106 168
105 168
105 167
105 166
104 166
104 165
103 165
103 164
103 163
103 162
103 161
102 161
102 160
102 159
101 159
101 158
100 158
100 157
99 157
99 156
98 156
152 302
152 303
152 304
152 305
152 306
152 307
152 308
153 308
153 309
153 310
153 311
154 311
154 312
155 312
155 313
156 313
156 314
156 315
156 316
156 317
156 318
156 319
156 320
157 320
157 321
158 321
158 322
157 322
156 322
156 323
155 323
155 324
154 324
154 325
154 326
155 326
155 327
156 327
157 327
157 328
158 328
158 329
159 329
160 329
160 330
161 330
161 331
162 331
163 331
163 332
164 332
165 332
165 333
166 333
167 333
168 333
169 333
170 333
170 334
171 334
172 334
172 335
173 335
174 335
174 336
175 336
176 336
176 337
177 337
178 337
179 337
180 337
180 338
181 338
182 338
182 339
183 339
183 340
184 340
185 340
186 340
186 341
187 341
188 341
189 341
190 341
321 474
322 474
320 474
320 473
319 473
319 472
318 472
318 471
318 470
318 469
317 469
317 468
317 467
317 466
317 465
317 464
316 464
316 463
315 463
315 462
314 462
314 461
313 461
313 460
313 459
313 458
313 457
313 456
313 455
313 454
314 454
314 453
314 452
315 452
315 451
315 450
315 449
315 448
315 447
315 446
315 445
315 444
314 444
323 474
324 474
325 474
326 474
327 474
328 474
328 473
329 473
330 473
330 474
331 474
332 474
333 474
334 474
335 474
336 474
337 474
338 474
339 474
340 474
340 473
341 473
342 473
343 473
343 472
344 472
344 471
345 471
346 471
347 471
347 472
348 472
348 473
349 473
349 474
349 475
349 476
348 476
348 477
347 477
347 478
347 479
346 479
346 480
345 480
344 480
344 481
343 481
342 481
341 481
340 481
339 481
338 481
337 481
336 481
336 482
335 482
335 483
334 483
334 484
334 485
334 486
334 487
334 488
334 489
334 490
334 491
334 492
334 493
334 494
334 495
335 495
335 496
336 496
336 497
337 497
337 498
338 498
338 499
337 499
337 500
337 501
337 502
337 503
337 504
337 505
337 506
337 507
336 507
336 508
335 508
335 507
335 506
334 506
333 506
332 506
331 506
330 506
329 506
328 506
327 506
326 506
325 506
325 505
324 505
324 504
323 504
322 504
321 504
320 504
319 504
318 504
317 504
316 504
315 504
315 503
314 503
313 503
312 503
311 503
310 503
310 502
309 502
308 502
308 501
307 501
307 500
307 499
307 498
306 498
306 497
307 497
307 496
307 495
307 494
307 493
307 492
308 492
308 491
308 490
309 490
309 489
309 488
309 487
309 486
309 485
309 484
309 483
309 482
308 482
307 482
306 482
305 482
304 482
303 482
302 482
301 482
301 483
300 483
299 483
298 483
297 483
296 483
295 483
294 483
294 482
293 482
293 483
292 483
291 483
290 483
289 483
288 483
287 483
286 483
286 484
286 485
285 485
285 486
285 487
284 487
284 486
284 485
283 485
283 484
283 483
283 482
282 482
281 482
280 482
279 482
279 481
278 481
277 481
276 481
276 480
275 480
274 480
274 479
274 478
273 478
273 479
272 479
272 480
271 480
270 480
269 480
269 481
268 481
267 481
267 482
266 482
265 482
264 482
263 482
262 482
262 483
261 483
357 504
357 503
356 504
355 504
355 505
354 505
353 505
352 505
351 505
350 505
349 505
348 505
348 504
347 504
347 503
346 503
346 502
346 501
346 500
345 500
345 499
344 499
344 498
343 498
342 498
341 498
340 498
339 498
358 503
359 503
359 502
360 502
361 502
362 502
363 502
364 502
364 503
365 503
366 503
366 504
367 504
368 504
369 504
370 504
371 504
372 504
372 505
372 506
373 506
373 505
373 504
373 503
373 502
374 502
374 501
375 501
375 500
375 499
376 499
376 498
376 497
377 497
378 497
379 497
380 497
381 497
382 497
382 496
383 496
383 495
383 494
383 493
384 493
384 492
385 492
385 491
386 491
387 491
388 491
389 491
390 491
391 491
392 491
392 490
393 490
393 489
394 489
394 488
395 488
395 487
396 487
397 487
397 486
398 486
399 486
400 486
401 486
402 486
403 486
403 485
404 485
404 484
404 483
405 483
405 482
405 481
406 481
406 480
407 480
407 479
407 478
408 478
409 478
410 478
410 477
411 477
412 477
412 476
413 476
413 475
414 475
414 474
415 474
415 473
415 472
415 471
415 470
415 469
415 468
416 468
416 467
416 466
417 466
417 465
416 465
416 464
416 463
416 462
415 462
415 461
415 460
414 460
414 459
414 458
415 458
416 458
417 458
418 458
419 458
420 458
421 458
422 458
422 457
326 233
327 233
325 233
324 233
324 232
323 232
322 232
322 231
321 231
321 230
320 230
319 230
318 230
317 230
316 230
315 230
314 230
313 230
312 230
311 230
310 230
309 230
309 229
308 229
307 229
307 228
306 228
306 227
305 227
304 227
303 227
302 227
301 227
300 227
299 227
298 227
297 227
296 227
295 227
294 227
293 227
292 227
291 227
290 227
289 227
289 226
289 225
288 225
287 225
286 225
285 225
284 225
283 225
282 225
281 225
280 225
279 225
278 225
277 225
276 225
275 225
274 225
273 225
272 225
271 225
271 224
271 223
271 222
271 221
271 220
271 219
271 218
270 218
270 217
270 216
270 215
269 215
269 214
269 213
269 212
269 211
269 210
269 209
269 208
270 208
270 207
270 206
271 206
271 205
271 204
272 204
273 204
328 233
329 233
330 233
331 233
332 233
333 233
334 233
335 233
336 233
337 233
337 234
338 234
339 234
339 235
340 235
340 236
341 236
342 236
342 237
343 237
343 238
343 239
344 239
344 240
345 240
345 241
345 242
345 243
345 244
345 245
344 245
344 246
343 246
343 247
344 247
345 247
346 247
347 247
348 247
349 247
350 247
351 247
351 246
352 246
352 247
353 247
353 248
353 249
354 249
354 250
354 251
355 251
355 252
355 253
356 253
356 254
356 255
356 256
356 257
355 257
354 257
353 257
352 257
351 257
350 257
350 258
350 259
351 259
352 259
352 260
352 261
352 262
352 263
352 264
352 265
352 266
352 267
352 268
353 268
354 268
354 269
355 269
356 269
356 270
357 270
358 270
359 270
360 270
361 270
362 270
363 270
364 270
365 270
366 270
367 270
367 271
368 271
369 271
370 271
371 271
371 270
372 270
372 269
373 269
373 268
373 267
373 266
373 265
373 264
374 264
374 263
375 263
375 262
376 262
376 261
376 260
377 260
377 259
378 259
378 258
379 258
380 258
380 257
381 257
382 257
382 256
383 256
383 255
384 255
385 255
385 254
386 254
386 253
387 253
387 252
387 251
387 250
387 249
387 248
22 456
21 456
23 456
24 456
25 456
26 456
27 456
27 455
27 454
27 453
27 452
27 451
27 450
28 450
28 449
28 448
29 448
29 447
30 447
30 446
31 446
32 446
33 446
33 445
33 444
34 444
34 443
34 442
35 442
35 441
35 440
35 439
35 438
35 437
34 437
34 436
34 435
20 456
19 456
18 456
17 456
16 456
16 455
15 455
15 454
14 454
13 454
12 454
11 454
11 453
10 453
9 453
8 453
8 452
7 452
6 452
5 452
4 452
3 452
2 452
1 452
0 452
0 453
0 454
481 304
481 305
481 303
481 302
481 301
480 301
479 301
479 300
478 300
478 299
477 299
477 298
477 297
476 297
476 296
476 295
476 294
476 293
476 292
476 291
476 290
476 289
476 288
476 287
477 287
477 286
477 285
476 285
475 285
474 285
473 285
472 285
471 285
470 285
469 285
468 285
467 285
466 285
465 285
465 284
465 283
464 283
464 282
463 282
462 282
461 282
460 282
460 281
459 281
459 280
459 279
459 278
459 277
459 276
460 276
460 275
461 275
461 274
461 273
461 272
462 272
462 271
462 270
462 269
463 269
463 268
462 268
462 267
461 267
461 266
461 265
460 265
459 265
458 265
457 265
456 265
455 265
455 264
481 306
481 307
481 308
481 309
482 309
482 310
483 310
484 310
484 311
483 311
482 311
482 312
482 313
481 313
481 314
480 314
480 315
479 315
478 315
478 316
477 316
477 317
476 317
476 318
475 318
475 319
474 319
474 320
474 321
473 321
473 322
474 322
474 323
474 324
475 324
475 325
475 326
475 327
475 328
475 329
475 330
474 330
473 330
472 330
471 330
470 330
469 330
468 330
467 330
466 330
465 330
464 330
463 330
462 330
461 330
461 331
460 331
460 332
460 333
459 333
459 334
458 334
458 333
458 332
458 331
458 330
458 329
458 328
458 327
457 327
457 326
456 326
455 326
454 326
454 325
453 325
452 325
452 324
451 324
451 323
450 323
450 322
450 321
449 321
449 320
448 320
448 319
447 319
446 319
446 318
445 318
445 317
444 317
444 316
444 315
444 314
443 314
443 313
442 313
442 312
441 312
441 311
441 310
441 309
442 309
442 308
442 307
442 306
442 305
443 305
443 304
443 303
442 303
441 303
441 302
440 302
440 301
440 300
440 299
440 298
440 297
440 296
440 295
441 295
441 294
441 293
442 293
442 292
443 292
443 291
444 291
444 290
445 290
446 290
446 289
447 289
447 288
448 288
448 287
448 286
449 286
449 285
449 284
450 284
450 283
450 282
451 282
451 281
451 280
451 279
452 279
453 279
454 279
455 279
456 279
457 279
457 278
458 278
458 277
116 380
117 380
115 380
114 380
114 381
113 381
112 381
111 381
110 381
109 381
108 381
108 382
107 382
107 383
107 384
106 384
105 384
104 384
103 384
103 383
102 383
101 383
101 382
100 382
99 382
98 382
97 382
97 381
96 381
95 381
95 380
94 380
93 380
93 379
92 379
92 378
91 378
91 377
91 376
90 376
90 375
90 374
89 374
89 373
88 373
88 372
87 372
87 371
86 371
86 370
86 369
86 368
86 367
86 366
86 365
86 364
86 363
85 363
85 362
84 362
83 362
82 362
81 362
80 362
79 362
78 362
77 362
77 361
77 360
76 360
76 359
75 359
75 358
74 358
74 357
73 357
73 356
72 356
72 355
72 354
71 354
71 353
70 353
70 352
70 351
69 351
69 350
69 349
69 348
70 348
70 347
70 346
70 345
70 344
70 343
70 342
70 341
69 341
69 340
69 339
70 339
70 338
70 337
70 336
70 335
70 334
70 333
70 332
69 332
69 331
68 331
67 331
66 331
65 331
64 331
63 331
62 331
62 330
61 330
60 330
60 329
59 329
58 329
58 328
57 328
56 328
56 327
55 327
55 326
55 325
55 324
55 323
55 322
55 321
55 320
55 319
56 319
56 318
57 318
58 318
59 318
59 317
60 317
60 316
61 316
62 316
62 315
62 314
62 313
62 312
62 311
62 310
62 309
62 308
62 307
62 306
61 306
61 305
61 304
60 304
60 303
60 302
60 301
60 300
59 300
59 299
59 298
58 298
57 298
56 298
55 298
55 297
54 297
53 297
53 296
118 380
119 380
120 380
121 380
122 380
123 380
124 380
125 380
125 381
126 381
127 381
127 382
128 382
128 383
129 383
129 384
130 384
130 385
131 385
131 386
132 386
132 387
133 387
133 388
133 389
133 390
134 390
134 391
134 392
135 392
135 393
136 393
136 394
136 395
137 395
137 396
137 397
137 398
138 398
138 399
138 400
139 400
139 401
139 402
138 402
138 403
138 404
138 405
138 406
138 407
139 407
139 408
140 408
140 409
141 409
141 410
142 410
142 411
143 411
144 411
144 412
145 412
146 412
147 412
148 412
148 413
148 414
148 415
148 416
148 417
149 417
149 418
149 419
150 419
150 420
151 420
151 421
152 421
152 422
153 422
154 422
154 423
155 423
156 423
157 423
158 423
158 424
159 424
159 425
160 425
160 424
161 424
162 424
163 424
164 424
165 424
165 425
480 156
481 156
479 156
478 156
477 156
476 156
475 156
475 155
475 154
475 153
475 152
475 151
475 150
475 149
476 149
476 148
476 147
475 147
475 146
475 145
475 144
475 143
474 143
474 142
474 141
473 141
473 140
472 140
472 139
472 138
473 138
473 137
474 137
474 136
475 136
475 135
476 135
477 135
478 135
479 135
480 135
481 135
481 134
482 134
482 133
483 133
483 132
484 132
484 131
484 130
484 129
484 128
484 127
484 126
484 125
484 124
484 123
484 122
484 121
485 121
485 120
485 119
485 118
485 117
484 117
484 116
484 115
483 115
483 114
483 113
483 112
483 111
483 110
483 109
483 108
483 107
484 107
484 106
485 106
485 105
486 105
487 105
488 105
489 105
490 105
490 104
490 103
490 102
490 101
491 101
491 100
492 100
493 100
493 99
494 99
495 99
495 98
496 98
497 98
497 97
498 97
499 97
499 96
499 95
499 94
499 93
499 92
500 92
500 91
501 91
501 90
500 90
500 89
499 89
499 88
499 87
499 86
499 85
500 85
500 84
500 83
501 83
501 82
502 82
502 81
502 80
502 79
502 78
502 77
502 76
502 75
502 74
502 73
502 72
502 71
503 71
504 71
505 71
506 71
507 71
508 71
509 71
509 70
510 70
511 70
511 69
511 68
510 68
510 67
509 67
509 66
509 65
509 64
509 63
508 63
507 63
506 63
506 62
505 62
505 61
504 61
504 60
503 60
503 59
502 59
501 59
501 58
500 58
500 57
499 57
499 56
499 55
500 55
500 54
500 53
500 52
500 51
501 51
501 50
502 50
502 49
503 49
504 49
504 48
505 48
505 47
506 47
507 47
508 47
509 47
510 47
511 47
511 46
511 45
511 44
511 43
511 42
511 41
511 40
511 39
511 38
511 37
511 36
511 35
510 35
509 35
509 34
509 33
509 32
509 31
509 30
508 30
508 29
508 28
507 28
506 28
506 27
505 27
504 27
504 26
503 26
503 25
503 24
503 23
503 22
503 21
503 20
503 19
503 18
503 17
503 16
503 15
503 14
503 13
503 12
503 11
503 10
503 9
503 8
502 8
502 7
501 7
501 6
500 6
500 5
501 5
501 4
502 4
502 3
503 3
503 2
504 2
505 2
506 2
507 2
507 1
508 1
509 1
510 1
510 0
511 0
482 156
482 157
483 157
483 158
483 159
484 159
484 160
484 161
484 162
483 162
483 163
483 164
483 165
483 166
483 167
483 168
483 169
484 169
484 170
485 170
485 171
485 172
485 173
486 173
487 173
487 174
488 174
488 175
489 175
489 176
489 177
489 178
489 179
489 180
489 181
488 181
488 182
487 182
487 183
487 184
486 184
486 185
485 185
484 185
484 186
483 186
482 186
481 186
481 187
480 187
479 187
479 188
478 188
478 189
477 189
476 189
476 190
476 191
475 191
475 192
475 193
474 193
473 193
472 193
471 193
470 193
469 193
468 193
468 194
467 194
467 195
466 195
466 196
465 196
465 197
465 198
464 198
464 199
464 200
464 201
464 202
464 203
463 203
463 204
462 204
461 204
460 204
459 204
458 204
457 204
456 204
455 204
455 205
454 205
454 206
453 206
453 207
452 207
452 208
451 208
451 209
450 209
450 210
450 211
449 211
449 212
449 213
449 214
448 214
448 215
448 216
449 216
450 216
451 216
452 216
453 216
454 216
454 217
455 217
456 217
456 218
456 219
457 219
457 220
457 221
457 222
458 222
458 223
459 223
460 223
461 223
461 224
462 224
462 225
463 225
463 226
463 227
464 227
464 228
465 228
465 229
466 229
466 230
467 230
467 231
467 232
467 233
468 233
468 234
33 257
33 258
33 256
33 255
33 254
33 253
33 252
33 251
33 250
33 249
32 249
32 248
32 247
31 247
31 246
30 246
29 246
29 245
28 245
28 244
28 243
28 242
28 241
29 241
29 240
30 240
30 239
31 239
32 239
32 238
33 238
34 238
35 238
36 238
37 238
38 238
39 238
40 238
41 238
42 238
43 238
44 238
44 237
45 237
45 236
45 235
46 235
46 234
47 234
47 233
48 233
49 233
49 232
49 231
50 231
50 230
51 230
52 230
53 230
54 230
55 230
55 229
55 228
55 227
55 226
55 225
55 224
56 224
56 223
57 223
58 223
59 223
60 223
61 223
61 222
61 221
61 220
61 219
61 218
62 218
62 217
63 217
63 216
64 216
64 215
64 214
64 213
64 212
64 211
64 210
64 209
64 208
64 207
64 206
65 206
65 205
65 204
66 204
66 203
66 202
66 201
66 200
66 199
66 198
67 198
67 197
67 196
66 196
66 195
67 195
67 194
67 193
66 193
65 193
64 193
63 193
62 193
61 193
61 192
60 192
59 192
58 192
58 191
57 191
57 190
56 190
55 190
54 190
54 189
53 189
52 189
52 188
52 187
52 186
52 185
52 184
52 183
52 182
52 181
52 180
53 180
53 179
54 179
54 178
55 178
55 177
56 177
57 177
57 176
58 176
58 175
58 174
59 174
59 173
59 172
59 171
59 170
59 169
60 169
61 169
61 168
61 167
61 166
61 165
61 164
61 163
61 162
61 161
62 161
62 160
63 160
63 159
64 159
65 159
65 158
66 158
67 158
68 158
69 158
70 158
71 158
71 157
33 259
32 259
32 260
31 260
30 260
30 261
31 261
32 261
32 262
33 262
34 262
35 262
36 262
37 262
38 262
39 262
40 262
41 262
41 263
41 264
41 265
41 266
41 267
41 268
42 268
42 269
43 269
43 270
43 271
44 271
44 272
44 273
44 274
44 275
45 275
45 276
45 277
45 278
46 278
47 278
47 279
48 279
49 279
49 280
50 280
51 280
52 280
53 280
53 281
54 281
54 282
53 282
53 283
53 284
53 285
53 286
53 287
53 288
53 289
53 290
53 291
53 292
53 293
53 294
53 295
187 0
186 0
188 0
189 0
190 0
191 0
192 0
192 1
193 1
193 2
194 2
195 2
196 2
197 2
198 2
199 2
200 2
200 1
201 1
202 1
203 1
204 1
205 1
205 0
206 0
206 1
207 1
207 2
207 3
208 3
209 3
209 4
209 5
209 6
209 7
209 8
209 9
210 9
210 10
210 11
210 12
211 12
211 13
211 14
211 15
211 16
211 17
211 18
211 19
211 20
212 20
212 21
212 22
212 23
212 24
212 25
212 26
213 26
213 27
214 27
214 28
215 28
215 29
216 29
217 29
218 29
218 30
219 30
219 31
218 31
218 32
218 33
218 34
218 35
218 36
218 37
218 38
218 39
218 40
218 41
219 41
219 42
220 42
220 43
220 44
220 45
220 46
220 47
220 48
220 49
220 50
220 51
221 51
222 51
223 51
223 52
223 53
223 54
223 55
223 56
223 57
223 58
223 59
222 59
222 60
221 60
221 61
221 62
220 62
220 63
220 64
219 64
219 65
219 66
218 66
218 67
217 67
217 68
217 69
216 69
216 70
215 70
214 70
213 70
212 70
211 70
210 70
209 70
208 70
207 70
206 70
205 70
204 70
203 70
185 0
184 0
183 0
182 0
181 0
180 0
179 0
178 0
177 0
176 0
175 0
174 0
173 0
172 0
171 0
170 0
170 1
170 2
170 3
170 4
170 5
170 6
169 6
169 7
169 8
168 8
168 9
167 9
166 9
166 10
165 10
165 11
457 135
456 135
458 135
459 135
460 135
461 135
462 135
463 135
464 135
464 136
464 137
465 137
465 138
466 138
467 138
468 138
469 138
470 138
471 138
455 135
454 135
453 135
452 135
451 135
450 135
450 134
450 133
449 133
449 132
449 131
448 131
447 131
447 130
446 130
445 130
445 129
444 129
444 128
444 127
444 126
444 125
444 124
444 123
444 122
444 121
443 121
442 121
441 121
440 121
439 121
438 121
437 121
436 121
435 121
434 121
434 120
433 120
432 120
432 119
431 119
430 119
429 119
428 119
427 119
426 119
425 119
424 119
423 119
422 119
421 119
420 119
419 119
418 119
418 118
418 117
418 116
418 115
418 114
417 114
417 113
416 113
416 112
415 112
415 111
414 111
414 110
413 110
413 109
412 109
411 109
411 108
410 108
409 108
409 107
112 437
113 437
111 437
110 437
109 437
108 437
107 437
106 437
105 437
104 437
103 437
102 437
101 437
100 437
99 437
99 438
98 438
97 438
96 438
95 438
94 438
93 438
92 438
91 438
90 438
89 438
88 438
88 437
87 437
87 436
86 436
86 435
85 435
85 434
84 434
83 434
83 433
82 433
82 432
81 432
80 432
80 431
80 430
80 429
80 428
79 428
78 428
77 428
76 428
75 428
74 428
74 427
73 427
72 427
72 426
71 426
70 426
69 426
68 426
67 426
66 426
65 426
64 426
64 427
64 428
64 429
64 430
64 431
64 432
64 433
64 434
64 435
64 436
63 436
63 437
63 438
63 439
62 439
62 440
61 440
60 440
59 440
58 440
57 440
56 440
55 440
54 440
54 439
53 439
53 438
52 438
51 438
50 438
49 438
48 438
47 438
46 438
45 438
44 438
44 439
43 439
42 439
41 439
40 439
39 439
38 439
37 439
36 439
114 437
115 437
116 437
116 436
117 436
117 435
118 435
118 434
119 434
120 434
120 433
121 433
122 433
123 433
124 433
125 433
126 433
126 432
126 431
126 430
126 429
126 428
127 428
127 427
127 426
127 425
128 425
128 424
129 424
129 423
130 423
130 422
131 422
132 422
133 422
134 422
135 422
136 422
137 422
138 422
139 422
139 421
140 421
140 420
141 420
141 419
142 419
142 418
142 417
142 416
142 415
142 414
142 413
143 413
143 412
59 401
60 401
59 400
58 400
58 399
58 398
57 398
57 397
57 396
57 395
57 394
57 393
57 392
57 391
58 391
59 391
60 391
61 391
62 391
62 390
63 390
63 389
63 388
63 387
64 387
64 386
64 385
65 385
65 384
65 383
65 382
65 381
66 381
66 380
66 379
65 379
64 379
64 378
63 378
63 377
62 377
61 377
61 376
61 375
61 374
61 373
61 372
61 371
60 371
60 370
59 370
59 369
59 368
58 368
58 367
58 366
58 365
58 364
58 363
58 362
57 362
57 361
56 361
55 361
54 361
53 361
52 361
51 361
50 361
49 361
49 360
50 360
50 359
51 359
51 358
51 357
51 356
51 355
51 354
52 354
53 354
54 354
55 354
56 354
57 354
58 354
59 354
60 354
61 354
62 354
63 354
64 354
65 354
65 353
66 353
67 353
68 353
68 352
68 351
68 350
60 402
60 403
60 404
61 404
61 405
61 406
62 406
62 407
62 408
63 408
63 409
63 410
64 410
64 411
65 411
66 411
67 411
68 411
69 411
69 412
70 412
70 413
71 413
71 414
72 414
72 415
72 416
72 417
72 418
72 419
72 420
72 421
72 422
72 423
72 424
72 425
285 21
284 21
285 22
285 23
286 23
286 24
286 25
287 25
287 26
288 26
289 26
289 27
290 27
291 27
291 28
292 28
292 29
292 30
293 30
293 31
293 32
294 32
294 33
295 33
295 34
296 34
296 35
297 35
297 36
297 37
297 38
298 38
298 39
299 39
299 40
300 40
300 41
300 42
300 43
300 44
300 45
300 46
300 47
300 48
300 49
300 50
300 51
300 52
300 53
300 54
300 55
300 56
301 56
302 56
303 56
304 56
305 56
306 56
307 56
308 56
309 56
310 56
311 56
311 57
312 57
312 58
312 59
313 59
313 60
313 61
314 61
314 62
315 62
315 63
316 63
317 63
318 63
319 63
320 63
321 63
322 63
323 63
324 63
325 63
326 63
327 63
328 63
329 63
329 64
329 65
329 66
284 20
283 20
283 19
282 19
282 18
282 17
281 17
281 16
280 16
280 15
279 15
278 15
278 14
277 14
276 14
275 14
274 14
273 14
272 14
271 14
270 14
269 14
268 14
267 14
267 13
267 12
267 11
266 11
265 11
265 10
264 10
264 9
263 9
263 8
263 7
263 6
263 5
263 4
263 3
262 3
262 4
261 4
261 5
261 6
261 7
261 8
260 8
259 8
258 8
257 8
256 8
255 8
254 8
253 8
252 8
251 8
251 9
250 9
249 9
248 9
247 9
246 9
245 9
244 9
244 10
243 10
243 11
242 11
241 11
240 11
240 12
239 12
239 13
238 13
238 14
237 14
237 15
236 15
236 16
235 16
235 17
234 17
233 17
233 18
232 18
232 19
231 19
230 19
230 20
229 20
229 21
228 21
228 22
228 23
227 23
227 24
227 25
227 26
226 26
226 27
225 27
225 28
224 28
224 29
223 29
223 30
223 31
223 32
222 32
222 31
221 31
220 31
220 30
316 99
316 100
316 98
316 97
316 96
316 95
316 94
316 93
316 92
316 91
316 90
316 89
316 88
317 88
317 87
318 87
318 86
319 86
319 85
320 85
320 84
321 84
322 84
323 84
324 84
325 84
325 83
324 83
324 82
324 81
324 80
323 80
323 79
323 78
322 78
322 77
322 76
322 75
322 74
322 73
322 72
322 71
322 70
322 69
322 68
322 67
322 66
322 65
322 64
321 64
320 64
319 64
318 64
317 64
316 64
316 101
316 102
315 102
314 102
313 102
312 102
312 103
311 103
311 104
311 105
311 106
311 107
311 108
311 109
311 110
311 111
312 111
312 112
312 113
312 114
312 115
312 116
312 117
312 118
313 118
313 119
314 119
314 120
315 120
315 121
315 122
315 123
316 123
316 124
316 125
316 126
316 127
316 128
316 129
316 130
316 131
317 131
317 132
318 132
319 132
320 132
321 132
322 132
323 132
323 133
324 133
325 133
325 134
326 134
326 135
326 136
327 136
327 137
328 137
328 138
328 139
328 140
328 141
327 141
327 142
327 143
327 144
327 145
327 146
326 146
326 147
326 148
326 149
326 150
325 150
325 151
324 151
324 152
323 152
322 152
322 153
321 153
321 154
320 154
320 155
320 156
320 157
320 158
320 159
319 159
319 160
318 160
318 161
317 161
317 162
317 163
317 164
317 165
317 166
317 167
317 168
317 169
317 170
318 170
318 171
319 171
320 171
321 171
322 171
323 171
324 171
324 172
325 172
325 173
325 174
326 174
326 175
326 176
326 177
325 177
325 178
324 178
324 179
323 179
323 180
323 181
323 182
322 182
321 182
321 183
320 183
319 183
318 183
362 120
361 120
363 120
363 119
364 119
364 118
365 118
365 117
366 117
366 116
366 115
367 115
367 114
368 114
368 113
368 112
368 111
368 110
369 110
369 109
369 108
370 108
370 107
370 106
371 106
371 105
372 105
373 105
374 105
375 105
376 105
377 105
378 105
379 105
380 105
380 106
381 106
382 106
382 107
383 107
383 108
384 108
384 109
385 109
385 110
386 110
386 111
387 111
388 111
389 111
390 111
391 111
392 111
393 111
394 111
395 111
396 111
397 111
397 112
398 112
398 111
399 111
399 110
400 110
400 109
401 109
402 109
403 109
404 109
405 109
406 109
406 108
407 108
408 108
408 107
361 121
360 121
359 121
358 121
358 122
357 122
356 122
355 122
354 122
353 122
352 122
351 122
350 122
350 123
349 123
349 124
349 125
348 125
348 126
347 126
346 126
345 126
344 126
343 126
343 127
342 127
341 127
340 127
340 128
341 128
341 129
341 130
341 131
341 132
341 133
341 134
341 135
341 136
341 137
341 138
340 138
339 138
338 138
337 138
336 138
335 138
334 138
333 138
332 138
331 138
330 138
329 138
329 139
459 395
458 395
460 395
461 395
461 396
462 396
462 397
463 397
463 398
464 398
465 398
466 398
466 399
467 399
467 400
467 401
468 401
468 400
469 400
470 400
471 400
472 400
473 400
474 400
475 400
475 399
476 399
476 400
477 400
478 400
479 400
480 400
481 400
481 399
482 399
482 398
482 397
483 397
484 397
484 396
485 396
486 396
487 396
488 396
489 396
490 396
491 396
492 396
493 396
493 395
493 394
494 394
494 393
494 392
495 392
495 391
496 391
497 391
497 390
498 390
499 390
500 390
501 390
502 390
503 390
504 390
504 389
504 388
505 388
505 387
506 387
506 386
507 386
507 385
508 385
508 384
509 384
510 384
511 384
511 383
511 382
511 381
511 380
511 379
511 378
511 377
511 376
511 375
511 374
510 374
510 373
509 373
509 372
508 372
508 371
508 370
507 370
507 369
506 369
506 368
505 368
505 367
504 367
503 367
503 366
502 366
501 366
500 366
500 365
499 365
499 364
499 363
500 363
500 362
500 361
501 361
501 360
501 359
501 358
501 357
501 356
502 356
502 355
502 354
502 353
502 352
502 351
502 350
502 349
502 348
502 347
502 346
502 345
502 344
502 343
502 342
502 341
502 340
502 339
501 339
500 339
500 338
499 338
498 338
497 338
496 338
496 337
496 336
495 336
494 336
493 336
492 336
491 336
490 336
489 336
489 335
488 335
487 335
487 334
486 334
486 333
486 332
485 332
484 332
483 332
482 332
481 332
480 332
480 331
479 331
478 331
478 330
477 330
477 329
477 328
476 328
476 327
476 326
458 394
457 394
456 394
455 394
454 394
454 395
454 396
453 396
453 397
452 397
452 398
451 398
451 399
450 399
450 400
449 400
448 400
448 401
447 401
447 402
446 402
445 402
444 402
444 403
443 403
442 403
441 403
440 403
439 403
438 403
437 403
436 403
436 402
435 402
434 402
433 402
433 403
433 404
433 405
433 406
433 407
433 408
434 408
434 409
435 409
436 409
437 409
438 409
438 410
439 410
440 410
440 411
440 412
441 412
441 413
440 413
440 414
440 415
440 416
439 416
439 417
439 418
439 419
438 419
438 418
437 418
437 417
437 416
436 416
436 415
435 415
434 415
434 414
433 414
433 415
432 415
432 416
431 416
430 416
429 416
429 417
428 417
427 417
427 418
426 418
425 418
424 418
423 418
422 418
421 418
420 418
420 417
420 416
420 415
420 414
420 413
419 413
419 414
419 415
419 416
419 417
419 418
419 419
419 420
418 420
418 421
417 421
417 422
416 422
416 423
415 423
415 424
414 424
413 424
413 425
412 425
412 426
411 426
410 426
410 427
409 427
409 428
408 428
408 429
408 430
408 431
408 432
407 432
407 433
407 434
406 434
406 435
406 436
406 437
405 437
405 438
405 439
405 440
404 440
404 441
404 442
405 442
405 443
406 443
407 443
408 443
408 444
409 444
409 445
410 445
410 446
411 446
411 447
412 447
413 447
413 448
413 449
413 450
413 451
413 452
413 453
413 454
413 455
413 456
412 456
412 457
413 457
413 458
295 303
296 303
294 303
293 303
292 303
291 303
290 303
289 303
289 304
289 305
289 306
289 307
289 308
289 309
288 309
288 310
287 310
287 311
287 312
286 312
285 312
285 313
284 313
283 313
282 313
281 313
280 313
279 313
278 313
277 313
277 314
276 314
276 315
297 303
298 303
299 303
299 302
300 302
300 301
300 300
300 299
300 298
300 297
300 296
300 295
300 294
301 294
301 293
301 292
301 291
301 290
301 289
301 288
301 287
302 287
302 286
303 286
304 286
304 285
305 285
306 285
306 284
307 284
308 284
308 283
309 283
309 282
310 282
311 282
311 281
312 281
313 281
313 280
314 280
315 280
315 279
316 279
317 279
317 278
318 278
319 278
319 277
320 277
321 277
321 276
321 275
321 274
322 274
322 273
323 273
323 272
324 272
324 271
325 271
325 270
325 269
326 269
326 268
326 267
327 267
327 266
328 266
328 265
329 265
329 264
330 264
330 263
330 262
330 261
330 260
330 259
330 258
330 257
331 257
332 257
333 257
334 257
335 257
335 256
335 255
335 254
336 254
336 253
337 253
337 252
338 252
339 252
339 251
340 251
341 251
341 250
341 249
341 248
341 247
342 247
342 246
384 309
384 310
384 308
384 307
384 306
384 305
384 304
384 303
384 302
384 301
383 301
383 300
383 299
383 298
383 297
383 296
382 296
382 295
381 295
381 294
381 293
381 292
381 291
380 291
380 290
380 289
379 289
379 290
378 290
377 290
376 290
375 290
374 290
373 290
372 290
372 289
371 289
371 288
371 287
370 287
370 286
369 286
369 285
368 285
368 284
367 284
367 283
367 282
367 281
367 280
367 279
367 278
367 277
367 276
367 275
367 274
367 273
367 272
384 311
384 312
384 313
384 314
383 314
383 315
382 315
382 316
382 317
382 318
382 319
382 320
382 321
382 322
382 323
383 323
383 324
406 87
406 86
406 88
406 89
406 90
406 91
406 92
406 93
406 94
405 94
405 95
405 96
405 97
405 98
405 99
405 100
405 101
405 102
405 103
405 104
405 105
405 106
406 106
407 106
407 107
406 85
406 84
406 83
406 82
406 81
406 80
406 79
406 78
406 77
405 77
405 76
405 75
404 75
404 74
403 74
403 73
415 387
415 388
415 386
414 386
414 385
413 385
413 384
414 384
415 384
415 383
416 383
417 383
417 382
418 382
418 381
418 380
418 379
418 378
418 377
418 376
419 376
419 375
419 374
419 373
419 372
419 371
419 370
419 369
419 368
419 367
419 366
420 366
421 366
422 366
423 366
424 366
424 365
425 365
425 364
426 364
426 363
426 362
426 361
426 360
426 359
426 358
426 357
427 357
428 357
429 357
430 357
431 357
432 357
432 356
432 355
432 354
432 353
432 352
432 351
432 350
432 349
432 348
433 348
433 349
434 349
435 349
436 349
437 349
437 348
438 348
438 347
439 347
439 346
440 346
441 346
442 346
443 346
444 346
445 346
445 345
445 344
446 344
446 345
447 345
447 346
448 346
449 346
450 346
451 346
452 346
453 346
453 345
454 345
454 344
455 344
455 343
455 342
455 341
455 340
456 340
456 339
456 338
456 337
456 336
456 335
457 335
457 334
415 389
415 390
416 390
416 391
416 392
417 392
417 393
417 394
417 395
417 396
417 397
417 398
417 399
417 400
417 401
417 402
417 403
418 403
418 404
418 405
418 406
418 407
418 408
418 409
418 410
418 411
419 411
419 412
420 412
260 260
260 259
260 261
260 262
260 263
260 264
259 264
259 265
259 266
258 266
258 267
257 267
257 268
257 269
257 270
256 270
256 271
255 271
254 271
254 272
253 272
253 273
254 273
254 274
255 274
255 275
256 275
256 276
256 277
257 277
257 278
257 279
257 280
257 281
258 281
258 282
258 283
258 284
258 285
258 286
258 287
258 288
257 288
257 289
258 289
258 290
258 291
259 291
259 292
260 292
260 293
261 293
261 294
261 295
261 296
261 297
261 298
261 299
260 299
260 258
260 257
260 256
260 255
260 254
261 254
261 253
261 252
262 252
262 251
262 250
262 249
262 248
263 248
263 247
263 246
263 245
263 244
263 243
263 242
263 241
263 240
263 239
263 238
263 237
263 236
263 235
263 234
263 233
263 232
263 231
263 230
263 229
263 228
263 227
263 226
263 225
263 224
263 223
263 222
264 222
264 221
265 221
266 221
267 221
268 221
269 221
270 221
270 220
121 480
121 481
121 479
121 478
121 477
121 476
121 475
121 474
121 473
120 473
120 472
120 471
119 471
119 470
119 469
119 468
119 467
118 467
118 466
118 465
117 465
117 464
116 464
116 463
115 463
115 462
115 461
115 460
115 459
115 458
115 457
115 456
115 455
115 454
115 453
115 452
115 451
116 451
116 450
116 449
117 449
117 448
118 448
118 447
118 446
119 446
119 445
120 445
121 445
121 444
121 443
121 442
121 441
121 440
122 440
122 439
122 438
123 438
123 437
123 436
123 435
123 434
124 434
125 434
121 482
121 483
121 484
122 484
122 485
122 486
122 487
122 488
122 489
121 489
121 490
120 490
120 491
120 492
119 492
119 493
119 494
118 494
118 495
117 495
117 496
116 496
115 496
114 496
113 496
112 496
111 496
110 496
109 496
108 496
108 495
107 495
107 494
106 494
106 493
105 493
105 492
104 492
104 491
185 220
185 219
185 221
185 222
185 223
185 224
186 224
186 225
187 225
187 226
188 226
189 226
190 226
190 227
191 227
191 228
192 228
192 229
193 229
194 229
195 229
196 229
197 229
197 230
197 231
197 232
197 233
197 234
197 235
197 236
198 236
198 237
198 238
199 238
199 239
200 239
200 240
201 240
201 241
202 241
203 241
204 241
205 241
206 241
207 241
207 242
208 242
208 243
208 244
208 245
208 246
208 247
208 248
209 248
209 249
209 250
209 251
209 252
209 253
210 253
210 254
210 255
210 256
210 257
210 258
210 259
211 259
211 260
212 260
213 260
213 261
214 261
214 262
214 263
214 264
215 264
215 265
215 266
216 266
216 267
217 267
217 268
218 268
218 269
218 270
218 271
219 271
219 272
219 273
220 273
220 274
220 275
221 275
221 276
222 276
222 277
223 277
224 277
224 278
225 278
226 278
227 278
228 278
229 278
230 278
230 277
231 277
232 277
233 277
233 276
234 276
234 275
235 275
235 274
236 274
236 273
237 273
238 273
239 273
240 273
241 273
241 272
242 272
243 272
244 272
245 272
246 272
247 272
248 272
249 272
250 272
251 272
252 272
185 218
185 217
185 216
185 215
185 214
185 213
185 212
185 211
185 210
185 209
185 208
185 207
185 206
184 206
184 205
183 205
182 205
181 205
181 204
180 204
180 203
179 203
179 202
179 201
178 201
178 200
178 199
178 198
178 197
178 196
178 195
178 194
178 193
178 192
178 191
177 191
177 190
176 190
175 190
175 189
174 189
173 189
173 188
172 188
171 188
171 187
170 187
170 186
170 185
247 438
247 439
247 437
247 436
247 435
247 434
246 434
246 433
245 433
245 432
244 432
243 432
243 431
243 430
242 430
242 429
242 428
242 427
243 427
244 427
245 427
246 427
247 427
248 427
249 427
250 427
250 426
250 425
251 425
251 424
251 423
251 422
252 422
252 421
252 420
253 420
253 419
253 418
253 417
253 416
254 416
254 415
254 414
253 414
252 414
252 413
251 413
250 413
250 412
249 412
249 411
248 411
248 410
248 409
248 408
249 408
249 407
249 406
250 406
251 406
252 406
253 406
254 406
255 406
255 405
256 405
256 404
257 404
257 403
257 402
257 401
256 401
256 400
255 400
254 400
253 400
253 399
252 399
252 398
252 397
252 396
252 395
252 394
252 393
252 392
251 392
251 391
250 391
250 390
250 389
250 388
250 387
250 386
250 385
250 384
250 383
250 382
250 381
251 381
251 380
252 380
252 379
253 379
254 379
254 378
255 378
256 378
257 378
258 378
258 377
259 377
260 377
261 377
262 377
262 378
263 378
264 378
265 378
266 378
266 377
267 377
268 377
269 377
270 377
271 377
272 377
272 376
273 376
273 375
274 375
274 374
274 373
274 372
274 371
274 370
274 369
274 368
274 367
274 366
273 366
272 366
271 366
271 365
272 365
273 365
274 365
274 364
275 364
275 363
276 363
276 362
276 361
276 360
276 359
276 358
276 357
276 356
276 355
277 355
277 354
278 354
278 353
279 353
279 352
278 352
277 352
276 352
275 352
275 351
274 351
274 350
273 350
273 349
272 349
271 349
271 348
270 348
270 347
270 346
269 346
269 345
269 344
268 344
268 343
269 343
269 342
269 341
270 341
270 340
270 339
271 339
271 338
271 337
272 337
272 336
272 335
273 335
273 334
273 333
273 332
273 331
273 330
272 330
272 329
272 328
271 328
271 327
271 326
271 325
271 324
271 323
272 323
272 322
272 321
273 321
273 320
273 319
273 318
273 317
273 316
274 316
275 316
247 440
247 441
247 442
247 443
247 444
246 444
246 445
247 445
247 446
248 446
248 447
248 448
248 449
248 450
248 451
248 452
248 453
248 454
248 455
248 456
248 457
248 458
249 458
249 459
249 460
250 460
250 461
250 462
250 463
249 463
249 464
248 464
248 465
247 465
246 465
245 465
245 466
245 467
244 467
244 468
243 468
243 469
242 469
242 470
242 471
241 471
241 472
241 473
241 474
241 475
240 475
423 28
423 29
423 27
423 26
423 25
423 24
423 23
423 22
424 22
424 23
425 23
426 23
427 23
428 23
429 23
430 23
431 23
431 22
432 22
433 22
433 21
434 21
434 20
435 20
435 19
436 19
436 18
436 17
436 16
437 16
437 15
438 15
438 14
438 13
438 12
438 11
438 10
438 9
437 9
437 8
437 7
436 7
435 7
435 6
434 6
433 6
432 6
431 6
430 6
430 5
429 5
429 4
423 30
422 30
422 31
422 32
422 33
422 34
421 34
421 35
421 36
420 36
420 37
419 37
419 38
419 39
418 39
418 40
418 41
417 41
417 42
416 42
416 43
416 44
415 44
414 44
414 45
413 45
413 46
412 46
412 47
412 48
412 49
411 49
411 50
411 51
411 52
411 53
411 54
410 54
409 54
408 54
407 54
406 54
406 55
405 55
404 55
404 56
403 56
402 56
402 57
401 57
401 58
400 58
400 59
400 60
400 61
400 62
400 63
400 64
400 65
400 66
400 67
400 68
400 69
400 70
401 70
401 71
402 71
402 72
402 73
224 189
225 189
224 190
224 191
223 191
223 192
222 192
222 193
222 194
221 194
221 195
220 195
225 188
225 187
225 186
225 185
225 184
225 183
225 182
226 182
227 182
227 181
228 181
229 181
230 181
231 181
232 181
233 181
234 181
234 180
235 180
236 180
236 179
237 179
238 179
239 179
240 179
241 179
242 179
243 179
383 16
384 16
383 15
382 15
382 14
381 14
380 14
379 14
378 14
377 14
376 14
375 14
375 15
374 15
374 16
373 16
373 17
372 17
372 18
371 18
371 19
370 19
370 20
370 21
370 22
370 23
370 24
370 25
369 25
368 25
367 25
366 25
366 26
365 26
364 26
364 27
363 27
362 27
362 28
361 28
361 29
361 30
360 30
360 31
360 32
359 32
358 32
357 32
356 32
355 32
354 32
353 32
352 32
351 32
350 32
349 32
349 33
348 33
347 33
346 33
345 33
345 32
344 32
344 31
343 31
343 30
342 30
342 29
341 29
341 28
340 28
339 28
338 28
338 27
337 27
337 26
336 26
336 25
335 25
335 26
335 27
335 28
335 29
335 30
335 31
335 32
335 33
335 34
335 35
334 35
334 36
333 36
333 37
334 37
334 38
335 38
335 39
335 40
335 41
335 42
335 43
335 44
335 45
335 46
334 46
333 46
333 47
332 47
332 48
331 48
331 49
330 49
330 50
329 50
328 50
328 51
327 51
326 51
325 51
324 51
323 51
322 51
321 51
321 52
322 52
322 53
322 54
322 55
322 56
322 57
322 58
322 59
322 60
322 61
322 62
385 16
386 16
387 16
388 16
389 16
390 16
391 16
392 16
392 17
393 17
393 16
394 16
394 15
394 14
394 13
394 12
394 11
394 10
394 9
394 8
394 7
395 7
395 6
396 6
396 5
397 5
398 5
399 5
400 5
401 5
402 5
403 5
403 4
404 4
405 4
406 4
407 4
408 4
409 4
410 4
410 3
411 3
412 3
412 2
413 2
414 2
415 2
416 2
417 2
417 3
418 3
419 3
419 4
420 4
420 5
421 5
422 5
423 5
424 5
425 5
426 5
427 5
428 5
428 4
140 491
140 492
139 491
138 491
137 491
136 491
136 490
135 490
134 490
133 490
132 490
131 490
130 490
129 490
128 490
128 489
127 489
127 488
126 488
125 488
124 488
123 488
123 487
123 486
123 485
141 492
142 492
142 493
142 494
142 495
143 495
143 496
144 496
145 496
146 496
147 496
148 496
148 495
149 495
150 495
151 495
152 495
153 495
154 495
155 495
156 495
157 495
158 495
159 495
160 495
161 495
162 495
163 495
163 496
163 497
163 498
163 499
163 500
163 501
163 502
163 503
163 504
163 505
164 505
294 403
295 403
293 403
292 403
291 403
290 403
289 403
288 403
287 403
287 402
286 402
286 401
286 400
286 399
286 398
286 397
286 396
286 395
285 395
285 394
284 394
283 394
282 394
281 394
280 394
279 394
278 394
277 394
276 394
275 394
274 394
273 394
272 394
272 393
272 392
272 391
272 390
271 390
271 389
271 388
270 388
270 387
270 386
270 385
270 384
269 384
269 383
268 383
267 383
267 382
266 382
266 381
266 380
266 379
265 379
296 403
297 403
298 403
299 403
300 403
301 403
302 403
303 403
304 403
305 403
306 403
307 403
308 403
309 403
309 404
310 404
310 405
310 406
310 407
310 408
310 409
310 410
310 411
310 412
310 413
309 413
308 413
308 414
308 415
308 416
308 417
308 418
308 419
308 420
308 421
308 422
307 422
307 423
306 423
305 423
305 424
304 424
304 425
304 426
304 427
303 427
303 428
302 428
302 429
302 430
301 430
301 431
301 432
301 433
301 434
302 434
302 435
302 436
303 436
303 437
304 437
304 438
305 438
306 438
306 439
307 439
307 440
308 440
308 441
309 441
310 441
311 441
311 442
312 442
312 443
313 443
314 443
6 479
6 480
6 478
7 478
7 477
7 476
8 476
8 475
8 474
8 473
8 472
8 471
8 470
8 469
8 468
8 467
8 466
8 465
8 464
8 463
7 463
7 462
6 462
6 461
5 461
4 461
3 461
2 461
1 461
0 461
0 460
0 459
0 458
0 457
0 456
0 455
5 480
5 481
4 481
3 481
3 482
2 482
2 483
1 483
1 484
0 484
0 485
0 486
0 487
0 488
0 489
0 490
0 491
0 492
0 493
0 494
1 494
2 494
2 495
2 496
2 497
3 497
3 498
3 499
3 500
4 500
4 501
5 501
6 501
7 501
8 501
9 501
10 501
11 501
12 501
13 501
14 501
14 502
14 503
14 504
15 504
15 505
16 505
16 506
17 506
17 507
18 507
19 507
19 508
20 508
21 508
22 508
23 508
24 508
25 508
26 508
26 509
27 509
27 510
27 511
105 314
104 314
106 314
107 314
107 313
108 313
108 312
109 312
109 311
110 311
110 310
111 310
111 309
112 309
112 308
113 308
113 307
114 307
115 307
115 306
116 306
117 306
117 305
118 305
118 304
119 304
119 303
120 303
120 302
121 302
121 301
122 301
122 300
122 299
122 298
123 298
123 297
124 297
124 296
125 296
125 295
126 295
127 295
128 295
129 295
129 294
130 294
131 294
131 293
132 293
133 293
134 293
134 292
135 292
135 291
136 291
136 290
137 290
138 290
139 290
140 290
141 290
142 290
143 290
144 290
145 290
146 290
103 314
102 314
102 315
101 315
100 315
100 316
99 316
99 315
98 315
97 315
96 315
95 315
94 315
93 315
92 315
91 315
90 315
89 315
88 315
87 315
86 315
85 315
85 316
84 316
84 317
83 317
83 318
83 319
83 320
83 321
83 322
82 322
82 323
82 324
82 325
82 326
82 327
81 327
80 327
79 327
78 327
77 327
76 327
75 327
74 327
73 327
73 328
72 328
72 329
71 329
71 330
70 330
70 331
495 480
495 479
496 480
496 481
496 482
496 483
497 483
497 484
498 484
498 485
499 485
499 486
500 486
500 487
501 487
501 488
502 488
503 488
504 488
505 488
506 488
507 488
508 488
509 488
509 487
510 487
511 487
511 488
511 489
511 490
511 491
511 492
511 493
511 494
511 495
511 496
511 497
511 498
511 499
511 500
511 501
511 502
511 503
511 504
510 504
509 504
509 505
509 506
509 507
509 508
509 509
509 510
509 511
494 479
494 478
493 478
493 477
492 477
492 476
492 475
492 474
492 473
492 472
492 471
492 470
492 469
492 468
492 467
492 466
491 466
491 465
490 465
489 465
488 465
488 464
487 464
487 463
486 463
486 462
485 462
485 461
484 461
484 460
484 459
483 459
483 458
482 458
482 457
482 456
481 456
481 455
481 454
481 453
481 452
481 451
481 450
481 449
481 448
482 448
483 448
484 448
484 447
485 447
485 446
485 445
485 444
485 443
485 442
485 441
485 440
485 439
485 438
484 438
484 437
485 437
486 437
487 437
488 437
489 437
490 437
491 437
492 437
493 437
493 436
494 436
494 435
495 435
495 434
495 433
496 433
496 432
496 431
497 431
497 430
497 429
497 428
497 427
497 426
498 426
499 426
499 427
500 427
500 428
501 428
501 429
502 429
503 429
504 429
505 429
506 429
507 429
508 429
509 429
509 430
510 430
511 430
511 429
511 428
511 427
511 426
511 425
511 424
511 423
511 422
511 421
511 420
511 419
511 418
511 417
510 417
510 416
510 415
509 415
509 414
508 414
507 414
506 414
505 414
504 414
503 414
503 413
502 413
502 412
501 412
500 412
500 411
499 411
498 411
498 410
498 409
498 408
498 407
498 406
498 405
498 404
498 403
498 402
498 401
498 400
498 399
498 398
499 398
500 398
500 397
501 397
502 397
502 396
503 396
503 395
504 395
504 394
504 393
505 393
505 392
505 391
505 390
505 389
