313 265
314 265
312 265
311 265
310 265
309 265
309 266
308 266
307 266
307 267
306 267
306 268
305 268
304 268
303 268
302 268
301 268
315 265
316 265
317 265
317 264
318 264
254 463
255 463
253 463
252 463
251 463
250 463
249 463
249 462
248 462
256 463
257 463
258 463
259 463
259 464
260 464
260 465
261 465
262 465
263 465
291 468
291 469
291 467
291 466
290 466
290 465
292 469
292 470
293 470
293 471
8 504
7 504
8 505
9 505
9 506
9 507
10 507
10 508
9 508
9 509
9 510
9 511
10 511
11 511
12 511
13 511
14 511
15 511
16 511
17 511
18 511
19 511
6 504
5 504
4 504
3 504
3 503
2 503
1 503
1 502
0 502
287 383
287 382
287 384
287 385
287 386
286 386
286 387
285 387
287 381
287 380
288 380
288 379
289 379
289 378
290 378
290 377
25 302
25 303
25 301
25 300
25 299
25 298
25 297
24 297
24 296
23 296
22 296
22 295
24 303
23 303
23 304
22 304
22 305
22 306
21 306
21 307
20 307
20 308
19 308
19 309
18 309
18 310
17 310
17 311
16 311
16 312
15 312
14 312
14 313
15 313
16 313
17 313
18 313
19 313
20 313
21 313
22 313
23 313
24 313
25 313
26 313
27 313
28 313
28 314
29 314
29 315
30 315
31 315
31 316
32 316
32 317
33 317
33 318
33 319
33 320
33 321
34 321
34 322
35 322
36 322
37 322
38 322
38 323
39 323
39 324
40 324
31 500
30 500
31 501
31 502
31 503
31 504
31 505
30 505
30 506
29 506
29 507
28 507
28 508
27 508
27 509
27 510
26 510
26 511
25 511
24 511
23 511
22 511
21 511
20 511
30 499
29 499
29 498
28 498
28 497
27 497
27 496
26 496
5 437
5 436
5 438
6 438
6 439
6 440
6 441
6 442
7 442
8 442
9 442
9 441
10 441
10 440
10 439
11 439
11 438
11 437
12 437
12 436
13 436
14 436
15 436
16 436
17 436
18 436
19 436
19 435
19 434
20 434
20 433
21 433
21 434
22 434
23 434
24 434
25 434
26 434
27 434
27 435
27 436
28 436
28 437
28 438
29 438
29 439
29 440
29 441
29 442
29 443
30 443
30 444
30 445
29 445
29 446
29 447
29 448
29 449
29 450
28 450
28 451
27 451
27 452
26 452
26 453
25 453
25 454
25 455
24 455
24 456
24 457
23 457
23 458
5 435
5 434
5 433
4 433
4 432
3 432
3 431
2 431
1 431
1 430
0 430
0 429
0 428
0 427
0 426
0 425
0 424
0 423
0 422
0 421
0 420
0 419
38 501
37 501
39 501
40 501
41 501
42 501
43 501
44 501
45 501
46 501
46 502
45 502
45 503
44 503
44 504
44 505
44 506
44 507
44 508
44 509
43 509
43 510
42 510
42 511
36 501
35 501
34 501
34 502
33 502
33 503
32 503
32 504
295 263
295 262
295 264
295 265
296 265
296 266
297 266
298 266
298 267
299 267
300 267
300 268
295 261
295 260
295 259
295 258
295 257
295 256
294 256
14 407
15 407
13 407
12 407
12 406
11 406
10 406
10 407
9 407
9 408
9 409
8 409
8 410
8 411
7 411
7 412
6 412
6 413
5 413
5 414
4 414
4 415
3 415
3 416
2 416
2 417
1 417
1 418
0 418
16 407
17 407
18 407
19 407
19 408
19 409
19 410
19 411
20 411
20 412
20 413
21 413
21 414
21 415
22 415
22 416
22 417
22 418
22 419
22 420
22 421
22 422
22 423
22 424
21 424
21 425
20 425
20 426
20 427
19 427
19 428
19 429
19 430
19 431
20 431
20 432
21 432
280 319
281 319
279 319
278 319
277 319
277 320
276 320
276 321
275 321
275 322
275 323
275 324
275 325
275 326
274 326
274 327
273 327
273 328
273 329
273 330
273 331
273 332
272 332
272 333
272 334
272 335
272 336
272 337
272 338
273 338
273 339
274 339
274 340
275 340
276 340
277 340
278 340
279 340
280 340
281 340
282 340
283 340
284 340
285 340
286 340
287 340
288 340
288 339
289 339
289 338
290 338
282 319
282 318
283 318
283 317
284 317
284 316
285 316
285 315
286 315
286 314
6 327
5 327
7 327
7 326
8 326
8 325
9 325
9 324
9 323
9 322
9 321
9 320
9 319
9 318
10 318
10 317
11 317
11 316
11 315
12 315
12 314
13 314
13 313
5 328
4 328
4 329
4 330
4 331
4 332
4 333
4 334
4 335
4 336
3 336
3 337
3 338
3 339
3 340
2 340
2 341
1 341
1 342
2 342
2 343
3 343
3 344
4 344
4 345
5 345
5 346
6 346
7 346
7 347
8 347
8 348
9 348
9 349
10 349
11 349
12 349
13 349
13 350
13 351
13 352
13 353
14 353
15 353
15 352
16 352
16 351
17 351
17 350
17 349
18 349
18 348
19 348
19 347
19 346
20 346
20 345
20 344
20 343
19 343
19 342
19 341
18 341
18 340
18 339
17 339
65 398
64 398
66 398
67 398
67 399
68 399
68 400
69 400
70 400
70 401
71 401
72 401
72 402
73 402
74 402
75 402
75 401
76 401
77 401
78 401
79 401
80 401
81 401
82 401
83 401
84 401
85 401
85 400
85 399
86 399
63 398
62 398
61 398
61 399
61 400
61 401
61 402
60 402
60 401
60 400
59 400
59 399
59 398
58 398
58 397
57 397
56 397
55 397
54 397
54 396
54 395
54 394
54 393
53 393
53 392
52 392
52 391
52 390
52 389
52 388
52 387
53 387
53 386
53 385
54 385
54 384
55 384
56 384
57 384
57 383
58 383
58 382
58 381
58 380
58 379
58 378
58 377
58 376
59 376
59 375
60 375
60 374
61 374
61 373
62 373
62 372
62 371
63 371
63 370
63 369
63 368
63 367
64 367
65 367
66 367
67 367
68 367
68 366
67 366
66 366
65 366
64 366
64 365
64 364
64 363
64 362
64 361
64 360
64 359
64 358
64 357
63 357
62 357
61 357
60 357
59 357
58 357
57 357
56 357
56 358
55 358
55 359
54 359
54 360
53 360
52 360
51 360
50 360
49 360
48 360
47 360
47 359
46 359
45 359
44 359
43 359
42 359
41 359
40 359
40 360
39 360
39 361
38 361
38 362
37 362
37 363
36 363
36 364
35 364
35 365
34 365
33 365
33 366
32 366
32 365
31 365
31 364
30 364
30 363
29 363
29 362
28 362
28 361
27 361
26 361
26 360
25 360
25 359
24 359
24 358
24 357
24 356
24 355
24 354
24 353
23 353
22 353
21 353
20 353
19 353
18 353
17 353
16 353
33 418
33 417
33 419
34 419
34 420
35 420
35 421
36 421
37 421
38 421
39 421
40 421
41 421
42 421
42 422
42 423
42 424
42 425
42 426
42 427
43 427
43 428
43 429
42 429
41 429
41 430
40 430
39 430
38 430
37 430
36 430
35 430
35 431
35 432
35 433
35 434
35 435
35 436
35 437
35 438
34 438
34 439
34 440
33 440
33 441
32 441
32 442
32 443
31 443
31 444
33 416
33 415
32 415
32 414
33 414
33 413
34 413
35 413
35 412
35 411
35 410
36 410
36 409
36 408
37 408
37 407
38 407
38 406
39 406
40 406
40 405
40 404
40 403
40 402
40 401
40 400
40 399
40 398
40 397
40 396
40 395
41 395
42 395
43 395
43 394
44 394
44 393
45 393
45 392
46 392
46 391
47 391
48 391
49 391
50 391
51 391
51 390
51 389
51 388
8 333
9 333
7 333
6 333
5 333
5 334
5 335
10 333
11 333
12 333
13 333
13 334
14 334
14 335
15 335
15 336
16 336
16 337
16 338
17 338
268 363
268 362
268 364
268 365
268 366
268 367
268 368
268 369
267 369
267 370
266 370
266 371
266 372
266 373
266 374
266 375
266 376
266 377
266 378
266 379
266 380
266 381
266 382
266 383
266 384
265 384
265 385
265 386
266 386
267 386
268 386
269 386
270 386
271 386
272 386
273 386
274 386
275 386
276 386
277 386
277 387
278 387
279 387
279 388
280 388
281 388
282 388
283 388
284 388
284 387
268 361
268 360
268 359
268 358
269 358
270 358
271 358
272 358
273 358
273 357
273 356
274 356
274 355
274 354
275 354
275 353
274 353
274 352
273 352
272 352
271 352
271 351
270 351
270 350
270 349
270 348
270 347
270 346
270 345
270 344
271 344
271 343
272 343
272 342
273 342
273 341
273 340
275 310
276 310
274 310
273 310
272 310
271 310
271 309
272 309
272 308
272 307
272 306
272 305
272 304
272 303
272 302
272 301
272 300
272 299
272 298
272 297
272 296
272 295
272 294
272 293
272 292
271 292
271 291
270 291
270 290
269 290
269 289
268 289
268 288
267 288
266 288
266 287
265 287
265 286
264 286
264 285
264 284
263 284
263 283
263 282
263 281
263 280
263 279
263 278
263 277
264 277
265 277
266 277
267 277
268 277
269 277
270 277
271 277
272 277
273 277
274 277
274 278
275 278
276 278
276 277
276 276
276 275
276 274
276 273
276 272
276 271
276 270
276 269
276 268
277 268
277 267
278 267
278 266
279 266
279 265
279 264
279 263
279 262
279 261
279 260
279 259
280 259
281 259
282 259
282 258
283 258
284 258
284 257
284 256
285 256
285 255
285 254
285 253
285 252
285 251
285 250
286 250
286 251
286 252
287 252
288 252
289 252
290 252
290 253
291 253
292 253
292 254
293 254
293 255
294 255
277 310
278 310
279 310
280 310
281 310
282 310
282 311
283 311
283 312
284 312
284 313
285 313
285 314
37 238
37 237
37 239
37 240
37 241
36 241
35 241
35 242
34 242
34 243
33 243
33 244
32 244
32 245
31 245
30 245
29 245
28 245
27 245
26 245
25 245
24 245
23 245
23 246
23 247
23 248
23 249
22 249
22 250
22 251
21 251
37 236
37 235
37 234
37 233
38 233
38 232
39 232
39 231
39 230
39 229
39 228
39 227
39 226
39 225
39 224
38 224
38 223
38 222
38 221
37 221
37 220
36 220
36 219
35 219
34 219
33 219
32 219
31 219
30 219
29 219
28 219
28 220
27 220
27 221
26 221
26 222
25 222
25 223
24 223
4 456
4 455
4 457
4 458
4 459
4 460
4 461
5 461
6 461
6 462
7 462
7 463
6 463
6 464
5 464
5 465
4 465
4 466
4 467
3 467
3 468
2 468
2 469
1 469
1 470
0 470
5 455
5 454
5 453
5 452
5 451
5 450
6 450
6 449
7 449
7 448
8 448
8 447
8 446
8 445
8 444
8 443
390 430
391 430
389 430
388 430
387 430
386 430
385 430
385 429
385 428
385 427
385 426
385 425
386 425
386 424
385 424
385 423
384 423
383 423
382 423
382 422
382 421
382 420
382 419
382 418
381 418
381 417
381 416
380 416
380 415
379 415
378 415
377 415
376 415
375 415
374 415
373 415
372 415
371 415
371 414
371 413
371 412
371 411
372 411
372 410
373 410
373 409
374 409
375 409
375 408
376 408
376 407
376 406
376 405
376 404
376 403
376 402
376 401
376 400
376 399
376 398
376 397
376 396
376 395
376 394
376 393
376 392
375 392
375 391
374 391
374 390
373 390
373 389
372 389
371 389
370 389
369 389
368 389
367 389
366 389
365 389
364 389
363 389
362 389
361 389
360 389
359 389
358 389
357 389
356 389
356 390
355 390
354 390
353 390
352 390
351 390
350 390
349 390
348 390
348 389
392 430
393 430
394 430
395 430
395 431
396 431
396 432
396 433
397 433
397 434
398 434
399 434
400 434
401 434
402 434
403 434
404 434
405 434
405 435
406 435
407 435
408 435
409 435
410 435
411 435
412 435
413 435
414 435
414 436
414 437
415 437
415 438
415 439
416 439
417 439
418 439
419 439
420 439
421 439
421 440
421 441
422 441
422 442
423 442
424 442
425 442
426 442
427 442
427 443
428 443
428 444
429 444
429 445
429 446
429 447
429 448
429 449
429 450
429 451
428 451
428 452
427 452
427 453
428 453
428 454
428 455
428 456
428 457
428 458
428 459
428 460
428 461
428 462
427 462
427 461
426 461
426 460
425 460
424 460
423 460
422 460
421 460
420 460
420 461
419 461
418 461
418 462
417 462
416 462
415 462
414 462
414 463
413 463
413 464
412 464
411 464
410 464
409 464
408 464
407 464
406 464
405 464
404 464
403 464
402 464
401 464
401 463
400 463
399 463
398 463
397 463
396 463
395 463
394 463
393 463
392 463
391 463
390 463
390 462
390 461
389 461
388 461
387 461
386 461
385 461
384 461
383 461
383 462
382 462
381 462
380 462
379 462
378 462
377 462
377 461
376 461
376 460
375 460
375 459
375 458
374 458
374 457
374 456
374 455
374 454
373 454
373 453
372 453
371 453
370 453
369 453
368 453
368 452
367 452
367 451
367 450
366 450
366 449
366 448
366 447
366 446
366 445
366 444
366 443
366 442
366 441
366 440
366 439
367 439
367 438
367 437
368 437
368 436
368 435
368 434
368 433
368 432
369 432
369 431
369 430
369 429
369 428
368 428
368 427
367 427
366 427
365 427
364 427
364 426
364 425
365 425
365 424
365 423
365 422
365 421
366 421
366 420
367 420
368 420
369 420
369 419
370 419
370 418
370 417
370 416
370 415
130 431
129 431
131 431
132 431
133 431
134 431
134 430
135 430
135 429
136 429
136 428
137 428
138 428
139 428
140 428
141 428
142 428
143 428
143 429
143 430
143 431
143 432
144 432
144 433
145 433
146 433
147 433
148 433
148 434
149 434
149 435
150 435
150 434
150 433
150 432
150 431
150 430
150 429
151 429
151 428
152 428
152 427
152 426
153 426
153 425
154 425
155 425
156 425
157 425
158 425
158 426
159 426
159 427
160 427
160 428
128 431
128 430
127 430
127 429
126 429
126 428
126 427
126 426
126 425
126 424
126 423
126 422
126 421
126 420
125 420
125 419
125 418
124 418
124 417
124 416
123 416
123 415
122 415
293 285
292 285
293 284
294 284
294 283
295 283
295 282
296 282
296 281
297 281
297 280
297 279
298 279
298 278
298 277
299 277
299 276
299 275
299 274
299 273
299 272
299 271
299 270
299 269
300 269
301 269
292 286
292 287
293 287
293 288
293 289
293 290
293 291
293 292
293 293
293 294
292 294
292 295
292 296
292 297
292 298
292 299
292 300
292 301
292 302
292 303
292 304
292 305
292 306
292 307
292 308
292 309
292 310
292 311
292 312
291 312
290 312
289 312
288 312
288 313
287 313
287 314
291 286
291 285
290 285
289 285
288 285
287 285
286 285
286 284
285 284
285 283
285 282
285 281
284 281
283 281
282 281
281 281
280 281
279 281
278 281
278 280
278 279
277 279
277 278
14 216
13 216
15 216
16 216
17 216
17 215
18 215
18 216
19 216
20 216
20 217
21 217
21 218
21 219
21 220
22 220
22 221
22 222
23 222
23 223
12 216
11 216
10 216
10 217
9 217
8 217
8 218
7 218
6 218
6 219
27 263
27 264
28 263
29 263
29 264
30 264
31 264
31 265
32 265
33 265
33 264
34 264
35 264
35 263
36 263
36 262
36 261
37 261
37 262
38 262
38 263
38 264
38 265
38 266
38 267
38 268
39 268
40 268
40 269
39 269
38 269
37 269
37 270
37 271
37 272
37 273
37 274
37 275
37 276
36 276
36 277
37 277
37 278
37 279
38 279
38 280
38 281
39 281
39 282
40 282
41 282
41 283
42 283
43 283
43 284
44 284
45 284
45 285
46 285
46 286
47 286
48 286
48 287
49 287
50 287
51 287
52 287
53 287
54 287
55 287
56 287
57 287
58 287
58 286
59 286
59 285
59 284
59 283
59 282
59 281
60 281
60 280
61 280
61 279
62 279
62 278
62 277
63 277
63 276
63 275
64 275
64 274
64 273
64 272
64 271
64 270
63 270
62 270
61 270
61 269
62 269
63 269
64 269
65 269
65 268
66 268
66 267
67 267
67 266
68 266
68 265
67 265
67 264
67 263
67 262
66 262
65 262
64 262
63 262
62 262
61 262
61 261
61 260
60 260
60 259
60 258
59 258
59 257
58 257
58 256
58 255
57 255
57 254
56 254
55 254
54 254
53 254
52 254
51 254
51 253
50 253
49 253
49 252
48 252
48 251
47 251
47 250
46 250
46 249
45 249
44 249
43 249
42 249
41 249
41 248
40 248
40 247
39 247
39 246
38 246
38 245
37 245
36 245
35 245
34 245
33 245
26 264
26 265
25 265
25 266
25 267
25 268
24 268
24 269
23 269
22 269
21 269
20 269
19 269
18 269
18 270
17 270
16 270
16 271
15 271
14 271
14 272
14 273
14 274
14 275
14 276
15 276
15 277
16 277
17 277
17 278
16 278
16 279
15 279
15 280
15 281
15 282
15 283
15 284
16 284
16 285
16 286
17 286
17 287
17 288
18 288
18 289
18 290
18 291
19 291
19 292
19 293
20 293
20 294
21 294
21 295
452 462
453 462
451 462
450 462
449 462
448 462
447 462
447 463
446 463
445 463
444 463
443 463
442 463
441 463
441 464
440 464
439 464
438 464
437 464
436 464
435 464
434 464
433 464
433 465
432 465
431 465
430 465
430 464
429 464
429 463
428 463
454 462
455 462
456 462
457 462
458 462
459 462
460 462
461 462
462 462
463 462
464 462
465 462
466 462
467 462
467 463
468 463
468 464
469 464
470 464
471 464
472 464
473 464
474 464
475 464
476 464
477 464
477 463
478 463
478 464
479 464
480 464
481 464
482 464
483 464
484 464
485 464
486 464
486 463
487 463
488 463
488 462
489 462
490 462
490 461
491 461
492 461
492 460
492 459
493 459
493 458
494 458
494 457
495 457
495 456
495 455
495 454
495 453
495 452
495 451
495 450
93 380
93 379
94 380
94 381
95 381
95 382
96 382
96 383
96 384
96 385
97 385
97 386
98 386
99 386
100 386
101 386
101 387
102 387
102 388
103 388
103 389
104 389
105 389
106 389
107 389
108 389
108 388
109 388
109 387
110 387
110 386
111 386
111 385
111 384
111 383
111 382
111 381
112 381
113 381
113 382
114 382
114 383
114 384
114 385
114 386
114 387
114 388
115 388
115 389
115 390
116 390
116 391
117 391
117 392
118 392
118 393
118 394
118 395
118 396
118 397
118 398
118 399
118 400
117 400
117 401
118 401
118 402
119 402
120 402
120 403
121 403
122 403
122 404
123 404
123 405
124 405
124 406
125 406
125 407
126 407
126 408
126 409
126 410
126 411
126 412
125 412
125 413
124 413
124 414
123 414
93 378
92 378
92 377
91 377
91 376
90 376
90 375
90 374
89 374
88 374
88 373
87 373
87 372
86 372
86 371
85 371
85 372
84 372
84 373
83 373
83 374
82 374
82 375
81 375
81 376
81 377
80 377
80 378
80 379
80 380
80 381
80 382
80 383
79 383
79 384
78 384
78 385
77 385
76 385
75 385
74 385
73 385
72 385
71 385
70 385
69 385
69 386
68 386
67 386
67 387
66 387
65 387
65 388
64 388
64 389
63 389
63 390
62 390
62 391
61 391
61 392
60 392
59 392
58 392
57 392
56 392
55 392
54 392
31 484
32 484
31 483
31 482
31 481
31 480
31 479
31 478
30 478
32 485
32 486
33 486
33 487
34 487
34 488
35 488
35 489
35 490
36 490
36 491
37 491
37 492
38 492
39 492
39 493
40 493
40 494
40 495
41 495
41 496
41 497
42 497
42 498
43 498
43 499
44 499
44 500
45 500
113 401
112 401
114 401
115 401
116 401
111 401
110 401
110 402
109 402
109 403
108 403
108 404
107 404
107 405
106 405
106 406
106 407
105 407
105 408
104 408
104 409
103 409
103 410
102 410
102 411
101 411
101 412
100 412
100 413
100 414
100 415
100 416
99 416
99 417
98 417
97 417
96 417
95 417
95 418
94 418
93 418
93 419
92 419
91 419
90 419
89 419
88 419
88 418
87 418
87 417
86 417
86 416
86 415
85 415
85 414
84 414
83 414
82 414
81 414
80 414
79 414
78 414
77 414
76 414
76 415
75 415
75 414
75 413
75 412
75 411
74 411
74 410
73 410
73 409
73 408
73 407
73 406
73 405
73 404
73 403
298 470
297 470
299 470
299 469
300 469
296 470
295 470
294 470
247 240
247 239
247 241
246 241
246 242
245 242
245 243
244 243
243 243
243 244
242 244
241 244
241 245
240 245
240 246
239 246
239 247
238 247
238 248
237 248
237 249
237 250
237 251
237 252
237 253
237 254
236 254
235 254
235 255
236 255
237 255
237 256
238 256
238 257
238 258
238 259
238 260
238 261
239 261
239 262
239 263
239 264
239 265
239 266
239 267
240 267
241 267
242 267
243 267
244 267
244 266
245 266
246 266
247 266
248 266
248 267
249 267
250 267
250 268
251 268
252 268
252 269
253 269
254 269
255 269
256 269
257 269
258 269
259 269
259 270
260 270
260 271
260 272
261 272
261 273
262 273
262 274
262 275
263 275
263 276
248 239
249 239
250 239
251 239
252 239
253 239
254 239
255 239
255 238
256 238
256 237
256 236
256 235
256 234
257 234
258 234
259 234
260 234
261 234
261 233
260 233
259 233
259 232
258 232
258 231
257 231
257 230
257 229
257 228
257 227
257 226
257 225
257 224
256 224
256 223
255 223
254 223
253 223
252 223
252 222
252 221
251 221
251 220
251 219
251 218
251 217
251 216
251 215
250 215
250 214
249 214
248 214
248 213
248 212
249 212
250 212
250 211
250 210
250 209
250 208
250 207
250 206
251 206
251 205
252 205
253 205
254 205
254 204
254 203
254 202
254 201
254 200
254 199
255 199
255 198
255 197
256 197
256 196
257 196
258 196
259 196
260 196
260 195
261 195
261 194
262 194
263 194
264 194
265 194
265 195
266 195
267 195
267 194
268 194
269 194
270 194
271 194
272 194
273 194
274 194
275 194
275 193
275 192
275 191
276 191
276 192
276 193
277 193
277 194
278 194
278 195
278 196
278 197
278 198
277 198
277 199
277 200
277 201
277 202
278 202
279 202
279 203
280 203
280 204
281 204
281 205
280 205
280 206
280 207
280 208
280 209
280 210
280 211
281 211
281 212
280 212
279 212
279 213
278 213
278 214
278 215
277 215
277 216
277 217
277 218
277 219
277 220
277 221
277 222
278 222
278 223
278 224
278 225
278 226
278 227
279 227
279 228
280 228
281 228
282 228
283 228
284 228
284 229
285 229
285 230
286 230
286 231
286 232
286 233
287 233
287 234
287 235
287 236
287 237
287 238
287 239
287 240
287 241
287 242
287 243
286 243
286 244
286 245
286 246
286 247
286 248
286 249
285 249
436 482
436 483
436 481
436 480
436 479
436 478
437 478
438 478
438 477
439 477
439 476
439 475
438 475
438 474
438 473
438 472
438 471
438 470
438 469
438 468
437 468
436 468
436 467
435 467
434 467
434 466
433 466
432 466
431 466
436 484
436 485
436 486
435 486
435 487
434 487
434 488
434 489
433 489
433 490
433 491
432 491
431 491
431 492
430 492
429 492
429 493
429 494
429 495
429 496
429 497
430 497
430 498
429 498
428 498
427 498
426 498
425 498
424 498
423 498
423 497
422 497
422 498
422 499
422 500
422 501
422 502
421 502
421 503
421 504
421 505
421 506
421 507
421 508
420 508
420 507
419 507
418 507
417 507
416 507
415 507
415 506
415 505
415 504
415 503
415 502
414 502
414 501
414 500
414 499
413 499
413 498
413 497
412 497
412 496
411 496
410 496
410 495
409 495
409 494
409 493
409 492
409 491
409 490
409 489
408 489
408 488
408 487
408 486
408 485
408 484
408 483
408 482
408 481
409 481
409 480
410 480
411 480
412 480
413 480
414 480
415 480
415 479
416 479
416 478
415 478
415 477
415 476
415 475
415 474
415 473
415 472
415 471
416 471
416 470
416 469
415 469
415 468
415 467
415 466
415 465
414 465
414 464
251 410
251 409
251 411
251 412
251 413
250 413
250 414
250 415
250 416
250 417
250 418
250 419
250 420
250 421
250 422
251 422
251 423
252 423
253 423
253 424
254 424
254 425
254 426
255 426
255 427
255 428
255 429
254 429
254 430
253 430
252 430
252 431
251 431
250 431
249 431
248 431
247 431
247 432
246 432
245 432
245 433
245 434
244 434
244 435
244 436
244 437
244 438
244 439
244 440
244 441
244 442
244 443
244 444
243 444
242 444
242 445
241 445
240 445
240 446
239 446
238 446
237 446
236 446
235 446
234 446
234 447
235 447
235 448
236 448
236 449
237 449
238 449
238 450
239 450
240 450
240 451
241 451
242 451
242 452
243 452
244 452
244 453
244 454
244 455
244 456
244 457
244 458
244 459
244 460
245 460
246 460
246 461
247 461
247 462
251 408
251 407
251 406
250 406
250 405
250 404
250 403
250 402
250 401
250 400
250 399
250 398
250 397
250 396
250 395
250 394
250 393
250 392
250 391
250 390
250 389
250 388
250 387
250 386
250 385
250 384
251 384
251 383
252 383
252 382
253 382
253 381
254 381
255 381
255 380
256 380
256 381
256 382
256 383
257 383
257 384
257 385
258 385
259 385
259 386
260 386
261 386
262 386
263 386
263 387
264 387
264 386
345 404
345 403
344 404
343 404
343 405
342 405
342 406
341 406
341 407
340 407
340 408
339 408
339 409
338 409
338 410
338 411
338 412
338 413
338 414
346 403
347 403
348 403
349 403
350 403
350 402
350 401
350 400
350 399
350 398
350 397
350 396
350 395
350 394
350 393
350 392
350 391
53 476
53 475
53 477
53 478
53 479
53 480
53 481
54 481
54 482
53 482
53 483
53 484
53 485
53 486
53 487
53 488
52 488
51 488
50 488
49 488
48 488
47 488
46 488
45 488
44 488
43 488
43 489
42 489
42 490
41 490
41 491
41 492
40 492
53 474
53 473
53 472
53 471
53 470
54 470
54 469
54 468
55 468
55 467
55 466
55 465
55 464
55 463
55 462
55 461
55 460
55 459
55 458
55 457
55 456
55 455
54 455
54 454
53 454
53 453
52 453
51 453
50 453
50 452
49 452
49 453
49 454
48 454
48 455
47 455
47 456
46 456
45 456
44 456
43 456
42 456
41 456
40 456
40 455
39 455
38 455
38 454
37 454
37 453
37 452
36 452
36 451
36 450
36 449
35 449
35 448
34 448
34 447
34 446
33 446
32 446
32 445
31 445
106 273
106 274
106 272
106 271
106 270
106 269
106 268
106 267
106 266
105 266
105 265
104 265
104 264
104 263
104 262
104 261
103 261
102 261
102 260
101 260
100 260
100 259
100 258
99 258
99 257
98 257
98 256
97 256
96 256
95 256
95 255
94 255
94 254
93 254
93 253
92 253
92 252
91 252
91 251
90 251
90 250
89 250
89 249
88 249
87 249
86 249
85 249
85 248
85 247
85 246
85 245
85 244
85 243
85 242
84 242
84 243
84 244
83 244
83 245
82 245
81 245
80 245
79 245
78 245
77 245
77 244
76 244
75 244
75 243
74 243
73 243
72 243
71 243
70 243
69 243
68 243
68 242
67 242
67 241
67 240
66 240
66 239
66 238
66 237
66 236
65 236
65 235
64 235
64 234
63 234
62 234
61 234
60 234
59 234
58 234
57 234
57 235
56 235
55 235
54 235
54 236
54 237
54 238
53 238
52 238
51 238
50 238
50 237
49 237
49 236
48 236
48 235
47 235
47 234
47 233
46 233
46 232
46 231
45 231
45 230
44 230
44 229
43 229
43 228
42 228
41 228
41 227
40 227
40 226
106 275
106 276
106 277
107 277
107 278
108 278
108 279
109 279
109 280
110 280
110 281
110 282
110 283
110 284
110 285
110 286
109 286
108 286
108 287
107 287
106 287
106 288
105 288
105 289
104 289
103 289
102 289
101 289
100 289
99 289
98 289
97 289
96 289
95 289
94 289
93 289
92 289
92 288
91 288
91 287
91 286
91 285
91 284
90 284
90 283
90 282
89 282
89 281
88 281
88 280
88 279
87 279
87 278
86 278
85 278
84 278
83 278
83 277
82 277
81 277
81 276
81 275
81 274
81 273
81 272
80 272
80 271
80 270
79 270
79 269
79 268
78 268
77 268
76 268
75 268
74 268
73 268
72 268
72 267
71 267
70 267
69 267
69 266
178 380
177 380
179 380
180 380
181 380
182 380
182 379
183 379
184 379
184 380
185 380
185 381
185 382
185 383
185 384
186 384
187 384
188 384
189 384
190 384
191 384
192 384
193 384
194 384
195 384
195 383
196 383
196 382
196 381
197 381
197 380
198 380
198 379
199 379
199 378
199 377
199 376
199 375
199 374
200 374
201 374
202 374
203 374
204 374
205 374
206 374
206 373
206 372
207 372
207 371
208 371
208 370
208 369
209 369
209 368
209 367
210 367
210 366
211 366
212 366
213 366
213 367
214 367
214 368
215 368
216 368
217 368
218 368
219 368
219 369
220 369
221 369
222 369
223 369
224 369
225 369
226 369
226 370
226 371
226 372
226 373
226 374
226 375
226 376
226 377
226 378
226 379
226 380
226 381
227 381
228 381
228 382
229 382
230 382
230 383
231 383
231 384
232 384
232 385
233 385
233 384
234 384
234 383
235 383
236 383
237 383
238 383
239 383
239 384
240 384
241 384
241 385
242 385
243 385
244 385
245 385
246 385
247 385
248 385
249 385
249 386
176 380
175 380
174 380
173 380
172 380
172 379
171 379
171 380
170 380
170 381
169 381
169 382
169 383
168 383
168 384
167 384
166 384
165 384
165 385
165 386
165 387
165 388
165 389
164 389
163 389
163 390
162 390
162 391
162 392
162 393
162 394
162 395
162 396
163 396
164 396
164 397
164 398
165 398
165 399
165 400
165 401
165 402
165 403
165 404
165 405
165 406
165 407
165 408
165 409
165 410
165 411
165 412
166 412
166 413
166 414
167 414
167 415
166 415
165 415
165 416
164 416
163 416
162 416
162 417
161 417
161 418
160 418
159 418
159 419
158 419
157 419
157 420
157 421
157 422
157 423
157 424
18 190
18 191
18 189
18 188
18 187
18 186
18 185
18 184
17 184
17 183
17 182
17 181
17 180
16 180
16 179
15 179
15 178
16 178
16 177
17 177
17 176
17 175
17 174
17 173
18 173
18 172
19 172
19 171
20 171
20 170
21 170
22 170
22 171
22 172
22 173
23 173
24 173
25 173
26 173
27 173
27 174
28 174
29 174
30 174
31 174
32 174
33 174
34 174
35 174
36 174
37 174
37 175
36 175
36 176
36 177
36 178
36 179
36 180
36 181
36 182
36 183
35 183
35 184
36 184
36 185
36 186
37 186
37 187
37 188
38 188
38 189
38 190
39 190
39 191
40 191
41 191
41 192
42 192
43 192
44 192
45 192
46 192
46 193
47 193
48 193
49 193
50 193
51 193
52 193
52 192
53 192
53 191
54 191
54 190
54 189
55 189
55 188
56 188
57 188
58 188
58 187
59 187
60 187
61 187
61 186
62 186
63 186
64 186
64 187
65 187
66 187
66 188
67 188
68 188
68 187
69 187
70 187
71 187
72 187
73 187
73 186
73 185
73 184
74 184
75 184
75 183
76 183
77 183
77 182
78 182
79 182
79 181
80 181
80 180
18 192
18 193
18 194
18 195
19 195
19 196
20 196
20 197
21 197
22 197
22 198
23 198
23 199
24 199
24 200
24 201
24 202
25 202
25 203
25 204
25 205
25 206
25 207
25 208
25 209
25 210
24 210
23 210
22 210
21 210
20 210
20 211
19 211
19 212
19 213
18 213
18 214
427 305
427 304
427 306
427 307
427 308
426 308
425 308
424 308
424 307
423 307
422 307
422 306
422 305
422 304
422 303
421 303
421 302
421 301
420 301
419 301
418 301
417 301
416 301
416 302
416 303
416 304
416 305
416 306
416 307
416 308
416 309
416 310
415 310
415 311
415 312
415 313
415 314
415 315
415 316
415 317
415 318
415 319
415 320
415 321
415 322
415 323
415 324
415 325
415 326
415 327
414 327
414 326
413 326
412 326
411 326
410 326
409 326
408 326
407 326
406 326
406 327
405 327
405 328
404 328
404 329
403 329
403 330
402 330
402 331
401 331
401 332
401 333
400 333
400 334
399 334
399 335
398 335
397 335
397 336
396 336
396 337
395 337
394 337
394 336
393 336
393 335
392 335
392 334
391 334
391 333
390 333
390 332
389 332
388 332
387 332
387 333
386 333
386 334
386 335
385 335
385 336
384 336
383 336
382 336
381 336
380 336
379 336
379 335
378 335
378 336
377 336
376 336
375 336
374 336
373 336
372 336
372 337
371 337
371 338
370 338
369 338
369 339
368 339
367 339
367 340
368 340
368 341
368 342
368 343
368 344
368 345
368 346
368 347
368 348
368 349
367 349
367 350
366 350
366 351
365 351
364 351
363 351
363 352
364 352
365 352
366 352
366 353
367 353
367 354
368 354
368 355
369 355
369 356
370 356
371 356
372 356
372 357
372 358
372 359
372 360
372 361
372 362
373 362
373 363
373 364
373 365
373 366
374 366
375 366
375 367
376 367
377 367
378 367
378 368
378 369
378 370
378 371
378 372
378 373
378 374
378 375
379 375
380 375
381 375
381 376
381 377
382 377
382 378
383 378
383 379
384 379
384 380
384 381
384 382
384 383
384 384
384 385
383 385
383 386
382 386
382 387
381 387
380 387
379 387
378 387
377 387
376 387
375 387
375 388
374 388
374 389
428 304
428 303
429 303
429 302
430 302
431 302
431 301
432 301
432 300
432 299
433 299
433 298
433 297
434 297
434 296
434 295
434 294
434 293
434 292
435 292
435 291
436 291
436 290
437 290
437 289
438 289
438 288
438 287
438 286
438 285
438 284
438 283
439 283
439 282
439 281
438 281
438 280
437 280
437 279
437 278
437 277
437 276
436 276
436 275
435 275
435 274
434 274
433 274
432 274
432 273
431 273
431 272
431 271
431 270
431 269
430 269
430 268
430 267
429 267
429 266
429 265
429 264
429 263
429 262
429 261
428 261
427 261
426 261
425 261
424 261
423 261
423 260
422 260
421 260
420 260
419 260
418 260
417 260
416 260
415 260
415 259
414 259
413 259
413 258
412 258
412 257
412 256
411 256
411 255
411 254
411 253
410 253
410 252
409 252
408 252
408 251
408 250
407 250
407 249
407 248
407 247
407 246
407 245
407 244
407 243
406 243
405 243
404 243
404 242
403 242
402 242
401 242
400 242
399 242
398 242
397 242
397 241
396 241
395 241
394 241
394 242
393 242
393 243
392 243
391 243
390 243
389 243
388 243
388 244
388 245
387 245
387 246
386 246
385 246
385 247
384 247
383 247
382 247
382 248
381 248
381 249
381 250
382 250
382 251
383 251
383 252
384 252
384 253
385 253
385 254
385 255
385 256
385 257
385 258
385 259
385 260
385 261
385 262
385 263
385 264
384 264
383 264
383 265
383 266
383 267
383 268
383 269
383 270
383 271
383 272
383 273
383 274
383 275
383 276
382 276
382 277
381 277
381 278
380 278
380 279
379 279
378 279
378 280
377 280
377 281
376 281
376 282
375 282
375 283
374 283
374 284
373 284
373 285
372 285
371 285
371 286
370 286
370 287
370 288
369 288
369 289
369 290
368 290
368 291
367 291
367 292
366 292
365 292
365 293
364 293
364 294
363 294
363 293
362 293
362 292
361 292
361 291
360 291
360 290
359 290
359 291
358 291
357 291
357 292
356 292
356 293
355 293
355 294
355 295
354 295
354 296
354 297
354 298
354 299
354 300
354 301
354 302
354 303
354 304
354 305
354 306
354 307
354 308
354 309
353 309
352 309
351 309
350 309
350 310
350 311
350 312
350 313
350 314
350 315
350 316
350 317
350 318
350 319
350 320
350 321
350 322
350 323
350 324
350 325
350 326
350 327
350 328
350 329
350 330
350 331
350 332
350 333
350 334
350 335
350 336
351 336
352 336
353 336
354 336
355 336
356 336
356 337
357 337
358 337
358 338
358 339
358 340
358 341
358 342
358 343
358 344
357 344
357 345
357 346
358 346
359 346
359 347
359 348
360 348
360 349
361 349
361 350
362 350
362 351
88 354
89 354
88 353
87 353
86 353
85 353
84 353
83 353
82 353
82 354
81 354
81 353
80 353
80 352
79 352
78 352
78 351
77 351
76 351
75 351
74 351
73 351
72 351
71 351
70 351
69 351
69 352
68 352
68 353
67 353
67 354
67 355
66 355
66 356
65 356
65 357
90 354
90 355
91 355
92 355
93 355
94 355
95 355
95 356
93 363
93 364
93 362
93 361
93 360
93 359
94 359
94 358
94 357
95 357
93 365
93 366
92 366
92 367
91 367
90 367
90 368
89 368
88 368
88 369
87 369
87 370
86 370
477 404
478 404
477 403
476 403
476 402
476 401
476 400
476 399
475 399
475 398
475 397
474 397
474 396
474 395
474 394
474 393
473 393
473 392
472 392
471 392
471 391
470 391
470 390
469 390
469 389
468 389
467 389
467 388
466 388
465 388
465 387
465 386
465 385
464 385
464 384
464 383
464 382
464 381
464 380
463 380
462 380
461 380
460 380
459 380
459 379
458 379
457 379
456 379
455 379
455 380
454 380
453 380
453 381
452 381
451 381
451 382
450 382
450 383
449 383
448 383
447 383
446 383
446 382
445 382
445 381
444 381
444 380
444 379
443 379
442 379
442 378
441 378
440 378
439 378
438 378
437 378
436 378
435 378
435 379
434 379
434 380
433 380
433 381
432 381
432 382
432 383
432 384
431 384
431 385
430 385
429 385
428 385
427 385
427 384
426 384
426 383
425 383
424 383
423 383
422 383
421 383
421 384
420 384
420 385
419 385
418 385
418 386
417 386
417 387
416 387
416 388
415 388
415 389
415 390
415 391
415 392
415 393
415 394
414 394
413 394
412 394
411 394
411 395
410 395
410 396
409 396
408 396
408 397
407 397
406 397
406 398
406 399
406 400
406 401
405 401
405 402
405 403
405 404
405 405
405 406
405 407
404 407
404 408
404 409
404 410
404 411
404 412
405 412
405 413
404 413
403 413
402 413
402 414
402 415
402 416
402 417
402 418
402 419
402 420
403 420
403 421
403 422
404 422
404 423
404 424
404 425
404 426
403 426
403 427
403 428
403 429
403 430
403 431
403 432
403 433
404 433
479 404
480 404
480 405
481 405
482 405
483 405
483 406
484 406
484 407
485 407
485 408
485 409
485 410
485 411
485 412
485 413
485 414
485 415
484 415
484 416
484 417
484 418
484 419
484 420
484 421
484 422
484 423
485 423
485 424
485 425
485 426
486 426
486 427
486 428
486 429
487 429
487 430
488 430
489 430
490 430
491 430
492 430
492 431
493 431
493 432
494 432
495 432
495 433
494 433
494 434
493 434
493 435
493 436
493 437
493 438
493 439
493 440
493 441
493 442
493 443
493 444
493 445
493 446
493 447
493 448
494 448
494 449
495 449
403 278
404 278
403 277
402 277
402 276
402 275
402 274
402 273
402 272
402 271
402 270
402 269
402 268
402 267
402 266
402 265
401 265
400 265
399 265
398 265
397 265
396 265
395 265
394 265
393 265
393 266
392 266
391 266
391 265
390 265
390 264
390 263
389 263
388 263
387 263
386 263
404 279
405 279
405 280
406 280
406 281
406 282
406 283
406 284
406 285
406 286
406 287
406 288
406 289
406 290
406 291
406 292
406 293
406 294
405 294
405 295
406 295
407 295
407 296
407 297
407 298
408 298
408 299
409 299
410 299
411 299
411 300
412 300
413 300
414 300
415 300
416 300
417 300
418 300
419 300
117 427
116 427
118 427
119 427
120 427
121 427
122 427
123 427
124 427
125 427
125 428
115 427
114 427
113 427
112 427
111 427
111 426
110 426
109 426
108 426
107 426
106 426
106 427
105 427
104 427
104 426
103 426
103 425
103 424
102 424
102 423
101 423
101 422
100 422
100 421
100 420
100 419
100 418
100 417
115 454
115 455
115 453
115 452
115 451
116 451
117 451
117 450
118 450
118 449
118 448
119 448
119 447
119 446
120 446
120 445
120 444
120 443
120 442
121 442
121 441
121 440
121 439
120 439
120 438
120 437
120 436
120 435
121 435
121 434
121 433
121 432
121 431
121 430
122 430
123 430
124 430
125 430
125 429
115 456
115 457
114 457
114 458
113 458
113 459
112 459
112 460
112 461
113 461
113 462
113 463
113 464
113 465
114 465
114 466
115 466
115 467
116 467
117 467
117 468
117 469
117 470
117 471
117 472
117 473
117 474
118 474
118 473
118 472
119 472
120 472
121 472
122 472
123 472
124 472
125 472
125 473
126 473
126 474
127 474
127 475
127 476
128 476
128 477
129 477
129 478
129 479
129 480
129 481
130 481
130 482
131 482
131 483
132 483
132 484
133 484
134 484
135 484
136 484
137 484
138 484
139 484
140 484
140 485
140 486
140 487
140 488
140 489
141 489
141 490
141 491
142 491
143 491
144 491
145 491
146 491
147 491
147 492
148 492
149 492
149 493
150 493
151 493
151 494
152 494
153 494
154 494
154 493
155 493
156 493
157 493
158 493
159 493
160 493
161 493
162 493
163 493
163 494
163 495
164 495
164 496
165 496
165 497
166 497
167 497
167 498
168 498
169 498
170 498
171 498
172 498
172 499
172 500
172 501
172 502
172 503
172 504
173 504
174 504
174 505
174 506
174 507
174 508
174 509
174 510
173 510
172 510
171 510
170 510
169 510
168 510
167 510
167 511
166 511
165 511
97 477
96 477
98 477
99 477
100 477
101 477
101 476
102 476
103 476
104 476
105 476
106 476
107 476
107 475
107 474
107 473
107 472
107 471
107 470
107 469
106 469
106 468
105 468
105 467
105 466
105 465
105 464
105 463
104 463
103 463
102 463
102 462
103 462
104 462
105 462
106 462
107 462
108 462
109 462
110 462
110 461
111 461
95 477
94 477
93 477
92 477
92 478
92 479
92 480
92 481
92 482
93 482
93 483
93 484
93 485
94 485
94 486
95 486
95 487
95 488
94 488
94 489
94 490
94 491
94 492
94 493
94 494
94 495
94 496
95 496
95 497
95 498
96 498
96 499
96 500
95 500
94 500
93 500
92 500
91 500
90 500
89 500
88 500
87 500
87 499
86 499
85 499
85 498
85 497
85 496
84 496
84 495
83 495
82 495
82 494
81 494
80 494
79 494
78 494
78 493
77 493
76 493
75 493
74 493
73 493
72 493
71 493
70 493
69 493
68 493
67 493
66 493
65 493
64 493
63 493
62 493
62 494
61 494
61 493
61 492
61 491
61 490
61 489
61 488
60 488
60 489
59 489
58 489
58 490
57 490
56 490
55 490
54 490
53 490
52 490
51 490
50 490
50 489
49 489
48 489
47 489
46 489
45 489
44 489
392 290
392 289
393 290
393 291
394 291
394 292
395 292
396 292
397 292
398 292
399 292
400 292
401 292
402 292
403 292
404 292
404 293
404 294
391 289
390 289
390 288
389 288
389 287
388 287
387 287
387 286
386 286
386 285
386 284
385 284
384 284
383 284
382 284
381 284
380 284
379 284
378 284
377 284
376 284
375 284
101 100
102 100
100 100
99 100
98 100
97 100
96 100
95 100
95 101
94 101
93 101
93 102
92 102
91 102
90 102
89 102
88 102
88 103
87 103
87 104
87 105
86 105
86 106
85 106
84 106
83 106
82 106
82 107
81 107
81 108
80 108
80 109
79 109
79 110
78 110
78 111
78 112
78 113
77 113
76 113
75 113
74 113
73 113
72 113
71 113
71 114
70 114
70 115
70 116
70 117
70 118
70 119
70 120
70 121
69 121
68 121
67 121
66 121
65 121
65 120
64 120
64 119
63 119
62 119
61 119
60 119
59 119
58 119
58 118
57 118
57 119
57 120
57 121
57 122
57 123
57 124
57 125
57 126
56 126
56 127
55 127
54 127
53 127
52 127
52 128
52 129
51 129
51 130
50 130
50 131
50 132
49 132
49 133
49 134
49 135
49 136
49 137
48 137
47 137
47 138
46 138
45 138
45 139
44 139
44 140
43 140
43 141
42 141
42 142
41 142
40 142
39 142
38 142
37 142
36 142
35 142
34 142
33 142
32 142
31 142
31 143
31 144
31 145
30 145
30 146
30 147
29 147
29 148
28 148
28 149
27 149
26 149
26 150
25 150
25 151
25 152
25 153
24 153
24 154
23 154
22 154
22 153
21 153
20 153
19 153
18 153
17 153
16 153
15 153
14 153
14 154
13 154
13 155
12 155
11 155
10 155
9 155
9 156
10 156
10 157
10 158
10 159
11 159
11 160
11 161
12 161
12 162
13 162
13 163
13 164
14 164
14 165
14 166
15 166
15 167
16 167
16 168
17 168
18 168
18 169
19 169
19 170
103 100
104 100
105 100
106 100
107 100
108 100
109 100
110 100
111 100
112 100
112 101
113 101
113 102
114 102
115 102
116 102
116 103
117 103
117 102
117 101
117 100
118 100
118 99
119 99
119 98
120 98
120 97
120 96
121 96
122 96
123 96
124 96
125 96
126 96
127 96
127 97
128 97
128 98
129 98
130 98
130 99
131 99
132 99
133 99
134 99
135 99
136 99
137 99
138 99
139 99
139 100
140 100
220 349
220 350
220 348
220 347
219 347
219 346
218 346
218 345
217 345
217 344
216 344
216 343
216 342
215 342
215 341
214 341
214 340
213 340
213 339
213 338
214 338
214 337
214 336
215 336
215 335
216 335
217 335
217 334
218 334
219 334
220 334
220 333
221 333
221 332
222 332
223 332
224 332
225 332
225 331
226 331
226 332
227 332
228 332
228 333
229 333
229 334
230 334
230 335
231 335
232 335
233 335
234 335
235 335
236 335
236 334
237 334
237 333
237 332
238 332
239 332
240 332
241 332
242 332
243 332
244 332
244 331
244 330
244 329
245 329
245 328
245 327
245 326
245 325
245 324
246 324
246 323
247 323
248 323
249 323
250 323
250 322
251 322
251 321
252 321
253 321
254 321
255 321
256 321
257 321
258 321
258 320
259 320
259 321
260 321
261 321
262 321
262 322
263 322
264 322
265 322
265 323
265 324
265 325
265 326
265 327
265 328
264 328
264 329
263 329
263 330
263 331
263 332
263 333
262 333
262 334
262 335
261 335
261 336
262 336
262 337
263 337
264 337
265 337
266 337
267 337
268 337
269 337
270 337
271 337
271 338
220 351
221 351
221 352
222 352
222 353
223 353
224 353
224 354
224 355
224 356
223 356
223 357
223 358
222 358
222 359
221 359
221 360
220 360
220 361
220 362
220 363
220 364
220 365
220 366
220 367
220 368
300 467
300 466
300 468
300 465
300 464
300 463
300 462
300 461
153 364
152 364
153 365
153 366
154 366
154 367
154 368
155 368
155 369
156 369
156 370
157 370
157 371
157 372
157 373
157 374
157 375
157 376
158 376
158 377
159 377
159 378
160 378
160 379
160 380
160 381
161 381
161 382
162 382
162 383
163 383
163 384
164 384
164 385
164 386
164 387
164 388
151 364
150 364
149 364
148 364
147 364
146 364
145 364
144 364
143 364
142 364
141 364
141 365
140 365
139 365
139 366
138 366
137 366
137 367
136 367
136 368
136 369
136 370
136 371
136 372
135 372
134 372
134 371
133 371
132 371
131 371
130 371
129 371
129 372
128 372
128 373
128 374
128 375
128 376
128 377
128 378
128 379
128 380
128 381
128 382
129 382
129 383
129 384
130 384
130 385
130 386
130 387
131 387
131 388
131 389
131 390
131 391
132 391
132 392
132 393
133 393
133 394
133 395
132 395
132 396
131 396
131 397
131 398
131 399
131 400
131 401
131 402
131 403
131 404
130 404
130 405
129 405
129 406
128 406
128 407
127 407
127 408
127 409
73 67
74 67
72 67
71 67
70 67
70 68
69 68
69 69
68 69
68 70
68 71
67 71
67 72
67 73
67 74
66 74
66 75
66 76
65 76
65 77
65 78
64 78
64 79
64 80
65 80
65 81
65 82
66 82
66 83
66 84
67 84
67 85
67 86
68 86
68 87
69 87
69 88
69 89
69 90
69 91
69 92
69 93
69 94
68 94
67 94
67 95
66 95
66 96
65 96
65 97
64 97
64 98
64 99
64 100
64 101
64 102
63 102
63 103
62 103
62 104
61 104
61 105
60 105
60 106
59 106
59 107
58 107
58 108
58 109
57 109
57 110
57 111
57 112
57 113
57 114
57 115
57 116
56 116
56 117
57 117
75 67
76 67
77 67
78 67
78 68
79 68
80 68
80 69
81 69
82 69
82 70
83 70
84 70
84 71
85 71
86 71
86 72
87 72
87 73
88 73
88 74
89 74
89 75
90 75
90 76
91 76
91 77
6 482
5 482
7 482
8 482
9 482
10 482
10 483
11 483
11 484
12 484
12 485
12 486
12 487
13 487
13 488
13 489
13 490
13 491
14 491
14 492
14 493
15 493
16 493
16 494
17 494
18 494
18 495
19 495
20 495
21 495
22 495
23 495
24 495
25 495
25 496
4 482
3 482
2 482
1 482
0 482
0 481
0 480
0 479
0 478
0 477
0 476
0 475
0 474
0 473
0 472
0 471
454 424
455 424
453 424
452 424
452 425
451 425
450 425
449 425
448 425
448 426
447 426
446 426
445 426
444 426
443 426
443 425
442 425
441 425
440 425
439 425
439 426
438 426
437 426
437 427
436 427
435 427
435 428
434 428
434 429
434 430
434 431
434 432
434 433
434 434
434 435
433 435
433 436
433 437
433 438
433 439
433 440
433 441
432 441
432 442
431 442
431 443
430 443
430 444
430 445
430 446
456 424
457 424
458 424
458 423
459 423
459 422
459 421
459 420
459 419
459 418
459 417
459 416
460 416
461 416
462 416
463 416
464 416
465 416
466 416
467 416
468 416
469 416
470 416
471 416
471 417
472 417
472 418
473 418
473 419
474 419
475 419
475 420
476 420
477 420
478 420
479 420
480 420
481 420
482 420
483 420
483 421
465 247
465 246
465 248
465 249
465 250
464 250
463 250
462 250
461 250
460 250
459 250
459 251
458 251
458 252
458 253
458 254
457 254
457 255
457 256
456 256
456 257
455 257
455 258
454 258
454 259
453 259
453 260
452 260
452 261
451 261
451 262
451 263
451 264
451 265
451 266
451 267
451 268
452 268
452 269
452 270
452 271
452 272
453 272
453 273
453 274
454 274
455 274
455 275
455 276
454 276
453 276
452 276
452 277
451 277
451 278
451 279
450 279
450 280
449 280
448 280
447 280
446 280
445 280
444 280
443 280
443 281
442 281
441 281
440 281
440 282
465 245
465 244
464 244
463 244
462 244
461 244
460 244
460 243
459 243
458 243
457 243
456 243
455 243
454 243
453 243
453 244
452 244
451 244
450 244
449 244
448 244
447 244
446 244
445 244
445 243
444 243
444 242
443 242
443 241
442 241
442 242
441 242
441 243
441 244
441 245
440 245
440 246
439 246
439 247
439 248
439 249
439 250
439 251
438 251
438 250
437 250
437 249
436 249
435 249
434 249
433 249
433 248
432 248
432 247
432 246
432 245
431 245
431 244
430 244
429 244
428 244
427 244
427 243
426 243
425 243
424 243
423 243
422 243
421 243
420 243
420 242
420 241
420 240
420 239
420 238
419 238
419 237
418 237
417 237
416 237
416 238
415 238
415 239
415 240
414 240
414 241
413 241
412 241
411 241
410 241
409 241
408 241
407 241
406 241
405 241
404 241
403 241
402 241
401 241
400 241
399 241
398 241
193 476
192 476
193 477
194 477
194 478
194 479
194 480
194 481
194 482
194 483
194 484
195 484
196 484
196 485
195 485
194 485
193 485
192 485
191 485
191 486
190 486
190 487
190 488
190 489
190 490
189 490
188 490
188 491
187 491
187 492
187 493
187 494
187 495
187 496
187 497
187 498
187 499
187 500
187 501
187 502
186 502
186 503
185 503
184 503
183 503
182 503
181 503
181 504
181 505
181 506
180 506
179 506
179 507
178 507
178 508
177 508
177 509
177 510
176 510
176 511
175 511
174 511
173 511
172 511
171 511
170 511
169 511
168 511
192 475
192 474
192 473
192 472
192 471
192 470
192 469
192 468
192 467
192 466
192 465
192 464
192 463
191 463
190 463
189 463
189 462
190 462
190 461
191 461
192 461
193 461
194 461
195 461
196 461
197 461
198 461
199 461
200 461
201 461
201 462
202 462
202 463
203 463
204 463
204 462
205 462
205 461
206 461
207 461
207 460
208 460
208 459
209 459
209 458
210 458
210 459
211 459
212 459
212 460
213 460
214 460
214 461
215 461
215 462
215 463
216 463
216 464
216 465
217 465
218 465
218 464
219 464
219 463
220 463
220 462
221 462
221 461
222 461
222 462
223 462
224 462
225 462
226 462
227 462
228 462
229 462
230 462
231 462
232 462
233 462
234 462
235 462
236 462
236 463
237 463
237 462
238 462
238 461
239 461
239 460
240 460
241 460
242 460
243 460
114 286
115 286
113 286
112 286
111 286
116 286
117 286
118 286
119 286
120 286
120 287
121 287
121 288
121 289
121 290
121 291
121 292
121 293
122 293
122 294
123 294
123 295
123 296
123 297
123 298
123 299
123 300
123 301
122 301
122 302
163 312
162 312
163 313
164 313
165 313
165 314
166 314
167 314
168 314
168 313
169 313
169 312
169 311
169 310
169 309
169 308
169 307
170 307
171 307
172 307
172 308
172 309
172 310
172 311
173 311
173 312
174 312
174 313
175 313
176 313
176 314
177 314
178 314
178 315
179 315
180 315
180 316
181 316
182 316
183 316
184 316
185 316
185 315
186 315
187 315
188 315
189 315
190 315
191 315
192 315
192 316
193 316
193 317
194 317
194 318
195 318
195 319
196 319
196 318
197 318
197 317
198 317
198 316
199 316
199 315
200 315
201 315
202 315
203 315
204 315
205 315
205 316
206 316
206 317
207 317
208 317
209 317
210 317
211 317
212 317
213 317
214 317
215 317
216 317
217 317
218 317
219 317
219 316
220 316
221 316
221 317
222 317
222 318
222 319
222 320
222 321
222 322
223 322
223 323
224 323
224 324
225 324
225 325
225 326
226 326
226 327
226 328
226 329
226 330
161 312
161 311
160 311
160 310
160 309
159 309
159 308
159 307
159 306
158 306
158 305
157 305
156 305
156 304
155 304
154 304
153 304
152 304
152 305
151 305
151 306
151 307
150 307
150 308
149 308
149 309
148 309
148 310
147 310
147 311
146 311
83 56
84 56
82 56
81 56
80 56
80 55
79 55
79 54
78 54
77 54
76 54
75 54
74 54
73 54
73 55
73 56
73 57
73 58
73 59
74 59
74 60
75 60
76 60
76 61
77 61
78 61
78 62
79 62
79 63
80 63
80 64
81 64
81 65
81 66
81 67
81 68
85 56
86 56
86 55
86 54
87 54
87 53
87 52
88 52
88 51
89 51
90 51
91 51
92 51
93 51
94 51
95 51
486 266
486 265
486 267
486 268
486 269
485 269
485 270
484 270
484 271
483 271
482 271
481 271
480 271
479 271
478 271
477 271
476 271
475 271
474 271
473 271
472 271
471 271
471 270
470 270
470 269
469 269
469 268
469 267
468 267
468 266
467 266
466 266
465 266
464 266
463 266
462 266
461 266
461 267
461 268
461 269
461 270
461 271
461 272
461 273
461 274
461 275
460 275
459 275
458 275
457 275
456 275
486 264
486 263
486 262
486 261
486 260
487 260
487 259
488 259
489 259
490 259
491 259
492 259
492 258
492 257
492 256
492 255
492 254
491 254
491 253
490 253
490 252
490 251
489 251
489 250
488 250
488 249
487 249
487 248
487 247
486 247
486 246
486 245
485 245
485 244
484 244
484 243
483 243
483 242
483 241
483 240
483 239
482 239
482 238
481 238
481 237
480 237
480 236
229 511
230 511
228 511
228 510
227 510
227 509
227 508
226 508
226 507
225 507
225 506
224 506
224 505
223 505
222 505
221 505
221 504
220 504
220 503
219 503
219 502
218 502
217 502
217 501
216 501
216 500
216 499
216 498
216 497
216 496
215 496
215 495
214 495
214 496
213 496
213 497
212 497
212 498
211 498
210 498
209 498
209 499
208 499
208 500
207 500
207 501
207 502
206 502
205 502
204 502
203 502
202 502
201 502
201 501
200 501
199 501
199 502
198 502
198 503
198 504
198 505
198 506
198 507
198 508
198 509
197 509
196 509
195 509
194 509
193 509
193 508
192 508
191 508
190 508
189 508
188 508
187 508
186 508
186 509
186 510
186 511
185 511
185 510
184 510
184 509
184 508
183 508
183 507
182 507
181 507
231 511
232 511
233 511
234 511
235 511
236 511
237 511
238 511
239 511
496 341
496 342
497 341
498 341
499 341
500 341
500 340
501 340
501 339
502 339
502 338
502 337
502 336
502 335
502 334
502 333
502 332
502 331
501 331
501 330
501 329
501 328
501 327
501 326
502 326
502 325
503 325
503 324
504 324
505 324
506 324
506 323
507 323
508 323
509 323
509 322
510 322
510 321
510 320
510 319
510 318
510 317
510 316
511 316
511 315
511 314
511 313
510 313
510 312
509 312
509 311
508 311
508 310
507 310
507 309
506 309
506 308
506 307
506 306
506 305
506 304
507 304
507 303
506 303
506 302
505 302
504 302
503 302
502 302
501 302
500 302
499 302
498 302
497 302
496 302
495 302
495 303
494 303
493 303
493 304
492 304
492 305
492 306
492 307
492 308
491 308
491 309
491 310
490 310
490 311
490 312
490 313
489 313
488 313
488 314
487 314
487 315
486 315
485 315
485 316
484 316
483 316
482 316
481 316
480 316
479 316
478 316
478 315
477 315
476 315
475 315
474 315
473 315
472 315
471 315
471 316
470 316
470 317
470 318
470 319
470 320
471 320
471 321
472 321
472 322
472 323
472 324
472 325
472 326
472 327
471 327
471 328
471 329
470 329
470 330
469 330
469 331
468 331
467 331
466 331
465 331
464 331
464 330
463 330
463 329
462 329
461 329
460 329
459 329
458 329
457 329
456 329
455 329
454 329
453 329
453 330
452 330
451 330
451 331
451 332
451 333
451 334
451 335
450 335
450 336
449 336
448 336
448 335
447 335
447 334
446 334
445 334
444 334
443 334
442 334
441 334
440 334
439 334
439 333
439 332
439 331
439 330
439 329
438 329
437 329
437 328
436 328
435 328
435 327
434 327
433 327
432 327
432 328
431 328
430 328
429 328
429 329
429 330
429 331
429 332
428 332
427 332
426 332
425 332
424 332
423 332
422 332
421 332
421 333
420 333
420 334
419 334
419 333
418 333
418 332
417 332
417 331
416 331
416 330
416 329
415 329
415 328
495 342
494 342
493 342
492 342
492 343
492 344
492 345
492 346
492 347
492 348
491 348
491 349
490 349
489 349
488 349
488 350
487 350
486 350
486 351
485 351
484 351
484 352
483 352
483 353
483 354
483 355
484 355
485 355
485 356
486 356
487 356
487 357
487 358
486 358
485 358
484 358
484 359
484 360
484 361
484 362
484 363
485 363
485 364
486 364
486 365
487 365
488 365
488 366
489 366
489 367
489 368
489 369
489 370
489 371
489 372
489 373
489 374
489 375
489 376
489 377
489 378
489 379
490 379
490 380
491 380
491 381
492 381
492 382
493 382
493 383
493 384
492 384
492 385
492 386
491 386
491 387
490 387
490 388
489 388
489 389
488 389
488 390
487 390
487 391
487 392
487 393
487 394
488 394
488 395
488 396
489 396
489 397
490 397
490 398
491 398
491 399
492 399
493 399
493 400
494 400
495 400
496 400
496 399
497 399
497 398
498 398
499 398
500 398
501 398
502 398
503 398
504 398
504 399
505 399
505 400
506 400
506 401
507 401
507 402
508 402
508 403
508 404
508 405
508 406
508 407
507 407
507 408
507 409
507 410
507 411
506 411
506 412
505 412
505 413
504 413
503 413
502 413
502 412
501 412
501 411
500 411
499 411
498 411
498 410
497 410
497 409
496 409
495 409
494 409
494 408
493 408
492 408
491 408
490 408
489 408
488 408
487 408
486 408
486 409
139 312
140 312
138 312
137 312
137 313
137 314
136 314
136 315
135 315
135 316
134 316
134 317
134 318
133 318
132 318
132 319
131 319
131 320
131 321
131 322
131 323
131 324
130 324
129 324
129 325
128 325
127 325
127 326
127 327
126 327
126 328
126 329
125 329
124 329
123 329
123 330
122 330
121 330
121 331
120 331
120 330
119 330
119 329
119 328
118 328
118 327
118 326
118 325
117 325
116 325
115 325
114 325
113 325
112 325
111 325
111 326
110 326
110 327
110 328
109 328
109 329
109 330
108 330
107 330
106 330
106 331
105 331
105 332
104 332
104 333
103 333
102 333
102 334
101 334
100 334
99 334
98 334
97 334
96 334
95 334
94 334
93 334
92 334
91 334
90 334
89 334
88 334
88 335
87 335
87 334
87 333
87 332
87 331
87 330
87 329
87 328
87 327
86 327
85 327
84 327
83 327
82 327
81 327
81 328
80 328
79 328
78 328
78 329
77 329
76 329
75 329
75 330
75 331
75 332
74 332
74 333
73 333
73 332
73 331
72 331
72 330
72 329
71 329
71 328
70 328
70 327
69 327
69 326
68 326
68 325
67 325
66 325
66 324
65 324
65 323
65 322
65 321
65 320
64 320
64 319
64 318
63 318
63 317
63 316
62 316
62 315
61 315
61 314
60 314
59 314
59 313
58 313
58 312
57 312
56 312
55 312
54 312
53 312
52 312
51 312
51 313
50 313
50 314
50 315
49 315
48 315
47 315
46 315
45 315
44 315
44 316
43 316
42 316
42 317
41 317
41 318
40 318
40 319
40 320
40 321
40 322
40 323
141 312
142 312
143 312
144 312
145 312
145 311
448 221
448 222
448 220
448 219
448 218
448 217
448 216
448 215
447 215
446 215
446 214
445 214
445 213
446 213
446 212
446 211
446 210
447 210
447 209
448 209
448 208
449 208
449 207
450 207
450 206
451 206
452 206
453 206
454 206
455 206
456 206
457 206
458 206
458 205
458 204
458 203
459 203
459 202
460 202
461 202
462 202
463 202
464 202
465 202
466 202
467 202
468 202
469 202
469 203
470 203
470 204
470 205
471 205
471 204
471 203
472 203
472 202
473 202
474 202
475 202
476 202
477 202
478 202
479 202
479 203
480 203
480 204
481 204
481 205
481 206
482 206
482 207
482 208
482 209
482 210
482 211
483 211
484 211
485 211
486 211
487 211
488 211
489 211
489 210
490 210
490 209
491 209
492 209
493 209
494 209
495 209
496 209
497 209
497 208
498 208
498 207
499 207
499 206
500 206
500 205
501 205
501 204
501 203
501 202
501 201
501 200
501 199
501 198
500 198
500 197
499 197
499 196
498 196
497 196
496 196
496 195
495 195
495 194
495 193
495 192
495 191
494 191
494 190
494 189
494 188
494 187
494 186
493 186
493 185
493 184
493 183
493 182
493 181
493 180
494 180
494 179
495 179
495 178
496 178
497 178
498 178
499 178
500 178
501 178
501 177
501 176
501 175
501 174
501 173
502 173
502 172
502 171
503 171
503 170
503 169
504 169
504 168
504 167
504 166
505 166
506 166
507 166
508 166
509 166
510 166
511 166
511 165
510 165
510 164
510 163
510 162
510 161
510 160
510 159
510 158
510 157
510 156
511 156
511 155
511 154
511 153
511 152
511 151
511 150
511 149
511 148
511 147
510 147
510 146
510 145
510 144
510 143
510 142
510 141
509 141
509 142
508 142
507 142
507 143
507 144
506 144
506 145
505 145
505 146
504 146
503 146
502 146
501 146
500 146
500 145
499 145
499 144
499 143
498 143
498 142
497 142
496 142
496 141
495 141
494 141
494 140
494 139
493 139
493 138
493 137
493 136
492 136
492 135
491 135
491 134
491 133
491 132
490 132
490 131
489 131
489 130
488 130
487 130
486 130
486 129
485 129
485 128
484 128
483 128
483 127
482 127
482 126
481 126
481 125
480 125
479 125
479 124
478 124
477 124
476 124
475 124
474 124
473 124
473 123
472 123
472 122
471 122
471 121
470 121
469 121
468 121
468 120
467 120
466 120
465 120
464 120
464 119
463 119
462 119
461 119
461 118
460 118
460 117
460 116
459 116
459 115
459 114
459 113
459 112
459 111
459 110
459 109
459 108
459 107
458 107
458 108
458 109
458 110
458 111
458 112
458 113
458 114
458 115
458 116
457 116
456 116
455 116
454 116
454 117
453 117
452 117
452 118
451 118
450 118
449 118
449 119
448 119
448 120
448 121
448 122
447 122
447 123
446 123
446 124
446 125
447 125
447 126
447 127
447 128
447 129
447 130
447 131
447 132
447 133
447 134
447 135
447 136
447 137
446 137
446 138
445 138
445 139
444 139
443 139
443 140
442 140
442 141
441 141
441 142
441 143
441 144
441 145
441 146
441 147
442 147
442 148
443 148
443 149
443 150
442 150
442 151
442 152
442 153
442 154
442 155
442 156
442 157
443 157
444 157
444 158
445 158
446 158
446 159
447 159
447 160
447 161
447 162
447 163
447 164
446 164
446 165
446 166
446 167
446 168
446 169
447 169
447 170
448 170
448 171
449 171
450 171
450 172
450 173
451 173
451 174
451 175
451 176
451 177
452 177
452 178
453 178
453 179
452 179
451 179
451 180
450 180
449 180
448 180
448 181
447 181
446 181
446 182
445 182
444 182
444 183
443 183
443 184
442 184
442 185
443 185
443 186
443 187
443 188
443 189
443 190
443 191
443 192
444 192
445 192
445 193
446 193
447 193
447 194
448 194
448 195
448 223
448 224
447 224
447 225
446 225
446 226
445 226
444 226
444 227
443 227
442 227
441 227
440 227
439 227
439 226
438 226
438 225
437 225
437 226
437 227
437 228
436 228
436 229
435 229
435 230
434 230
433 230
433 231
432 231
432 232
433 232
434 232
434 233
434 234
435 234
435 235
435 236
436 236
436 237
437 237
437 238
438 238
439 238
439 239
440 239
441 239
441 240
442 240
139 282
139 283
139 281
139 280
140 280
140 279
139 279
138 279
137 279
136 279
135 279
134 279
134 280
133 280
133 281
132 281
132 282
131 282
130 282
129 282
129 283
128 283
127 283
127 284
126 284
126 285
125 285
124 285
124 286
123 286
123 287
122 287
139 284
139 285
139 286
139 287
139 288
139 289
139 290
140 290
140 291
139 291
139 292
138 292
138 293
138 294
137 294
137 295
137 296
137 297
137 298
137 299
137 300
137 301
137 302
137 303
137 304
137 305
137 306
137 307
137 308
137 309
137 310
137 311
167 195
167 196
166 195
166 194
165 194
165 193
165 192
165 191
165 190
165 189
164 189
163 189
162 189
161 189
160 189
160 190
159 190
158 190
157 190
156 190
156 191
155 191
154 191
154 192
154 193
154 194
154 195
154 196
154 197
154 198
154 199
153 199
152 199
151 199
150 199
149 199
148 199
148 198
147 198
147 197
146 197
146 198
145 198
145 199
144 199
144 200
143 200
143 199
143 198
142 198
142 197
141 197
141 196
141 195
140 195
140 194
139 194
139 195
138 195
138 196
137 196
137 197
136 197
136 198
135 198
135 199
134 199
133 199
132 199
131 199
130 199
129 199
129 198
128 198
127 198
126 198
125 198
124 198
123 198
122 198
121 198
120 198
120 197
120 196
119 196
119 195
119 194
119 193
119 192
119 191
119 190
118 190
118 191
118 192
118 193
118 194
118 195
118 196
117 196
117 197
116 197
116 198
115 198
115 199
114 199
113 199
112 199
112 200
111 200
111 201
110 201
110 202
110 203
109 203
108 203
107 203
106 203
105 203
105 204
104 204
103 204
102 204
102 203
102 202
102 201
102 200
102 199
102 198
101 198
101 197
100 197
100 196
99 196
99 195
98 195
98 194
97 194
97 193
97 192
97 191
96 191
95 191
94 191
93 191
92 191
92 192
91 192
90 192
89 192
88 192
88 193
87 193
87 194
87 195
87 196
87 197
87 198
86 198
86 197
85 197
84 197
83 197
82 197
81 197
81 196
80 196
79 196
78 196
77 196
76 196
75 196
75 195
74 195
74 196
73 196
72 196
71 196
70 196
69 196
69 197
68 197
68 196
68 195
68 194
68 193
68 192
68 191
68 190
68 189
67 189
168 196
168 197
168 198
168 199
168 200
169 200
169 201
170 201
170 202
170 203
170 204
171 204
171 205
172 205
172 206
173 206
174 206
174 207
175 207
175 208
176 208
176 209
176 210
177 210
178 210
178 211
179 211
180 211
181 211
181 212
182 212
182 213
183 213
183 214
184 214
184 215
185 215
185 216
186 216
187 216
188 216
189 216
190 216
191 216
191 215
192 215
193 215
193 214
194 214
194 213
195 213
195 212
196 212
196 211
197 211
197 210
198 210
198 209
199 209
200 209
201 209
202 209
202 208
202 207
202 206
202 205
202 204
202 203
202 202
202 201
203 201
203 200
204 200
205 200
206 200
207 200
208 200
209 200
210 200
211 200
212 200
212 201
213 201
214 201
215 201
216 201
217 201
218 201
219 201
220 201
221 201
222 201
223 201
224 201
225 201
225 200
226 200
226 199
227 199
228 199
229 199
230 199
230 198
231 198
231 197
232 197
232 196
233 196
234 196
234 197
235 197
236 197
237 197
238 197
239 197
240 197
241 197
241 198
242 198
242 199
243 199
244 199
244 200
245 200
246 200
246 201
247 201
247 202
248 202
248 203
248 204
248 205
248 206
248 207
248 208
248 209
248 210
248 211
132 246
131 246
132 245
133 245
134 245
134 244
135 244
136 244
136 243
136 242
136 241
135 241
135 240
135 239
134 239
133 239
133 238
132 238
131 238
130 238
129 238
128 238
127 238
127 237
127 236
126 236
126 235
126 234
126 233
126 232
126 231
126 230
126 229
127 229
127 228
128 228
128 227
127 227
127 226
126 226
126 225
125 225
124 225
123 225
123 224
122 224
122 223
121 223
121 222
121 221
121 220
121 219
120 219
120 220
119 220
118 220
117 220
116 220
115 220
114 220
114 219
113 219
112 219
112 218
111 218
111 217
111 216
111 215
110 215
110 214
109 214
109 213
108 213
107 213
106 213
105 213
104 213
103 213
102 213
102 212
101 212
100 212
99 212
98 212
98 211
97 211
97 210
98 210
98 209
99 209
99 208
100 208
100 207
100 206
101 206
101 205
102 205
103 205
131 247
131 248
130 248
129 248
129 249
128 249
128 250
127 250
126 250
126 251
125 251
125 252
125 253
125 254
125 255
125 256
125 257
124 257
124 258
124 259
124 260
124 261
124 262
124 263
124 264
124 265
124 266
123 266
122 266
121 266
120 266
120 267
119 267
119 268
118 268
118 269
118 270
117 270
117 271
117 272
116 272
116 271
115 271
114 271
113 271
112 271
111 271
110 271
109 271
109 270
108 270
108 269
108 268
107 268
107 267
470 190
470 191
470 189
470 188
470 187
469 187
469 186
469 185
469 184
469 183
468 183
468 182
467 182
467 181
467 180
466 180
466 179
466 178
466 177
466 176
467 176
467 175
467 174
468 174
468 173
469 173
469 172
469 171
469 170
469 169
469 168
468 168
468 167
467 167
467 166
466 166
466 165
465 165
464 165
464 164
463 164
463 163
463 162
463 161
463 160
463 159
463 158
462 158
462 157
461 157
461 156
461 155
460 155
460 154
460 153
459 153
459 152
458 152
458 151
457 151
456 151
456 150
455 150
454 150
454 149
453 149
452 149
452 148
451 148
451 147
450 147
450 146
449 146
448 146
448 147
447 147
446 147
445 147
445 148
444 148
444 149
470 192
471 192
471 193
471 194
471 195
472 195
472 196
473 196
473 197
474 197
475 197
476 197
477 197
477 198
477 199
477 200
477 201
176 294
176 293
176 295
176 296
176 297
176 298
177 298
177 299
178 299
178 300
178 301
179 301
179 302
179 303
180 303
181 303
181 304
182 304
183 304
184 304
185 304
186 304
187 304
188 304
189 304
190 304
191 304
191 305
192 305
193 305
193 306
194 306
194 307
195 307
195 308
195 309
194 309
194 310
194 311
193 311
193 312
193 313
193 314
193 315
176 292
176 291
176 290
176 289
176 288
176 287
176 286
177 286
177 285
177 284
178 284
178 283
178 282
178 281
179 281
179 280
180 280
180 279
181 279
182 279
183 279
184 279
184 280
185 280
186 280
187 280
188 280
188 281
189 281
189 282
190 282
191 282
192 282
193 282
194 282
195 282
196 282
196 283
196 284
196 285
196 286
195 286
195 287
195 288
195 289
195 290
196 290
197 290
197 291
198 291
198 292
199 292
199 293
199 294
199 295
199 296
199 297
199 298
199 299
199 300
199 301
199 302
198 302
198 303
198 304
197 304
197 305
196 305
195 305
195 306
174 81
173 81
175 81
176 81
176 80
177 80
178 80
178 79
179 79
179 80
180 80
180 81
181 81
181 82
182 82
182 83
182 84
182 85
183 85
183 86
183 87
183 88
183 89
183 90
184 90
184 91
184 92
184 93
184 94
184 95
184 96
184 97
184 98
184 99
184 100
184 101
184 102
185 102
186 102
186 103
187 103
187 104
188 104
188 105
189 105
189 106
190 106
190 107
191 107
192 107
193 107
193 108
194 108
194 109
195 109
195 110
196 110
196 111
196 112
196 113
196 114
197 114
198 114
199 114
199 115
200 115
201 115
202 115
203 115
204 115
205 115
206 115
206 114
206 113
207 113
207 112
207 111
208 111
208 110
209 110
210 110
211 110
212 110
213 110
214 110
214 111
213 111
213 112
213 113
213 114
213 115
213 116
213 117
213 118
213 119
213 120
213 121
213 122
212 122
212 123
211 123
210 123
210 124
209 124
208 124
208 125
207 125
207 126
207 127
207 128
207 129
207 130
207 131
207 132
208 132
209 132
209 133
208 133
207 133
206 133
206 134
206 135
205 135
205 136
205 137
205 138
205 139
205 140
205 141
205 142
204 142
203 142
202 142
201 142
200 142
199 142
199 141
198 141
197 141
196 141
196 142
195 142
194 142
193 142
192 142
191 142
190 142
189 142
188 142
188 143
189 143
189 144
190 144
190 145
191 145
191 146
191 147
191 148
191 149
191 150
191 151
191 152
192 152
192 153
193 153
193 154
193 155
193 156
193 157
193 158
193 159
193 160
193 161
193 162
193 163
193 164
194 164
194 165
195 165
195 166
195 167
195 168
195 169
195 170
195 171
196 171
197 171
198 171
199 171
200 171
201 171
202 171
203 171
204 171
205 171
206 171
207 171
207 172
207 173
207 174
207 175
207 176
207 177
206 177
206 178
205 178
204 178
204 179
203 179
202 179
202 180
202 181
202 182
202 183
202 184
202 185
202 186
202 187
203 187
203 188
203 189
203 190
203 191
202 191
202 192
201 192
201 193
200 193
200 194
200 195
200 196
200 197
200 198
200 199
201 199
202 199
202 200
173 82
172 82
171 82
171 83
170 83
169 83
168 83
168 84
167 84
167 85
167 86
166 86
166 87
166 88
165 88
165 89
164 89
163 89
162 89
161 89
160 89
159 89
158 89
158 88
158 87
157 87
157 86
156 86
156 85
155 85
155 86
154 86
154 87
154 88
154 89
154 90
154 91
154 92
154 93
153 93
152 93
152 94
152 95
151 95
151 96
150 96
150 97
149 97
149 98
148 98
147 98
147 99
146 99
146 100
145 100
144 100
143 100
142 100
141 100
502 277
502 278
502 276
502 275
501 275
501 274
500 274
500 273
499 273
499 272
499 271
499 270
499 269
499 268
499 267
499 266
499 265
499 264
499 263
499 262
498 262
497 262
496 262
496 261
495 261
495 260
494 260
494 259
493 259
502 279
502 280
503 280
503 281
503 282
503 283
503 284
503 285
503 286
503 287
503 288
502 288
502 289
501 289
500 289
499 289
498 289
497 289
496 289
495 289
494 289
493 289
493 290
492 290
492 291
491 291
491 292
490 292
490 293
489 293
489 294
490 294
490 295
490 296
490 297
490 298
490 299
490 300
490 301
491 301
491 302
492 302
492 303
149 264
148 264
150 264
151 264
152 264
152 265
153 265
154 265
154 266
155 266
156 266
157 266
158 266
159 266
159 265
160 265
160 266
160 267
160 268
160 269
160 270
160 271
161 271
161 272
161 273
161 274
161 275
161 276
161 277
162 277
162 278
163 278
163 279
163 280
163 281
163 282
163 283
163 284
164 284
164 285
164 286
165 286
166 286
167 286
168 286
169 286
170 286
171 286
172 286
173 286
174 286
175 286
148 263
147 263
147 262
146 262
146 261
145 261
145 260
145 259
144 259
144 258
143 258
143 257
142 257
142 256
141 256
140 256
140 255
139 255
139 254
139 253
139 252
139 251
139 250
139 249
139 248
139 247
138 247
138 246
138 245
137 245
137 244
137 243
266 152
266 153
266 151
266 150
266 149
267 149
267 148
268 148
269 148
269 147
270 147
271 147
272 147
273 147
274 147
274 146
275 146
275 145
276 145
276 144
277 144
277 143
277 142
277 141
277 140
276 140
276 139
275 139
275 138
274 138
273 138
273 137
272 137
272 136
271 136
270 136
270 135
269 135
269 134
269 133
269 132
269 131
269 130
269 129
269 128
268 128
267 128
267 127
266 127
266 126
266 125
265 125
264 125
264 126
263 126
263 127
262 127
261 127
260 127
259 127
258 127
257 127
256 127
256 128
255 128
254 128
253 128
252 128
251 128
250 128
249 128
248 128
247 128
246 128
245 128
244 128
244 127
243 127
242 127
241 127
240 127
239 127
238 127
237 127
236 127
236 126
236 125
236 124
236 123
236 122
236 121
236 120
235 120
235 119
234 119
234 118
233 118
232 118
231 118
230 118
229 118
228 118
227 118
226 118
225 118
224 118
223 118
223 117
222 117
221 117
221 116
220 116
219 116
218 116
217 116
217 115
216 115
216 114
216 113
216 112
215 112
215 111
266 154
266 155
265 155
264 155
264 156
263 156
263 157
262 157
261 157
261 158
260 158
260 159
259 159
259 160
258 160
258 161
257 161
257 162
257 163
257 164
257 165
258 165
258 166
259 166
259 167
259 168
260 168
260 169
260 170
260 171
260 172
261 172
262 172
263 172
264 172
265 172
265 173
266 173
266 174
266 175
265 175
265 176
265 177
265 178
265 179
265 180
264 180
264 181
264 182
264 183
263 183
263 184
264 184
265 184
266 184
267 184
268 184
269 184
270 184
271 184
272 184
273 184
273 185
273 186
274 186
274 187
274 188
275 188
275 189
275 190
130 133
131 133
129 133
129 134
128 134
128 135
127 135
127 136
126 136
126 137
125 137
124 137
123 137
123 138
122 138
121 138
120 138
119 138
118 138
117 138
116 138
115 138
114 138
113 138
113 139
112 139
111 139
111 140
110 140
109 140
108 140
107 140
106 140
105 140
104 140
103 140
102 140
102 139
102 138
102 137
102 136
102 135
102 134
103 134
103 133
104 133
105 133
105 132
105 131
104 131
103 131
102 131
101 131
100 131
99 131
98 131
98 130
97 130
97 129
96 129
96 128
96 127
96 126
96 125
96 124
96 123
97 123
98 123
98 122
99 122
99 121
99 120
98 120
98 119
98 118
97 118
96 118
95 118
94 118
93 118
93 117
92 117
91 117
91 116
90 116
89 116
88 116
87 116
86 116
86 115
85 115
85 114
84 114
84 113
84 112
84 111
84 110
84 109
83 109
83 108
82 108
131 132
131 131
131 130
131 129
131 128
131 127
131 126
132 126
132 125
133 125
134 125
134 124
135 124
135 123
135 122
136 122
136 121
136 120
137 120
137 119
465 66
466 66
464 66
464 67
463 67
462 67
462 68
461 68
460 68
460 69
460 70
459 70
459 71
458 71
458 72
457 72
457 71
457 70
457 69
457 68
457 67
457 66
456 66
456 65
455 65
455 64
454 64
454 63
453 63
453 62
452 62
451 62
450 62
450 63
449 63
449 64
448 64
448 65
448 66
447 66
447 67
446 67
446 68
445 68
444 68
444 69
443 69
443 70
442 70
441 70
441 71
441 72
440 72
440 73
440 74
439 74
439 75
439 76
439 77
439 78
439 79
439 80
439 81
439 82
438 82
438 83
437 83
436 83
435 83
434 83
433 83
432 83
431 83
431 84
430 84
430 85
430 86
430 87
430 88
430 89
429 89
429 90
429 91
428 91
427 91
426 91
425 91
425 92
426 92
427 92
427 93
427 94
427 95
427 96
427 97
427 98
427 99
427 100
428 100
428 101
428 102
429 102
429 103
429 104
430 104
430 105
429 105
429 106
428 106
428 107
428 108
428 109
428 110
427 110
427 111
427 112
428 112
428 113
429 113
429 114
429 115
430 115
430 116
431 116
432 116
433 116
434 116
435 116
436 116
436 117
435 117
435 118
435 119
435 120
435 121
435 122
436 122
436 123
437 123
438 123
439 123
440 123
441 123
442 123
443 123
444 123
445 123
445 124
466 65
466 64
466 63
465 63
465 62
465 61
465 60
464 60
464 59
464 58
464 57
464 56
464 55
464 54
465 54
465 53
466 53
466 52
466 51
467 51
467 50
467 49
467 48
467 47
467 46
467 45
467 44
467 43
467 42
467 41
468 41
469 41
469 42
470 42
471 42
471 43
472 43
473 43
474 43
475 43
476 43
477 43
478 43
479 43
480 43
481 43
482 43
483 43
483 42
484 42
484 41
485 41
486 41
486 40
487 40
488 40
488 39
489 39
490 39
491 39
492 39
493 39
494 39
495 39
496 39
497 39
498 39
499 39
499 38
500 38
500 37
501 37
502 37
502 36
503 36
504 36
505 36
506 36
507 36
508 36
508 37
509 37
509 38
509 39
509 40
509 41
509 42
509 43
509 44
510 44
511 44
511 45
87 4
87 3
87 5
87 6
87 7
87 8
87 9
86 9
86 10
86 11
86 12
86 13
86 14
86 15
85 15
84 15
83 15
82 15
81 15
80 15
79 15
78 15
78 14
77 14
76 14
76 13
75 13
74 13
74 12
73 12
72 12
72 13
71 13
71 14
70 14
70 15
69 15
69 16
69 17
69 18
69 19
69 20
69 21
69 22
69 23
68 23
67 23
67 24
67 25
67 26
67 27
67 28
67 29
67 30
68 30
68 31
68 32
69 32
69 33
70 33
71 33
72 33
72 34
73 34
73 35
74 35
74 36
74 37
75 37
75 38
75 39
75 40
75 41
76 41
76 42
76 43
76 44
76 45
77 45
77 46
77 47
77 48
77 49
77 50
77 51
77 52
77 53
78 53
87 2
88 2
88 1
89 1
89 0
90 0
91 0
92 0
93 0
94 0
95 0
96 0
97 0
98 0
98 1
98 2
99 2
99 3
100 3
100 4
101 4
102 4
102 5
103 5
104 5
104 6
105 6
105 7
106 7
107 7
108 7
109 7
110 7
111 7
111 8
112 8
112 9
112 10
276 464
277 464
275 464
274 464
273 464
272 464
271 464
270 464
269 464
268 464
267 464
266 464
265 464
264 464
264 465
278 464
279 464
280 464
281 464
282 464
282 465
283 465
284 465
285 465
286 465
287 465
288 465
289 465
234 36
233 36
235 36
235 35
236 35
237 35
238 35
239 35
240 35
241 35
242 35
243 35
244 35
245 35
246 35
246 34
247 34
248 34
249 34
250 34
251 34
251 33
252 33
252 32
252 31
251 31
250 31
249 31
248 31
247 31
247 30
246 30
246 29
245 29
245 28
244 28
244 27
243 27
243 26
243 25
242 25
242 24
242 23
242 22
242 21
242 20
242 19
241 19
241 18
240 18
240 17
239 17
238 17
237 17
236 17
235 17
234 17
233 17
232 17
232 18
231 18
231 19
233 37
232 37
231 37
230 37
229 37
229 38
229 39
228 39
228 40
227 40
226 40
225 40
225 41
224 41
224 42
224 43
224 44
224 45
224 46
224 47
224 48
223 48
223 49
223 50
224 50
224 51
225 51
225 52
225 53
225 54
225 55
226 55
227 55
227 56
228 56
228 57
228 58
228 59
228 60
228 61
228 62
228 63
228 64
228 65
228 66
229 66
229 67
230 67
230 68
230 69
230 70
231 70
231 71
232 71
232 72
233 72
234 72
234 73
235 73
236 73
236 74
237 74
237 75
238 75
238 74
238 73
239 73
240 73
240 72
241 72
242 72
243 72
244 72
245 72
246 72
247 72
248 72
249 72
250 72
251 72
251 73
252 73
252 74
252 75
253 75
253 76
253 77
253 78
253 79
253 80
253 81
254 81
255 81
255 82
255 83
255 84
255 85
256 85
256 86
256 87
256 88
256 89
256 90
256 91
256 92
256 93
256 94
256 95
256 96
256 97
257 97
257 98
257 99
258 99
258 100
258 101
258 102
258 103
258 104
258 105
258 106
259 106
259 107
260 107
260 108
261 108
262 108
263 108
263 109
263 110
262 110
262 111
261 111
260 111
260 112
259 112
259 113
259 114
258 114
258 115
258 116
258 117
258 118
258 119
258 120
258 121
258 122
258 123
258 124
258 125
258 126
257 126
161 59
161 58
160 59
159 59
159 60
158 60
157 60
156 60
155 60
154 60
153 60
152 60
152 61
151 61
151 62
150 62
150 63
150 64
149 64
149 65
149 66
149 67
148 67
148 68
147 68
146 68
145 68
144 68
144 69
143 69
143 70
142 70
142 71
141 71
140 71
140 72
139 72
139 73
139 74
138 74
138 75
138 76
137 76
137 77
137 78
138 78
138 79
138 80
138 81
138 82
139 82
139 83
139 84
140 84
140 85
140 86
140 87
140 88
140 89
140 90
140 91
139 91
139 92
139 93
139 94
139 95
139 96
139 97
139 98
162 58
163 58
164 58
165 58
166 58
167 58
167 57
168 57
168 56
169 56
169 55
169 54
170 54
171 54
172 54
173 54
174 54
174 55
174 56
174 57
175 57
175 58
176 58
177 58
178 58
178 59
179 59
179 60
180 60
180 59
180 58
180 57
180 56
181 56
181 55
181 54
182 54
182 53
182 52
182 51
182 50
182 49
182 48
183 48
183 47
184 47
184 48
185 48
186 48
187 48
188 48
189 48
190 48
191 48
192 48
193 48
194 48
194 47
195 47
196 47
197 47
198 47
199 47
200 47
200 48
201 48
202 48
203 48
203 49
204 49
205 49
206 49
207 49
208 49
209 49
210 49
210 50
210 51
211 51
211 52
211 53
212 53
212 54
212 55
213 55
213 56
214 56
214 57
215 57
216 57
216 58
217 58
217 59
217 60
217 61
216 61
216 62
215 62
215 63
215 64
216 64
217 64
218 64
219 64
220 64
221 64
222 64
222 65
223 65
223 66
224 66
225 66
226 66
227 66
350 459
349 459
351 459
352 459
353 459
354 459
355 459
356 459
357 459
358 459
359 459
360 459
361 459
362 459
362 460
363 460
363 461
364 461
364 462
365 462
365 463
366 463
367 463
367 464
368 464
369 464
370 464
371 464
372 464
373 464
374 464
375 464
376 464
377 464
378 464
379 464
379 463
380 463
349 460
348 460
347 460
347 461
346 461
346 462
345 462
345 463
171 23
172 23
170 23
169 23
168 23
167 23
166 23
165 23
165 22
164 22
163 22
163 21
162 21
161 21
160 21
159 21
158 21
157 21
156 21
155 21
154 21
154 20
153 20
152 20
152 19
151 19
150 19
149 19
148 19
147 19
146 19
146 18
145 18
145 19
144 19
143 19
142 19
141 19
140 19
139 19
138 19
137 19
136 19
135 19
135 18
134 18
133 18
133 17
132 17
132 16
131 16
131 15
130 15
130 14
129 14
129 13
128 13
127 13
127 12
127 11
127 10
128 10
128 9
128 8
129 8
129 7
129 6
128 6
128 5
128 4
127 4
127 3
126 3
126 2
126 1
125 1
125 0
124 0
123 0
122 0
121 0
120 0
120 1
119 1
119 2
118 2
117 2
117 3
116 3
115 3
115 4
115 5
114 5
114 6
114 7
113 7
113 8
113 9
173 23
174 23
175 23
176 23
177 23
177 22
178 22
179 22
180 22
181 22
182 22
183 22
184 22
185 22
186 22
187 22
188 22
188 23
189 23
189 24
190 24
191 24
191 23
192 23
192 22
193 22
193 21
193 20
194 20
194 19
194 18
195 18
196 18
197 18
198 18
199 18
200 18
201 18
202 18
203 18
204 18
205 18
206 18
206 17
207 17
208 17
208 16
208 15
208 14
208 13
209 13
210 13
210 12
211 12
212 12
213 12
214 12
214 13
215 13
216 13
216 14
217 14
218 14
219 14
220 14
221 14
222 14
223 14
224 14
225 14
226 14
227 14
228 14
228 15
228 16
228 17
229 17
229 18
230 18
230 19
339 463
340 463
338 463
337 463
336 463
336 462
335 462
335 461
334 461
341 463
342 463
343 463
344 463
360 507
361 507
360 508
359 508
359 509
358 509
358 510
357 510
357 511
362 507
363 507
364 507
365 507
366 507
367 507
368 507
369 507
370 507
371 507
372 507
372 506
373 506
373 505
374 505
374 504
375 504
375 503
376 503
376 504
377 504
377 505
377 506
378 506
378 507
378 508
378 509
378 510
378 511
379 511
380 511
381 511
382 511
383 511
384 511
385 511
386 511
387 511
388 511
389 511
390 511
391 511
392 511
393 511
394 511
395 511
396 511
397 511
398 511
399 511
399 510
399 509
399 508
399 507
399 506
399 505
400 505
400 504
400 503
400 502
400 501
401 501
402 501
402 500
403 500
403 499
404 499
404 498
405 498
405 497
406 497
406 496
407 496
408 496
408 495
328 290
329 290
327 290
326 290
325 290
324 290
324 289
330 290
331 290
332 290
332 291
332 292
332 293
332 294
332 295
332 296
332 297
332 298
331 298
331 299
331 300
331 301
331 302
331 303
331 304
331 305
331 306
331 307
331 308
330 308
330 309
330 310
329 310
329 311
329 312
329 313
329 314
329 315
329 316
329 317
329 318
329 319
329 320
329 321
330 321
330 320
331 320
332 320
333 320
334 320
335 320
336 320
337 320
338 320
339 320
340 320
341 320
342 320
343 320
344 320
345 320
346 320
347 320
348 320
348 319
349 319
349 318
329 264
330 264
328 264
327 264
326 264
325 264
324 264
323 264
322 264
321 264
320 264
319 264
331 264
332 264
333 264
333 265
333 266
333 267
333 268
333 269
333 270
333 271
333 272
333 273
333 274
333 275
333 276
333 277
333 278
333 279
333 280
333 281
333 282
333 283
333 284
333 285
333 286
332 286
332 287
332 288
332 289
289 436
290 436
288 436
287 436
287 435
286 435
286 436
285 436
284 436
283 436
282 436
281 436
280 436
279 436
278 436
277 436
276 436
275 436
274 436
274 437
273 437
273 436
272 436
272 435
271 435
270 435
269 435
268 435
267 435
266 435
265 435
264 435
263 435
262 435
261 435
260 435
259 435
258 435
258 434
257 434
257 433
257 432
256 432
256 431
255 431
255 430
291 436
292 436
293 436
293 437
294 437
294 438
295 438
316 255
316 256
316 254
316 253
317 253
316 257
316 258
316 259
316 260
316 261
316 262
316 263
316 264
296 475
296 474
297 475
297 476
298 476
298 477
298 478
298 479
298 480
299 480
299 481
300 481
300 482
296 473
296 472
295 472
295 471
294 471
324 406
325 406
323 406
322 406
321 406
320 406
319 406
318 406
318 405
317 405
317 404
316 404
316 403
315 403
326 406
327 406
328 406
328 405
329 405
329 404
330 404
331 404
332 404
333 404
334 404
335 404
335 405
336 405
336 406
336 407
337 407
337 408
337 409
337 410
337 411
337 412
337 413
255 493
255 494
255 492
254 492
254 491
253 491
252 491
251 491
250 491
249 491
248 491
247 491
246 491
246 490
246 489
245 489
245 488
244 488
243 488
242 488
241 488
240 488
240 489
240 490
239 490
239 491
238 491
238 492
238 493
238 494
238 495
238 496
237 496
237 497
236 497
236 498
235 498
234 498
233 498
232 498
231 498
230 498
229 498
228 498
228 497
228 496
228 495
228 494
228 493
227 493
226 493
225 493
224 493
223 493
222 493
221 493
220 493
219 493
219 494
218 494
217 494
216 494
216 495
255 495
255 496
255 497
255 498
256 498
256 499
