235 160
236 160
234 160
233 160
232 160
232 159
231 159
231 158
230 158
237 160
238 160
239 160
240 160
241 160
373 182
372 182
373 181
374 181
374 180
375 180
375 179
376 179
376 178
377 178
377 177
378 177
372 183
372 184
371 184
371 185
371 186
370 186
370 187
370 188
369 188
369 189
368 189
368 190
367 190
367 191
366 191
465 42
465 43
465 41
465 40
465 39
465 38
465 37
464 37
464 36
463 36
463 35
463 34
462 34
462 33
461 33
461 32
461 31
460 31
460 30
459 30
458 30
458 29
457 29
457 28
456 28
456 27
455 27
455 26
455 25
455 24
455 23
455 22
456 22
457 22
458 22
459 22
460 22
461 22
462 22
463 22
464 22
465 22
466 22
467 22
468 22
469 22
470 22
471 22
465 44
465 45
465 46
465 47
465 48
465 49
465 50
465 51
465 52
464 52
464 53
464 54
463 54
463 55
463 56
463 57
463 58
463 59
463 60
463 61
464 61
464 60
464 59
465 59
465 58
466 58
467 58
468 58
469 58
470 58
471 58
471 57
472 57
473 57
474 57
475 57
475 56
476 56
476 55
476 54
476 53
476 52
476 51
477 51
477 50
478 50
479 50
480 50
481 50
482 50
483 50
484 50
484 51
485 51
486 51
486 50
487 50
488 50
488 49
489 49
489 48
489 47
490 47
490 46
491 46
491 47
491 48
491 49
492 49
492 50
493 50
493 51
494 51
495 51
495 52
496 52
497 52
498 52
499 52
500 52
500 53
500 54
500 55
500 56
500 57
500 58
500 59
501 59
502 59
503 59
504 59
505 59
506 59
507 59
507 58
508 58
509 58
509 57
510 57
510 56
511 56
511 55
511 54
473 135
474 135
472 135
471 135
470 135
470 136
469 136
468 136
468 137
467 137
467 138
466 138
466 139
465 139
464 139
464 138
463 138
463 137
463 136
462 136
462 135
461 135
461 134
475 135
476 135
477 135
478 135
478 134
479 134
479 133
480 133
480 134
480 135
481 135
482 135
482 136
483 136
484 136
484 137
485 137
486 137
487 137
488 137
489 137
490 137
491 137
492 137
493 137
494 137
494 138
495 138
495 139
431 49
432 49
430 49
429 49
428 49
428 50
427 50
427 51
426 51
425 51
424 51
423 51
423 52
422 52
422 53
421 53
421 54
421 55
420 55
420 54
420 53
419 53
419 52
418 52
418 51
417 51
416 51
415 51
415 50
414 50
414 51
413 51
412 51
412 52
411 52
411 53
410 53
410 52
409 52
408 52
407 52
406 52
405 52
404 52
403 52
402 52
401 52
400 52
399 52
398 52
397 52
397 53
396 53
433 49
434 49
435 49
435 50
436 50
437 50
437 51
438 51
438 52
450 58
449 58
451 58
452 58
453 58
454 58
454 59
455 59
455 60
456 60
457 60
457 61
458 61
459 61
459 62
460 62
461 62
462 62
462 63
463 63
463 62
448 58
447 58
446 58
445 58
445 57
444 57
444 56
443 56
443 55
442 55
442 54
441 54
441 53
440 53
439 53
439 52
187 24
188 24
186 24
186 25
185 25
185 26
184 26
184 27
183 27
182 27
181 27
180 27
179 27
179 26
178 26
177 26
177 25
189 24
190 24
191 24
192 24
192 25
193 25
194 25
195 25
196 25
197 25
197 26
198 26
198 27
199 27
343 25
343 26
342 25
342 24
341 24
341 23
340 23
340 22
339 22
339 21
338 21
337 21
337 20
343 27
343 28
344 28
345 28
345 29
346 29
346 30
347 30
75 76
74 76
76 76
77 76
78 76
78 77
78 78
79 78
79 79
79 80
80 80
80 81
80 82
80 83
80 84
79 84
79 85
78 85
78 86
77 86
77 87
76 87
76 88
75 88
74 88
73 88
72 88
71 88
70 88
69 88
68 88
68 89
67 89
66 89
65 89
64 89
63 89
62 89
61 89
60 89
59 89
58 89
58 88
57 88
56 88
56 87
56 86
56 85
56 84
56 83
56 82
56 81
56 80
73 76
73 75
72 75
71 75
71 74
70 74
69 74
328 22
327 22
329 22
330 22
331 22
332 22
333 22
334 22
335 22
335 21
336 21
326 22
325 22
325 21
324 21
324 20
323 20
323 19
322 19
321 19
321 18
320 18
319 18
319 17
444 21
443 21
445 21
446 21
447 21
447 22
448 22
449 22
450 22
451 22
452 22
453 22
454 22
442 21
441 21
440 21
439 21
439 22
438 22
437 22
437 23
436 23
436 24
435 24
435 25
434 25
434 26
434 27
433 27
425 18
425 19
425 17
425 16
424 16
423 16
422 16
422 15
421 15
420 15
420 14
425 20
425 21
426 21
426 22
426 23
426 24
427 24
427 25
427 26
428 26
429 26
430 26
431 26
432 26
433 26
323 161
324 161
322 161
321 161
320 161
319 161
318 161
317 161
316 161
315 161
315 160
315 159
315 158
315 157
315 156
315 155
315 154
314 154
314 153
314 152
314 151
314 150
314 149
314 148
314 147
314 146
325 161
326 161
327 161
328 161
329 161
329 162
330 162
330 163
331 163
331 164
505 27
505 28
505 26
505 25
505 24
505 23
505 22
506 22
506 21
505 29
505 30
505 31
504 31
503 31
503 32
502 32
501 32
501 33
500 33
500 34
500 35
499 35
499 36
498 36
498 35
497 35
496 35
496 34
495 34
495 33
494 33
493 33
492 33
491 33
490 33
489 33
489 34
488 34
487 34
487 35
486 35
486 36
486 37
486 38
486 39
487 39
487 40
487 41
488 41
488 42
489 42
489 43
489 44
490 44
490 45
491 45
359 21
358 21
360 21
361 21
362 21
363 21
364 21
364 22
365 22
366 22
367 22
368 22
368 23
369 23
370 23
370 24
371 24
357 21
356 21
356 20
355 20
354 20
353 20
352 20
351 20
350 20
350 21
349 21
348 21
348 22
347 22
347 23
346 23
345 23
344 23
343 23
342 23
439 143
440 143
439 142
438 142
437 142
437 141
436 141
436 140
436 139
436 138
436 137
436 136
436 135
436 134
436 133
436 132
435 132
435 131
435 130
434 130
434 129
433 129
433 128
432 128
432 127
432 126
432 125
432 124
431 124
430 124
430 125
429 125
428 125
427 125
426 125
425 125
424 125
423 125
422 125
422 126
421 126
441 143
442 143
443 143
444 143
445 143
445 144
445 145
445 146
445 147
445 148
445 149
445 150
445 151
445 152
446 152
446 153
447 153
448 153
449 153
450 153
451 153
452 153
453 153
453 152
454 152
454 151
455 151
455 150
455 149
455 148
456 148
456 147
457 147
458 147
458 146
458 145
458 144
458 143
458 142
459 142
459 141
460 141
461 141
462 141
463 141
464 141
464 140
465 140
163 137
164 137
162 137
161 137
160 137
159 137
159 136
158 136
158 135
157 135
157 134
156 134
156 133
155 133
155 132
154 132
153 132
152 132
151 132
150 132
149 132
148 132
147 132
146 132
145 132
145 131
165 137
166 137
166 138
167 138
168 138
169 138
170 138
171 138
171 139
172 139
173 139
173 140
174 140
175 140
176 140
177 140
178 140
178 141
179 141
91 69
91 70
92 69
93 69
94 69
95 69
96 69
97 69
98 69
99 69
99 70
100 70
100 71
101 71
90 70
90 71
89 71
89 72
89 73
88 73
88 74
88 75
88 76
88 77
88 78
87 78
87 79
86 79
86 80
85 80
84 80
83 80
83 81
82 81
81 81
81 82
467 166
467 165
466 166
466 167
465 167
465 168
465 169
465 170
466 170
466 171
467 171
468 171
469 171
469 172
470 172
470 173
471 173
471 174
472 174
472 175
467 164
468 164
468 163
469 163
470 163
470 162
471 162
472 162
473 162
474 162
475 162
476 162
477 162
478 162
479 162
480 162
481 162
482 162
482 161
481 161
480 161
480 160
480 159
480 158
480 157
480 156
480 155
480 154
480 153
480 152
480 151
480 150
480 149
480 148
480 147
480 146
480 145
480 144
480 143
481 143
481 142
481 141
481 140
481 139
482 139
482 138
483 138
484 138
250 149
250 148
250 150
250 151
249 151
249 152
248 152
247 152
246 152
245 152
244 152
243 152
242 152
242 153
242 154
242 155
242 156
242 157
242 158
242 159
241 159
250 147
250 146
250 145
251 145
252 145
253 145
253 144
254 144
254 143
254 142
254 141
254 140
254 139
254 138
254 137
254 136
254 135
255 135
359 188
358 188
360 188
361 188
362 188
363 188
363 189
364 189
364 190
365 190
365 191
357 188
356 188
355 188
355 189
355 190
354 190
354 191
353 191
353 192
353 193
352 193
351 193
350 193
349 193
348 193
347 193
347 194
347 195
346 195
346 194
346 193
346 192
346 191
346 190
346 189
346 188
346 187
346 186
346 185
346 184
345 184
345 183
345 182
345 181
344 181
344 180
344 179
343 179
342 179
341 179
340 179
340 178
339 178
339 177
339 176
338 176
338 175
337 175
337 174
336 174
336 173
335 173
334 173
333 173
332 173
331 173
331 172
332 172
332 171
332 170
332 169
332 168
332 167
332 166
332 165
332 164
477 185
477 184
477 186
477 187
476 187
476 188
476 189
476 190
476 191
476 192
476 193
476 194
476 195
476 196
477 196
477 197
478 197
478 198
479 198
479 199
480 199
480 200
480 201
480 202
480 203
480 204
479 204
479 205
478 205
478 206
477 206
476 206
475 206
475 207
474 207
474 208
474 209
474 210
474 211
474 212
474 213
474 214
474 215
474 216
474 217
474 218
474 219
474 220
474 221
473 221
472 221
472 222
471 222
471 223
471 224
471 225
471 226
472 226
472 227
472 228
472 229
472 230
472 231
473 231
473 232
473 233
473 234
473 235
473 236
473 237
473 238
473 239
472 239
471 239
470 239
469 239
468 239
468 240
477 183
477 182
477 181
476 181
476 180
475 180
475 179
474 179
474 178
473 178
473 177
473 176
472 176
244 36
244 37
244 35
244 34
245 34
245 33
246 33
246 32
247 32
247 31
248 31
249 31
250 31
251 31
252 31
253 31
254 31
255 31
256 31
257 31
258 31
258 30
259 30
260 30
261 30
261 29
262 29
263 29
264 29
264 28
265 28
266 28
267 28
267 27
244 38
244 39
244 40
244 41
244 42
243 42
243 43
242 43
242 44
241 44
241 43
240 43
240 42
239 42
239 41
238 41
238 40
237 40
236 40
235 40
234 40
233 40
232 40
231 40
230 40
229 40
228 40
227 40
226 40
225 40
224 40
223 40
223 39
222 39
221 39
221 38
220 38
219 38
219 37
218 37
217 37
216 37
215 37
214 37
213 37
212 37
212 36
211 36
211 35
210 35
210 34
210 33
210 32
210 31
210 30
210 29
210 28
210 27
210 26
171 48
170 48
172 48
173 48
174 48
175 48
175 49
176 49
176 50
177 50
177 49
177 48
178 48
178 47
179 47
180 47
180 46
180 45
180 44
180 43
180 42
180 41
180 40
179 40
179 39
178 39
177 39
176 39
176 38
177 38
177 37
178 37
178 36
178 35
179 35
179 34
179 33
180 33
180 32
180 31
180 30
180 29
180 28
169 48
168 48
167 48
166 48
165 48
164 48
163 48
162 48
161 48
161 47
160 47
159 47
158 47
157 47
157 48
156 48
156 49
156 50
156 51
156 52
156 53
155 53
155 54
154 54
154 55
153 55
152 55
151 55
150 55
149 55
148 55
147 55
146 55
145 55
144 55
143 55
142 55
142 54
141 54
141 53
140 53
140 54
139 54
138 54
137 54
136 54
135 54
135 55
134 55
134 56
134 57
134 58
133 58
133 59
132 59
132 60
131 60
131 61
130 61
130 62
129 62
129 61
129 60
129 59
129 58
128 58
128 57
128 56
128 55
128 54
127 54
126 54
126 53
125 53
206 11
207 11
205 11
204 11
203 11
202 11
202 10
201 10
201 9
200 9
200 10
199 10
199 11
199 12
199 13
199 14
199 15
199 16
199 17
199 18
199 19
199 20
199 21
199 22
199 23
199 24
199 25
199 26
208 11
209 11
210 11
211 11
212 11
212 12
213 12
213 13
213 14
213 15
213 16
213 17
213 18
212 18
212 19
212 20
212 21
212 22
212 23
212 24
212 25
211 25
211 26
221 150
222 150
220 150
219 150
218 150
217 150
216 150
215 150
214 150
223 150
224 150
225 150
225 151
225 152
225 153
226 153
226 154
226 155
227 155
228 155
228 156
229 156
229 157
230 157
90 88
91 88
89 88
88 88
88 87
87 87
87 86
87 85
86 85
86 84
85 84
85 83
84 83
83 83
82 83
81 83
91 89
92 89
93 89
94 89
94 88
95 88
95 87
96 87
97 87
98 87
99 87
100 87
101 87
102 87
103 87
104 87
105 87
106 87
107 87
108 87
108 88
109 88
109 89
110 89
110 90
111 90
111 91
389 74
388 74
389 73
390 73
390 72
391 72
391 71
392 71
392 70
392 69
392 68
392 67
392 66
392 65
392 64
392 63
392 62
392 61
393 61
394 61
395 61
395 60
395 59
395 58
395 57
395 56
395 55
396 55
396 54
387 74
386 74
385 74
385 75
384 75
384 76
383 76
108 54
109 54
107 54
106 54
105 54
105 53
104 53
103 53
102 53
102 54
101 54
100 54
99 54
98 54
98 55
99 55
99 56
100 56
100 57
100 58
100 59
100 60
100 61
100 62
100 63
100 64
100 65
100 66
100 67
100 68
100 69
110 54
111 54
112 54
113 54
114 54
115 54
116 54
116 53
117 53
118 53
118 52
119 52
120 52
121 52
122 52
122 53
123 53
124 53
289 35
290 35
288 35
287 35
286 35
286 34
285 34
285 33
285 32
285 31
284 31
284 30
283 30
283 29
282 29
281 29
280 29
279 29
278 29
277 29
276 29
275 29
275 30
274 30
273 30
273 31
272 31
272 32
271 32
270 32
270 31
270 30
270 29
269 29
268 29
268 28
291 35
292 35
293 35
293 34
294 34
294 33
295 33
295 32
296 32
296 31
297 31
219 145
219 144
219 146
219 147
219 148
218 148
217 148
217 149
216 149
215 149
219 143
219 142
219 141
220 141
221 141
221 140
222 140
222 139
222 138
222 137
222 136
222 135
223 135
223 134
117 42
117 43
117 41
117 40
117 39
117 38
117 37
117 36
117 35
116 35
116 34
116 33
115 33
115 32
114 32
113 32
113 31
112 31
111 31
110 31
109 31
108 31
107 31
117 44
117 45
117 46
117 47
117 48
117 49
117 50
118 50
119 50
119 51
120 51
121 51
309 25
308 25
310 25
311 25
312 25
313 25
314 25
315 25
316 25
317 25
318 25
318 24
318 23
318 22
318 21
318 20
318 19
318 18
307 25
306 25
305 25
304 25
303 25
303 26
302 26
302 27
301 27
301 28
300 28
299 28
299 29
298 29
298 30
297 30
449 74
449 73
448 74
447 74
447 75
446 75
446 76
445 76
445 77
444 77
444 78
443 78
443 79
442 79
441 79
441 80
440 80
439 80
439 81
439 82
438 82
438 83
438 84
438 85
438 86
438 87
437 87
436 87
435 87
434 87
433 87
432 87
432 88
431 88
431 89
430 89
430 90
430 91
450 73
450 72
450 71
450 70
450 69
451 69
451 68
452 68
452 67
453 67
453 66
454 66
454 65
454 64
455 64
455 63
455 62
456 62
456 61
325 128
325 129
325 127
325 126
325 125
325 124
325 123
325 122
324 122
325 130
325 131
325 132
325 133
325 134
324 134
324 135
323 135
322 135
322 136
321 136
321 137
320 137
320 138
319 138
319 139
318 139
317 139
316 139
316 140
316 141
316 142
316 143
315 143
315 144
315 145
314 145
417 109
416 109
417 110
417 111
417 112
417 113
417 114
417 115
417 116
416 116
416 117
416 118
416 119
416 120
416 121
417 121
417 122
418 122
418 123
419 123
419 124
420 124
420 125
421 125
416 108
416 107
416 106
415 106
415 105
414 105
413 105
412 105
411 105
410 105
409 105
409 104
409 103
409 102
410 102
410 101
411 101
411 100
411 99
412 99
412 98
412 97
413 97
413 96
413 95
414 95
414 94
414 93
415 93
415 92
416 92
417 92
417 91
418 91
419 91
419 90
419 89
419 88
419 87
419 86
419 85
419 84
419 83
419 82
419 81
419 80
420 80
421 80
422 80
423 80
424 80
425 80
426 80
427 80
428 80
428 81
429 81
429 82
429 83
429 84
429 85
429 86
429 87
429 88
429 89
429 90
429 91
158 6
157 6
158 5
159 5
160 5
160 6
161 6
162 6
163 6
164 6
165 6
166 6
166 7
167 7
167 8
167 9
167 10
167 11
167 12
168 12
168 13
169 13
169 14
169 15
170 15
171 15
171 16
172 16
172 17
173 17
173 18
174 18
174 19
174 20
175 20
175 21
175 22
175 23
175 24
176 24
176 25
156 6
155 6
154 6
153 6
152 6
152 5
151 5
151 4
150 4
149 4
149 3
148 3
147 3
146 3
146 2
145 2
144 2
144 1
143 1
143 0
142 0
387 29
387 30
388 29
389 29
390 29
391 29
392 29
393 29
394 29
394 30
395 30
395 31
396 31
396 32
397 32
397 33
398 33
398 34
399 34
400 34
400 35
400 36
400 37
400 38
401 38
401 39
401 40
402 40
402 41
403 41
404 41
404 42
405 42
405 43
406 43
406 44
406 45
407 45
407 46
407 47
407 48
407 49
407 50
407 51
386 30
385 30
385 31
385 32
384 32
384 33
384 34
384 35
384 36
383 36
383 35
383 34
382 34
382 33
381 33
380 33
379 33
378 33
377 33
377 32
378 32
379 32
379 31
379 30
379 29
379 28
379 27
379 26
379 25
378 25
378 24
377 24
376 24
375 24
374 24
373 24
372 24
254 119
254 120
254 118
255 118
256 118
257 118
258 118
259 118
260 118
261 118
254 121
254 122
254 123
254 124
254 125
254 126
254 127
254 128
254 129
254 130
254 131
254 132
254 133
254 134
255 134
196 145
195 145
197 145
198 145
199 145
199 146
200 146
201 146
201 147
202 147
203 147
203 148
204 148
205 148
206 148
207 148
208 148
209 148
209 149
210 149
211 149
212 149
213 149
214 149
194 145
193 145
192 145
192 144
191 144
190 144
189 144
188 144
187 144
186 144
185 144
185 143
184 143
184 142
183 142
182 142
181 142
181 141
180 141
54 3
53 3
55 3
56 3
57 3
58 3
59 3
60 3
61 3
61 2
62 2
62 1
62 0
63 0
52 3
51 3
50 3
50 2
49 2
49 1
49 0
48 0
350 113
350 112
350 114
349 114
349 115
348 115
347 115
347 116
346 116
345 116
345 117
344 117
344 118
343 118
343 119
342 119
342 120
341 120
341 121
340 121
339 121
338 121
337 121
337 122
336 122
335 122
334 122
334 121
333 121
332 121
331 121
330 121
329 121
328 121
327 121
326 121
325 121
351 112
351 111
352 111
353 111
353 110
354 110
355 110
355 109
356 109
356 108
356 107
356 106
356 105
356 104
357 104
358 104
359 104
359 103
360 103
361 103
361 102
362 102
362 101
363 101
363 100
363 99
364 99
278 107
279 107
277 107
276 107
275 107
275 106
274 106
273 106
272 106
271 106
270 106
269 106
268 106
267 106
266 106
265 106
265 107
265 108
265 109
265 110
265 111
265 112
265 113
265 114
264 114
264 115
263 115
263 116
262 116
262 117
261 117
280 107
280 108
280 109
280 110
280 111
281 111
281 112
282 112
282 111
282 110
282 109
282 108
282 107
283 107
283 106
284 106
285 106
286 106
287 106
288 106
289 106
289 107
290 107
290 108
290 109
290 110
291 110
291 111
291 112
292 112
292 113
292 114
293 114
293 115
293 116
293 117
294 117
294 118
294 119
294 120
294 121
294 122
294 123
294 124
294 125
294 126
294 127
293 127
293 128
292 128
292 129
292 130
292 131
292 132
292 133
292 134
292 135
293 135
293 136
293 137
294 137
294 138
295 138
296 138
297 138
298 138
299 138
300 138
301 138
301 139
301 140
302 140
302 141
302 142
302 143
303 143
303 144
304 144
304 145
304 146
304 147
304 148
304 149
304 150
304 151
303 151
303 152
302 152
302 153
303 153
304 153
305 153
306 153
307 153
308 153
309 153
310 153
311 153
312 153
313 153
380 88
380 89
380 87
380 86
380 85
380 84
381 84
381 83
382 83
383 83
383 82
384 82
384 81
384 80
384 79
384 78
384 77
383 77
380 90
380 91
380 92
380 93
380 94
380 95
379 95
379 96
378 96
377 96
376 96
376 97
375 97
374 97
374 98
373 98
372 98
371 98
371 99
370 99
369 99
368 99
367 99
366 99
365 99
196 172
195 172
197 172
198 172
199 172
200 172
201 172
202 172
202 171
203 171
203 170
203 169
203 168
203 167
203 166
203 165
204 165
204 164
205 164
206 164
207 164
208 164
209 164
210 164
211 164
212 164
213 164
214 164
215 164
216 164
217 164
217 165
218 165
219 165
220 165
221 165
222 165
222 164
222 163
223 163
223 162
223 161
224 161
224 160
225 160
225 159
226 159
227 159
228 159
229 159
230 159
194 172
193 172
192 172
191 172
190 172
190 171
189 171
188 171
187 171
186 171
185 171
185 170
184 170
184 171
184 172
184 173
184 174
184 175
184 176
183 176
183 177
182 177
316 51
317 51
316 50
315 50
315 49
315 48
316 48
316 47
317 47
317 46
317 45
317 44
317 43
317 42
317 41
318 41
319 41
319 40
320 40
320 39
321 39
321 38
321 37
321 36
322 36
322 35
323 35
323 34
324 34
325 34
325 33
326 33
326 32
327 32
327 31
328 31
328 30
328 29
328 28
328 27
328 26
328 25
328 24
328 23
329 23
330 23
331 23
317 52
317 53
318 53
318 54
318 55
319 55
319 56
319 57
319 58
319 59
319 60
320 60
320 61
320 62
120 6
120 7
121 6
122 6
123 6
124 6
125 6
126 6
127 6
128 6
129 6
129 5
130 5
130 4
131 4
131 5
132 5
133 5
134 5
135 5
136 5
136 6
137 6
137 5
138 5
139 5
139 4
139 3
140 3
140 2
141 2
141 1
141 0
119 7
118 7
117 7
116 7
115 7
115 6
114 6
114 5
113 5
113 4
112 4
111 4
110 4
109 4
108 4
107 4
106 4
106 5
105 5
104 5
104 6
103 6
102 6
102 7
101 7
100 7
99 7
98 7
97 7
96 7
95 7
94 7
93 7
92 7
91 7
90 7
90 8
90 9
89 9
88 9
87 9
86 9
85 9
84 9
83 9
82 9
81 9
80 9
79 9
78 9
77 9
76 9
75 9
75 8
74 8
73 8
73 7
72 7
72 6
71 6
70 6
70 5
69 5
69 4
68 4
68 3
67 3
67 2
66 2
65 2
64 2
64 1
63 1
191 71
190 71
191 70
192 70
193 70
193 69
193 68
193 67
193 66
194 66
194 67
194 68
194 69
195 69
196 69
197 69
198 69
199 69
200 69
201 69
202 69
202 68
203 68
203 69
204 69
205 69
206 69
207 69
208 69
209 69
210 69
211 69
211 70
212 70
213 70
213 71
214 71
215 71
216 71
217 71
218 71
219 71
219 72
220 72
221 72
222 72
223 72
224 72
225 72
225 73
226 73
226 74
227 74
227 75
227 76
227 77
228 77
228 78
228 79
228 80
228 81
228 82
228 83
189 71
188 71
187 71
186 71
186 70
185 70
184 70
183 70
182 70
181 70
180 70
179 70
178 70
177 70
176 70
176 71
176 72
175 72
175 73
175 74
174 74
173 74
172 74
171 74
170 74
170 73
169 73
169 72
168 72
168 71
167 71
167 70
166 70
165 70
165 69
164 69
163 69
163 70
162 70
161 70
160 70
159 70
158 70
157 70
157 69
156 69
156 68
155 68
155 67
155 66
155 65
155 64
155 63
154 63
154 62
153 62
152 62
152 61
151 61
150 61
150 60
149 60
149 59
149 58
149 57
149 56
150 56
151 56
67 190
67 191
67 189
67 188
67 187
67 186
67 185
68 185
69 185
70 185
71 185
72 185
73 185
73 184
73 183
73 182
73 181
72 181
72 180
72 179
72 178
71 178
71 177
70 177
70 176
71 176
72 176
73 176
73 175
74 175
74 174
75 174
75 173
75 172
75 171
75 170
76 170
77 170
77 169
78 169
79 169
79 168
78 168
78 167
77 167
77 166
76 166
76 165
75 165
75 164
75 163
75 162
75 161
75 160
76 160
76 159
77 159
78 159
78 158
79 158
80 158
80 157
81 157
81 156
82 156
82 155
83 155
83 154
83 153
84 153
84 152
85 152
85 151
85 150
86 150
86 149
87 149
88 149
89 149
90 149
91 149
92 149
92 148
93 148
94 148
95 148
96 148
96 147
97 147
97 148
98 148
99 148
99 149
100 149
101 149
101 150
102 150
103 150
103 151
104 151
105 151
105 152
106 152
107 152
107 153
108 153
66 191
66 192
66 193
65 193
65 194
65 195
65 196
65 197
65 198
66 198
66 199
66 200
66 201
66 202
66 203
66 204
66 205
67 205
67 206
67 207
67 208
68 208
68 209
68 210
69 210
69 211
70 211
70 212
70 213
70 214
71 214
71 215
72 215
73 215
73 216
74 216
74 217
74 218
75 218
75 219
76 219
77 219
77 220
78 220
78 221
77 221
77 222
77 223
77 224
77 225
76 225
76 226
76 227
76 228
76 229
77 229
77 230
77 231
77 232
77 233
77 234
77 235
77 236
78 236
78 237
293 172
292 172
293 171
293 170
294 170
294 169
295 169
296 169
297 169
298 169
299 169
300 169
301 169
302 169
302 170
303 170
303 169
304 169
304 168
304 167
304 166
304 165
304 164
304 163
304 162
304 161
304 160
304 159
304 158
304 157
304 156
304 155
304 154
303 154
302 154
292 173
291 173
291 174
291 175
290 175
290 176
290 177
290 178
290 179
290 180
290 181
290 182
290 183
290 184
498 332
497 332
499 332
500 332
501 332
502 332
503 332
503 331
503 330
504 330
504 329
504 328
505 328
505 327
505 326
505 325
505 324
505 323
505 322
505 321
505 320
505 319
506 319
506 318
506 317
507 317
507 316
507 315
508 315
508 314
508 313
509 313
509 312
509 311
510 311
510 310
510 309
510 308
511 308
511 307
511 306
511 305
511 304
511 303
511 302
511 301
511 300
511 299
511 298
511 297
511 296
511 295
511 294
511 293
511 292
511 291
496 332
495 332
495 333
494 333
494 334
493 334
492 334
491 334
490 334
489 334
488 334
487 334
487 335
487 336
486 336
486 335
486 334
486 333
485 333
485 332
484 332
483 332
483 331
482 331
481 331
481 330
480 330
480 329
480 328
480 327
481 327
481 326
481 325
482 325
482 324
482 323
483 323
483 322
483 321
484 321
484 320
484 319
485 319
485 318
485 317
486 317
486 316
486 315
487 315
487 314
487 313
486 313
486 312
485 312
485 311
484 311
484 310
483 310
483 309
482 309
482 308
482 307
482 306
482 305
482 304
482 303
482 302
482 301
482 300
482 299
482 298
482 297
481 297
480 297
479 297
478 297
477 297
477 296
477 295
477 294
476 294
476 293
475 293
475 292
474 292
474 291
473 291
473 290
472 290
471 290
471 289
470 289
469 289
469 288
468 288
468 287
467 287
467 286
466 286
465 286
464 286
463 286
462 286
462 285
462 284
462 283
462 282
462 281
462 280
462 279
462 278
462 277
462 276
462 275
462 274
463 274
463 273
463 272
464 272
464 271
464 270
465 270
465 269
465 268
465 267
465 266
465 265
465 264
465 263
465 262
465 261
466 261
466 260
466 259
466 258
466 257
466 256
466 255
466 254
466 253
466 252
466 251
466 250
467 250
467 249
467 248
467 247
467 246
467 245
467 244
467 243
467 242
467 241
467 240
65 137
64 137
66 137
66 138
66 139
66 140
66 141
66 142
66 143
67 143
67 144
68 144
68 145
68 146
68 147
68 148
68 149
68 150
68 151
67 151
67 152
66 152
66 153
65 153
65 154
64 154
63 154
63 155
63 156
62 156
62 157
61 157
61 158
61 159
61 160
61 161
61 162
61 163
61 164
61 165
61 166
61 167
60 167
60 168
60 169
61 169
62 169
63 169
64 169
65 169
66 169
67 169
68 169
69 169
70 169
71 169
72 169
73 169
74 169
75 169
76 169
64 136
64 135
64 134
64 133
64 132
64 131
64 130
64 129
64 128
64 127
64 126
64 125
64 124
63 124
63 125
62 125
61 125
60 125
59 125
58 125
57 125
56 125
55 125
54 125
54 124
54 123
54 122
54 121
54 120
54 119
54 118
54 117
54 116
53 116
53 115
54 115
54 114
54 113
55 113
55 112
55 111
55 110
55 109
55 108
55 107
55 106
56 106
56 105
56 104
57 104
57 103
57 102
57 101
57 100
57 99
57 98
57 97
57 96
57 95
57 94
57 93
57 92
57 91
57 90
57 89
476 337
476 338
476 336
476 335
476 334
476 333
477 333
477 332
478 332
478 331
479 331
479 330
479 329
476 339
476 340
476 341
477 341
477 342
476 342
476 343
476 344
476 345
476 346
476 347
476 348
475 348
475 349
475 350
476 350
476 351
477 351
477 352
478 352
479 352
479 353
480 353
480 354
480 355
480 356
480 357
480 358
480 359
480 360
480 361
479 361
479 362
478 362
478 363
477 363
477 364
331 213
331 212
331 214
330 214
330 215
329 215
329 216
328 216
328 217
327 217
326 217
325 217
324 217
323 217
323 218
322 218
322 219
321 219
320 219
319 219
318 219
317 219
317 220
316 220
316 221
316 222
316 223
316 224
316 225
316 226
316 227
316 228
316 229
316 230
316 231
315 231
315 232
315 233
314 233
314 234
332 212
332 211
332 210
333 210
334 210
335 210
336 210
337 210
338 210
339 210
340 210
341 210
341 209
342 209
342 208
343 208
343 207
343 206
344 206
344 205
345 205
345 204
345 203
345 202
345 201
346 201
346 200
346 199
346 198
346 197
346 196
60 258
59 258
60 257
60 256
61 256
62 256
62 257
63 257
63 258
64 258
64 259
65 259
65 260
66 260
66 259
67 259
68 259
68 258
69 258
70 258
70 257
71 257
71 256
72 256
72 255
72 254
73 254
73 253
74 253
74 252
74 251
74 250
74 249
75 249
75 248
75 247
75 246
75 245
75 244
76 244
76 243
76 242
76 241
76 240
77 240
77 239
77 238
78 238
58 258
58 259
58 260
57 260
57 261
57 262
56 262
56 263
55 263
55 264
54 264
54 265
53 265
53 266
53 267
53 268
53 269
52 269
51 269
50 269
49 269
48 269
47 269
46 269
45 269
44 269
43 269
42 269
42 268
41 268
41 267
40 267
39 267
39 266
38 266
29 341
29 342
28 341
28 340
27 340
27 339
26 339
26 338
25 338
25 337
24 337
23 337
22 337
21 337
20 337
19 337
19 336
18 336
17 336
17 335
16 335
15 335
15 334
14 334
14 333
14 332
14 331
14 330
14 329
14 328
13 328
12 328
12 327
11 327
11 326
11 325
11 324
11 323
11 322
11 321
11 320
11 319
11 318
11 317
11 316
11 315
11 314
10 314
10 313
11 313
11 312
12 312
12 311
13 311
13 310
14 310
15 310
15 309
16 309
17 309
17 308
18 308
18 307
19 307
19 306
19 305
19 304
19 303
20 303
20 302
20 301
20 300
21 300
21 299
21 298
21 297
22 297
22 296
23 296
23 295
24 295
24 294
25 294
25 293
26 293
26 292
27 292
27 291
27 290
27 289
27 288
27 287
27 286
27 285
27 284
26 284
26 283
25 283
25 282
24 282
24 281
24 280
25 280
26 280
27 280
28 280
29 280
30 280
31 280
32 280
33 280
34 280
35 280
36 280
36 281
37 281
37 280
38 280
38 279
38 278
38 277
38 276
38 275
38 274
38 273
38 272
38 271
38 270
38 269
38 268
38 267
30 342
30 343
30 344
31 344
31 345
32 345
33 345
33 346
34 346
35 346
13 163
13 164
13 162
13 161
13 160
13 159
13 158
12 158
12 157
11 157
10 157
10 156
9 156
8 156
7 156
7 155
6 155
6 154
6 153
6 152
6 151
6 150
6 149
6 148
6 147
6 146
6 145
6 144
6 143
5 143
4 143
3 143
2 143
1 143
0 143
0 142
1 142
1 141
2 141
2 140
2 139
2 138
2 137
2 136
2 135
2 134
2 133
2 132
2 131
2 130
2 129
2 128
1 128
0 128
0 127
1 127
2 127
3 127
4 127
5 127
6 127
6 126
6 125
6 124
7 124
7 123
7 122
7 121
7 120
7 119
7 118
7 117
7 116
7 115
8 115
8 114
7 114
7 113
6 113
6 112
5 112
5 111
4 111
4 110
3 110
3 109
3 108
3 107
3 106
3 105
3 104
3 103
3 102
3 101
3 100
3 99
2 99
2 98
1 98
0 98
0 97
0 96
0 95
0 94
0 93
0 92
0 91
0 90
0 89
0 88
1 88
2 88
3 88
4 88
5 88
6 88
7 88
8 88
8 87
9 87
10 87
10 86
11 86
11 85
11 84
11 83
11 82
11 81
12 81
12 80
13 80
13 79
14 79
15 79
16 79
17 79
18 79
19 79
20 79
20 80
21 80
22 80
22 81
23 81
24 81
24 82
24 83
24 84
24 85
24 86
24 87
24 88
23 88
23 89
23 90
23 91
22 91
22 92
21 92
20 92
20 93
21 93
22 93
23 93
23 94
24 94
25 94
25 95
26 95
26 96
27 96
28 96
29 96
30 96
31 96
31 95
32 95
32 94
32 93
32 92
32 91
33 91
33 90
33 89
34 89
34 88
35 88
36 88
37 88
38 88
39 88
39 87
40 87
41 87
41 86
42 86
42 85
43 85
44 85
45 85
46 85
47 85
48 85
49 85
50 85
51 85
52 85
53 85
54 85
55 85
55 84
55 83
55 82
55 81
13 165
13 166
12 166
12 167
11 167
10 167
10 168
9 168
9 169
9 170
8 170
7 170
7 171
6 171
5 171
4 171
3 171
2 171
1 171
0 171
0 172
1 172
1 173
1 174
1 175
1 176
1 177
1 178
2 178
2 179
3 179
3 180
4 180
4 181
5 181
5 182
4 182
4 183
4 184
4 185
4 186
4 187
4 188
4 189
4 190
4 191
4 192
4 193
3 193
3 194
3 195
2 195
2 196
1 196
0 196
0 197
0 198
1 198
2 198
2 199
2 200
2 201
2 202
2 203
2 204
2 205
2 206
2 207
2 208
2 209
2 210
2 211
2 212
2 213
1 213
1 214
0 214
0 215
0 216
0 217
0 218
0 219
0 220
0 221
0 222
0 223
0 224
0 225
0 226
0 227
41 191
41 190
41 192
41 193
41 194
41 195
41 196
40 196
39 196
38 196
37 196
36 196
35 196
35 197
34 197
34 198
34 199
34 200
33 200
33 201
32 201
31 201
31 202
42 190
43 190
43 189
44 189
45 189
46 189
47 189
47 188
47 187
48 187
48 186
48 185
48 184
48 183
48 182
48 181
48 180
48 179
49 179
49 178
50 178
50 177
50 176
50 175
50 174
50 173
50 172
50 171
50 170
50 169
50 168
51 168
52 168
53 168
54 168
55 168
56 168
57 168
58 168
59 168
489 423
489 422
489 424
488 424
488 425
487 425
487 426
486 426
486 427
485 427
485 428
486 428
486 429
486 430
486 431
486 432
486 433
486 434
487 434
487 435
488 435
488 436
488 437
488 438
488 439
488 440
488 441
488 442
488 443
488 444
487 444
486 444
486 445
487 445
488 445
489 445
490 445
490 446
491 446
491 447
492 447
492 448
492 449
493 449
493 450
494 450
494 451
494 452
494 453
494 454
494 455
494 456
494 457
494 458
495 458
495 459
495 460
496 460
496 461
497 461
497 462
498 462
499 462
500 462
501 462
502 462
503 462
504 462
505 462
506 462
490 422
490 421
491 421
492 421
493 421
494 421
495 421
496 421
497 421
498 421
499 421
500 421
501 421
502 421
503 421
503 422
504 422
504 421
505 421
505 420
505 419
505 418
505 417
504 417
504 416
504 415
504 414
504 413
504 412
504 411
504 410
504 409
504 408
505 408
506 408
506 407
506 406
506 405
506 404
506 403
506 402
506 401
506 400
505 400
505 399
505 398
504 398
503 398
503 397
502 397
501 397
500 397
500 396
500 395
500 394
499 394
499 393
499 392
498 392
498 391
497 391
497 390
497 389
497 388
497 387
497 386
497 385
497 384
496 384
496 383
495 383
494 383
494 382
494 381
494 380
494 379
493 379
493 378
492 378
491 378
490 378
489 378
488 378
488 377
487 377
486 377
485 377
484 377
483 377
482 377
481 377
481 376
480 376
480 375
479 375
478 375
478 374
477 374
477 373
477 372
476 372
476 371
476 370
476 369
476 368
476 367
476 366
476 365
476 364
23 500
24 500
22 500
22 501
21 501
21 502
20 502
20 503
19 503
18 503
17 503
16 503
15 503
14 503
14 502
13 502
13 501
12 501
12 500
11 500
10 500
9 500
8 500
7 500
6 500
5 500
4 500
4 499
3 499
2 499
1 499
1 498
0 498
0 497
0 496
0 495
0 494
0 493
0 492
0 491
0 490
0 489
0 488
0 487
0 486
0 485
0 484
0 483
0 482
0 481
0 480
0 479
0 478
0 477
0 476
0 475
0 474
0 473
0 472
0 471
1 471
1 470
1 469
1 468
1 467
1 466
1 465
1 464
1 463
1 462
2 462
3 462
3 461
4 461
4 460
5 460
5 459
5 458
6 458
7 458
7 457
8 457
8 456
8 455
8 454
8 453
8 452
8 451
8 450
8 449
8 448
9 448
9 447
10 447
10 446
11 446
11 445
11 444
12 444
13 444
13 443
12 443
12 442
11 442
11 441
10 441
10 440
10 439
9 439
9 438
8 438
8 437
7 437
6 437
6 436
5 436
4 436
3 436
2 436
1 436
1 435
1 434
1 433
1 432
1 431
1 430
1 429
2 429
2 428
2 427
2 426
2 425
2 424
1 424
1 423
0 423
0 422
0 421
1 421
1 420
2 420
2 419
2 418
2 417
2 416
2 415
2 414
1 414
1 413
0 413
0 412
0 411
0 410
0 409
0 408
0 407
0 406
0 405
0 404
0 403
0 402
1 402
2 402
2 401
3 401
4 401
5 401
6 401
7 401
7 400
8 400
9 400
9 399
8 399
8 398
7 398
6 398
6 397
5 397
5 396
5 395
4 395
4 394
3 394
3 393
3 392
2 392
2 391
1 391
1 390
0 390
0 389
0 388
0 387
0 386
0 385
0 384
0 383
0 382
0 381
0 380
0 379
0 378
0 377
0 376
0 375
0 374
0 373
0 372
0 371
0 370
0 369
0 368
0 367
0 366
0 365
0 364
0 363
1 363
2 363
2 362
3 362
4 362
5 362
6 362
7 362
8 362
8 361
9 361
10 361
10 360
10 359
9 359
9 358
8 358
8 357
7 357
6 357
6 356
5 356
5 355
4 355
4 354
3 354
3 353
2 353
2 352
1 352
1 351
0 351
0 350
0 349
0 348
0 347
0 346
0 345
0 344
0 343
0 342
0 341
0 340
0 339
0 338
0 337
0 336
0 335
1 335
1 334
2 334
3 334
4 334
5 334
5 335
6 335
7 335
8 335
9 335
9 336
10 336
10 335
11 335
11 334
11 333
12 333
12 332
12 331
13 331
13 330
25 500
26 500
27 500
28 500
28 501
28 502
28 503
29 503
29 504
29 505
30 505
30 506
31 506
32 506
33 506
34 506
35 506
36 506
37 506
38 506
39 506
40 506
41 506
42 506
42 507
43 507
44 507
45 507
46 507
46 506
46 505
46 504
46 503
47 503
47 502
47 501
48 501
48 500
49 500
49 499
50 499
51 499
52 499
53 499
54 499
55 499
56 499
56 500
56 501
56 502
56 503
57 503
57 504
57 505
57 506
58 506
59 506
60 506
60 505
61 505
61 504
62 504
62 503
63 503
63 502
64 502
65 502
66 502
67 502
68 502
69 502
70 502
70 501
70 500
70 499
70 498
70 497
70 496
71 496
71 495
72 495
72 494
73 494
73 493
73 492
73 491
73 490
73 489
73 488
72 488
71 488
70 488
69 488
68 488
68 487
67 487
67 486
66 486
66 485
66 484
66 483
65 483
65 482
64 482
353 441
354 441
352 441
351 441
350 441
349 441
348 441
347 441
346 441
345 441
344 441
343 441
342 441
341 441
340 441
339 441
339 442
338 442
338 443
337 443
355 441
356 441
357 441
358 441
359 441
359 442
360 442
360 443
360 444
361 444
361 445
361 446
361 447
361 448
362 448
362 449
362 450
362 451
363 451
363 452
363 453
363 454
363 455
364 455
364 456
364 457
364 458
364 459
365 459
365 460
365 461
365 462
365 463
366 463
366 464
366 465
367 465
367 466
368 466
369 466
369 467
369 468
369 469
369 470
369 471
369 472
369 473
368 473
368 474
367 474
367 475
366 475
366 476
365 476
365 477
364 477
364 478
363 478
362 478
362 479
361 479
361 480
360 480
360 481
359 481
359 482
358 482
358 483
357 483
357 484
357 485
358 485
358 486
359 486
359 487
360 487
360 488
361 488
361 489
362 489
362 490
363 490
364 490
364 491
365 491
365 492
366 492
366 493
367 493
368 493
368 494
369 494
370 494
370 495
371 495
371 496
372 496
373 496
373 497
374 497
375 497
375 498
376 498
377 498
378 498
379 498
380 498
380 497
381 497
382 497
383 497
384 497
385 497
386 497
387 497
388 497
389 497
390 497
391 497
392 497
393 497
394 497
395 497
396 497
397 497
398 497
399 497
400 497
401 497
402 497
402 496
403 496
403 495
404 495
405 495
405 494
406 494
406 493
406 492
407 492
407 493
407 494
408 494
409 494
410 494
411 494
412 494
413 494
414 494
414 495
415 495
415 496
416 496
416 497
417 497
417 498
418 498
419 498
420 498
421 498
421 499
421 500
421 501
422 501
422 502
423 502
424 502
425 502
426 502
427 502
428 502
429 502
430 502
431 502
432 502
433 502
434 502
435 502
436 502
436 503
436 504
436 505
437 505
437 506
437 507
438 507
439 507
439 506
439 505
440 505
440 504
440 503
441 503
442 503
443 503
444 503
445 503
446 503
447 503
448 503
449 503
450 503
451 503
452 503
453 503
453 502
453 501
454 501
454 500
455 500
455 499
456 499
457 499
458 499
459 499
460 499
461 499
462 499
463 499
464 499
465 499
466 499
466 498
466 497
466 496
466 495
466 494
466 493
466 492
466 491
466 490
466 489
466 488
467 488
467 487
467 486
468 486
468 485
468 484
468 483
468 482
468 481
468 480
468 479
468 478
469 478
470 478
471 478
471 477
472 477
472 476
471 476
471 475
471 474
471 473
471 472
471 471
471 470
472 470
472 469
473 469
473 468
474 468
474 467
475 467
476 467
476 466
477 466
477 465
478 465
478 464
478 463
479 463
479 462
480 462
480 461
481 461
481 460
482 460
483 460
483 459
484 459
485 459
485 458
486 458
487 458
487 457
488 457
489 457
489 456
490 456
490 455
491 455
491 454
491 453
492 453
492 452
492 451
493 451
