451 411
451 410
451 412
451 413
451 414
450 414
449 414
449 415
451 409
451 408
451 407
452 407
452 406
452 405
452 404
452 403
453 403
453 402
454 402
455 402
455 401
456 401
457 401
457 400
458 400
459 400
459 399
460 399
460 398
460 397
461 397
462 397
462 396
463 396
464 396
465 396
466 396
466 395
467 395
468 395
469 395
470 395
470 394
471 394
472 394
336 493
337 493
336 494
335 494
335 495
334 495
334 496
338 493
339 493
340 493
341 493
341 492
342 492
389 274
389 275
389 273
389 272
389 271
390 271
390 270
391 270
391 269
389 276
389 277
389 278
389 279
388 279
388 280
387 280
387 281
386 281
385 281
365 215
365 214
364 215
364 216
363 216
363 217
363 218
362 218
362 219
361 219
360 219
359 219
358 219
357 219
356 219
356 218
355 218
355 217
354 217
354 216
353 216
353 215
352 215
365 213
366 213
367 213
367 212
367 211
368 211
368 210
369 210
375 388
376 388
374 388
374 387
373 387
373 386
373 385
372 385
372 384
371 384
377 388
378 388
379 388
379 389
379 390
380 390
381 390
381 389
382 389
383 389
384 389
385 389
386 389
387 389
388 389
389 389
390 389
391 389
392 389
392 388
393 388
393 387
394 387
395 387
395 386
396 386
397 386
398 386
399 386
399 385
400 385
437 447
438 447
437 448
436 448
436 449
435 449
434 449
433 449
432 449
431 449
430 449
429 449
428 449
428 450
427 450
426 450
425 450
424 450
423 450
423 449
422 449
421 449
421 448
420 448
420 447
420 446
420 445
419 445
419 444
418 444
418 443
419 443
420 443
420 442
420 441
421 441
421 440
422 440
422 439
423 439
438 446
438 445
439 445
439 444
440 444
440 443
441 443
442 443
443 443
444 443
445 443
446 443
447 443
448 443
449 443
449 444
450 444
450 445
451 445
480 395
479 395
480 396
481 396
481 397
481 398
482 398
483 398
484 398
485 398
485 399
486 399
487 399
487 398
487 397
488 397
488 396
488 395
489 395
489 394
489 393
490 393
490 392
491 392
491 391
491 390
491 389
491 388
491 387
490 387
490 386
478 395
477 395
476 395
475 395
474 395
473 395
473 394
386 406
386 405
386 407
386 408
386 409
386 410
386 411
386 412
386 413
387 413
387 414
388 414
386 404
386 403
386 402
386 401
386 400
386 399
387 399
387 398
388 398
388 397
387 397
387 396
387 395
386 395
386 394
386 393
385 393
385 392
385 391
384 391
383 391
382 391
381 391
380 391
391 351
392 351
390 351
389 351
388 351
388 352
387 352
387 353
386 353
386 354
386 355
385 355
385 356
385 357
385 358
384 358
384 359
384 360
383 360
383 359
382 359
382 358
381 358
381 357
380 357
379 357
378 357
377 357
376 357
375 357
374 357
373 357
372 357
393 351
394 351
395 351
395 350
394 350
394 349
394 348
394 347
394 346
394 345
394 344
394 343
394 342
394 341
395 341
395 340
396 340
397 340
398 340
398 339
399 339
399 338
400 338
400 337
401 337
401 336
401 335
401 334
402 334
402 333
454 200
455 200
454 201
454 202
454 203
454 204
454 205
454 206
454 207
455 207
456 207
456 208
457 208
458 208
458 209
459 209
459 210
459 211
460 211
460 212
461 212
461 213
462 213
462 214
463 214
463 215
464 215
465 215
466 215
467 215
467 216
467 217
467 218
467 219
467 220
467 221
467 222
468 222
468 223
469 223
469 224
470 224
471 224
472 224
473 224
474 224
474 225
473 225
472 225
471 225
470 225
469 225
469 226
468 226
468 227
468 228
468 229
468 230
467 230
467 231
467 232
466 232
466 233
465 233
455 199
456 199
457 199
457 198
458 198
459 198
460 198
460 197
461 197
461 196
462 196
462 195
463 195
463 194
464 194
465 194
466 194
466 193
467 193
468 193
468 192
469 192
469 191
469 190
469 189
469 188
470 188
470 187
471 187
471 186
472 186
472 185
321 487
321 488
321 486
321 485
321 484
320 484
319 484
319 483
318 483
318 482
317 482
316 482
316 481
315 481
314 481
314 480
313 480
313 481
312 481
312 482
312 483
311 483
311 484
310 484
310 485
310 486
309 486
308 486
307 486
306 486
305 486
304 486
303 486
303 487
303 488
303 489
303 490
303 491
303 492
303 493
303 494
303 495
302 495
302 496
301 496
301 497
300 497
300 498
299 498
299 499
299 500
299 501
299 502
298 502
298 503
321 489
321 490
321 491
321 492
320 492
320 493
319 493
319 494
319 495
319 496
319 497
319 498
319 499
320 499
320 500
321 500
322 500
323 500
324 500
325 500
326 500
327 500
327 499
328 499
329 499
330 499
331 499
331 498
332 498
332 497
333 497
333 496
452 381
452 382
452 380
452 379
452 378
452 377
452 376
452 375
452 374
452 373
453 373
454 373
455 373
456 373
457 373
458 373
459 373
460 373
461 373
461 372
462 372
462 371
463 371
463 370
464 370
465 370
466 370
466 369
467 369
467 368
468 368
468 367
469 367
452 383
452 384
452 385
453 385
453 386
453 387
454 387
454 388
455 388
455 389
456 389
456 390
457 390
457 391
457 392
457 393
457 394
457 395
457 396
457 397
457 398
457 399
497 254
497 253
498 254
499 254
499 255
500 255
501 255
502 255
503 255
504 255
505 255
505 254
506 254
507 254
507 253
508 253
508 252
508 251
508 250
508 249
508 248
508 247
508 246
508 245
509 245
509 244
509 243
510 243
510 242
511 242
511 241
510 241
510 240
510 239
509 239
509 238
509 237
509 236
509 235
509 234
509 233
509 232
509 231
509 230
510 230
510 229
510 228
511 228
511 227
511 226
511 225
511 224
511 223
510 223
510 222
509 222
509 221
509 220
508 220
508 219
508 218
507 218
507 217
506 217
506 216
505 216
505 215
504 215
503 215
502 215
501 215
500 215
499 215
498 215
498 216
497 216
497 217
496 217
496 253
496 252
495 252
495 251
495 250
495 249
494 249
494 248
493 248
493 247
492 247
491 247
490 247
489 247
488 247
487 247
486 247
485 247
485 246
485 245
486 245
486 244
486 243
486 242
486 241
486 240
486 239
486 238
486 237
486 236
485 236
485 235
484 235
484 234
484 233
483 233
483 232
483 231
483 230
483 229
482 229
482 228
481 228
481 229
480 229
479 229
478 229
477 229
476 229
475 229
475 228
475 227
475 226
475 225
415 374
414 374
415 373
416 373
416 372
417 372
417 371
418 371
418 370
418 369
418 368
418 367
418 366
417 366
417 365
417 364
416 364
415 364
414 364
413 364
412 364
411 364
410 364
409 364
408 364
407 364
406 364
405 364
404 364
403 364
402 364
401 364
400 364
400 363
399 363
398 363
398 362
397 362
396 362
396 361
395 361
394 361
393 361
392 361
392 360
391 360
390 360
390 359
389 359
389 358
388 358
388 357
388 356
388 355
387 355
387 354
413 374
412 374
412 375
411 375
410 375
410 376
409 376
409 377
408 377
408 378
408 379
407 379
407 380
406 380
406 381
405 381
405 382
405 383
405 384
405 385
405 386
405 387
404 387
403 387
402 387
402 386
401 386
401 385
479 470
480 470
478 470
477 470
476 470
475 470
481 470
482 470
483 470
484 470
484 469
362 357
363 357
361 357
360 357
360 356
360 355
360 354
360 353
360 352
360 351
360 350
360 349
360 348
360 347
360 346
359 346
359 345
360 345
361 345
361 344
362 344
362 343
362 342
362 341
362 340
362 339
362 338
362 337
362 336
362 335
362 334
362 333
362 332
362 331
362 330
362 329
362 328
362 327
361 327
361 326
360 326
360 325
360 324
359 324
359 323
358 323
358 322
364 357
365 357
366 357
367 357
368 357
369 357
370 357
371 357
474 244
474 245
475 244
476 244
477 244
478 244
479 244
480 244
481 244
481 245
482 245
483 245
484 245
484 246
473 245
473 246
472 246
472 247
472 248
472 249
471 249
471 250
471 251
470 251
469 251
469 252
468 252
467 252
466 252
466 253
465 253
465 254
465 255
464 255
450 313
450 312
451 313
451 314
452 314
452 315
452 316
453 316
453 317
453 318
454 318
454 319
454 320
454 321
455 321
455 322
454 322
454 323
453 323
453 324
453 325
452 325
451 325
451 326
450 326
449 326
448 326
447 326
447 325
446 325
446 324
446 323
445 323
445 324
445 325
445 326
445 327
445 328
444 328
444 329
443 329
442 329
441 329
441 330
440 330
440 331
439 331
438 331
438 330
437 330
436 330
435 330
434 330
433 330
433 329
432 329
431 329
430 329
429 329
428 329
427 329
426 329
425 329
424 329
424 328
423 328
422 328
421 328
420 328
419 328
418 328
417 328
416 328
415 328
414 328
413 328
412 328
411 328
410 328
409 328
408 328
407 328
406 328
405 328
405 329
404 329
404 330
404 331
403 331
403 332
402 332
449 312
449 311
449 310
449 309
449 308
448 308
448 307
447 307
380 424
380 425
380 423
380 422
380 421
380 420
381 420
381 419
382 419
382 418
383 418
383 417
384 417
384 416
385 416
385 415
386 415
387 415
380 426
380 427
380 428
379 428
379 429
379 430
378 430
377 430
377 431
378 431
379 431
380 431
380 432
381 432
381 433
381 434
381 435
382 435
382 436
383 436
383 437
384 437
384 438
384 439
384 440
384 441
384 442
384 443
384 444
385 444
385 445
385 446
385 447
385 448
386 448
386 449
387 449
388 449
389 449
390 449
391 449
391 448
392 448
392 447
393 447
393 446
393 445
393 444
393 443
394 443
394 444
394 445
395 445
395 446
396 446
396 447
397 447
397 448
398 448
399 448
399 449
399 450
399 451
399 452
399 453
400 453
400 454
401 454
401 455
402 455
402 456
403 456
404 456
405 456
406 456
407 456
408 456
409 456
409 455
410 455
410 454
411 454
411 453
412 453
412 452
413 452
413 451
413 450
413 449
413 448
413 447
414 447
414 446
415 446
416 446
416 445
417 445
417 444
383 485
384 485
382 485
381 485
380 485
379 485
378 485
377 485
376 485
375 485
374 485
374 486
373 486
373 487
372 487
385 485
386 485
387 485
388 485
388 486
389 486
390 486
390 485
391 485
392 485
392 484
392 483
392 482
393 482
393 481
393 480
394 480
394 479
394 478
394 477
394 476
394 475
394 474
394 473
395 473
395 472
394 472
393 472
392 472
392 471
391 471
391 470
390 470
390 469
390 468
389 468
389 467
390 467
390 466
391 466
391 465
392 465
392 464
393 464
394 464
394 463
395 463
395 462
396 462
397 462
397 461
398 461
398 460
399 460
399 459
400 459
400 458
400 457
400 456
400 455
400 202
399 202
400 201
400 200
400 199
401 199
401 198
402 198
402 197
403 197
404 197
404 196
405 196
406 196
407 196
407 195
408 195
408 194
409 194
410 194
411 194
412 194
413 194
414 194
414 193
415 193
416 193
417 193
417 194
418 194
419 194
420 194
421 194
421 195
422 195
422 196
423 196
424 196
425 196
426 196
427 196
428 196
428 197
429 197
429 198
429 199
429 200
429 201
429 202
430 202
430 203
431 203
432 203
433 203
434 203
435 203
436 203
437 203
438 203
439 203
440 203
441 203
442 203
443 203
444 203
445 203
445 204
445 205
446 205
447 205
448 205
449 205
450 205
451 205
452 205
453 205
399 203
399 204
399 205
399 206
399 207
399 208
398 208
398 209
399 209
399 210
399 211
399 212
399 213
399 214
399 215
398 215
397 215
396 215
395 215
394 215
393 215
392 215
391 215
390 215
390 214
389 214
389 213
388 213
388 212
387 212
387 211
386 211
385 211
385 210
385 209
384 209
384 208
384 207
384 206
383 206
382 206
382 207
382 208
381 208
380 208
379 208
378 208
377 208
376 208
375 208
375 209
374 209
373 209
372 209
371 209
370 209
369 209
439 369
439 370
439 368
439 367
440 367
440 366
441 366
441 365
442 365
442 364
443 364
444 364
445 364
446 364
447 364
448 364
449 364
449 365
450 365
451 365
451 366
452 366
453 366
453 367
453 368
453 369
453 370
453 371
453 372
439 371
439 372
439 373
439 374
438 374
437 374
436 374
435 374
434 374
433 374
432 374
432 375
431 375
431 376
430 376
430 377
429 377
429 378
428 378
428 379
427 379
427 378
426 378
425 378
424 378
423 378
422 378
421 378
420 378
419 378
419 377
418 377
418 376
418 375
418 374
418 373
418 372
332 16
332 15
332 17
333 17
333 18
334 18
334 19
335 19
335 20
331 15
331 14
330 14
330 13
329 13
329 12
328 12
328 11
327 11
326 11
325 11
324 11
323 11
322 11
322 10
321 10
320 10
319 10
319 9
318 9
318 8
317 8
422 460
422 459
422 461
422 462
422 463
423 463
423 464
423 465
424 465
424 466
424 467
425 467
425 468
426 468
426 469
427 469
428 469
429 469
429 470
429 471
429 472
430 472
430 473
430 474
430 475
430 476
431 476
431 477
422 458
422 457
422 456
422 455
422 454
422 453
422 452
422 451
422 450
505 363
505 362
505 364
505 365
505 366
505 367
506 367
506 368
507 368
505 361
505 360
505 359
505 358
505 357
506 357
507 357
508 357
509 357
510 357
511 357
511 356
511 355
511 354
511 353
511 352
511 351
511 350
511 349
511 348
511 347
511 346
511 345
511 344
510 344
509 344
509 343
508 343
507 343
507 342
506 342
506 341
365 297
364 297
366 297
366 298
366 299
366 300
367 300
367 301
367 302
368 302
368 303
369 303
369 304
369 305
369 306
369 307
369 308
368 308
368 309
367 309
367 310
366 310
366 311
365 311
365 312
365 313
365 314
365 315
365 316
365 317
364 317
363 317
362 317
361 317
360 317
359 317
359 318
359 319
359 320
359 321
358 321
363 297
362 297
361 297
360 297
359 297
359 296
358 296
357 296
357 295
356 295
356 294
356 293
356 292
356 291
356 290
356 289
355 289
355 288
354 288
354 287
353 287
353 286
352 286
352 285
351 285
350 285
349 285
349 284
348 284
348 283
347 283
347 282
347 281
348 281
348 280
348 279
348 278
348 277
348 276
348 275
348 274
348 273
348 272
348 271
348 270
348 269
348 268
349 268
349 267
350 267
351 267
351 266
352 266
391 54
391 53
391 55
391 56
392 56
393 56
393 57
394 57
394 58
395 58
395 59
396 59
391 52
391 51
390 51
390 50
390 49
390 48
390 47
390 46
390 45
389 45
389 44
388 44
387 44
387 43
388 43
389 43
390 43
391 43
392 43
393 43
394 43
395 43
396 43
397 43
398 43
398 42
399 42
399 41
398 41
398 40
397 40
396 40
395 40
395 39
395 38
394 38
394 37
394 36
395 36
395 35
396 35
396 34
397 34
397 33
398 33
398 32
399 32
399 31
399 30
399 29
399 28
399 27
399 26
398 26
398 25
397 25
396 25
395 25
394 25
394 24
393 24
392 24
392 23
391 23
391 22
390 22
390 21
489 272
489 273
489 271
489 270
488 270
487 270
487 269
488 269
488 268
489 268
489 267
490 267
490 266
491 266
492 266
492 265
493 265
494 265
494 264
495 264
496 264
497 264
498 264
499 264
500 264
501 264
502 264
503 264
504 264
505 264
505 263
505 262
505 261
505 260
505 259
505 258
505 257
504 257
504 256
489 274
489 275
489 276
489 277
490 277
490 278
491 278
363 494
362 494
364 494
365 494
366 494
366 493
367 493
368 493
368 492
369 492
370 492
370 491
370 490
371 490
371 489
372 489
372 488
362 495
361 495
361 496
360 496
360 497
359 497
358 497
357 497
356 497
355 497
354 497
353 497
352 497
352 498
351 498
351 497
350 497
350 496
350 495
350 494
350 493
350 492
349 492
349 491
348 491
348 490
347 490
347 489
346 489
346 490
345 490
344 490
343 490
343 491
342 491
427 484
426 484
428 484
429 484
430 484
430 483
430 482
430 481
430 480
430 479
430 478
430 477
426 485
425 485
425 486
424 486
424 487
423 487
423 488
423 489
423 490
422 490
422 491
421 491
421 492
420 492
420 493
419 493
418 493
417 493
417 494
416 494
415 494
415 495
414 495
414 496
413 496
413 497
412 497
412 498
412 499
412 500
412 501
412 502
412 503
412 504
412 505
412 506
413 506
414 506
414 507
415 507
415 508
416 508
439 133
440 133
438 133
438 132
437 132
437 131
436 131
435 131
434 131
433 131
432 131
431 131
430 131
430 132
429 132
429 133
428 133
428 134
428 135
428 136
428 137
428 138
428 139
428 140
427 140
426 140
425 140
424 140
424 141
424 142
424 143
424 144
424 145
423 145
422 145
422 146
440 134
441 134
442 134
443 134
444 134
444 135
445 135
446 135
447 135
448 135
448 134
448 133
448 132
448 131
448 130
448 129
448 128
449 128
449 127
450 127
450 126
338 500
339 500
337 500
337 499
336 499
336 498
335 498
335 497
335 496
339 501
339 502
340 502
340 503
340 504
341 504
341 505
341 506
342 506
342 507
342 508
26 267
26 268
25 267
25 266
24 266
23 266
23 265
22 265
21 265
20 265
19 265
18 265
17 265
16 265
15 265
15 266
14 266
14 267
13 267
13 268
12 268
12 269
11 269
11 270
10 270
10 271
27 268
27 269
28 269
28 270
28 271
29 271
29 272
28 272
28 273
27 273
27 274
26 274
26 275
26 276
26 277
26 278
26 279
26 280
26 281
26 282
26 283
26 284
26 285
26 286
26 287
26 288
26 289
345 442
345 443
345 441
346 441
346 440
347 440
347 439
348 439
348 438
348 437
348 436
348 435
348 434
348 433
348 432
349 432
350 432
350 431
350 430
350 429
351 429
351 428
351 427
352 427
353 427
353 426
354 426
355 426
356 426
356 425
357 425
357 424
357 423
357 422
357 421
358 421
358 420
359 420
360 420
361 420
362 420
363 420
364 420
365 420
365 419
366 419
367 419
368 419
368 418
369 418
370 418
371 418
371 417
372 417
372 416
372 415
373 415
373 414
374 414
374 413
375 413
375 412
375 411
375 410
376 410
376 409
377 409
378 409
378 410
379 410
380 410
381 410
381 411
382 411
383 411
384 411
384 412
385 412
344 443
343 443
343 444
342 444
341 444
341 445
341 446
340 446
340 447
340 448
339 448
338 448
337 448
336 448
335 448
334 448
333 448
333 449
332 449
332 450
332 451
331 451
331 452
330 452
330 451
329 451
329 450
328 450
327 450
327 449
326 449
326 448
325 448
325 447
324 447
324 446
323 446
323 445
323 444
323 443
323 442
322 442
322 441
321 441
320 441
319 441
318 441
317 441
316 441
316 442
316 443
316 444
316 445
316 446
316 447
316 448
315 448
315 449
315 450
315 451
314 451
314 452
314 453
314 454
314 455
314 456
314 457
314 458
314 459
314 460
314 461
314 462
314 463
314 464
314 465
315 465
315 466
315 467
316 467
316 468
317 468
317 469
317 470
317 471
316 471
316 472
315 472
314 472
313 472
313 473
312 473
311 473
311 474
311 475
311 476
311 477
311 478
311 479
312 479
313 479
365 84
364 84
366 84
367 84
368 84
369 84
370 84
371 84
371 83
372 83
363 84
362 84
361 84
361 85
360 85
360 84
359 84
358 84
358 83
357 83
356 83
356 82
355 82
355 81
354 81
354 80
354 79
354 78
354 77
354 76
355 76
355 75
355 74
355 73
354 73
354 72
354 71
354 70
354 69
354 68
354 67
354 66
354 65
354 64
354 63
354 62
354 61
354 60
354 59
353 59
353 58
352 58
352 57
351 57
350 57
349 57
349 56
348 56
347 56
346 56
346 55
345 55
344 55
343 55
342 55
341 55
340 55
339 55
338 55
337 55
337 54
336 54
335 54
335 53
334 53
334 54
334 55
334 56
334 57
334 58
334 59
334 60
334 61
334 62
334 63
334 64
334 65
333 65
393 154
393 155
393 153
393 152
393 151
393 150
392 150
392 149
391 149
391 148
390 148
390 147
389 147
388 147
388 146
387 146
387 145
387 144
387 143
388 143
388 142
389 142
390 142
390 141
391 141
392 141
392 140
392 139
392 138
392 137
393 137
393 136
393 135
394 135
395 135
395 134
396 134
397 134
397 133
397 132
398 132
398 131
397 131
397 130
396 130
396 129
396 128
395 128
395 127
395 126
394 126
394 125
393 125
393 124
393 123
393 122
393 121
393 120
393 119
392 119
392 118
391 118
391 117
391 116
390 116
389 116
388 116
387 116
386 116
385 116
384 116
383 116
383 117
382 117
381 117
381 118
380 118
380 119
380 120
379 120
379 121
378 121
377 121
376 121
376 122
375 122
374 122
373 122
372 122
371 122
370 122
369 122
368 122
367 122
367 123
393 156
393 157
393 158
394 158
395 158
396 158
397 158
398 158
398 159
399 159
399 160
399 161
399 162
400 162
400 163
400 164
400 165
400 166
400 167
400 168
400 169
399 169
399 170
399 171
399 172
399 173
399 174
399 175
399 176
399 177
400 177
400 178
401 178
401 179
402 179
403 179
403 180
404 180
404 181
404 182
404 183
404 184
404 185
404 186
404 187
405 187
405 188
406 188
406 189
406 190
406 191
406 192
406 193
407 193
407 194
428 284
427 284
428 285
429 285
429 286
430 286
430 287
431 287
431 288
432 288
432 289
433 289
434 289
434 290
435 290
435 291
436 291
437 291
437 290
438 290
438 289
438 288
438 287
438 286
438 285
438 284
438 283
439 283
440 283
441 283
442 283
443 283
444 283
445 283
446 283
446 284
446 285
446 286
446 287
447 287
447 288
447 289
448 289
448 290
448 291
448 292
448 293
448 294
448 295
448 296
448 297
448 298
447 298
446 298
446 299
446 300
446 301
446 302
446 303
446 304
446 305
446 306
447 306
426 284
425 284
424 284
423 284
422 284
422 285
421 285
421 286
421 287
420 287
420 288
420 289
419 289
419 290
419 291
419 292
419 293
419 294
419 295
419 296
419 297
419 298
420 298
420 299
420 300
421 300
421 301
422 301
422 302
423 302
423 303
382 52
381 52
383 52
384 52
385 52
386 52
386 51
387 51
388 51
388 50
389 50
389 49
389 48
389 47
389 46
380 52
379 52
378 52
377 52
376 52
376 53
376 54
376 55
375 55
374 55
373 55
372 55
371 55
370 55
369 55
368 55
368 56
367 56
367 57
367 58
366 58
366 59
365 59
364 59
364 60
363 60
362 60
362 61
361 61
360 61
359 61
358 61
357 61
357 60
356 60
355 60
456 298
457 298
455 298
454 298
453 298
453 297
452 297
451 297
450 297
449 297
458 298
459 298
460 298
461 298
461 299
462 299
463 299
463 300
464 300
464 301
465 301
466 301
466 300
466 299
467 299
468 299
468 298
469 298
469 297
470 297
470 296
470 295
470 294
471 294
471 293
472 293
472 292
473 292
474 292
474 291
474 290
474 289
474 288
474 287
474 286
474 285
475 285
475 284
475 283
476 283
476 284
476 285
477 285
477 286
477 287
478 287
479 287
480 287
481 287
482 287
482 286
483 286
483 285
483 284
483 283
484 283
484 282
484 281
485 281
486 281
487 281
488 281
489 281
489 280
490 280
490 279
491 279
379 252
379 251
379 253
379 254
379 255
379 256
379 257
380 257
380 258
381 258
382 258
383 258
384 258
384 259
385 259
385 260
385 261
385 262
385 263
385 264
385 265
385 266
386 266
387 266
388 266
388 267
389 267
389 268
390 268
390 269
379 250
379 249
379 248
379 247
380 247
380 246
381 246
381 245
382 245
382 244
383 244
383 243
383 242
383 241
382 241
382 240
382 239
381 239
381 238
380 238
380 237
380 236
379 236
379 235
378 235
378 234
378 233
378 232
378 231
378 230
377 230
377 229
376 229
376 228
375 228
374 228
373 228
372 228
371 228
370 228
370 227
371 227
371 226
371 225
371 224
371 223
371 222
371 221
371 220
371 219
371 218
371 217
371 216
371 215
371 214
371 213
370 213
370 212
370 211
369 211
500 361
501 361
499 361
499 362
498 362
498 363
497 363
497 364
497 365
497 366
497 367
496 367
496 368
495 368
495 367
494 367
494 366
493 366
493 365
492 365
491 365
490 365
489 365
488 365
488 364
487 364
486 364
485 364
484 364
483 364
482 364
482 365
482 366
482 367
482 368
482 369
482 370
482 371
483 371
483 372
483 373
483 374
484 374
484 375
484 376
484 377
484 378
484 379
484 380
485 380
485 381
486 381
486 382
487 382
487 383
487 384
488 384
489 384
489 385
490 385
502 361
503 361
504 361
466 58
465 58
467 58
468 58
469 58
470 58
471 58
472 58
473 58
474 58
475 58
476 58
477 58
478 58
479 58
479 59
480 59
481 59
482 59
483 59
484 59
484 58
484 57
484 56
485 56
485 55
486 55
486 54
487 54
487 53
488 53
489 53
489 52
490 52
491 52
492 52
492 51
493 51
493 50
494 50
495 50
495 49
496 49
497 49
497 48
498 48
499 48
500 48
501 48
502 48
503 48
504 48
504 49
504 50
503 50
503 51
503 52
502 52
502 53
501 53
501 54
501 55
501 56
501 57
501 58
501 59
502 59
502 60
502 61
501 61
501 62
501 63
501 64
501 65
500 65
500 66
500 67
501 67
501 68
501 69
502 69
502 70
502 71
503 71
503 72
503 73
503 74
503 75
503 76
504 76
505 76
506 76
507 76
508 76
509 76
509 77
510 77
510 78
510 79
510 80
511 80
511 81
511 82
511 83
511 84
511 85
510 85
509 85
509 86
508 86
508 87
507 87
507 88
506 88
506 89
506 90
507 90
507 91
507 92
507 93
507 94
507 95
507 96
507 97
508 97
509 97
509 98
510 98
510 99
510 100
509 100
509 101
509 102
508 102
508 103
508 104
507 104
507 105
507 106
507 107
507 108
506 108
506 109
505 109
505 110
504 110
503 110
502 110
502 111
501 111
501 112
501 113
501 114
502 114
502 115
503 115
503 116
503 117
504 117
504 118
505 118
505 119
505 120
505 121
505 122
504 122
504 123
503 123
502 123
501 123
500 123
499 123
498 123
497 123
497 124
496 124
496 125
495 125
494 125
494 126
493 126
493 127
492 127
491 127
491 128
490 128
490 129
490 130
490 131
490 132
490 133
490 134
489 134
489 135
488 135
488 136
487 136
487 137
486 137
485 137
485 138
486 138
487 138
487 139
487 140
487 141
487 142
487 143
487 144
487 145
487 146
488 146
488 147
489 147
490 147
490 148
491 148
491 149
492 149
492 150
493 150
494 150
494 151
494 152
494 153
494 154
494 155
494 156
494 157
494 158
493 158
493 159
493 160
493 161
493 162
492 162
491 162
491 163
490 163
490 164
489 164
489 165
489 166
489 167
489 168
489 169
489 170
489 171
489 172
489 173
489 174
488 174
488 175
487 175
486 175
486 176
485 176
484 176
484 177
483 177
482 177
482 178
481 178
480 178
479 178
479 179
478 179
478 180
477 180
476 180
475 180
475 181
474 181
474 182
473 182
473 183
473 184
472 184
464 58
463 58
462 58
461 58
460 58
459 58
459 59
459 60
458 60
458 59
458 58
458 57
458 56
458 55
458 54
458 53
458 52
458 51
458 50
458 49
457 49
456 49
456 48
455 48
454 48
454 47
453 47
452 47
451 47
450 47
449 47
448 47
447 47
446 47
445 47
445 46
444 46
444 45
443 45
442 45
442 44
441 44
440 44
439 44
438 44
437 44
436 44
436 45
435 45
435 44
434 44
434 43
434 42
434 41
434 40
434 39
434 38
433 38
432 38
432 37
431 37
431 36
430 36
430 35
429 35
428 35
428 34
427 34
427 33
426 33
425 33
424 33
424 32
423 32
423 31
425 46
426 46
424 46
423 46
422 46
421 46
420 46
420 47
419 47
419 48
418 48
418 49
417 49
417 50
417 51
416 51
416 52
415 52
415 53
415 54
414 54
414 55
413 55
413 56
412 56
411 56
410 56
409 56
408 56
407 56
406 56
405 56
404 56
403 56
402 56
401 56
400 56
400 57
399 57
399 58
398 58
397 58
397 59
427 46
428 46
429 46
430 46
430 45
431 45
432 45
433 45
434 45
318 405
318 404
318 406
318 407
318 408
318 409
318 410
318 411
318 412
319 412
319 413
320 413
321 413
321 414
322 414
323 414
324 414
325 414
326 414
327 414
328 414
329 414
330 414
331 414
332 414
333 414
334 414
335 414
336 414
337 414
337 413
338 413
338 412
338 411
339 411
339 410
340 410
341 410
342 410
342 409
343 409
344 409
344 408
345 408
345 407
346 407
346 408
347 408
348 408
348 409
349 409
349 410
350 410
351 410
352 410
353 410
354 410
355 410
356 410
357 410
358 410
359 410
360 410
360 409
360 408
360 407
360 406
361 406
361 405
361 404
362 404
362 403
363 403
363 402
364 402
365 402
365 401
366 401
367 401
367 402
368 402
368 403
368 404
369 404
369 405
370 405
370 406
371 406
372 406
372 407
373 407
374 407
375 407
375 408
376 408
377 408
319 404
319 403
319 402
320 402
320 401
321 401
321 400
321 399
321 398
321 397
321 396
321 395
321 394
322 394
322 393
322 392
322 391
322 390
322 389
323 389
324 389
325 389
326 389
327 389
328 389
329 389
330 389
331 389
332 389
332 390
333 390
334 390
335 390
336 390
315 294
316 294
314 294
313 294
313 293
312 293
311 293
310 293
309 293
309 294
308 294
308 295
307 295
307 296
306 296
306 297
317 294
318 294
319 294
320 294
321 294
322 294
323 294
324 294
324 293
324 292
324 291
324 290
325 290
325 291
326 291
326 292
327 292
328 292
329 292
329 291
330 291
331 291
331 290
331 289
332 289
332 288
333 288
333 287
334 287
335 287
336 287
337 287
337 286
338 286
338 285
338 284
338 283
339 283
340 283
341 283
342 283
343 283
344 283
345 283
346 283
346 282
492 434
492 433
492 435
492 436
492 437
493 437
494 437
495 437
495 438
496 438
496 439
497 439
497 440
498 440
498 441
492 432
491 432
491 431
490 431
490 430
489 430
489 429
488 429
487 429
487 428
486 428
486 427
485 427
485 426
484 426
484 425
483 425
482 425
482 424
481 424
480 424
480 423
479 423
478 423
477 423
477 422
476 422
476 421
475 421
475 422
474 422
474 423
473 423
472 423
471 423
470 423
469 423
468 423
467 423
466 423
466 422
465 422
465 421
464 421
464 420
463 420
463 419
462 419
462 418
462 417
461 417
460 417
459 417
458 417
457 417
456 417
455 417
454 417
453 417
452 417
451 417
450 417
450 416
449 416
439 37
439 36
439 38
438 38
437 38
436 38
435 38
439 35
439 34
439 33
440 33
440 32
441 32
441 31
440 31
440 30
440 29
439 29
439 28
439 27
439 26
439 25
439 24
439 23
439 22
439 21
438 21
438 20
437 20
437 19
438 19
439 19
440 19
441 19
442 19
442 18
443 18
444 18
444 17
445 17
446 17
447 17
448 17
448 16
449 16
449 15
450 15
450 14
449 14
449 13
448 13
447 13
446 13
445 13
445 12
445 11
445 10
445 9
445 8
445 7
445 6
445 5
444 5
461 107
461 106
461 108
461 109
461 110
461 111
461 112
462 112
462 113
463 113
464 113
464 114
465 114
465 115
466 115
467 115
468 115
469 115
470 115
471 115
472 115
472 114
472 113
472 112
472 111
472 110
473 110
473 109
474 109
475 109
475 108
476 108
476 109
477 109
478 109
479 109
480 109
480 108
481 108
482 108
483 108
483 107
484 107
485 107
486 107
487 107
487 108
488 108
489 108
489 109
490 109
491 109
492 109
492 110
493 110
493 111
494 111
494 110
495 110
496 110
497 110
498 110
499 110
500 110
500 111
500 112
461 105
461 104
460 104
460 103
460 102
459 102
459 101
459 100
459 99
459 98
459 97
459 96
458 96
458 95
459 95
459 94
460 94
460 93
461 93
461 92
461 91
462 91
462 90
463 90
463 89
463 88
464 88
464 87
465 87
465 86
466 86
466 85
467 85
467 84
467 83
468 83
468 82
408 136
409 136
407 136
406 136
405 136
404 136
403 136
403 137
402 137
401 137
401 136
400 136
400 135
399 135
398 135
397 135
396 135
410 136
411 136
412 136
412 137
413 137
413 138
414 138
414 139
415 139
416 139
416 140
417 140
417 141
418 141
418 142
418 143
419 143
419 144
420 144
420 145
421 145
421 146
13 251
13 250
13 252
13 253
13 254
13 255
13 256
13 257
13 258
12 258
12 259
12 260
12 261
12 262
12 263
12 264
12 265
12 266
12 267
13 249
12 249
12 248
11 248
10 248
9 248
8 248
8 247
7 247
7 246
6 246
6 245
5 245
5 244
334 38
335 38
333 38
333 37
332 37
331 37
331 36
330 36
330 35
330 34
329 34
329 33
329 32
328 32
328 31
328 30
328 29
329 29
329 28
329 27
330 27
330 26
331 26
332 26
332 25
332 24
332 23
333 23
333 22
334 22
334 21
335 21
335 39
336 39
336 40
337 40
337 41
337 42
337 43
336 43
336 44
336 45
336 46
336 47
336 48
336 49
336 50
336 51
336 52
335 52
29 244
30 244
29 245
28 245
28 246
27 246
26 246
25 246
25 247
24 247
23 247
23 248
22 248
22 249
21 249
20 249
20 250
19 250
19 251
18 251
18 252
17 252
16 252
16 253
15 253
15 254
15 255
14 255
14 256
31 244
32 244
33 244
34 244
35 244
35 243
36 243
36 242
37 242
37 241
422 87
422 88
423 87
424 87
424 86
425 86
426 86
427 86
428 86
429 86
430 86
431 86
432 86
433 86
421 88
420 88
419 88
419 89
418 89
418 90
418 91
417 91
417 92
417 93
416 93
415 93
414 93
413 93
412 93
411 93
410 93
410 94
410 95
410 96
410 97
410 98
410 99
410 100
410 101
410 102
409 102
409 103
408 103
408 104
407 104
407 105
406 105
405 105
405 106
404 106
403 106
403 107
402 107
401 107
401 108
400 108
400 109
399 109
399 110
398 110
398 111
397 111
397 112
396 112
395 112
394 112
394 113
393 113
392 113
392 114
391 114
391 115
390 115
286 57
286 56
286 58
285 58
284 58
284 59
283 59
283 60
282 60
282 61
281 61
287 56
287 55
288 55
288 54
289 54
290 54
290 53
289 53
289 52
288 52
287 52
287 51
286 51
285 51
285 50
284 50
283 50
283 49
282 49
281 49
280 49
280 48
279 48
279 47
278 47
278 46
277 46
277 45
276 45
276 44
276 43
275 43
275 42
275 41
275 40
274 40
274 39
273 39
322 65
323 65
321 65
321 66
321 67
321 68
321 69
321 70
321 71
320 71
320 72
319 72
319 73
318 73
317 73
316 73
315 73
314 73
314 72
313 72
313 71
312 71
312 70
311 70
311 69
311 68
311 67
311 66
311 65
311 64
310 64
310 63
310 62
310 61
310 60
310 59
310 58
309 58
309 57
309 56
309 55
309 54
308 54
308 53
307 53
307 52
324 65
325 65
326 65
327 65
328 65
329 65
330 65
331 65
332 65
300 55
301 55
300 56
299 56
299 57
298 57
298 58
297 58
297 59
297 60
296 60
296 59
296 58
295 58
295 57
295 56
294 56
294 55
293 55
292 55
291 55
291 54
302 55
303 55
304 55
305 55
305 54
305 53
306 53
306 52
333 270
333 271
332 270
332 269
331 269
331 268
330 268
330 267
329 267
329 266
328 266
328 265
329 265
329 264
329 263
330 263
330 262
331 262
331 261
332 261
332 260
333 260
333 259
334 259
334 258
335 258
333 272
333 273
333 274
333 275
333 276
333 277
333 278
333 279
334 279
334 280
335 280
335 281
336 281
337 281
337 282
338 282
19 93
19 92
19 94
19 95
19 96
19 97
19 98
20 98
20 99
19 99
18 99
17 99
16 99
15 99
14 99
14 100
14 101
13 101
12 101
12 102
11 102
11 103
10 103
10 104
9 104
9 105
8 105
8 106
19 91
19 90
19 89
19 88
19 87
19 86
19 85
19 84
19 83
19 82
19 81
19 80
20 80
20 81
21 81
21 82
21 83
21 84
21 85
21 86
21 87
22 87
23 87
24 87
25 87
26 87
26 88
27 88
27 89
28 89
28 90
480 450
481 450
479 450
478 450
477 450
476 450
476 449
475 449
475 448
482 450
483 450
483 449
483 448
483 447
483 446
483 445
484 445
484 444
484 443
484 442
484 441
484 440
484 439
484 438
484 437
484 436
485 436
485 435
485 434
486 434
486 433
486 432
486 431
486 430
486 429
216 491
217 491
215 491
214 491
213 491
212 491
211 491
211 490
210 490
209 490
208 490
207 490
206 490
205 490
204 490
203 490
202 490
201 490
200 490
199 490
198 490
218 491
219 491
220 491
221 491
222 491
222 492
223 492
224 492
225 492
226 492
227 492
228 492
229 492
229 493
229 494
230 494
230 495
231 495
231 494
232 494
232 493
233 493
234 493
234 492
235 492
235 491
236 491
237 491
237 490
238 490
238 489
239 489
239 488
239 487
239 486
239 485
239 484
239 483
239 482
239 481
239 480
240 480
241 480
242 480
243 480
244 480
245 480
245 479
245 478
246 478
247 478
248 478
249 478
250 478
251 478
252 478
252 477
253 477
253 476
254 476
254 475
255 475
256 475
256 474
257 474
257 473
258 473
259 473
259 472
260 472
260 471
259 471
259 470
258 470
258 469
258 468
258 467
258 466
257 466
257 465
256 465
256 464
255 464
255 463
255 462
254 462
254 461
254 460
255 460
255 459
256 459
256 458
257 458
258 458
258 457
259 457
260 457
261 457
262 457
262 456
263 456
263 455
264 455
264 454
264 453
265 453
265 452
266 452
266 451
267 451
268 451
269 451
270 451
270 452
271 452
272 452
272 453
272 454
273 454
273 455
274 455
274 456
275 456
275 455
275 454
275 453
275 452
276 452
276 451
277 451
277 450
278 450
279 450
280 450
281 450
282 450
283 450
284 450
285 450
286 450
287 450
288 450
288 451
289 451
289 452
290 452
291 452
291 453
292 453
293 453
293 454
293 455
294 455
294 456
294 457
295 457
295 458
295 459
296 459
297 459
297 460
298 460
299 460
300 460
300 461
301 461
301 462
302 462
302 463
303 463
303 464
303 465
304 465
304 466
305 466
305 467
306 467
306 468
306 469
307 469
307 470
307 471
308 471
308 472
309 472
309 473
310 473
310 474
290 22
291 22
289 22
289 21
288 21
288 20
288 19
287 19
287 18
287 17
287 16
287 15
287 14
286 14
285 14
284 14
283 14
282 14
282 15
281 15
281 16
280 16
292 22
293 22
294 22
295 22
296 22
296 21
296 20
295 20
295 19
295 18
295 17
295 16
295 15
295 14
295 13
295 12
295 11
296 11
297 11
298 11
299 11
300 11
300 10
300 9
301 9
301 8
301 7
301 6
301 5
302 5
302 4
303 4
304 4
304 3
304 2
305 2
306 2
307 2
308 2
309 2
310 2
310 3
311 3
311 4
312 4
312 5
313 5
314 5
314 6
315 6
315 7
316 7
316 8
299 26
299 27
299 25
298 25
297 25
297 24
297 23
296 23
299 28
300 28
300 29
300 30
301 30
302 30
303 30
304 30
305 30
305 31
306 31
306 32
306 33
306 34
306 35
307 35
307 36
308 36
308 37
308 38
307 38
307 39
306 39
306 40
306 41
305 41
305 42
305 43
306 43
306 44
306 45
306 46
306 47
306 48
306 49
306 50
306 51
506 313
506 314
507 313
507 312
508 312
508 311
509 311
509 310
510 310
511 310
505 314
504 314
503 314
503 315
502 315
502 316
502 317
502 318
502 319
502 320
501 320
501 321
500 321
499 321
498 321
497 321
496 321
496 322
496 323
496 324
496 325
496 326
496 327
496 328
496 329
496 330
496 331
496 332
495 332
494 332
494 333
493 333
492 333
492 334
491 334
490 334
489 334
488 334
488 335
489 335
490 335
490 336
491 336
491 337
491 338
492 338
492 339
493 339
493 340
493 341
494 341
494 342
494 343
495 343
495 344
496 344
496 345
497 345
497 344
498 344
498 343
499 343
500 343
501 343
502 343
503 343
504 343
505 343
505 342
298 93
297 93
298 94
299 94
299 95
300 95
301 95
301 96
302 96
303 96
304 96
305 96
306 96
307 96
307 97
308 97
308 98
308 99
309 99
309 100
308 100
308 101
307 101
307 102
307 103
306 103
306 104
306 105
306 106
306 107
306 108
306 109
306 110
306 111
306 112
306 113
307 113
307 114
307 115
308 115
308 116
309 116
310 116
311 116
312 116
312 117
313 117
314 117
314 118
314 119
314 120
314 121
314 122
314 123
314 124
314 125
314 126
314 127
313 127
313 128
312 128
311 128
311 129
311 130
312 130
313 130
313 131
314 131
314 132
315 132
315 133
316 133
316 134
316 135
317 135
317 136
317 137
318 137
318 138
319 138
319 139
320 139
321 139
321 140
322 140
323 140
324 140
325 140
325 141
325 142
326 142
327 142
327 141
327 140
328 140
329 140
330 140
331 140
332 140
333 140
334 140
335 140
336 140
337 140
337 139
338 139
339 139
339 138
340 138
341 138
341 137
342 137
343 137
343 136
344 136
345 136
345 135
346 135
346 134
346 133
346 132
346 131
347 131
348 131
349 131
350 131
350 130
351 130
352 130
352 129
353 129
353 128
354 128
354 127
355 127
355 126
356 126
356 127
357 127
358 127
358 128
359 128
360 128
361 128
362 128
363 128
363 127
364 127
364 126
365 126
365 125
366 125
366 124
366 123
297 92
296 92
296 91
295 91
295 90
294 90
294 89
294 88
293 88
293 87
292 87
292 86
357 188
357 187
357 189
357 190
356 190
356 191
355 191
354 191
353 191
352 191
351 191
350 191
349 191
349 192
350 192
350 193
351 193
352 193
352 194
353 194
354 194
354 195
355 195
355 196
355 197
356 197
356 198
356 199
356 200
356 201
356 202
357 202
357 203
357 204
358 204
358 205
359 205
359 206
359 207
360 207
361 207
362 207
363 207
364 207
365 207
365 208
366 208
367 208
367 209
368 209
357 186
357 185
357 184
357 183
357 182
357 181
358 181
358 180
359 180
359 179
72 122
72 123
72 121
72 120
72 119
72 118
72 117
72 116
73 116
74 116
75 116
76 116
77 116
78 116
79 116
79 117
80 117
80 116
80 115
80 114
80 113
80 112
80 111
79 111
79 110
79 109
79 108
79 107
79 106
79 105
80 105
80 104
80 103
80 102
79 102
79 101
78 101
78 100
77 100
77 99
76 99
75 99
74 99
73 99
72 99
72 98
72 97
71 97
71 96
71 95
71 94
71 93
71 92
71 91
71 90
71 89
72 89
72 88
73 88
72 124
72 125
72 126
72 127
72 128
73 128
73 129
73 130
74 130
74 131
73 131
73 132
73 133
73 134
72 134
72 135
72 136
72 137
71 137
71 138
71 139
70 139
70 140
69 140
68 140
68 141
67 141
66 141
66 142
65 142
65 143
64 143
63 143
62 143
61 143
60 143
60 144
59 144
59 145
59 146
58 146
58 147
57 147
57 148
465 468
464 468
465 469
466 469
466 470
467 470
468 470
469 470
470 470
471 470
472 470
473 470
474 470
464 467
463 467
463 466
463 465
462 465
461 465
461 464
460 464
460 463
459 463
458 463
457 463
456 463
455 463
454 463
454 462
453 462
453 461
453 460
452 460
451 460
451 459
450 459
449 459
448 459
447 459
446 459
445 459
444 459
443 459
443 460
442 460
442 461
441 461
441 460
440 460
440 459
439 459
439 458
438 458
438 457
437 457
436 457
436 456
435 456
435 455
434 455
433 455
433 454
434 454
434 453
434 452
434 451
434 450
435 450
451 493
451 494
451 492
451 491
451 490
451 489
451 488
451 487
450 487
449 487
449 486
448 486
447 486
447 485
446 485
445 485
444 485
443 485
443 486
442 486
442 487
442 488
442 489
441 489
441 488
441 487
441 486
441 485
441 484
440 484
440 483
440 482
439 482
438 482
437 482
436 482
435 482
434 482
434 481
433 481
433 480
433 479
432 479
432 478
431 478
451 495
451 496
452 496
452 497
453 497
454 497
454 498
455 498
456 498
456 499
457 499
458 499
458 500
458 501
458 502
458 503
458 504
458 505
458 506
458 507
458 508
457 508
457 509
456 509
455 509
455 510
454 510
453 510
452 510
451 510
450 510
449 510
178 75
178 76
179 75
179 74
179 73
179 72
179 71
180 71
180 70
180 69
180 68
180 67
181 67
181 66
182 66
182 65
183 65
177 76
176 76
175 76
175 77
174 77
173 77
173 78
173 79
172 79
171 79
170 79
169 79
168 79
167 79
166 79
165 79
164 79
163 79
162 79
161 79
160 79
160 80
159 80
6 361
6 362
6 360
6 359
7 359
8 359
8 358
9 358
6 363
6 364
5 364
5 365
4 365
3 365
2 365
1 365
0 365
0 366
0 367
0 368
0 369
0 370
0 371
0 372
0 373
0 374
1 374
2 374
2 375
3 375
4 375
5 375
6 375
7 375
7 376
8 376
9 376
9 377
10 377
10 378
10 379
10 380
10 381
10 382
11 382
11 383
12 383
12 384
295 124
295 125
295 123
295 122
295 121
295 120
295 119
295 118
295 117
295 116
295 115
296 115
296 114
296 113
297 113
297 112
298 112
299 112
300 112
301 112
302 112
303 112
304 112
305 112
294 125
294 126
293 126
292 126
291 126
290 126
289 126
289 127
288 127
288 128
287 128
287 129
107 26
108 26
106 26
105 26
105 27
105 28
105 29
105 30
105 31
105 32
105 33
105 34
104 34
104 35
103 35
103 36
103 37
103 38
103 39
103 40
103 41
102 41
102 42
102 43
101 43
100 43
99 43
98 43
97 43
96 43
96 44
97 44
97 45
98 45
98 46
98 47
98 48
98 49
98 50
98 51
97 51
96 51
95 51
94 51
93 51
92 51
92 52
91 52
109 26
109 25
110 25
110 24
110 23
110 22
111 22
111 21
112 21
113 21
113 20
113 19
113 18
114 18
114 17
115 17
115 18
115 19
115 20
115 21
115 22
115 23
116 23
116 24
117 24
117 25
118 25
119 25
119 26
120 26
121 26
121 27
122 27
123 27
123 28
124 28
124 29
124 30
124 31
124 32
124 33
124 34
124 35
124 36
124 37
123 37
123 38
122 38
75 178
76 178
74 178
73 178
72 178
71 178
70 178
69 178
69 179
68 179
67 179
67 180
66 180
65 180
64 180
64 181
63 181
63 182
62 182
61 182
61 181
60 181
60 180
59 180
58 180
57 180
56 180
55 180
54 180
53 180
52 180
52 179
77 178
78 178
79 178
80 178
80 179
81 179
81 180
82 180
82 181
82 182
83 182
83 183
83 184
83 185
83 186
83 187
83 188
83 189
84 189
84 190
83 190
83 191
82 191
81 191
81 192
80 192
80 193
80 194
80 195
80 196
79 196
79 197
79 198
79 199
79 200
79 201
79 202
79 203
80 203
80 204
79 204
79 205
79 206
79 207
79 208
79 209
79 210
78 210
78 211
77 211
77 212
76 212
76 213
75 213
75 214
75 215
75 216
75 217
75 218
74 218
74 219
75 219
75 220
75 221
76 221
76 222
76 223
76 224
76 225
76 226
76 227
76 228
75 228
75 229
208 34
209 34
208 33
208 32
208 31
208 30
208 29
208 28
208 27
207 27
207 26
206 26
205 26
204 26
203 26
202 26
201 26
200 26
199 26
198 26
198 27
197 27
197 28
196 28
196 29
209 35
209 36
210 36
210 37
211 37
211 38
212 38
212 39
213 39
214 39
214 40
215 40
216 40
217 40
218 40
219 40
220 40
221 40
222 40
223 40
223 41
224 41
225 41
226 41
227 41
228 41
229 41
230 41
231 41
231 40
231 39
231 38
231 37
231 36
231 35
231 34
231 33
231 32
231 31
232 31
232 30
233 30
234 30
234 29
235 29
236 29
237 29
238 29
239 29
240 29
241 29
242 29
242 30
243 30
243 31
243 32
243 33
244 33
244 34
244 35
245 35
245 36
245 37
245 38
245 39
246 39
246 40
246 41
247 41
247 42
248 42
249 42
249 43
250 43
251 43
251 44
252 44
252 45
253 45
254 45
254 46
255 46
255 47
256 47
256 48
257 48
257 49
258 49
259 49
260 49
261 49
262 49
263 49
263 50
264 50
265 50
266 50
267 50
268 50
269 50
270 50
271 50
272 50
273 50
274 50
275 50
276 50
277 50
277 49
278 49
278 48
44 186
45 186
43 186
43 187
42 187
41 187
40 187
39 187
38 187
37 187
36 187
36 188
35 188
34 188
33 188
33 189
32 189
31 189
31 188
30 188
30 187
29 187
29 186
28 186
27 186
27 185
28 185
29 185
30 185
31 185
31 184
31 183
31 182
31 181
31 180
31 179
31 178
31 177
31 176
31 175
30 175
30 174
29 174
29 173
29 172
29 171
29 170
28 170
28 169
28 168
27 168
27 167
27 166
27 165
27 164
27 163
27 162
27 161
28 161
28 160
29 160
29 159
30 159
31 159
31 158
32 158
32 157
32 156
33 156
33 155
34 155
34 154
35 154
35 153
36 153
37 153
38 153
38 152
37 152
36 152
36 151
35 151
35 150
35 149
35 148
35 147
35 146
35 145
36 145
37 145
37 144
38 144
38 143
39 143
39 142
40 142
40 141
41 141
42 141
43 141
44 141
45 141
45 140
45 139
45 138
46 138
46 137
46 136
47 136
47 137
48 137
48 138
49 138
50 138
51 138
52 138
52 139
53 139
54 139
54 140
54 141
55 141
55 142
55 143
55 144
55 145
55 146
56 146
56 147
45 185
46 185
46 184
46 183
47 183
47 182
48 182
48 181
49 181
50 181
50 180
51 180
51 179
158 125
159 125
158 124
157 124
156 124
156 123
155 123
154 123
153 123
152 123
151 123
150 123
149 123
149 122
148 122
159 126
160 126
161 126
162 126
163 126
164 126
164 125
165 125
165 124
165 123
166 123
166 122
167 122
167 121
302 359
303 359
301 359
300 359
299 359
298 359
298 358
297 358
296 358
295 358
294 358
293 358
293 357
292 357
291 357
291 356
290 356
289 356
288 356
288 355
287 355
287 354
287 353
287 352
287 351
286 351
286 350
285 350
285 349
284 349
284 348
283 348
282 348
281 348
280 348
279 348
278 348
277 348
276 348
276 349
275 349
274 349
274 350
274 351
274 352
274 353
274 354
274 355
274 356
273 356
273 357
273 358
273 359
273 360
273 361
273 362
274 362
274 363
275 363
275 364
275 365
275 366
275 367
276 367
276 368
275 368
275 369
274 369
274 370
274 371
274 372
273 372
272 372
271 372
270 372
269 372
269 373
269 374
268 374
268 373
268 372
268 371
268 370
267 370
266 370
265 370
264 370
263 370
262 370
261 370
261 369
260 369
260 368
259 368
258 368
257 368
256 368
255 368
255 369
254 369
254 370
254 371
253 371
253 372
253 373
253 374
253 375
253 376
254 376
254 377
304 359
305 359
306 359
307 359
307 358
308 358
308 357
309 357
309 356
310 356
311 356
311 355
312 355
313 355
314 355
315 355
316 355
316 356
317 356
317 357
318 357
319 357
320 357
321 357
321 356
321 355
321 354
321 353
321 352
322 352
323 352
324 352
324 351
324 350
323 350
323 349
323 348
323 347
323 346
323 345
323 344
323 343
323 342
323 341
324 341
324 340
325 340
326 340
327 340
328 340
329 340
329 341
330 341
331 341
332 341
333 341
334 341
335 341
335 342
336 342
337 342
337 343
338 343
338 344
339 344
340 344
341 344
342 344
343 344
344 344
344 345
345 345
345 346
346 346
347 346
347 345
348 345
348 344
349 344
350 344
351 344
352 344
353 344
354 344
355 344
356 344
356 345
357 345
358 345
358 346
253 100
254 100
252 100
252 101
251 101
251 102
251 103
251 104
251 105
250 105
250 106
249 106
248 106
248 107
247 107
246 107
245 107
244 107
244 108
243 108
243 109
242 109
242 110
242 111
241 111
241 110
241 109
240 109
239 109
238 109
237 109
236 109
235 109
234 109
233 109
233 110
232 110
232 111
232 112
231 112
255 100
256 100
257 100
257 99
256 99
256 98
256 97
256 96
256 95
256 94
256 93
256 92
256 91
257 91
258 91
259 91
260 91
261 91
262 91
263 91
264 91
265 91
265 90
266 90
266 89
267 89
267 88
268 88
268 87
268 86
268 85
268 84
268 83
268 82
267 82
267 81
266 81
266 80
266 79
267 79
267 78
267 77
267 76
267 75
267 74
267 73
268 73
268 72
269 72
270 72
271 72
271 71
272 71
272 70
272 69
272 68
272 67
272 66
272 65
272 64
273 64
274 64
275 64
276 64
277 64
278 64
279 64
279 63
280 63
280 62
281 62
34 82
34 83
34 81
34 80
35 80
35 79
36 79
36 78
37 78
38 78
38 77
39 77
39 76
40 76
40 75
40 74
40 73
40 72
41 72
41 73
42 73
43 73
44 73
45 73
46 73
47 73
48 73
49 73
49 72
50 72
50 71
51 71
51 70
52 70
52 69
53 69
53 68
53 67
53 66
54 66
54 65
54 64
54 63
54 62
54 61
55 61
56 61
56 60
57 60
58 60
59 60
60 60
60 61
61 61
62 61
62 62
63 62
64 62
65 62
65 63
66 63
66 64
66 65
66 66
66 67
66 68
67 68
67 69
67 70
67 71
67 72
67 73
66 73
66 74
66 75
66 76
66 77
66 78
67 78
67 79
68 79
68 80
68 81
69 81
69 82
69 83
69 84
69 85
70 85
70 86
71 86
72 86
72 87
73 87
34 84
33 84
33 85
32 85
32 86
31 86
31 87
30 87
30 88
29 88
29 89
93 60
93 59
93 61
92 61
92 62
91 62
91 63
91 64
90 64
90 65
90 66
89 66
88 66
87 66
86 66
85 66
84 66
83 66
82 66
81 66
80 66
79 66
78 66
77 66
76 66
75 66
75 65
74 65
73 65
73 64
72 64
71 64
70 64
69 64
68 64
68 65
68 66
67 66
67 67
94 59
94 58
94 57
94 56
94 55
94 54
94 53
93 53
92 53
91 53
309 191
309 190
310 191
310 192
311 192
311 193
312 193
313 193
314 193
315 193
316 193
317 193
317 194
318 194
319 194
319 195
319 196
319 197
319 198
319 199
320 199
320 200
320 201
320 202
321 202
321 203
321 204
322 204
322 205
322 206
322 207
322 208
322 209
322 210
322 211
321 211
320 211
320 212
319 212
318 212
317 212
317 213
316 213
315 213
314 213
313 213
312 213
312 214
311 214
311 215
311 216
311 217
311 218
310 218
310 219
309 219
309 220
308 220
308 221
307 221
306 221
306 222
305 222
305 223
304 223
304 224
304 225
304 226
304 227
304 228
303 228
303 229
304 229
305 229
305 230
306 230
306 231
306 232
306 233
306 234
306 235
307 235
307 236
307 237
308 237
308 238
308 239
309 239
310 239
311 239
312 239
313 239
314 239
315 239
316 239
317 239
318 239
319 239
320 239
321 239
321 240
321 241
322 241
323 241
324 241
325 241
325 242
326 242
327 242
327 243
328 243
328 244
329 244
329 245
330 245
331 245
331 246
332 246
332 247
331 247
331 248
330 248
330 249
329 249
329 250
329 251
330 251
330 252
331 252
331 253
332 253
332 254
333 254
333 255
334 255
334 256
334 257
335 257
308 190
308 189
307 189
307 188
306 188
305 188
304 188
303 188
302 188
302 189
301 189
301 190
301 191
301 192
301 193
301 194
300 194
299 194
298 194
297 194
297 195
296 195
295 195
295 196
294 196
294 197
293 197
292 197
292 198
291 198
290 198
289 198
288 198
287 198
286 198
286 197
285 197
284 197
283 197
282 197
281 197
280 197
280 196
279 196
279 195
278 195
278 194
277 194
277 193
276 193
168 70
168 71
169 70
169 69
170 69
170 68
170 67
170 66
170 65
171 65
171 64
171 63
171 62
170 62
170 61
170 60
169 60
169 59
169 58
168 58
168 57
168 56
168 55
168 54
168 53
168 52
167 52
167 51
166 51
165 51
165 50
164 50
163 50
163 49
162 49
161 49
160 49
160 48
159 48
159 47
158 47
167 71
166 71
166 72
165 72
165 73
164 73
164 74
164 75
163 75
163 76
162 76
162 77
161 77
161 78
160 78
71 239
72 239
71 240
71 241
70 241
70 242
69 242
69 243
68 243
68 244
67 244
67 245
67 246
67 247
67 248
67 249
67 250
66 250
66 251
65 251
65 252
64 252
64 253
63 253
63 254
62 254
62 255
61 255
60 255
60 256
59 256
58 256
57 256
57 257
58 257
58 258
57 258
57 259
57 260
56 260
55 260
55 261
54 261
54 262
53 262
53 263
52 263
52 264
51 264
51 265
50 265
50 266
49 266
49 267
49 268
49 269
49 270
49 271
49 272
48 272
47 272
47 271
46 271
45 271
44 271
43 271
42 271
41 271
41 270
40 270
39 270
38 270
37 270
36 270
35 270
34 270
33 270
33 271
32 271
31 271
30 271
30 272
72 238
73 238
73 237
73 236
73 235
73 234
73 233
73 232
73 231
73 230
74 230
74 229
102 118
102 119
101 118
101 117
101 116
101 115
101 114
101 113
101 112
101 111
101 110
101 109
101 108
101 107
101 106
102 106
102 105
101 105
100 105
99 105
98 105
97 105
96 105
96 104
95 104
94 104
93 104
92 104
91 104
90 104
89 104
88 104
87 104
87 103
86 103
85 103
84 103
83 103
82 103
81 103
81 104
102 120
103 120
103 121
104 121
104 122
105 122
106 122
106 123
107 123
107 124
108 124
70 42
70 43
70 41
70 40
70 39
70 38
70 37
70 36
70 35
70 34
70 33
70 32
70 31
69 31
69 30
68 30
70 44
70 45
70 46
70 47
71 47
72 47
72 48
71 48
70 48
69 48
68 48
68 49
67 49
66 49
66 50
65 50
65 51
64 51
64 52
63 52
62 52
61 52
61 53
61 54
60 54
60 55
60 56
59 56
59 57
59 58
59 59
226 115
227 115
225 115
224 115
223 115
222 115
222 114
222 113
221 113
221 112
221 111
220 111
220 112
220 113
219 113
219 114
218 114
217 114
216 114
215 114
215 115
214 115
213 115
213 116
212 116
212 115
211 115
210 115
209 115
208 115
207 115
206 115
205 115
205 116
204 116
203 116
203 117
202 117
201 117
201 118
200 118
200 119
199 119
199 120
198 120
198 121
197 121
197 122
196 122
195 122
194 122
193 122
192 122
191 122
191 123
191 124
192 124
193 124
194 124
194 125
194 126
194 127
195 127
195 128
195 129
195 130
195 131
195 132
195 133
194 133
193 133
193 134
192 134
192 135
191 135
191 136
191 137
191 138
191 139
191 140
191 141
191 142
192 142
228 115
229 115
229 114
230 114
230 113
231 113
97 253
98 253
96 253
95 253
95 252
94 252
93 252
92 252
91 252
90 252
90 253
89 253
89 254
88 254
87 254
86 254
85 254
84 254
84 255
83 255
82 255
82 256
82 257
81 257
81 258
81 259
81 260
81 261
80 261
80 262
79 262
78 262
78 261
77 261
76 261
76 260
75 260
75 259
75 258
75 257
75 256
75 255
75 254
75 253
75 252
74 252
74 251
73 251
72 251
71 251
70 251
69 251
68 251
67 251
99 253
100 253
101 253
102 253
103 253
104 253
105 253
105 252
94 72
94 73
94 71
94 70
94 69
93 69
92 69
92 68
91 68
90 68
90 67
94 74
94 75
94 76
94 77
95 77
96 77
97 77
97 78
98 78
99 78
100 78
100 79
101 79
102 79
102 80
199 112
198 112
199 113
199 114
199 115
199 116
199 117
200 117
198 111
197 111
196 111
195 111
194 111
194 110
193 110
193 109
192 109
192 108
191 108
239 386
238 386
239 385
240 385
240 384
241 384
242 384
242 383
243 383
244 383
245 383
246 383
247 383
247 382
248 382
248 381
248 380
249 380
250 380
250 379
251 379
252 379
252 378
253 378
254 378
238 387
238 388
237 388
237 389
236 389
236 390
236 391
236 392
236 393
237 393
237 394
238 394
215 102
215 101
214 102
214 103
213 103
212 103
211 103
211 104
210 104
210 105
210 106
211 106
211 107
211 108
212 108
213 108
213 109
214 109
214 110
214 111
214 112
214 113
214 114
215 100
215 99
215 98
215 97
216 97
216 96
217 96
217 95
217 94
217 93
217 92
218 92
218 91
218 90
219 90
219 89
218 89
218 88
218 87
218 86
218 85
218 84
218 83
218 82
218 81
218 80
218 79
217 79
217 78
216 78
216 77
215 77
214 77
213 77
212 77
211 77
210 77
209 77
208 77
207 77
206 77
205 77
205 76
204 76
204 75
203 75
275 134
274 134
276 134
277 134
278 134
279 134
280 134
281 134
282 134
282 133
283 133
283 132
284 132
284 131
285 131
285 130
286 130
286 129
274 135
273 135
272 135
272 136
271 136
271 137
270 137
270 138
271 138
271 139
271 140
272 140
272 141
273 141
274 141
274 142
275 142
275 143
276 143
276 144
276 145
276 146
275 146
274 146
273 146
273 147
273 148
272 148
272 149
272 150
272 151
271 151
271 152
270 152
269 152
269 153
268 153
268 154
267 154
267 155
266 155
266 156
266 157
266 158
266 159
266 160
266 161
266 162
266 163
266 164
267 164
267 165
150 78
149 78
151 78
152 78
153 78
154 78
155 78
156 78
157 78
158 78
159 78
159 79
149 79
149 80
149 81
148 81
148 82
148 83
147 83
146 83
145 83
144 83
143 83
142 83
141 83
140 83
140 82
140 81
139 81
139 80
139 79
138 79
138 78
137 78
136 78
135 78
134 78
133 78
132 78
131 78
131 77
130 77
130 76
129 76
129 75
129 74
128 74
128 73
128 72
128 71
127 71
127 70
126 70
126 69
126 68
126 67
126 66
126 65
126 64
126 63
125 63
125 62
125 61
125 60
125 59
125 58
125 57
125 56
125 55
125 54
125 53
125 52
126 52
126 51
125 51
125 50
125 49
125 48
125 47
125 46
125 45
124 45
124 44
124 43
124 42
124 41
124 40
124 39
123 39
228 124
228 123
228 125
229 125
229 126
229 127
230 127
230 128
230 129
230 130
231 130
231 131
230 131
230 132
230 133
229 133
228 133
227 133
226 133
225 133
224 133
223 133
222 133
222 134
222 135
221 135
221 136
220 136
220 137
219 137
219 138
218 138
218 139
217 139
217 140
216 140
216 141
216 142
216 143
215 143
215 144
214 144
214 145
213 145
227 123
226 123
225 123
224 123
223 123
223 122
222 122
222 121
221 121
221 120
220 120
220 119
219 119
219 118
219 117
218 117
217 117
216 117
215 117
214 117
213 117
183 143
184 143
182 143
181 143
181 142
180 142
180 141
179 141
178 141
177 141
176 141
175 141
175 140
175 139
175 138
175 137
175 136
175 135
175 134
174 134
174 133
173 133
173 132
172 132
172 131
171 131
171 130
171 129
171 128
171 127
171 126
171 125
171 124
170 124
170 123
169 123
169 122
168 122
168 121
185 143
186 143
187 143
188 143
189 143
190 143
191 143
174 9
175 9
173 9
172 9
171 9
170 9
169 9
168 9
168 8
169 8
169 7
169 6
169 5
169 4
169 3
170 3
170 2
170 1
171 1
171 0
176 9
177 9
177 10
178 10
179 10
180 10
181 10
182 10
183 10
184 10
185 10
186 10
187 10
187 9
188 9
188 10
188 11
188 12
188 13
188 14
189 14
189 15
189 16
189 17
189 18
189 19
189 20
190 20
190 21
191 21
191 22
192 22
193 22
193 23
194 23
195 23
196 23
197 23
197 24
197 25
197 26
274 248
273 248
274 247
275 247
275 246
275 245
276 245
276 244
277 244
277 243
278 243
278 242
278 241
278 240
278 239
278 238
278 237
279 237
279 236
279 235
280 235
280 234
280 233
281 233
281 232
282 232
282 231
283 231
283 230
284 230
285 230
286 230
287 230
288 230
289 230
290 230
291 230
292 230
293 230
294 230
295 230
296 230
296 229
297 229
298 229
299 229
300 229
301 229
302 229
273 249
273 250
272 250
272 251
272 252
271 252
271 253
272 253
272 254
272 255
273 255
273 256
273 257
273 258
273 259
273 260
273 261
273 262
273 263
272 263
271 263
270 263
270 264
269 264
269 265
100 0
99 0
101 0
102 0
103 0
104 0
105 0
106 0
106 1
107 1
107 2
107 3
108 3
108 4
109 4
109 5
109 6
109 7
109 8
109 9
108 9
108 10
108 11
109 11
109 12
110 12
110 13
111 13
111 14
112 14
112 15
113 15
113 16
114 16
98 0
97 0
96 0
95 0
94 0
93 0
92 0
91 0
90 0
89 0
89 1
89 2
88 2
88 3
87 3
86 3
86 2
85 2
84 2
83 2
82 2
81 2
80 2
79 2
78 2
77 2
76 2
75 2
74 2
73 2
72 2
72 1
71 1
71 0
195 44
195 43
195 45
195 46
194 46
194 47
193 47
193 48
192 48
191 48
190 48
190 49
189 49
188 49
187 49
186 49
185 49
184 49
184 50
183 50
183 51
182 51
182 52
182 53
182 54
182 55
182 56
182 57
182 58
182 59
182 60
182 61
182 62
182 63
182 64
195 42
195 41
196 41
196 40
197 40
197 39
198 39
198 38
198 37
198 36
198 35
198 34
198 33
198 32
198 31
198 30
197 30
197 29
96 234
96 235
95 234
95 233
94 233
93 233
92 233
91 233
91 232
90 232
89 232
88 232
87 232
86 232
85 232
84 232
83 232
82 232
82 233
81 233
80 233
79 233
78 233
77 233
77 232
77 231
76 231
76 230
75 230
97 235
98 235
99 235
99 236
100 236
100 237
101 237
101 238
101 239
181 24
181 25
181 23
181 22
181 21
181 20
181 19
181 18
181 17
182 17
183 17
184 17
185 17
186 17
187 17
187 16
188 16
188 15
181 26
180 26
180 27
179 27
178 27
177 27
176 27
175 27
174 27
174 28
173 28
173 29
172 29
172 30
172 31
172 32
172 33
171 33
170 33
169 33
168 33
168 34
167 34
167 35
166 35
121 239
120 239
122 239
123 239
124 239
125 239
125 240
125 241
125 242
126 242
126 243
127 243
119 239
118 239
117 239
116 239
116 238
115 238
114 238
113 238
112 238
112 239
111 239
111 240
111 241
111 242
111 243
111 244
111 245
111 246
110 246
110 247
110 248
110 249
109 249
109 250
108 250
107 250
107 251
106 251
106 252
150 31
151 31
149 31
148 31
147 31
146 31
145 31
145 32
144 32
144 33
143 33
143 34
142 34
142 35
142 36
142 37
142 38
142 39
142 40
141 40
141 41
140 41
140 42
140 43
139 43
139 44
139 45
139 46
139 47
138 47
138 48
137 48
137 49
137 50
137 51
137 52
136 52
136 53
135 53
135 54
134 54
133 54
132 54
131 54
130 54
129 54
128 54
127 54
127 53
126 53
152 31
153 31
154 31
155 31
156 31
157 31
157 30
45 323
45 322
45 324
44 324
44 325
44 326
43 326
43 327
43 328
43 329
42 329
42 330
42 331
41 331
41 332
40 332
40 333
39 333
38 333
37 333
36 333
36 334
36 335
37 335
37 336
37 337
37 338
37 339
37 340
37 341
37 342
37 343
36 343
36 344
35 344
35 345
34 345
34 346
33 346
33 347
32 347
32 348
45 321
45 320
45 319
45 318
46 318
46 317
47 317
48 317
49 317
49 316
50 316
51 316
51 315
51 314
51 313
52 313
52 312
53 312
53 311
54 311
54 310
55 310
55 309
55 308
55 307
55 306
55 305
55 304
55 303
55 302
55 301
55 300
55 299
55 298
55 297
56 297
56 296
57 296
57 295
57 294
57 293
56 293
56 292
56 291
55 291
55 290
55 289
55 288
55 287
55 286
55 285
55 284
55 283
54 283
53 283
52 283
51 283
51 282
50 282
50 281
50 280
50 279
50 278
50 277
50 276
50 275
50 274
50 273
49 273
6 349
6 350
6 348
6 347
6 346
6 345
6 344
6 343
6 342
7 342
8 342
8 341
7 341
6 341
5 341
4 341
3 341
3 340
2 340
2 339
1 339
1 338
1 337
1 336
0 336
0 335
0 334
0 333
0 332
0 331
0 330
0 329
0 328
0 327
0 326
0 325
0 324
0 323
1 323
2 323
2 322
3 322
4 322
4 321
4 320
4 319
4 318
4 317
4 316
4 315
4 314
6 351
6 352
6 353
6 354
6 355
6 356
7 356
8 356
8 357
9 357
4 301
4 302
4 300
4 299
4 298
4 297
4 296
3 296
3 295
2 295
2 294
3 294
3 293
4 293
4 292
4 291
5 291
6 291
6 290
7 290
7 289
8 289
8 288
8 287
8 286
8 285
8 284
8 283
9 283
10 283
10 282
11 282
12 282
13 282
14 282
14 281
15 281
15 280
15 279
14 279
14 278
13 278
13 277
12 277
12 276
12 275
12 274
12 273
12 272
11 272
11 271
4 303
5 303
5 304
6 304
6 305
6 306
6 307
6 308
6 309
6 310
6 311
6 312
5 312
5 313
4 313
228 241
229 241
227 241
226 241
225 241
224 241
224 240
223 240
222 240
222 239
221 239
220 239
219 239
219 240
218 240
217 240
217 241
217 242
217 243
217 244
217 245
217 246
217 247
217 248
217 249
217 250
217 251
216 251
216 252
215 252
230 241
231 241
232 241
232 240
233 240
234 240
234 239
235 239
235 238
235 237
236 237
236 236
236 235
236 234
236 233
236 232
236 231
236 230
236 229
236 228
237 228
237 227
237 226
238 226
238 225
238 224
238 223
239 223
239 222
240 222
241 222
241 221
242 221
242 220
243 220
243 219
244 219
245 219
245 218
246 218
246 217
247 217
247 216
248 216
249 216
250 216
251 216
252 216
252 217
253 217
254 217
255 217
256 217
257 217
258 217
259 217
260 217
260 218
261 218
262 218
263 218
264 218
264 217
265 217
266 217
267 217
268 217
269 217
270 217
271 217
272 217
272 216
273 216
274 216
274 217
275 217
276 217
277 217
277 218
278 218
279 218
280 218
281 218
281 219
281 220
281 221
281 222
281 223
281 224
281 225
281 226
281 227
281 228
282 228
282 229
282 230
131 175
132 175
131 174
131 173
130 173
130 172
129 172
129 171
128 171
128 170
127 170
127 169
126 169
126 168
125 168
125 167
124 167
124 166
123 166
123 165
123 164
123 163
123 162
123 161
122 161
122 162
122 163
121 163
121 164
121 165
121 166
121 167
120 167
120 168
119 168
118 168
118 169
117 169
117 170
117 171
117 172
117 173
117 174
118 174
118 175
118 176
118 177
118 178
118 179
118 180
118 181
118 182
118 183
117 183
117 184
116 184
116 185
115 185
114 185
113 185
112 185
111 185
111 186
111 187
111 188
111 189
111 190
111 191
111 192
111 193
111 194
111 195
111 196
110 196
110 197
110 198
109 198
108 198
108 199
107 199
107 198
106 198
105 198
104 198
103 198
102 198
101 198
100 198
100 197
99 197
99 198
98 198
98 199
98 200
97 200
97 201
97 202
97 203
97 204
97 205
96 205
96 206
95 206
95 207
94 207
93 207
92 207
91 207
90 207
89 207
88 207
87 207
86 207
86 206
85 206
84 206
83 206
83 205
82 205
82 204
81 204
132 176
133 176
133 177
134 177
135 177
135 178
136 178
136 179
137 179
137 180
138 180
139 180
139 181
140 181
141 181
141 182
142 182
143 182
144 182
145 182
146 182
147 182
148 182
149 182
150 182
119 250
119 251
119 249
120 249
120 248
121 248
121 247
122 247
122 246
123 246
124 246
124 245
125 245
125 244
126 244
118 251
118 252
118 253
118 254
118 255
118 256
119 256
120 256
120 257
121 257
121 258
122 258
122 259
140 330
141 330
139 330
139 329
138 329
138 328
137 328
137 327
136 327
135 327
134 327
133 327
132 327
131 327
130 327
129 327
128 327
128 326
128 325
127 325
127 326
127 327
127 328
127 329
127 330
126 330
126 331
125 331
125 332
124 332
124 333
123 333
123 334
141 331
141 332
142 332
142 333
143 333
143 334
144 334
144 335
144 336
144 337
144 338
144 339
145 339
146 339
147 339
148 339
149 339
149 340
150 340
151 340
151 341
151 342
152 342
152 343
152 344
152 345
151 345
151 346
151 347
152 347
153 347
154 347
155 347
156 347
156 348
157 348
157 347
158 347
159 347
159 346
160 346
160 347
160 348
160 349
160 350
161 350
161 351
162 351
163 351
163 352
164 352
165 352
165 353
166 353
167 353
167 354
168 354
169 354
169 355
170 355
171 355
171 356
171 357
171 358
171 359
171 360
171 361
171 362
171 363
172 363
172 364
173 364
174 364
174 365
175 365
176 365
176 366
176 367
176 368
176 369
176 370
176 371
177 371
177 372
178 372
178 373
179 373
179 374
179 375
179 376
179 377
179 378
179 379
179 380
180 380
180 381
181 381
182 381
182 382
183 382
184 382
185 382
185 383
186 383
187 383
187 384
188 384
188 385
189 385
190 385
190 386
190 387
190 388
190 389
190 390
191 390
192 390
193 390
194 390
195 390
196 390
197 390
198 390
199 390
200 390
200 391
201 391
202 391
202 392
203 392
204 392
205 392
206 392
207 392
208 392
209 392
210 392
210 393
211 393
211 394
211 395
210 395
210 396
210 397
209 397
209 398
208 398
208 399
207 399
207 400
207 401
207 402
207 403
206 403
206 404
207 404
207 405
208 405
208 406
209 406
209 407
209 408
209 409
209 410
209 411
209 412
209 413
210 413
211 413
212 413
213 413
214 413
215 413
216 413
216 412
217 412
218 412
218 411
219 411
220 411
221 411
222 411
223 411
224 411
225 411
225 412
226 412
226 413
227 413
227 414
228 414
229 414
229 415
230 415
230 416
231 416
231 417
231 418
231 419
232 419
232 418
233 418
234 418
234 417
235 417
236 417
237 417
238 417
239 417
240 417
240 418
241 418
241 419
242 419
242 420
243 420
244 420
245 420
246 420
246 419
247 419
248 419
248 418
249 418
249 417
249 416
250 416
250 415
251 415
252 415
253 415
254 415
255 415
255 414
256 414
257 414
257 413
258 413
259 413
260 413
260 412
261 412
262 412
263 412
264 412
265 412
266 412
266 411
267 411
267 412
267 413
267 414
267 415
267 416
266 416
266 417
265 417
265 418
264 418
264 419
264 420
264 421
264 422
263 422
263 423
262 423
262 424
262 425
261 425
261 426
262 426
262 427
263 427
264 427
264 428
265 428
266 428
266 429
267 429
267 430
268 430
269 430
270 430
271 430
272 430
273 430
274 430
275 430
276 430
277 430
277 431
278 431
279 431
279 432
280 432
281 432
282 432
282 433
282 434
282 435
282 436
282 437
282 438
282 439
282 440
283 440
283 441
284 441
284 442
285 442
286 442
287 442
288 442
289 442
289 443
288 443
288 444
288 445
288 446
288 447
288 448
288 449
148 445
149 445
147 445
146 445
145 445
144 445
143 445
142 445
142 444
141 444
140 444
140 443
139 443
138 443
138 442
137 442
137 441
136 441
135 441
134 441
133 441
132 441
131 441
130 441
129 441
128 441
128 442
128 443
128 444
128 445
129 445
129 446
128 446
128 447
128 448
127 448
127 449
126 449
125 449
124 449
123 449
122 449
121 449
120 449
119 449
118 449
117 449
116 449
116 448
115 448
115 447
114 447
113 447
150 445
151 445
152 445
153 445
154 445
155 445
155 446
156 446
156 447
157 447
157 448
158 448
159 448
160 448
161 448
162 448
163 448
164 448
165 448
165 447
166 447
167 447
168 447
168 446
169 446
170 446
170 445
171 445
171 444
172 444
173 444
173 443
174 443
174 442
175 442
175 441
176 441
176 440
176 439
176 438
176 437
177 437
177 436
178 436
179 436
180 436
181 436
182 436
183 436
184 436
184 435
185 435
186 435
187 435
187 434
188 434
189 434
190 434
191 434
192 434
193 434
194 434
194 435
195 435
196 435
196 436
197 436
198 436
198 437
199 437
199 436
200 436
201 436
202 436
203 436
204 436
205 436
206 436
207 436
208 436
209 436
210 436
211 436
211 437
211 438
212 438
213 438
214 438
215 438
216 438
217 438
218 438
219 438
220 438
221 438
222 438
223 438
224 438
225 438
225 437
226 437
226 436
227 436
228 436
229 436
230 436
231 436
232 436
233 436
233 435
233 434
233 433
233 432
234 432
235 432
236 432
237 432
237 433
238 433
238 434
239 434
240 434
240 435
241 435
241 436
242 436
243 436
244 436
244 435
244 434
244 433
244 432
244 431
245 431
245 430
246 430
246 429
246 428
245 428
245 427
244 427
243 427
243 426
243 425
243 424
243 423
243 422
243 421
165 334
164 334
166 334
167 334
168 334
169 334
169 333
169 332
170 332
171 332
172 332
172 331
173 331
173 330
174 330
174 329
175 329
176 329
177 329
178 329
179 329
179 328
180 328
181 328
181 327
182 327
183 327
183 326
184 326
185 326
186 326
186 325
187 325
187 324
187 323
188 323
188 322
189 322
190 322
191 322
192 322
193 322
194 322
195 322
196 322
197 322
198 322
198 321
199 321
199 320
199 319
199 318
199 317
199 316
199 315
199 314
199 313
200 313
200 312
201 312
201 311
202 311
202 310
203 310
203 309
204 309
204 308
205 308
206 308
206 307
207 307
207 306
208 306
163 334
162 334
161 334
160 334
159 334
159 333
158 333
157 333
157 334
156 334
156 335
155 335
154 335
154 336
153 336
153 337
153 338
152 338
152 339
152 340
152 341
233 291
233 292
234 291
234 290
234 289
234 288
235 288
235 287
235 286
236 286
236 285
236 284
236 283
236 282
236 281
237 281
237 280
238 280
238 279
239 279
240 279
241 279
242 279
243 279
244 279
245 279
246 279
246 278
247 278
247 279
247 280
248 280
248 281
248 282
248 283
248 284
248 285
249 285
249 286
249 287
250 287
250 288
251 288
251 289
251 290
251 291
251 292
251 293
251 294
252 294
252 295
252 296
253 296
253 297
253 298
254 298
254 299
255 299
255 300
255 301
255 302
255 303
255 304
255 305
255 306
256 306
257 306
258 306
259 306
259 305
260 305
261 305
262 305
262 304
263 304
263 303
263 302
263 301
263 300
263 299
263 298
263 297
264 297
265 297
266 297
267 297
268 297
269 297
269 296
269 295
269 294
269 293
269 292
269 291
270 291
270 290
271 290
272 290
272 289
273 289
273 288
274 288
274 287
275 287
275 286
275 285
276 285
277 285
278 285
278 286
279 286
279 287
280 287
281 287
282 287
283 287
284 287
285 287
285 288
286 288
287 288
287 289
288 289
288 290
289 290
290 290
290 291
291 291
291 290
292 290
293 290
294 290
295 290
296 290
296 291
296 292
296 293
296 294
296 295
296 296
296 297
295 297
295 298
295 299
295 300
295 301
295 302
295 303
296 303
296 304
297 304
298 304
298 305
299 305
300 305
301 305
302 305
303 305
304 305
305 305
306 305
307 305
307 306
308 306
309 306
310 306
310 305
310 304
310 303
310 302
310 301
309 301
309 300
309 299
308 299
308 298
307 298
307 297
232 292
232 293
231 293
231 294
230 294
229 294
228 294
227 294
226 294
225 294
224 294
223 294
223 295
222 295
222 296
222 297
221 297
220 297
220 298
219 298
219 299
218 299
217 299
216 299
215 299
214 299
213 299
212 299
212 300
211 300
211 301
211 302
211 303
211 304
210 304
210 305
209 305
209 306
142 301
142 302
143 301
143 300
144 300
145 300
146 300
147 300
148 300
149 300
150 300
150 299
151 299
152 299
152 298
153 298
153 297
153 296
153 295
153 294
153 293
153 292
154 292
154 291
155 291
155 290
156 290
156 291
157 291
157 292
158 292
159 292
160 292
160 293
161 293
162 293
163 293
164 293
165 293
166 293
167 293
168 293
169 293
170 293
170 292
141 302
141 303
140 303
140 304
139 304
139 305
139 306
139 307
138 307
137 307
137 306
136 306
135 306
134 306
133 306
132 306
131 306
130 306
130 307
130 308
130 309
130 310
130 311
130 312
130 313
130 314
130 315
129 315
129 316
129 317
129 318
129 319
129 320
129 321
129 322
129 323
128 323
128 324
136 350
135 350
137 350
138 350
139 350
140 350
141 350
142 350
143 350
144 350
145 350
145 351
146 351
147 351
147 350
148 350
148 349
149 349
149 348
150 348
150 347
134 350
133 350
133 349
132 349
132 348
131 348
130 348
130 349
129 349
128 349
127 349
126 349
126 350
125 350
124 350
124 351
123 351
123 352
122 352
122 353
121 353
121 354
120 354
120 355
120 356
119 356
119 357
118 357
117 357
117 358
116 358
116 359
115 359
114 359
114 360
114 361
115 361
115 362
116 362
117 362
117 363
117 364
117 365
117 366
118 366
118 367
118 368
118 369
119 369
119 370
120 370
120 369
121 369
122 369
123 369
124 369
125 369
126 369
126 370
127 370
127 371
128 371
128 372
129 372
130 372
130 373
131 373
131 374
131 375
132 375
132 376
132 377
133 377
133 378
133 379
134 379
134 380
133 380
132 380
131 380
130 380
129 380
128 380
127 380
126 380
125 380
124 380
123 380
123 381
122 381
122 382
110 384
110 385
110 383
110 382
110 381
111 381
111 380
112 380
113 380
113 381
114 381
115 381
116 381
117 381
118 381
119 381
120 381
121 381
110 386
110 387
110 388
110 389
109 389
109 390
109 391
109 392
108 392
108 393
108 394
108 395
107 395
106 395
105 395
104 395
103 395
102 395
101 395
100 395
100 394
99 394
99 393
99 392
98 392
98 391
97 391
97 390
96 390
96 389
96 388
95 388
95 387
94 387
94 386
93 386
92 386
91 386
90 386
89 386
88 386
87 386
87 387
87 388
86 388
86 389
86 390
85 390
84 390
83 390
83 389
82 389
82 388
81 388
81 387
81 386
81 385
80 385
80 384
80 383
79 383
79 382
78 382
77 382
76 382
75 382
74 382
73 382
72 382
71 382
70 382
69 382
68 382
123 452
123 453
123 451
123 450
123 454
123 455
123 456
123 457
122 457
122 458
122 459
122 460
122 461
123 461
123 462
123 463
123 464
123 465
123 466
123 467
123 468
123 469
123 470
123 471
123 472
122 472
121 472
120 472
119 472
118 472
117 472
117 473
116 473
116 474
116 475
115 475
115 476
115 477
115 478
114 478
114 479
113 479
112 479
112 480
111 480
111 481
110 481
109 481
108 481
108 480
107 480
107 479
106 479
106 478
105 478
105 477
105 476
105 475
105 474
105 473
105 472
104 472
103 472
103 471
102 471
101 471
100 471
99 471
98 471
98 470
97 470
97 469
89 151
90 151
88 151
87 151
87 152
86 152
86 153
85 153
84 153
84 154
83 154
82 154
81 154
81 155
80 155
79 155
79 156
78 156
78 157
77 157
76 157
75 157
75 158
74 158
74 159
73 159
73 158
72 158
72 157
71 157
70 157
69 157
68 157
68 156
68 155
67 155
67 154
67 153
66 153
66 152
66 151
66 150
66 149
66 148
66 147
66 146
66 145
66 144
65 144
91 151
92 151
92 150
93 150
93 149
93 148
94 148
95 148
96 148
97 148
98 148
99 148
100 148
101 148
101 147
76 457
76 456
77 457
77 458
78 458
79 458
79 459
80 459
80 460
81 460
82 460
82 461
83 461
84 461
85 461
86 461
87 461
88 461
89 461
90 461
91 461
92 461
92 462
93 462
93 463
94 463
94 464
94 465
95 465
95 466
95 467
96 467
96 468
96 469
75 456
74 456
73 456
72 456
71 456
71 455
71 454
70 454
70 453
69 453
45 461
45 462
45 460
46 460
46 459
47 459
47 458
47 457
47 456
47 455
47 454
47 453
48 453
48 452
49 452
49 451
50 451
50 450
51 450
52 450
53 450
54 450
55 450
56 450
57 450
57 451
57 452
57 453
57 454
57 455
57 456
57 457
57 458
58 458
58 457
59 457
59 456
60 456
61 456
61 455
62 455
63 455
64 455
65 455
66 455
67 455
68 455
68 454
69 454
45 463
45 464
44 464
44 465
44 466
43 466
43 467
42 467
42 468
42 469
42 470
42 471
41 471
40 471
39 471
38 471
37 471
36 471
35 471
34 471
33 471
32 471
31 471
30 471
29 471
28 471
27 471
26 471
25 471
25 472
24 472
23 472
22 472
21 472
20 472
20 473
19 473
19 474
18 474
17 474
16 474
15 474
14 474
13 474
12 474
11 474
10 474
9 474
9 473
9 472
9 471
9 470
10 470
10 469
11 469
11 468
11 467
12 467
12 466
12 465
12 464
13 464
13 463
14 463
14 462
15 462
15 461
15 460
14 460
14 459
14 458
14 457
13 457
13 456
12 456
12 455
11 455
11 454
11 453
11 452
11 451
11 450
11 449
11 448
11 447
11 446
11 445
10 445
9 445
9 444
8 444
8 443
7 443
7 442
7 441
6 441
5 441
5 440
4 440
3 440
3 439
2 439
1 439
1 438
0 438
38 488
38 487
39 488
39 489
40 489
41 489
42 489
43 489
44 489
45 489
45 490
46 490
46 491
46 492
47 492
47 493
48 493
49 493
50 493
51 493
52 493
53 493
53 494
54 494
37 487
37 486
36 486
36 485
35 485
34 485
33 485
32 485
32 486
31 486
30 486
29 486
29 487
28 487
27 487
26 487
25 487
24 487
24 488
23 488
22 488
21 488
20 488
19 488
18 488
17 488
16 488
15 488
15 489
14 489
14 490
13 490
13 491
13 492
13 493
12 493
12 492
12 491
11 491
11 490
10 490
10 489
9 489
9 488
9 487
9 486
9 485
9 484
9 483
8 483
8 482
7 482
7 481
6 481
5 481
5 480
4 480
3 480
2 480
2 479
1 479
1 478
1 477
2 477
3 477
4 477
5 477
6 477
7 477
7 476
8 476
8 475
8 474
8 473
8 472
8 471
