484 209
483 209
485 209
486 209
486 208
487 208
487 207
488 207
488 206
489 206
482 209
481 209
480 209
479 209
468 212
468 213
469 212
470 212
471 212
472 212
473 212
474 212
475 212
476 212
476 211
477 211
477 210
478 210
479 210
467 213
466 213
466 214
465 214
465 215
464 215
464 216
463 216
463 217
463 218
463 219
462 219
462 220
462 221
461 221
461 222
440 223
440 222
441 223
441 224
442 224
442 225
443 225
444 225
445 225
446 225
447 225
448 225
449 225
450 225
451 225
451 224
452 224
452 223
452 222
452 221
452 220
452 219
452 218
453 218
453 217
454 217
454 218
455 218
456 218
457 218
458 218
459 218
460 218
460 219
460 220
460 221
439 222
439 221
439 220
439 219
438 219
438 218
438 217
437 217
437 216
502 75
502 74
502 76
502 77
502 78
501 78
500 78
500 79
501 79
502 79
503 79
504 79
504 80
505 80
505 81
505 82
505 83
506 83
506 84
506 85
506 86
507 86
507 87
508 87
509 87
510 87
510 88
511 88
511 89
510 89
510 90
509 90
509 91
508 91
508 92
508 93
508 94
508 95
508 96
508 97
508 98
508 99
507 99
507 100
507 101
507 102
507 103
507 104
508 104
508 105
508 106
509 106
509 107
510 107
510 108
510 109
510 110
510 111
509 111
509 112
509 113
509 114
509 115
508 115
508 116
507 116
507 117
506 117
505 117
505 118
504 118
504 119
504 120
504 121
504 122
504 123
504 124
505 124
505 125
505 126
505 127
505 128
505 129
505 130
505 131
505 132
504 132
504 133
504 134
504 135
504 136
504 137
504 138
504 139
504 140
504 141
504 142
504 143
504 144
504 145
504 146
503 146
503 147
503 148
503 149
502 149
501 149
501 150
500 150
500 151
499 151
499 152
498 152
503 74
503 73
504 73
504 72
505 72
505 71
505 70
505 69
505 68
505 67
504 67
503 67
503 66
502 66
501 66
501 65
502 65
503 65
504 65
504 64
505 64
505 63
505 62
506 62
506 61
506 60
507 60
507 59
508 59
508 58
509 58
208 22
208 21
207 22
207 23
206 23
206 24
205 24
205 25
204 25
204 26
203 26
209 21
210 21
210 20
211 20
212 20
212 19
213 19
214 19
214 18
215 18
216 18
217 18
217 17
218 17
219 17
220 17
221 17
222 17
223 17
223 16
480 167
479 167
481 167
482 167
483 167
484 167
485 167
486 167
487 167
487 166
488 166
488 165
489 165
489 164
490 164
491 164
491 163
492 163
493 163
493 162
494 162
495 162
495 161
496 161
497 161
498 161
498 160
498 159
498 158
498 157
498 156
498 155
498 154
498 153
478 167
477 167
476 167
475 167
475 168
475 169
475 170
475 171
475 172
475 173
474 173
474 174
473 174
472 174
471 174
471 175
472 175
472 176
473 176
474 176
474 177
474 178
475 178
475 179
475 180
475 181
475 182
475 183
475 184
476 184
476 185
417 60
417 61
418 60
419 60
420 60
421 60
422 60
423 60
424 60
425 60
426 60
427 60
427 59
428 59
428 58
428 57
428 56
428 55
428 54
429 54
429 53
429 52
430 52
430 51
431 51
431 50
432 50
432 49
432 48
432 47
432 46
432 45
431 45
431 44
430 44
430 43
429 43
429 42
429 41
429 40
429 39
429 38
429 37
430 37
430 36
431 36
431 35
432 35
432 36
433 36
433 37
434 37
435 37
435 38
436 38
437 38
437 39
438 39
439 39
440 39
441 39
442 39
442 40
441 40
441 41
441 42
440 42
440 43
440 44
440 45
440 46
440 47
440 48
440 49
440 50
440 51
440 52
441 52
441 53
441 54
441 55
440 55
440 56
440 57
440 58
440 59
440 60
440 61
441 61
442 61
442 62
443 62
444 62
445 62
445 63
446 63
447 63
416 61
416 62
416 63
415 63
415 64
415 65
414 65
414 66
413 66
413 67
412 67
411 67
411 68
410 68
409 68
409 69
408 69
407 69
407 70
406 70
405 70
405 69
404 69
404 68
404 67
404 66
404 65
403 65
402 65
401 65
400 65
399 65
399 66
398 66
397 66
397 67
396 67
395 67
395 68
394 68
393 68
393 69
392 69
391 69
391 70
390 70
389 70
388 70
388 71
387 71
386 71
386 72
385 72
385 73
384 73
406 77
406 76
406 78
406 79
406 80
406 81
405 81
405 82
404 82
404 83
404 84
404 85
403 85
403 86
404 86
404 87
405 87
406 87
407 87
407 88
408 88
408 89
409 89
409 90
410 90
410 91
411 91
412 91
413 91
414 91
415 91
416 91
417 91
417 90
418 90
418 91
418 92
418 93
418 94
419 94
420 94
421 94
422 94
423 94
424 94
425 94
426 94
426 93
427 93
427 94
428 94
429 94
430 94
431 94
432 94
433 94
434 94
434 93
435 93
435 94
435 95
436 95
436 96
436 97
437 97
437 98
438 98
438 99
439 99
440 99
441 99
442 99
443 99
444 99
445 99
445 100
445 101
445 102
445 103
445 104
445 105
446 105
446 104
446 103
446 102
446 101
446 100
446 99
446 98
446 97
446 96
447 96
447 95
448 95
449 95
449 94
450 94
451 94
452 94
453 94
454 94
455 94
456 94
456 93
457 93
457 92
458 92
458 91
458 90
458 89
458 88
459 88
459 87
460 87
460 86
460 85
461 85
461 84
462 84
463 84
463 85
464 85
465 85
465 86
466 86
466 87
467 87
467 88
468 88
469 88
470 88
471 88
472 88
472 89
473 89
473 88
474 88
474 87
474 86
474 85
474 84
474 83
474 82
474 81
474 80
475 80
475 79
476 79
476 80
477 80
478 80
479 80
480 80
481 80
482 80
483 80
484 80
485 80
485 79
486 79
487 79
487 78
488 78
488 77
489 77
490 77
491 77
492 77
493 77
494 77
495 77
496 77
497 77
497 78
498 78
499 78
406 75
406 74
406 73
406 72
406 71
315 58
314 58
316 58
316 59
316 60
317 60
317 61
317 62
318 62
319 62
319 63
320 63
321 63
321 64
322 64
322 65
323 65
323 66
324 66
324 67
325 67
326 67
327 67
327 68
328 68
329 68
329 69
330 69
330 70
331 70
331 71
313 58
312 58
311 58
310 58
309 58
308 58
308 59
307 59
307 60
457 28
458 28
456 28
455 28
454 28
454 27
453 27
453 26
452 26
452 25
452 24
451 24
450 24
450 25
449 25
448 25
447 25
447 26
447 27
447 28
447 29
447 30
446 30
446 31
446 32
446 33
446 34
445 34
445 35
445 36
444 36
444 37
444 38
443 38
443 39
459 28
460 28
461 28
462 28
463 28
464 28
464 29
465 29
465 30
466 30
484 387
484 388
485 387
486 387
487 387
488 387
489 387
490 387
491 387
492 387
493 387
483 388
483 389
483 390
482 390
482 391
481 391
481 392
480 392
479 392
478 392
477 392
477 393
476 393
475 393
475 394
371 74
371 75
371 73
371 72
371 71
371 70
371 69
371 68
371 67
371 66
371 65
370 65
370 64
369 64
368 64
367 64
367 65
366 65
365 65
364 65
363 65
363 64
362 64
361 64
361 63
360 63
360 62
359 62
359 61
358 61
358 60
357 60
356 60
355 60
354 60
353 60
352 60
351 60
350 60
349 60
348 60
347 60
346 60
345 60
344 60
343 60
342 60
341 60
341 61
340 61
340 62
340 63
339 63
339 64
338 64
337 64
337 65
336 65
335 65
335 66
334 66
334 67
333 67
333 68
332 68
332 69
331 69
371 76
371 77
371 78
371 79
370 79
370 80
369 80
369 81
368 81
367 81
366 81
366 82
365 82
364 82
364 83
363 83
362 83
362 84
361 84
360 84
360 85
359 85
358 85
358 86
357 86
357 87
357 88
357 89
356 89
356 90
356 91
356 92
356 93
356 94
356 95
356 96
356 97
356 98
356 99
356 100
356 101
356 102
356 103
357 103
357 104
357 105
358 105
358 106
358 107
358 108
359 108
359 109
360 109
361 109
361 108
362 108
363 108
363 107
364 107
365 107
366 107
367 107
368 107
369 107
370 107
371 107
372 107
372 106
373 106
373 105
374 105
375 105
375 104
376 104
377 104
377 103
378 103
378 102
379 102
379 101
379 100
379 99
379 98
379 97
380 97
380 96
381 96
381 95
382 95
382 94
383 94
383 93
383 92
383 91
383 90
383 89
383 88
383 87
383 86
382 86
382 85
382 84
381 84
381 83
380 83
380 82
380 81
380 80
380 79
380 78
380 77
380 76
381 76
381 75
382 75
383 75
383 74
384 74
457 44
458 44
456 44
455 44
454 44
454 45
453 45
452 45
451 45
450 45
450 46
450 47
449 47
449 48
449 49
449 50
448 50
447 50
447 51
446 51
445 51
445 52
444 52
443 52
443 53
442 53
442 54
459 44
460 44
461 44
461 45
461 46
462 46
462 47
462 48
462 49
463 49
463 50
464 50
464 51
465 51
465 52
466 52
467 52
468 52
469 52
470 52
471 52
472 52
473 52
474 52
475 52
475 51
476 51
476 50
477 50
478 50
479 50
480 50
481 50
482 50
483 50
484 50
485 50
486 50
487 50
488 50
488 49
489 49
489 50
489 51
489 52
489 53
489 54
489 55
489 56
489 57
489 58
490 58
490 59
490 60
491 60
492 60
492 61
493 61
494 61
494 62
495 62
495 63
496 63
496 64
497 64
498 64
498 65
499 65
500 65
500 66
318 5
318 6
318 4
318 3
317 3
317 2
316 2
316 1
316 0
315 0
314 0
313 0
312 0
311 0
310 0
309 0
308 0
307 0
306 0
305 0
305 1
305 2
305 3
304 3
304 4
303 4
303 5
302 5
301 5
301 4
301 3
301 2
300 2
299 2
298 2
298 1
297 1
297 0
296 0
296 1
295 1
295 2
294 2
293 2
292 2
291 2
290 2
289 2
289 3
288 3
287 3
287 4
286 4
285 4
284 4
283 4
282 4
281 4
280 4
280 5
279 5
279 6
279 7
279 8
279 9
279 10
279 11
280 11
280 12
281 12
281 13
282 13
282 14
281 14
281 15
281 16
281 17
281 18
281 19
280 19
280 20
319 6
319 7
320 7
320 8
321 8
322 8
323 8
324 8
325 8
326 8
327 8
328 8
329 8
330 8
331 8
331 7
332 7
333 7
333 6
334 6
334 5
335 5
336 5
336 4
337 4
338 4
339 4
340 4
341 4
342 4
343 4
344 4
345 4
346 4
347 4
348 4
349 4
350 4
351 4
352 4
352 5
353 5
353 6
354 6
354 7
354 8
355 8
355 9
355 10
356 10
356 11
357 11
357 12
357 13
357 14
357 15
357 16
357 17
357 18
357 19
357 20
357 21
357 22
358 22
359 22
360 22
361 22
361 23
361 24
361 25
361 26
361 27
361 28
361 29
362 29
362 30
362 31
363 31
363 32
363 33
364 33
364 34
364 35
364 36
365 36
366 36
367 36
368 36
369 36
370 36
371 36
372 36
373 36
374 36
375 36
376 36
376 37
376 38
376 39
376 40
376 41
376 42
376 43
376 44
376 45
375 45
374 45
374 46
373 46
372 46
372 47
372 48
371 48
371 49
371 50
370 50
370 51
370 52
370 53
369 53
369 54
369 55
368 55
368 56
368 57
368 58
368 59
368 60
368 61
368 62
368 63
260 288
261 288
260 287
259 287
259 286
258 286
258 285
258 284
258 283
258 282
258 281
258 280
258 279
258 278
258 277
258 276
258 275
259 275
259 274
260 274
261 289
261 290
262 290
262 291
263 291
264 291
265 291
266 291
267 291
268 291
269 291
270 291
270 292
242 14
241 14
243 14
244 14
244 15
245 15
246 15
247 15
248 15
249 15
250 15
251 15
252 15
252 16
253 16
254 16
255 16
256 16
256 17
257 17
258 17
258 18
259 18
259 17
260 17
260 16
261 16
262 16
263 16
264 16
265 16
265 15
266 15
266 16
267 16
267 17
268 17
268 18
269 18
270 18
271 18
272 18
272 19
273 19
274 19
275 19
276 19
277 19
278 19
279 19
240 14
239 14
238 14
237 14
237 15
236 15
235 15
234 15
234 16
233 16
232 16
231 16
230 16
229 16
228 16
227 16
226 16
225 16
224 16
250 25
250 24
249 25
249 26
248 26
248 27
247 27
246 27
246 28
245 28
245 29
244 29
244 30
243 30
242 30
242 31
242 32
241 32
241 33
241 34
241 35
241 36
240 36
239 36
238 36
237 36
236 36
235 36
234 36
233 36
232 36
231 36
230 36
229 36
229 35
228 35
228 34
228 33
228 32
228 31
229 31
229 30
230 30
230 29
230 28
231 28
231 27
231 26
232 26
232 25
233 25
233 24
233 23
233 22
233 21
233 20
233 19
233 18
233 17
232 17
231 17
230 17
229 17
228 17
227 17
226 17
225 17
224 17
251 24
251 23
252 23
252 22
253 22
253 21
254 21
254 20
255 20
256 20
257 20
258 20
258 19
423 214
424 214
423 215
422 215
422 216
422 217
422 218
422 219
422 220
421 220
421 221
420 221
420 220
419 220
419 219
418 219
417 219
416 219
415 219
415 218
414 218
414 217
413 217
413 216
413 215
413 214
413 213
413 212
413 211
413 210
413 209
413 208
425 214
426 214
427 214
428 214
429 214
430 214
430 215
431 215
432 215
433 215
434 215
435 215
436 215
436 216
458 265
458 266
458 264
458 263
459 263
459 262
459 261
460 261
460 260
461 260
461 259
461 258
462 258
457 266
457 267
457 268
457 269
457 270
457 271
457 272
457 273
458 273
458 274
459 274
459 275
460 275
461 275
462 275
462 276
463 276
463 277
464 277
464 278
465 278
465 279
466 279
448 268
449 268
448 267
447 267
447 266
446 266
446 265
445 265
445 264
445 263
444 263
444 262
444 261
443 261
443 260
450 268
451 268
452 268
453 268
454 268
454 269
455 269
455 270
456 270
456 271
365 172
365 173
365 171
364 171
363 171
363 170
362 170
362 169
361 169
360 169
360 168
359 168
359 167
358 167
357 167
356 167
355 167
354 167
353 167
352 167
351 167
350 167
350 168
349 168
348 168
348 167
347 167
347 166
346 166
346 165
346 164
345 164
345 163
345 162
345 161
345 160
345 159
344 159
344 158
344 157
344 156
344 155
344 154
343 154
343 153
343 152
342 152
342 151
342 150
342 149
342 148
342 147
342 146
341 146
341 145
340 145
340 144
339 144
339 143
339 142
339 141
339 140
339 139
339 138
339 137
339 136
339 135
339 134
339 133
339 132
339 131
339 130
339 129
339 128
338 128
337 128
336 128
335 128
334 128
333 128
332 128
332 127
332 126
332 125
332 124
332 123
331 123
331 122
330 122
330 121
329 121
329 120
328 120
328 119
327 119
327 118
327 117
327 116
327 115
327 114
327 113
327 112
327 111
327 110
327 109
328 109
328 108
328 107
328 106
328 105
329 105
329 104
329 103
330 103
330 102
331 102
331 101
332 101
332 100
332 99
331 99
331 98
330 98
330 97
330 96
329 96
329 95
329 94
329 93
328 93
328 92
327 92
326 92
325 92
324 92
323 92
322 92
321 92
321 91
320 91
320 90
320 89
319 89
319 88
319 87
318 87
318 86
318 85
318 84
318 83
318 82
319 82
320 82
321 82
322 82
323 82
324 82
325 82
326 82
326 81
326 80
326 79
326 78
326 77
327 77
327 76
328 76
328 75
329 75
329 74
330 74
330 73
330 72
330 71
365 174
365 175
365 176
365 177
364 177
364 178
363 178
362 178
362 179
361 179
360 179
360 180
359 180
358 180
357 180
356 180
355 180
355 181
355 182
355 183
355 184
354 184
354 185
354 186
353 186
352 186
351 186
350 186
349 186
348 186
347 186
346 186
345 186
344 186
343 186
342 186
342 187
341 187
341 188
340 188
340 189
494 192
494 191
494 193
494 194
495 194
495 195
495 196
495 197
495 198
495 199
495 200
495 201
496 201
497 201
498 201
498 202
497 202
496 202
495 202
494 202
493 202
493 203
492 203
491 203
491 204
490 204
490 205
489 205
494 190
494 189
494 188
494 187
494 186
494 185
494 184
494 183
494 182
493 182
493 181
493 180
493 179
494 179
495 179
496 179
497 179
497 178
498 178
499 178
499 177
500 177
501 177
502 177
502 176
503 176
503 175
503 174
503 173
503 172
504 172
504 171
503 171
503 170
503 169
503 168
503 167
503 166
503 165
502 165
502 164
502 163
502 162
502 161
502 160
502 159
502 158
501 158
501 157
500 157
500 156
500 155
500 154
499 154
499 153
279 53
278 53
280 53
281 53
282 53
283 53
284 53
285 53
286 53
287 53
287 52
288 52
289 52
290 52
291 52
292 52
293 52
294 52
295 52
296 52
297 52
298 52
299 52
300 52
300 51
301 51
302 51
303 51
304 51
305 51
306 51
307 51
308 51
308 52
308 53
308 54
308 55
308 56
308 57
277 53
276 53
275 53
274 53
273 53
273 54
272 54
272 55
272 56
272 57
272 58
272 59
271 59
271 58
270 58
269 58
268 58
267 58
267 57
266 57
266 56
265 56
265 55
264 55
264 54
263 54
263 53
263 52
262 52
262 51
262 50
262 49
261 49
261 48
260 48
259 48
259 47
258 47
257 47
256 47
255 47
255 48
254 48
253 48
252 48
251 48
250 48
249 48
248 48
247 48
246 48
245 48
245 49
244 49
244 48
244 47
244 46
243 46
243 45
243 44
243 43
243 42
243 41
243 40
243 39
243 38
242 38
242 37
241 37
447 253
447 254
448 253
449 253
450 253
451 253
452 253
453 253
454 253
455 253
455 254
456 254
457 254
457 255
458 255
459 255
460 255
460 256
461 256
461 257
446 254
445 254
444 254
444 255
444 256
444 257
444 258
443 258
443 259
325 193
326 193
325 192
324 192
323 192
323 191
322 191
322 190
321 190
321 189
320 189
319 189
319 188
318 188
317 188
317 187
316 187
315 187
314 187
313 187
313 186
312 186
311 186
310 186
310 185
309 185
309 184
308 184
308 183
307 183
307 182
306 182
306 181
305 181
305 180
304 180
303 180
302 180
301 180
300 180
299 180
299 181
298 181
298 182
297 182
296 182
295 182
295 183
294 183
293 183
292 183
291 183
291 182
290 182
289 182
289 181
288 181
288 180
288 179
288 178
288 177
287 177
287 176
287 175
286 175
326 194
326 195
326 196
327 196
327 197
328 197
328 198
329 198
329 199
330 199
331 199
332 199
333 199
334 199
335 199
335 200
336 200
336 201
337 201
338 201
338 202
339 202
340 202
341 202
342 202
343 202
344 202
345 202
346 202
347 202
347 201
348 201
349 201
349 200
350 200
350 199
350 198
350 197
350 196
349 196
349 195
348 195
348 194
349 194
349 193
349 192
350 192
350 191
351 191
351 190
351 189
352 189
352 188
352 187
353 187
401 372
401 371
402 372
402 373
403 373
404 373
405 373
406 373
407 373
408 373
408 372
409 372
410 372
410 371
411 371
411 370
411 369
411 368
411 367
411 366
411 365
412 365
412 366
413 366
414 366
415 366
416 366
417 366
418 366
419 366
419 367
420 367
420 366
421 366
422 366
422 365
423 365
424 365
424 364
425 364
425 363
425 362
426 362
426 361
426 360
426 359
427 359
427 358
428 358
428 357
428 356
428 355
429 355
429 354
430 354
431 354
432 354
433 354
434 354
435 354
435 353
435 352
435 351
435 350
435 349
435 348
436 348
437 348
438 348
439 348
440 348
440 349
441 349
442 349
442 350
443 350
444 350
444 351
445 351
446 351
447 351
448 351
448 352
449 352
449 353
449 354
450 354
450 355
451 355
451 356
451 357
452 357
452 358
452 359
452 360
452 361
452 362
452 363
453 363
453 364
453 365
454 365
454 366
455 366
456 366
457 366
458 366
459 366
460 366
461 366
462 366
463 366
464 366
464 365
400 371
399 371
398 371
397 371
396 371
395 371
394 371
393 371
393 370
392 370
391 370
390 370
389 370
388 370
387 370
386 370
385 370
384 370
383 370
383 369
383 368
383 367
383 366
383 365
383 364
383 363
382 363
382 362
382 361
382 360
382 359
381 359
390 200
390 199
390 201
390 202
390 203
390 204
390 205
391 205
391 204
392 204
392 203
393 203
393 202
394 202
394 201
395 201
395 200
396 200
396 199
397 199
398 199
399 199
400 199
401 199
402 199
402 200
402 201
402 202
402 203
402 204
402 205
403 205
404 205
405 205
406 205
407 205
408 205
409 205
410 205
410 206
411 206
412 206
412 207
413 207
390 198
390 197
390 196
389 196
389 195
388 195
387 195
386 195
385 195
384 195
384 194
383 194
382 194
382 193
381 193
381 192
381 191
380 191
380 190
380 189
380 188
380 187
380 186
380 185
380 184
380 183
379 183
379 182
378 182
377 182
377 181
376 181
375 181
374 181
373 181
372 181
372 182
372 183
372 184
372 185
372 186
371 186
371 187
370 187
370 188
369 188
369 189
368 189
367 189
366 189
365 189
364 189
363 189
362 189
362 188
361 188
361 187
360 187
359 187
358 187
357 187
356 187
355 187
354 187
460 236
460 235
460 237
460 238
460 239
460 240
460 241
461 241
461 242
461 243
461 244
461 245
461 246
462 246
462 247
463 247
463 248
464 248
465 248
465 249
466 249
467 249
467 250
468 250
469 250
469 251
470 251
470 252
471 252
471 253
472 253
472 254
472 255
471 255
470 255
470 256
469 256
468 256
467 256
466 256
465 256
464 256
463 256
463 257
462 257
460 234
460 233
460 232
460 231
460 230
460 229
460 228
460 227
460 226
460 225
460 224
460 223
461 223
464 384
464 385
464 383
464 382
465 382
465 383
466 383
466 384
467 384
468 384
469 384
470 384
471 384
471 385
471 386
471 387
472 387
472 388
472 389
473 389
473 390
474 390
474 391
474 392
474 393
464 386
464 387
463 387
463 388
462 388
461 388
460 388
459 388
458 388
457 388
457 389
457 390
456 390
456 391
456 392
456 393
455 393
455 394
454 394
453 394
453 395
452 395
451 395
450 395
449 395
448 395
447 395
446 395
445 395
444 395
443 395
443 396
443 397
443 398
443 399
442 399
442 400
441 400
441 401
440 401
440 402
439 402
438 402
437 402
437 403
436 403
436 404
435 404
435 405
434 405
434 406
434 407
434 408
434 409
433 409
433 410
433 411
432 411
432 412
432 413
433 413
433 414
433 415
433 416
433 417
433 418
434 418
435 418
436 418
437 418
438 418
439 418
439 417
440 417
440 416
441 416
442 416
442 415
443 415
444 415
403 120
403 121
402 120
402 119
401 119
400 119
400 118
399 118
399 117
399 116
398 116
397 116
396 116
395 116
394 116
393 116
393 115
392 115
391 115
391 114
390 114
390 113
390 112
390 111
389 111
389 110
388 110
388 109
387 109
386 109
386 110
385 110
384 110
383 110
382 110
381 110
381 109
380 109
380 108
380 107
380 106
380 105
380 104
380 103
380 102
404 121
404 122
404 123
404 124
404 125
405 125
405 126
406 126
407 126
407 127
407 128
407 129
407 130
407 131
407 132
406 132
406 133
406 134
406 135
405 135
405 136
405 137
405 138
404 138
404 139
403 139
403 140
402 140
401 140
401 141
400 141
400 142
400 143
400 144
400 145
400 146
400 147
400 148
400 149
400 150
400 151
400 152
400 153
401 153
401 154
402 154
403 154
403 155
404 155
405 155
406 155
407 155
408 155
408 156
409 156
409 157
410 157
411 157
412 157
413 157
414 157
415 157
415 158
416 158
417 158
418 158
419 158
420 158
421 158
422 158
423 158
423 157
424 157
425 157
426 157
427 157
427 158
428 158
429 158
429 159
430 159
430 160
431 160
431 161
432 161
432 162
432 163
433 163
433 164
434 164
434 165
434 166
435 166
435 167
435 168
435 169
435 170
435 171
435 172
436 172
436 173
437 173
438 173
438 174
439 174
439 175
440 175
440 176
440 177
440 178
440 179
440 180
441 180
441 181
441 182
441 183
441 184
441 185
441 186
442 186
443 186
444 186
445 186
446 186
447 186
447 185
448 185
448 184
449 184
449 183
450 183
450 182
451 182
452 182
453 182
453 181
454 181
454 180
455 180
455 179
455 178
455 177
455 176
455 175
455 174
455 173
455 172
456 172
457 172
458 172
459 172
460 172
461 172
462 172
463 172
464 172
465 172
466 172
467 172
468 172
468 173
469 173
469 174
470 174
440 312
441 312
439 312
438 312
437 312
436 312
435 312
435 311
434 311
433 311
433 310
432 310
432 309
432 308
432 307
432 306
432 305
432 304
432 303
432 302
432 301
433 301
433 300
434 300
434 299
433 299
432 299
431 299
430 299
429 299
428 299
427 299
426 299
425 299
424 299
423 299
423 300
422 300
422 301
421 301
420 301
419 301
418 301
417 301
416 301
415 301
415 300
414 300
414 299
414 298
414 297
413 297
413 296
412 296
412 295
411 295
410 295
410 294
409 294
409 293
409 292
408 292
408 291
407 291
407 290
407 289
406 289
406 288
406 287
406 286
407 286
407 285
408 285
408 284
409 284
410 284
411 284
412 284
412 283
413 283
414 283
414 282
414 281
414 280
414 279
415 279
415 278
414 278
414 277
413 277
412 277
412 276
411 276
410 276
410 275
410 274
410 273
410 272
410 271
410 270
410 269
410 268
410 267
411 267
411 266
411 265
412 265
412 264
413 264
413 263
413 262
414 262
414 261
414 260
415 260
415 259
415 258
415 257
415 256
415 255
415 254
415 253
414 253
414 252
413 252
413 251
413 250
413 249
413 248
412 248
411 248
411 247
412 247
412 246
412 245
412 244
412 243
412 242
413 242
413 241
413 240
413 239
413 238
413 237
413 236
413 235
413 234
413 233
413 232
414 232
414 231
414 230
415 230
415 229
415 228
415 227
415 226
415 225
416 225
416 224
417 224
418 224
419 224
419 223
420 223
420 222
421 222
442 312
443 312
444 312
445 312
446 312
447 312
448 312
448 313
448 314
448 315
448 316
448 317
448 318
449 318
450 318
450 319
451 319
451 320
451 321
451 322
451 323
451 324
451 325
451 326
451 327
451 328
451 329
451 330
451 331
451 332
451 333
452 333
452 334
452 335
452 336
452 337
452 338
452 339
452 340
452 341
452 342
452 343
452 344
452 345
452 346
452 347
452 348
452 349
452 350
452 351
452 352
452 353
451 353
451 354
483 317
483 318
482 317
482 316
481 316
481 315
481 314
481 313
481 312
481 311
481 310
481 309
480 309
479 309
478 309
477 309
476 309
475 309
474 309
474 310
473 310
473 309
472 309
471 309
470 309
469 309
468 309
467 309
466 309
465 309
464 309
463 309
462 309
462 310
462 311
462 312
462 313
462 314
462 315
462 316
462 317
462 318
462 319
462 320
461 320
460 320
459 320
458 320
457 320
456 320
455 320
454 320
453 320
452 320
452 319
484 318
484 319
484 320
484 321
484 322
484 323
485 323
486 323
487 323
488 323
489 323
489 324
488 324
488 325
488 326
488 327
488 328
488 329
488 330
489 330
489 331
489 332
490 332
490 333
490 334
491 334
491 335
491 336
491 337
491 338
491 339
491 340
491 341
491 342
491 343
492 343
492 344
493 344
494 344
495 344
496 344
497 344
498 344
499 344
500 344
501 344
502 344
503 344
503 345
503 346
503 347
503 348
503 349
503 350
502 350
502 351
501 351
500 351
500 352
499 352
498 352
497 352
497 353
496 353
496 354
497 354
497 355
497 356
498 356
498 357
498 358
499 358
500 358
500 359
499 359
498 359
498 360
497 360
497 361
496 361
495 361
495 362
494 362
493 362
492 362
492 363
491 363
491 364
490 364
490 365
489 365
489 366
488 366
487 366
487 367
486 367
485 367
485 368
484 368
484 369
483 369
483 370
484 370
484 371
484 372
484 373
484 374
484 375
484 376
485 376
485 377
486 377
486 378
487 378
487 379
487 380
488 380
488 381
488 382
488 383
488 384
489 384
489 385
490 385
491 385
491 386
492 386
316 229
317 229
315 229
314 229
313 229
312 229
311 229
310 229
309 229
318 229
319 229
319 228
319 227
319 226
319 225
319 224
319 223
319 222
319 221
320 221
320 220
321 220
321 219
322 219
322 218
323 218
323 217
324 217
325 217
325 216
326 216
327 216
327 215
327 214
328 214
328 213
328 212
329 212
329 211
330 211
330 210
331 210
331 209
332 209
333 209
334 209
335 209
336 209
337 209
338 209
338 208
338 207
338 206
338 205
338 204
338 203
462 378
461 378
462 379
462 380
463 380
463 381
464 381
460 378
459 378
459 377
458 377
457 377
457 376
457 375
457 374
457 373
457 372
457 371
457 370
457 369
458 369
458 368
459 368
460 368
461 368
461 367
462 367
463 367
442 283
441 283
443 283
444 283
445 283
446 283
447 283
448 283
449 283
450 283
450 282
451 282
452 282
452 281
453 281
453 280
454 280
454 279
455 279
455 278
456 278
456 277
457 277
457 276
458 276
458 275
440 283
439 283
438 283
437 283
437 284
437 285
437 286
437 287
437 288
436 288
436 289
435 289
435 290
434 290
434 291
434 292
434 293
434 294
434 295
434 296
434 297
434 298
224 413
225 413
223 413
222 413
221 413
220 413
220 412
220 411
219 411
219 410
219 409
218 409
217 409
216 409
216 408
215 408
214 408
214 407
213 407
213 406
212 406
212 405
211 405
210 405
210 404
209 404
209 403
209 402
208 402
208 401
207 401
226 413
227 413
228 413
228 414
229 414
230 414
230 415
231 415
232 415
232 416
233 416
233 417
233 418
234 418
234 419
235 419
235 420
236 420
237 420
238 420
239 420
240 420
241 420
242 420
243 420
244 420
245 420
246 420
246 421
247 421
247 422
247 423
247 424
247 425
248 425
248 426
249 426
249 425
250 425
251 425
252 425
252 424
253 424
254 424
255 424
255 423
256 423
257 423
258 423
259 423
259 422
260 422
261 422
262 422
263 422
264 422
264 423
265 423
265 424
266 424
266 425
267 425
267 426
268 426
269 426
270 426
271 426
272 426
273 426
274 426
275 426
275 427
275 428
275 429
276 429
276 430
276 431
276 432
275 432
275 433
275 434
275 435
274 435
499 280
499 281
499 279
499 278
499 277
499 276
499 275
499 274
498 274
497 274
496 274
495 274
494 274
493 274
492 274
492 273
492 272
492 271
492 270
492 269
491 269
491 268
491 267
490 267
490 268
489 268
488 268
487 268
486 268
485 268
484 268
484 267
483 267
482 267
481 267
480 267
479 267
478 267
478 266
477 266
477 265
476 265
476 264
475 264
475 263
474 263
474 262
474 261
474 260
474 259
474 258
474 257
474 256
474 255
475 255
475 254
474 254
473 254
499 282
499 283
499 284
499 285
499 286
499 287
499 288
499 289
500 289
500 290
500 291
500 292
500 293
500 294
500 295
500 296
500 297
500 298
500 299
500 300
500 301
500 302
500 303
500 304
500 305
500 306
499 306
498 306
497 306
496 306
495 306
494 306
494 307
493 307
492 307
492 308
491 308
490 308
490 309
489 309
488 309
487 309
486 309
485 309
484 309
484 308
484 307
483 307
482 307
482 308
481 308
247 109
247 110
247 108
247 107
247 106
247 105
247 104
247 103
247 102
247 101
248 101
249 101
249 102
249 103
249 104
249 105
250 105
251 105
251 106
252 106
253 106
253 107
254 107
254 106
255 106
255 105
256 105
257 105
257 104
258 104
259 104
259 105
260 105
260 106
261 106
262 106
263 106
264 106
265 106
266 106
267 106
268 106
269 106
270 106
271 106
272 106
273 106
274 106
275 106
275 105
274 105
274 104
274 103
274 102
274 101
274 100
274 99
274 98
274 97
273 97
273 96
272 96
272 95
271 95
271 94
271 93
271 92
271 91
271 90
271 89
272 89
273 89
274 89
275 89
276 89
276 88
277 88
278 88
278 87
279 87
279 86
279 85
280 85
280 84
280 83
281 83
282 83
282 82
283 82
284 82
284 81
284 80
285 80
285 79
285 78
286 78
286 79
287 79
288 79
289 79
290 79
291 79
292 79
293 79
293 78
294 78
295 78
296 78
297 78
298 78
299 78
300 78
300 79
301 79
302 79
303 79
304 79
305 79
306 79
307 79
308 79
308 78
309 78
309 77
310 77
310 76
311 76
312 76
312 75
313 75
313 74
314 74
315 74
315 73
316 73
316 72
317 72
318 72
318 71
319 71
320 71
321 71
321 70
322 70
323 70
323 69
324 69
325 69
326 69
327 69
328 69
246 110
246 111
245 111
244 111
244 112
243 112
242 112
242 113
241 113
241 114
240 114
239 114
239 115
239 116
240 116
240 117
241 117
241 118
241 119
241 120
241 121
241 122
241 123
241 124
241 125
241 126
241 127
242 127
242 128
242 129
243 129
243 130
243 131
243 132
243 133
243 134
244 134
245 134
246 134
247 134
248 134
249 134
250 134
250 133
250 132
251 132
251 131
252 131
252 130
253 130
253 129
380 459
379 459
381 459
381 460
382 460
382 461
383 461
383 462
384 462
384 463
384 464
385 464
386 464
386 465
387 465
387 466
388 466
389 466
390 466
391 466
391 465
392 465
392 464
392 463
393 463
394 463
394 464
395 464
396 464
396 465
397 465
397 466
397 467
398 467
399 467
400 467
401 467
402 467
403 467
404 467
405 467
406 467
407 467
407 468
406 468
406 469
405 469
405 470
405 471
405 472
405 473
405 474
405 475
404 475
404 476
404 477
403 477
403 478
403 479
403 480
403 481
402 481
402 482
401 482
401 483
378 459
377 459
377 458
377 457
376 457
376 456
375 456
375 455
375 454
374 454
374 453
373 453
372 453
371 453
371 452
370 452
369 452
369 451
369 450
368 450
368 449
367 449
367 448
367 447
366 447
366 446
366 445
365 445
365 444
364 444
364 445
364 446
363 446
362 446
361 446
360 446
359 446
358 446
357 446
356 446
355 446
354 446
353 446
352 446
351 446
350 446
349 446
349 445
348 445
348 444
348 443
348 442
348 441
348 440
348 439
348 438
348 437
348 436
348 435
348 434
347 434
346 434
345 434
344 434
343 434
342 434
341 434
341 433
340 433
339 433
338 433
337 433
336 433
335 433
334 433
333 433
332 433
332 434
331 434
331 435
330 435
330 436
329 436
328 436
327 436
326 436
325 436
324 436
323 436
322 436
321 436
321 437
320 437
319 437
319 438
318 438
318 439
317 439
317 440
317 441
317 442
316 442
315 442
314 442
313 442
312 442
311 442
310 442
309 442
309 441
309 440
309 439
309 438
308 438
308 437
308 436
307 436
307 435
306 435
305 435
304 435
303 435
302 435
301 435
301 436
300 436
300 437
299 437
298 437
297 437
296 437
295 437
294 437
293 437
292 437
292 436
291 436
290 436
290 437
289 437
289 438
288 438
288 439
287 439
286 439
285 439
284 439
283 439
282 439
281 439
280 439
279 439
278 439
277 439
276 439
276 438
275 438
275 437
275 436
274 436
274 228
275 228
273 228
273 227
272 227
271 227
270 227
270 228
269 228
269 229
268 229
268 230
267 230
267 231
266 231
266 232
266 233
266 234
266 235
266 236
266 237
265 237
265 236
264 236
263 236
263 235
262 235
262 234
261 234
261 233
260 233
259 233
258 233
257 233
257 234
256 234
255 234
254 234
254 235
255 235
255 236
255 237
255 238
255 239
255 240
256 240
256 241
256 242
255 242
255 243
255 244
255 245
255 246
255 247
256 247
256 248
257 248
257 249
257 250
257 251
257 252
257 253
257 254
257 255
256 255
256 256
256 257
255 257
255 258
255 259
254 259
254 260
253 260
253 261
253 262
253 263
253 264
254 264
254 265
254 266
255 266
256 266
256 267
257 267
258 267
259 267
260 267
261 267
261 268
261 269
261 270
261 271
261 272
261 273
260 273
275 229
276 229
277 229
278 229
279 229
279 228
280 228
280 227
281 227
281 226
282 226
282 225
282 224
283 224
284 224
285 224
286 224
286 223
287 223
287 222
288 222
289 222
289 221
290 221
291 221
292 221
293 221
294 221
295 221
296 221
297 221
298 221
299 221
299 222
300 222
300 223
301 223
301 224
301 225
301 226
302 226
303 226
304 226
305 226
306 226
307 226
307 227
308 227
308 228
309 228
416 436
416 435
417 436
418 436
418 437
419 437
420 437
421 437
422 437
423 437
424 437
425 437
426 437
426 436
427 436
427 435
428 435
428 434
428 433
429 433
430 433
430 432
431 432
432 432
433 432
434 432
434 433
434 434
435 434
435 435
435 436
435 437
435 438
436 438
436 439
437 439
438 439
439 439
440 439
441 439
442 439
443 439
444 439
444 438
444 437
445 437
445 436
445 435
445 434
445 433
445 432
446 432
446 431
446 430
446 429
446 428
446 427
447 427
447 426
448 426
448 425
448 424
448 423
448 422
448 421
448 420
448 419
448 418
448 417
448 416
447 416
446 416
446 415
445 415
415 435
414 435
413 435
412 435
411 435
410 435
409 435
408 435
407 435
407 434
407 433
406 433
406 432
405 432
405 431
404 431
404 430
403 430
403 429
402 429
402 428
401 428
400 428
400 427
399 427
398 427
397 427
396 427
395 427
395 426
394 426
394 425
393 425
392 425
392 424
391 424
390 424
390 423
389 423
389 424
388 424
387 424
387 425
386 425
385 425
385 426
384 426
383 426
383 427
382 427
381 427
380 427
379 427
378 427
377 427
377 428
377 429
376 429
376 430
376 431
375 431
374 431
373 431
372 431
371 431
370 431
369 431
368 431
368 432
367 432
367 431
366 431
365 431
364 431
363 431
362 431
361 431
361 432
360 432
360 433
359 433
358 433
357 433
356 433
355 433
354 433
353 433
352 433
351 433
350 433
349 433
349 434
297 345
297 344
297 346
297 347
297 348
297 349
297 350
297 351
297 352
297 353
297 354
298 354
299 354
300 354
301 354
302 354
303 354
304 354
305 354
305 355
305 356
305 357
305 358
305 359
306 359
306 358
306 357
306 356
306 355
306 354
307 354
307 353
307 352
308 352
308 351
308 350
309 350
309 349
310 349
310 348
311 348
312 348
313 348
313 347
314 347
314 346
315 346
316 346
316 347
317 347
318 347
319 347
320 347
321 347
322 347
323 347
324 347
324 348
325 348
326 348
327 348
327 349
328 349
329 349
329 350
330 350
330 349
331 349
331 348
331 347
331 346
331 345
331 344
330 344
330 343
330 342
329 342
329 341
329 340
329 339
329 338
329 337
329 336
329 335
329 334
297 343
297 342
297 341
297 340
297 339
297 338
297 337
298 337
298 336
298 335
299 335
299 334
299 333
299 332
299 331
298 331
298 330
298 329
297 329
297 328
297 327
296 327
296 326
295 326
295 325
294 325
294 324
293 324
293 323
293 322
292 322
292 321
291 321
291 320
290 320
290 319
290 318
289 318
289 317
288 317
288 318
287 318
286 318
285 318
284 318
283 318
282 318
281 318
281 317
281 316
281 315
281 314
281 313
281 312
281 311
282 311
283 311
283 310
284 310
285 310
285 309
286 309
286 308
286 307
286 306
286 305
286 304
285 304
285 303
284 303
283 303
283 302
282 302
281 302
280 302
279 302
278 302
277 302
276 302
275 302
274 302
273 302
273 301
273 300
273 299
273 298
273 297
273 296
273 295
272 295
272 294
271 294
271 293
271 292
367 340
367 339
367 341
366 341
366 342
366 343
365 343
365 344
365 345
365 346
365 347
365 348
364 348
363 348
362 348
361 348
360 348
359 348
358 348
358 347
357 347
356 347
356 346
355 346
354 346
353 346
352 346
351 346
350 346
350 345
349 345
349 344
348 344
347 344
346 344
345 344
344 344
343 344
342 344
342 345
341 345
341 346
340 346
339 346
338 346
337 346
336 346
335 346
334 346
333 346
332 346
368 339
368 338
369 338
370 338
370 337
371 337
372 337
373 337
374 337
375 337
376 337
377 337
378 337
379 337
379 338
380 338
381 338
382 338
383 338
384 338
384 337
385 337
385 336
385 335
386 335
387 335
388 335
389 335
389 334
390 334
390 333
391 333
391 332
392 332
392 331
392 330
392 329
392 328
392 327
392 326
392 325
393 325
393 324
394 324
394 323
395 323
395 322
396 322
397 322
398 322
399 322
400 322
401 322
402 322
403 322
403 323
404 323
405 323
406 323
407 323
407 322
408 322
409 322
409 321
410 321
411 321
411 320
412 320
413 320
414 320
415 320
416 320
416 321
417 321
417 322
417 323
418 323
418 324
418 325
418 326
419 326
419 327
420 327
420 328
420 329
421 329
421 330
421 331
421 332
421 333
421 334
421 335
421 336
421 337
420 337
420 338
420 339
420 340
420 341
420 342
420 343
420 344
421 344
422 344
422 345
422 346
423 346
423 347
423 348
424 348
424 349
424 350
425 350
426 350
426 351
427 351
427 352
428 352
428 353
428 354
293 296
293 297
293 295
293 294
292 294
292 293
291 293
291 292
290 292
289 292
289 291
288 291
288 290
288 289
287 289
287 288
287 287
287 286
287 285
287 284
288 284
288 283
288 282
289 282
289 281
289 280
290 280
291 280
292 280
293 280
294 280
294 279
295 279
296 279
296 278
293 298
293 299
293 300
293 301
293 302
293 303
293 304
293 305
293 306
292 306
291 306
290 306
289 306
288 306
287 306
287 307
287 308
278 399
278 398
278 400
278 401
278 402
278 403
278 404
279 404
279 405
279 406
279 407
280 407
278 397
278 396
278 395
278 394
278 393
278 392
277 392
277 391
277 390
276 390
276 389
275 389
275 388
275 387
275 386
275 385
275 384
275 383
274 383
274 382
274 381
275 381
276 381
277 381
278 381
279 381
280 381
281 381
282 381
283 381
284 381
285 381
286 381
287 381
288 381
289 381
289 380
289 379
290 379
290 378
290 377
291 377
292 377
293 377
294 377
295 377
296 377
297 377
297 376
298 376
298 375
298 374
299 374
299 373
300 373
300 372
300 371
300 370
300 369
300 368
301 368
301 367
301 366
301 365
301 364
302 364
302 363
303 363
303 362
304 362
304 361
305 361
305 360
214 357
214 356
214 358
214 359
214 360
214 361
214 362
214 363
214 355
214 354
214 353
214 352
213 352
213 351
212 351
211 351
210 351
209 351
208 351
208 350
208 349
208 348
208 347
208 346
208 345
208 344
207 344
206 344
205 344
204 344
204 343
204 342
204 341
204 340
204 339
204 338
204 337
204 336
204 335
204 334
204 333
205 333
206 333
206 332
207 332
207 331
208 331
208 330
208 329
208 328
208 327
208 326
208 325
209 325
209 324
210 324
210 323
210 322
210 321
211 321
212 321
213 321
214 321
215 321
215 320
216 320
217 320
218 320
218 319
219 319
220 319
220 318
221 318
222 318
222 317
222 316
222 315
222 314
222 313
222 312
222 311
222 310
223 310
223 309
223 308
223 307
223 306
223 305
222 305
222 304
221 304
221 303
221 302
222 302
222 301
223 301
224 301
225 301
226 301
226 300
226 299
226 298
226 297
226 296
226 295
226 294
227 294
227 293
227 292
228 292
228 291
229 291
229 290
230 290
231 290
231 289
232 289
233 289
234 289
234 288
235 288
236 288
237 288
238 288
239 288
240 288
240 287
241 287
241 286
241 285
241 284
241 283
241 282
241 281
241 280
241 279
241 278
241 277
242 277
242 276
242 275
242 274
243 274
244 274
245 274
246 274
247 274
248 274
248 275
249 275
250 275
251 275
252 275
253 275
254 275
255 275
256 275
257 275
397 420
397 419
397 421
397 422
397 423
397 424
397 425
396 425
395 425
397 418
398 418
398 417
398 416
398 415
399 415
400 415
400 414
401 414
402 414
402 413
403 413
403 412
404 412
404 411
405 411
405 410
406 410
406 409
407 409
408 409
409 409
410 409
411 409
412 409
413 409
414 409
414 408
415 408
415 407
416 407
416 406
417 406
418 406
419 406
420 406
421 406
422 406
423 406
423 405
424 405
425 405
425 404
426 404
426 403
427 403
427 402
428 402
429 402
430 402
431 402
432 402
433 402
434 402
435 402
436 402
223 223
224 223
222 223
221 223
220 223
219 223
218 223
218 224
218 225
218 226
217 226
217 227
216 227
215 227
214 227
213 227
213 228
213 229
212 229
211 229
210 229
209 229
208 229
207 229
206 229
205 229
204 229
203 229
203 230
202 230
202 231
201 231
200 231
200 232
199 232
199 231
198 231
198 230
198 229
197 229
197 228
197 227
196 227
196 226
195 226
194 226
193 226
192 226
191 226
190 226
189 226
188 226
188 227
187 227
187 228
186 228
186 229
185 229
184 229
183 229
182 229
181 229
180 229
179 229
179 228
179 227
179 226
179 225
179 224
178 224
178 223
177 223
177 222
176 222
176 221
175 221
175 220
174 220
173 220
173 219
172 219
172 218
172 217
172 216
172 215
173 215
174 215
175 215
176 215
176 214
177 214
177 213
177 212
177 211
178 211
178 210
179 210
179 209
179 208
180 208
180 207
181 207
182 207
182 208
183 208
184 208
185 208
186 208
187 208
188 208
189 208
189 207
190 207
191 207
192 207
193 207
193 206
194 206
195 206
195 205
195 204
196 204
196 203
197 203
197 202
197 201
197 200
197 199
197 198
197 197
197 196
197 195
197 194
197 193
198 193
199 193
200 193
201 193
201 192
200 192
199 192
199 191
199 190
199 189
199 188
199 187
199 186
199 185
199 184
198 184
198 183
198 182
197 182
196 182
196 181
196 180
196 179
196 178
196 177
196 176
196 175
196 174
196 173
196 172
197 172
197 171
198 171
198 170
199 170
199 169
200 169
200 168
201 168
202 168
203 168
204 168
205 168
206 168
207 168
208 168
209 168
210 168
210 167
211 167
212 167
213 167
214 167
215 167
216 167
217 167
218 167
219 167
219 166
220 166
221 166
222 166
223 166
224 166
224 165
225 165
225 164
225 163
225 162
225 161
226 161
226 160
226 159
227 159
228 159
229 159
230 159
231 159
232 159
233 159
234 159
234 158
235 158
235 157
236 157
237 157
238 157
239 157
239 156
239 155
239 154
240 154
240 153
239 153
239 152
239 151
239 150
239 149
239 148
240 148
240 147
241 147
241 146
242 146
242 145
243 145
243 144
244 144
244 143
244 142
244 141
244 140
244 139
244 138
244 137
244 136
244 135
225 223
226 223
227 223
227 222
228 222
228 221
229 221
229 220
230 220
231 220
232 220
232 219
233 219
233 218
234 218
235 218
235 217
236 217
236 218
236 219
236 220
236 221
236 222
236 223
236 224
236 225
237 225
238 225
238 226
239 226
240 226
241 226
242 226
243 226
244 226
245 226
246 226
246 225
247 225
247 224
248 224
248 223
248 222
249 222
250 222
250 223
251 223
251 224
252 224
252 225
252 226
252 227
252 228
252 229
252 230
253 230
253 231
253 232
253 233
253 234
197 390
197 391
197 389
197 388
197 387
198 387
198 386
199 386
199 385
200 385
200 384
200 383
201 383
202 383
202 382
203 382
204 382
205 382
205 381
206 381
207 381
207 380
207 379
206 379
206 378
205 378
205 377
205 376
205 375
205 374
205 373
206 373
207 373
207 372
208 372
209 372
209 371
210 371
211 371
211 370
212 370
212 369
213 369
213 368
213 367
213 366
213 365
214 365
214 364
197 392
197 393
197 394
197 395
198 395
198 396
199 396
199 397
199 398
199 399
199 400
199 401
200 401
201 401
202 401
203 401
204 401
205 401
206 401
410 495
410 494
410 496
410 497
410 498
411 498
411 499
412 499
413 499
414 499
414 500
415 500
415 501
416 501
416 502
416 503
416 504
416 505
416 506
416 507
416 508
415 508
415 509
414 509
414 510
413 510
413 511
412 511
411 511
410 511
409 511
408 511
407 511
406 511
405 511
404 511
403 511
402 511
401 511
400 511
399 511
398 511
397 511
396 511
395 511
394 511
393 511
392 511
391 511
410 493
410 492
410 491
410 490
411 490
411 489
412 489
412 488
413 488
413 487
414 487
414 486
414 485
414 484
414 483
414 482
414 481
414 480
414 479
413 479
413 478
413 477
413 476
413 475
413 474
413 473
413 472
413 471
413 470
413 469
413 468
413 467
413 466
413 465
413 464
413 463
412 463
411 463
411 464
410 464
410 465
409 465
409 466
408 466
408 467
60 120
59 120
61 120
62 120
63 120
64 120
64 119
65 119
66 119
67 119
68 119
69 119
70 119
70 120
71 120
71 121
71 122
72 122
72 123
72 124
73 124
73 125
74 125
74 126
74 127
74 128
74 129
74 130
74 131
74 132
74 133
74 134
74 135
74 136
75 136
76 136
76 135
77 135
78 135
78 134
79 134
80 134
81 134
82 134
83 134
83 133
84 133
84 134
84 135
84 136
84 137
84 138
84 139
84 140
85 140
85 141
86 141
86 142
87 142
87 143
87 144
87 145
87 146
87 147
87 148
87 149
87 150
87 151
87 152
87 153
87 154
88 154
89 154
89 153
90 153
91 153
91 152
92 152
93 152
94 152
95 152
96 152
97 152
98 152
99 152
99 151
100 151
58 120
57 120
56 120
55 120
54 120
53 120
52 120
51 120
51 119
50 119
49 119
49 118
48 118
48 117
48 116
48 115
48 114
48 113
48 112
48 111
48 110
47 110
46 110
45 110
45 109
44 109
142 92
142 93
142 91
142 90
142 89
142 88
142 87
143 87
143 86
144 86
145 86
146 86
147 86
148 86
148 85
149 85
149 84
150 84
151 84
151 83
152 83
153 83
154 83
155 83
156 83
157 83
158 83
159 83
160 83
160 82
160 81
161 81
161 80
161 79
161 78
162 78
163 78
164 78
165 78
166 78
167 78
168 78
168 77
169 77
169 76
169 75
169 74
169 73
169 72
169 71
169 70
169 69
169 68
169 67
169 66
169 65
169 64
169 63
169 62
168 62
168 61
167 61
167 60
167 59
166 59
166 58
167 58
167 57
167 56
168 56
168 55
169 55
170 55
170 54
171 54
172 54
172 53
173 53
173 52
173 51
174 51
174 50
174 49
175 49
175 48
176 48
176 47
177 47
178 47
179 47
179 48
180 48
181 48
182 48
183 48
183 47
184 47
185 47
185 46
186 46
187 46
188 46
189 46
190 46
191 46
191 45
191 44
192 44
192 43
192 42
193 42
193 41
194 41
194 40
194 39
194 38
194 37
194 36
194 35
194 34
194 33
195 33
195 32
196 32
196 31
197 31
197 30
198 30
198 29
199 29
199 28
200 28
201 28
201 27
202 27
203 27
142 94
142 95
142 96
141 96
140 96
139 96
138 96
137 96
136 96
135 96
135 97
135 98
135 99
135 100
135 101
135 102
134 102
134 103
133 103
133 104
132 104
131 104
130 104
129 104
128 104
127 104
126 104
125 104
125 105
125 106
125 107
125 108
125 109
125 110
125 111
125 112
125 113
125 114
124 114
124 115
123 115
123 116
122 116
122 117
121 117
121 118
120 118
119 118
119 119
118 119
118 120
118 121
117 121
117 122
118 122
118 123
119 123
119 124
119 125
119 126
119 127
119 128
120 128
120 129
120 130
121 130
121 131
121 132
121 133
122 133
122 134
122 135
122 136
122 137
122 138
122 139
122 140
122 141
122 142
122 143
121 143
120 143
119 143
118 143
118 144
117 144
116 144
115 144
114 144
113 144
112 144
111 144
110 144
110 145
109 145
109 146
108 146
108 147
107 147
107 148
106 148
106 149
106 150
105 150
104 150
103 150
102 150
101 150
100 150
94 67
93 67
95 67
96 67
96 66
97 66
98 66
99 66
99 65
100 65
100 64
100 63
101 63
101 62
101 61
102 61
102 60
103 60
103 59
104 59
104 58
105 58
105 57
106 57
107 57
108 57
109 57
110 57
110 58
110 59
111 59
112 59
113 59
114 59
115 59
115 60
116 60
116 59
116 58
116 57
116 56
116 55
116 54
116 53
116 52
116 51
116 50
117 50
117 49
118 49
118 48
119 48
119 47
120 47
121 47
121 46
122 46
123 46
124 46
124 45
124 44
125 44
125 43
126 43
127 43
128 43
129 43
130 43
130 42
131 42
131 41
132 41
132 40
132 39
133 39
133 38
133 37
133 36
134 36
134 37
135 37
135 38
136 38
137 38
138 38
139 38
139 39
140 39
140 38
141 38
141 37
142 37
142 36
143 36
144 36
145 36
146 36
146 35
147 35
148 35
149 35
150 35
151 35
152 35
153 35
153 36
154 36
154 37
155 37
156 37
157 37
158 37
159 37
159 36
160 36
160 35
161 35
162 35
162 34
163 34
164 34
165 34
166 34
166 33
167 33
167 32
168 32
168 31
169 31
170 31
170 30
171 30
172 30
173 30
173 29
174 29
175 29
176 29
177 29
177 28
176 28
175 28
174 28
174 27
174 26
174 25
174 24
174 23
173 23
173 22
173 21
173 20
173 19
173 18
173 17
173 16
174 16
175 16
176 16
177 16
178 16
179 16
180 16
181 16
182 16
182 17
183 17
184 17
185 17
186 17
187 17
187 18
188 18
188 19
189 19
189 20
189 21
189 22
189 23
189 24
189 25
190 25
190 26
191 26
191 27
192 27
192 28
193 28
193 29
194 29
194 30
195 30
196 30
92 67
91 67
90 67
89 67
88 67
87 67
86 67
85 67
84 67
83 67
82 67
81 67
80 67
79 67
78 67
77 67
77 68
150 290
150 291
150 289
150 288
151 288
151 287
152 287
152 286
151 286
151 285
150 285
150 284
149 284
149 283
148 283
148 282
147 282
146 282
146 281
145 281
145 280
145 279
144 279
144 278
144 277
144 276
145 276
145 275
146 275
147 275
148 275
148 274
149 274
150 274
150 273
151 273
152 273
152 272
153 272
153 271
153 270
154 270
154 269
155 269
155 268
156 268
156 267
156 266
157 266
157 265
156 265
156 264
155 264
155 263
154 263
154 262
153 262
153 261
153 260
153 259
153 258
152 258
152 257
152 256
153 256
153 255
153 254
153 253
153 252
153 251
153 250
154 250
155 250
155 249
156 249
156 248
155 248
155 247
155 246
155 245
155 244
155 243
155 242
155 241
156 241
156 240
156 239
156 238
156 237
157 237
158 237
159 237
160 237
161 237
162 237
162 236
163 236
163 235
163 234
164 234
164 233
163 233
163 232
162 232
162 231
162 230
162 229
162 228
162 227
162 226
163 226
164 226
164 225
165 225
165 224
166 224
167 224
167 223
168 223
168 222
168 221
168 220
169 220
169 219
170 219
171 219
171 218
171 217
171 216
171 215
150 292
150 293
150 294
150 295
150 296
150 297
150 298
151 298
152 298
152 299
153 299
153 300
152 300
151 300
150 300
149 300
148 300
147 300
146 300
146 301
145 301
144 301
144 302
143 302
143 303
142 303
142 304
141 304
140 304
140 305
139 305
138 305
137 305
137 306
136 306
135 306
134 306
133 306
132 306
131 306
131 307
130 307
130 308
129 308
129 309
128 309
128 310
127 310
127 311
126 311
125 311
124 311
123 311
122 311
121 311
120 311
119 311
118 311
117 311
116 311
116 310
115 310
115 309
115 308
114 308
187 394
188 394
186 394
185 394
184 394
183 394
182 394
181 394
180 394
180 395
179 395
178 395
178 396
177 396
176 396
175 396
174 396
173 396
172 396
172 397
171 397
171 398
170 398
169 398
168 398
167 398
167 399
166 399
165 399
165 400
164 400
164 401
164 402
163 402
163 403
162 403
162 404
188 393
189 393
189 392
190 392
190 391
190 390
191 390
191 389
192 389
193 389
194 389
195 389
196 389
196 388
89 348
89 349
88 348
88 347
87 347
87 346
87 345
86 345
86 344
85 344
85 343
85 342
84 342
90 349
91 349
92 349
93 349
94 349
95 349
96 349
96 348
97 348
97 347
98 347
98 346
99 346
99 345
100 345
100 344
101 344
101 343
101 342
101 341
101 340
101 339
101 338
101 337
101 336
101 335
101 334
101 333
102 333
102 332
102 331
103 331
103 330
104 330
105 330
105 329
106 329
107 329
108 329
109 329
110 329
111 329
111 328
111 327
111 326
111 325
111 324
111 323
111 322
111 321
111 320
111 319
111 318
111 317
111 316
111 315
111 314
111 313
111 312
111 311
112 311
112 310
113 310
113 309
114 309
95 259
95 260
95 258
95 257
96 257
96 256
97 256
97 255
98 255
99 255
100 255
101 255
102 255
103 255
103 254
104 254
105 254
105 253
106 253
107 253
108 253
109 253
109 252
110 252
111 252
112 252
112 251
113 251
114 251
114 250
115 250
115 249
116 249
117 249
118 249
118 248
119 248
120 248
120 249
121 249
121 250
122 250
122 251
122 252
123 252
123 253
124 253
124 254
125 254
126 254
126 255
127 255
127 256
128 256
128 257
129 257
130 257
131 257
132 257
133 257
134 257
135 257
135 258
136 258
136 259
136 260
137 260
138 260
139 260
140 260
141 260
142 260
143 260
144 260
145 260
146 260
147 260
148 260
148 259
149 259
149 258
150 258
151 258
151 257
95 261
95 262
95 263
95 264
95 265
95 266
96 266
96 267
96 268
97 268
97 269
97 270
97 271
97 272
96 272
96 273
95 273
95 274
94 274
94 275
93 275
93 276
92 276
91 276
90 276
89 276
88 276
87 276
86 276
85 276
84 276
83 276
82 276
81 276
80 276
79 276
78 276
77 276
77 277
77 278
77 279
76 279
76 280
76 281
75 281
75 282
75 283
74 283
73 283
72 283
71 283
70 283
69 283
68 283
67 283
67 284
66 284
66 285
65 285
65 286
65 287
64 287
64 288
63 288
62 288
62 289
61 289
61 290
61 291
62 291
62 292
62 293
62 294
62 295
63 295
63 296
63 297
63 298
63 299
64 299
64 300
59 262
59 261
59 263
59 264
59 265
59 266
59 267
59 268
58 268
58 269
57 269
56 269
56 270
56 271
55 271
55 272
54 272
54 273
53 273
53 274
52 274
52 275
51 275
51 276
50 276
49 276
49 277
48 277
48 278
48 279
48 280
48 281
49 281
49 282
49 283
49 284
49 285
49 286
50 286
51 286
51 287
52 287
52 288
53 288
53 289
54 289
54 290
55 290
56 290
57 290
58 290
59 290
60 290
59 260
59 259
59 258
59 257
60 257
60 256
61 256
61 255
61 254
61 253
61 252
61 251
60 251
60 250
59 250
58 250
58 249
57 249
57 248
57 247
56 247
56 246
56 245
55 245
55 244
55 243
54 243
54 242
53 242
53 241
53 240
53 239
53 238
53 237
52 237
52 236
52 235
52 234
52 233
52 232
52 231
52 230
52 229
52 228
52 227
52 226
52 225
53 225
53 224
54 224
54 223
55 223
55 222
56 222
56 221
57 221
58 221
58 220
59 220
59 219
60 219
60 218
60 217
61 217
61 216
61 215
61 214
62 214
62 213
62 212
63 212
63 211
62 211
62 210
61 210
61 209
60 209
59 209
58 209
58 208
58 207
59 207
59 206
60 206
60 205
60 204
60 203
60 202
60 201
60 200
60 199
60 198
60 197
60 196
61 196
61 197
62 197
62 198
63 198
64 198
65 198
66 198
66 199
67 199
67 200
67 201
68 201
69 201
70 201
71 201
72 201
73 201
73 200
74 200
74 199
74 198
74 197
74 196
74 195
74 194
75 194
75 193
76 193
76 192
77 192
77 191
77 190
77 189
77 188
77 187
77 186
77 185
77 184
77 183
76 183
76 182
76 181
76 180
76 179
76 178
76 177
76 176
76 175
76 174
76 173
76 172
76 171
76 170
76 169
76 168
77 168
78 168
78 169
79 169
80 169
81 169
82 169
82 168
83 168
84 168
84 167
85 167
85 166
86 166
86 165
86 164
86 163
86 162
86 161
86 160
86 159
86 158
86 157
86 156
86 155
87 155
71 347
72 347
70 347
69 347
69 346
68 346
68 345
69 345
69 344
69 343
69 342
69 341
69 340
69 339
69 338
69 337
69 336
69 335
69 334
69 333
69 332
68 332
67 332
67 331
67 330
67 329
66 329
66 328
66 327
65 327
64 327
63 327
62 327
62 326
61 326
60 326
60 325
59 325
73 347
74 347
74 348
75 348
76 348
77 348
78 348
78 347
79 347
79 346
80 346
80 345
81 345
81 344
82 344
82 343
83 343
83 342
69 474
69 473
69 475
69 476
69 477
69 478
70 478
70 479
71 479
71 480
72 480
73 480
74 480
75 480
76 480
77 480
78 480
79 480
80 480
81 480
82 480
83 480
84 480
85 480
86 480
87 480
87 481
88 481
88 482
89 482
89 483
90 483
91 483
92 483
93 483
94 483
94 482
95 482
95 481
95 480
96 480
96 479
96 478
97 478
98 478
99 478
100 478
101 478
102 478
103 478
104 478
104 477
104 476
105 476
105 475
105 474
106 474
106 473
106 472
106 471
106 470
107 470
107 469
107 468
107 467
107 466
107 465
107 464
108 464
108 463
109 463
109 462
110 462
111 462
111 461
112 461
112 462
113 462
114 462
114 463
115 463
116 463
117 463
118 463
119 463
120 463
120 464
121 464
121 465
121 466
120 466
120 467
120 468
119 468
119 469
119 470
119 471
119 472
119 473
119 474
119 475
119 476
119 477
119 478
119 479
119 480
119 481
120 481
121 481
122 481
123 481
124 481
125 481
125 482
126 482
127 482
127 483
128 483
128 484
128 485
128 486
128 487
129 487
130 487
131 487
132 487
133 487
134 487
134 486
135 486
135 485
136 485
136 484
137 484
137 483
138 483
139 483
140 483
141 483
142 483
142 484
143 484
144 484
145 484
146 484
147 484
147 483
148 483
149 483
150 483
150 482
151 482
152 482
152 481
153 481
154 481
155 481
156 481
157 481
157 480
158 480
158 479
159 479
159 478
160 478
160 477
161 477
161 476
162 476
162 475
162 474
162 473
162 472
162 471
162 470
162 469
161 469
161 468
161 467
160 467
160 466
160 465
160 464
160 463
160 462
161 462
161 461
161 460
162 460
163 460
163 459
164 459
165 459
166 459
167 459
167 458
167 457
167 456
168 456
168 455
168 454
168 453
168 452
169 452
169 451
168 451
168 450
168 449
167 449
167 448
167 447
167 446
166 446
166 445
165 445
164 445
164 444
163 444
162 444
162 443
161 443
160 443
160 442
159 442
158 442
158 441
157 441
156 441
155 441
154 441
154 440
153 440
152 440
152 441
151 441
150 441
150 440
149 440
149 439
148 439
148 438
148 437
147 437
147 436
147 435
146 435
146 434
146 433
146 432
146 431
146 430
146 429
146 428
147 428
147 427
148 427
148 426
149 426
149 425
150 425
151 425
152 425
153 425
154 425
155 425
155 424
154 424
154 423
153 423
153 422
153 421
153 420
153 419
153 418
153 417
153 416
153 415
153 414
153 413
153 412
153 411
154 411
154 410
154 409
154 408
154 407
155 407
156 407
157 407
158 407
159 407
159 406
160 406
160 405
161 405
161 404
69 472
69 471
69 470
69 469
69 468
68 468
67 468
66 468
66 467
65 467
64 467
64 466
63 466
63 465
62 465
62 464
62 463
61 463
61 462
61 461
61 460
61 459
61 458
62 458
62 457
62 456
63 456
64 456
65 456
66 456
67 456
68 456
69 456
70 456
