197 61
196 61
198 61
199 61
200 61
201 61
202 61
203 61
195 61
195 62
195 63
194 63
194 64
194 65
193 65
192 65
192 66
193 66
194 66
194 67
195 67
195 68
196 68
196 69
197 69
197 70
198 70
326 148
326 147
326 149
326 150
326 151
326 152
326 153
325 153
324 153
324 154
323 154
323 155
322 155
322 156
322 157
322 158
322 159
323 159
323 160
326 146
326 145
326 144
326 143
326 142
326 141
326 140
326 139
326 138
326 137
326 136
326 135
312 149
313 149
311 149
310 149
309 149
308 149
307 149
307 150
306 150
306 151
306 152
306 153
305 153
305 154
304 154
304 155
303 155
303 156
303 157
313 150
314 150
315 150
315 151
316 151
317 151
317 152
318 152
318 153
319 153
320 153
320 154
321 154
321 155
321 156
321 157
340 155
341 155
339 155
338 155
337 155
336 155
335 155
335 154
334 154
333 154
332 154
332 153
331 153
330 153
329 153
328 153
327 153
342 155
343 155
343 156
344 156
344 157
345 157
345 158
345 159
346 159
346 160
346 161
346 162
346 163
346 164
347 164
348 164
348 165
349 165
349 166
350 166
351 166
352 166
353 166
354 166
355 166
356 166
356 167
357 167
357 168
358 168
359 168
360 168
361 168
361 169
362 169
209 94
210 94
209 93
208 93
208 92
207 92
207 91
207 90
206 90
206 89
205 89
205 88
205 87
205 86
204 86
204 85
204 84
204 83
204 82
204 81
204 80
204 79
204 78
204 77
204 76
204 75
204 74
204 73
203 73
202 73
202 72
201 72
201 71
200 71
199 71
198 71
210 95
210 96
211 96
211 97
212 97
212 98
213 98
213 99
213 100
214 100
214 101
215 101
215 102
243 125
243 124
243 126
244 126
244 127
245 127
245 128
246 128
246 129
247 129
247 130
248 130
248 131
248 132
249 132
249 133
250 133
250 134
251 134
252 134
252 135
253 135
254 135
254 136
255 136
256 136
257 136
258 136
259 136
260 136
260 137
261 137
261 138
262 138
262 139
263 139
264 139
265 139
266 139
267 139
268 139
269 139
270 139
271 139
272 139
273 139
274 139
275 139
275 140
275 141
276 141
276 142
277 142
277 143
278 143
279 143
279 144
280 144
281 144
282 144
282 143
283 143
284 143
285 143
286 143
287 143
288 143
288 142
289 142
290 142
290 141
291 141
292 141
293 141
294 141
295 141
296 141
297 141
298 141
299 141
299 142
299 143
300 143
300 144
300 145
301 145
301 146
302 146
302 147
303 147
304 147
304 148
305 148
305 149
305 150
305 151
305 152
242 124
242 123
241 123
240 123
239 123
239 122
238 122
238 121
238 120
237 120
237 119
236 119
236 118
236 117
235 117
235 116
234 116
234 115
233 115
233 114
233 113
232 113
232 112
231 112
231 111
231 110
231 109
231 108
231 107
231 106
231 105
230 105
230 104
230 103
230 102
229 102
229 101
228 101
228 100
227 100
226 100
225 100
224 100
223 100
222 100
221 100
220 100
219 100
218 100
217 100
217 101
216 101
216 102
318 53
317 53
319 53
320 53
321 53
321 54
321 55
321 56
321 57
321 58
321 59
321 60
321 61
321 62
321 63
321 64
320 64
320 65
319 65
319 66
319 67
318 67
318 68
318 69
317 69
317 70
316 70
316 71
317 71
317 72
317 73
318 73
318 74
319 74
320 74
320 75
320 76
320 77
320 78
320 79
321 79
321 80
322 80
322 81
323 81
323 82
323 83
324 83
324 84
325 84
326 84
327 84
328 84
328 85
329 85
329 86
330 86
331 86
331 87
331 88
331 89
331 90
331 91
332 91
333 91
334 91
335 91
336 91
336 92
337 92
337 93
338 93
339 93
339 94
340 94
341 94
341 95
342 95
343 95
344 95
345 95
346 95
346 94
347 94
348 94
348 93
349 93
349 94
350 94
350 95
351 95
351 96
352 96
353 96
353 97
354 97
355 97
355 98
355 99
356 99
356 100
356 101
356 102
356 103
356 104
356 105
356 106
357 106
358 106
359 106
360 106
361 106
361 107
360 107
359 107
358 107
357 107
356 107
355 107
354 107
353 107
353 108
352 108
351 108
350 108
349 108
349 109
348 109
348 110
347 110
346 110
345 110
344 110
344 111
343 111
342 111
342 112
341 112
341 113
340 113
340 114
339 114
338 114
338 115
337 115
337 116
336 116
316 53
315 53
314 53
313 53
312 53
311 53
310 53
310 54
309 54
308 54
307 54
306 54
305 54
304 54
303 54
303 55
302 55
302 56
302 57
301 57
301 58
300 58
300 59
299 59
299 60
298 60
298 61
297 61
296 61
296 62
295 62
295 63
294 63
293 63
292 63
291 63
290 63
289 63
288 63
287 63
286 63
285 63
285 64
284 64
284 65
284 66
283 66
283 67
282 67
282 68
282 69
282 70
282 71
282 72
282 73
281 73
281 74
280 74
279 74
278 74
277 74
276 74
276 73
275 73
275 72
274 72
273 72
272 72
271 72
270 72
269 72
268 72
267 72
266 72
266 73
265 73
265 74
264 74
264 75
263 75
262 75
262 76
261 76
260 76
260 77
260 78
260 79
260 80
260 81
260 82
260 83
260 84
259 84
258 84
257 84
257 85
257 86
257 87
257 88
257 89
257 90
257 91
257 92
257 93
257 94
257 95
257 96
256 96
256 97
256 98
256 99
256 100
256 101
255 101
254 101
253 101
253 102
252 102
251 102
251 103
251 104
250 104
250 105
250 106
250 107
250 108
249 108
249 109
249 110
249 111
249 112
249 113
250 113
250 114
250 115
251 115
252 115
253 115
254 115
255 115
256 115
257 115
258 115
258 116
258 117
258 118
258 119
258 120
258 121
258 122
258 123
258 124
258 125
259 125
259 126
260 126
260 127
261 127
261 128
261 129
261 130
261 131
261 132
261 133
261 134
261 135
261 136
352 18
353 18
351 18
350 18
349 18
348 18
347 18
347 19
347 20
347 21
347 22
347 23
347 24
346 24
346 25
345 25
345 26
345 27
345 28
345 29
345 30
345 31
345 32
345 33
345 34
346 34
346 35
346 36
347 36
347 37
348 37
348 38
349 38
349 39
349 40
349 41
349 42
349 43
349 44
349 45
348 45
348 46
347 46
347 47
346 47
346 48
345 48
344 48
343 48
342 48
341 48
340 48
340 47
340 46
339 46
339 45
339 44
339 43
338 43
338 42
338 41
337 41
336 41
335 41
334 41
333 41
332 41
332 42
331 42
330 42
329 42
328 42
328 43
327 43
326 43
326 44
326 45
326 46
326 47
326 48
326 49
326 50
326 51
325 51
325 52
325 53
324 53
323 53
323 54
323 55
323 56
323 57
323 58
323 59
323 60
323 61
323 62
322 62
322 63
354 18
355 18
356 18
357 18
357 19
358 19
358 20
359 20
359 21
360 21
360 22
360 23
360 24
360 25
361 25
361 26
362 26
362 27
363 27
363 28
364 28
365 28
365 29
402 122
402 123
401 122
400 122
400 121
399 121
399 120
399 119
399 118
398 118
398 117
398 116
397 116
396 116
395 116
394 116
393 116
392 116
391 116
390 116
390 115
389 115
389 116
388 116
387 116
386 116
385 116
384 116
383 116
382 116
382 115
381 115
380 115
379 115
379 114
378 114
377 114
376 114
376 113
375 113
374 113
374 112
373 112
372 112
372 111
371 111
371 110
371 109
370 109
369 109
368 109
367 109
366 109
365 109
364 109
363 109
363 108
362 108
362 107
403 123
404 123
405 123
405 124
406 124
406 125
407 125
407 126
407 127
407 128
407 129
408 129
409 129
409 130
410 130
411 130
411 131
411 132
412 132
412 133
412 134
413 134
413 135
413 136
414 136
414 137
414 138
414 139
414 140
414 141
415 141
415 142
415 143
415 144
415 145
415 146
415 147
415 148
415 149
415 150
415 151
415 152
416 152
416 153
416 154
416 155
416 156
416 157
416 158
416 159
416 160
416 161
416 162
416 163
417 163
417 164
418 164
419 164
420 164
420 165
421 165
421 166
422 166
423 166
424 166
425 166
426 166
426 167
426 168
426 169
426 170
426 171
426 172
426 173
426 174
426 175
426 176
426 177
425 177
425 178
425 179
425 180
425 181
425 182
425 183
425 184
425 185
426 185
426 186
426 187
427 187
427 188
428 188
428 189
429 189
429 190
429 191
430 191
430 192
431 192
431 193
432 193
432 194
432 195
433 195
433 196
433 197
434 197
434 198
434 199
435 199
435 200
436 200
436 201
436 202
437 202
437 203
438 203
438 204
438 205
438 206
438 207
438 208
438 209
438 210
439 210
439 211
439 212
439 213
439 214
439 215
439 216
439 217
439 218
438 218
438 219
437 219
439 61
440 61
438 61
438 60
437 60
437 59
436 59
435 59
434 59
434 60
433 60
432 60
431 60
430 60
429 60
428 60
428 59
427 59
427 58
426 58
426 57
425 57
425 56
425 55
425 54
425 53
425 52
425 51
425 50
425 49
425 48
426 48
426 47
427 47
427 46
427 45
427 44
427 43
427 42
427 41
427 40
427 39
426 39
425 39
425 38
424 38
423 38
422 38
421 38
421 39
420 39
419 39
419 40
418 40
417 40
416 40
416 41
415 41
414 41
414 42
413 42
413 43
412 43
411 43
411 44
411 45
411 46
411 47
411 48
411 49
411 50
410 50
410 51
410 52
409 52
409 53
408 53
408 54
407 54
407 55
407 56
407 57
407 58
407 59
407 60
407 61
406 61
406 62
405 62
405 63
404 63
403 63
403 64
402 64
402 65
401 65
401 66
401 67
401 68
401 69
401 70
401 71
401 72
401 73
401 74
400 74
400 75
399 75
398 75
398 74
397 74
396 74
395 74
395 73
394 73
394 72
393 72
393 71
393 70
392 70
392 69
391 69
391 68
391 67
390 67
390 66
389 66
389 65
388 65
388 64
387 64
387 65
386 65
385 65
384 65
383 65
382 65
381 65
381 64
380 64
380 65
379 65
378 65
377 65
376 65
375 65
374 65
373 65
372 65
372 66
371 66
370 66
369 66
369 67
368 67
367 67
366 67
366 68
365 68
365 69
364 69
364 70
364 71
363 71
363 72
363 73
362 73
362 74
361 74
361 75
360 75
359 75
359 76
358 76
358 77
358 78
357 78
357 79
357 80
357 81
357 82
357 83
357 84
357 85
357 86
356 86
355 86
354 86
353 86
353 87
352 87
351 87
351 88
351 89
350 89
350 90
350 91
349 91
349 92
440 62
441 62
441 63
442 63
442 64
442 65
442 66
443 66
443 67
443 68
444 68
445 68
445 69
446 69
446 70
447 70
447 71
448 71
448 72
391 141
391 140
391 142
391 143
390 143
390 144
389 144
389 145
388 145
388 146
388 147
388 148
387 148
387 149
387 150
387 151
386 151
386 152
386 153
385 153
384 153
383 153
382 153
381 153
380 153
379 153
378 153
378 154
378 155
378 156
378 157
378 158
378 159
378 160
378 161
378 162
378 163
378 164
377 164
376 164
375 164
374 164
373 164
372 164
371 164
370 164
370 165
369 165
368 165
368 166
367 166
367 167
366 167
366 168
365 168
364 168
363 168
363 169
391 139
391 138
391 137
391 136
391 135
390 135
390 134
389 134
388 134
388 133
387 133
387 132
386 132
385 132
385 131
385 130
385 129
385 128
385 127
385 126
385 125
385 124
385 123
385 122
385 121
385 120
385 119
385 118
385 117
332 122
332 121
332 123
332 124
332 125
332 126
332 127
332 128
332 129
332 130
332 131
331 131
331 132
330 132
329 132
329 133
328 133
327 133
327 134
326 134
332 120
332 119
333 119
333 118
334 118
334 117
335 117
336 117
509 307
509 306
509 308
509 309
509 310
509 311
509 312
509 313
509 314
509 315
509 316
509 317
509 318
509 319
509 320
508 320
508 321
507 321
509 305
509 304
509 303
509 302
509 301
509 300
509 299
510 299
510 298
511 298
511 297
511 296
510 296
510 295
510 294
510 293
510 292
510 291
510 290
510 289
510 288
510 287
510 286
510 285
510 284
510 283
510 282
510 281
510 280
509 280
508 280
508 279
507 279
506 279
506 278
506 277
505 277
505 276
505 275
506 275
506 274
506 273
507 273
507 272
508 272
508 271
508 270
508 269
508 268
509 268
509 267
510 267
510 266
511 266
511 265
511 264
511 263
511 262
511 261
511 260
511 259
510 259
510 258
509 258
508 258
507 258
506 258
505 258
504 258
503 258
502 258
502 257
502 256
502 255
502 254
502 253
502 252
501 252
501 251
501 250
500 250
500 249
499 249
499 248
500 248
501 248
502 248
503 248
504 248
505 248
506 248
507 248
507 247
508 247
508 246
509 246
509 245
510 245
511 245
511 244
510 244
509 244
509 243
509 242
509 241
509 240
509 239
509 238
509 237
508 237
508 236
507 236
507 235
506 235
505 235
504 235
503 235
502 235
501 235
501 234
502 234
502 233
503 233
504 233
504 232
504 231
504 230
504 229
504 228
504 227
504 226
504 225
504 224
504 223
505 223
505 222
506 222
506 221
506 220
506 219
506 218
506 217
507 217
507 216
507 215
507 214
507 213
507 212
507 211
507 210
507 209
507 208
507 207
506 207
506 206
505 206
505 205
504 205
503 205
503 204
502 204
501 204
501 203
502 203
502 202
503 202
504 202
505 202
506 202
506 201
507 201
507 200
507 199
507 198
507 197
507 196
507 195
507 194
507 193
506 193
506 192
505 192
504 192
504 191
503 191
503 190
502 190
502 189
501 189
500 189
499 189
498 189
497 189
496 189
496 190
496 191
495 191
495 192
494 192
494 193
493 193
492 193
491 193
490 193
489 193
488 193
488 192
487 192
487 191
486 191
485 191
484 191
484 190
483 190
482 190
481 190
480 190
479 190
478 190
478 191
477 191
477 192
476 192
475 192
474 192
473 192
472 192
471 192
470 192
469 192
468 192
467 192
466 192
466 191
465 191
464 191
464 190
463 190
462 190
462 189
461 189
460 189
460 188
459 188
458 188
457 188
456 188
456 189
455 189
455 190
454 190
454 191
453 191
452 191
451 191
450 191
449 191
448 191
447 191
447 190
446 190
445 190
445 189
444 189
443 189
442 189
441 189
441 188
440 188
440 187
439 187
438 187
438 188
437 188
436 188
435 188
435 189
434 189
434 190
433 190
432 190
431 190
430 190
140 148
141 148
139 148
139 149
139 150
138 150
138 151
137 151
137 152
136 152
135 152
134 152
133 152
132 152
131 152
130 152
130 151
130 150
130 149
130 148
130 147
130 146
130 145
130 144
130 143
130 142
129 142
142 148
142 147
142 146
143 146
144 146
145 146
145 145
146 145
147 145
147 144
148 144
149 144
150 144
151 144
152 144
153 144
154 144
155 144
156 144
157 144
158 144
158 145
159 145
160 145
161 145
161 144
162 144
162 143
163 143
164 143
165 143
166 143
167 143
168 143
169 143
170 143
171 143
171 142
172 142
173 142
173 141
174 141
174 140
175 140
175 139
175 138
176 138
176 137
177 137
177 136
177 135
177 134
178 134
179 134
180 134
180 133
180 132
180 131
180 130
180 129
180 128
180 127
180 126
180 125
181 125
181 124
181 123
181 122
181 121
181 120
181 119
182 119
182 118
182 117
182 116
182 115
182 114
183 114
184 114
185 114
186 114
187 114
188 114
189 114
190 114
191 114
192 114
193 114
194 114
195 114
196 114
197 114
197 113
197 112
198 112
198 111
198 110
199 110
199 109
199 108
199 107
199 106
199 105
199 104
199 103
200 103
200 102
201 102
202 102
203 102
204 102
205 102
206 102
207 102
208 102
209 102
210 102
211 102
212 102
213 102
214 102
