322 275
321 275
322 274
323 274
323 273
323 272
324 272
324 271
324 270
325 270
325 269
325 268
325 267
324 267
324 266
323 266
323 265
324 265
325 265
326 265
327 265
327 264
328 264
328 263
329 263
329 262
330 262
330 261
331 261
331 260
332 260
332 259
332 258
332 257
332 256
333 256
333 255
334 255
334 254
334 253
334 252
334 251
333 251
333 250
332 250
332 249
332 248
332 247
332 246
332 245
332 244
331 244
330 244
329 244
329 243
330 243
331 243
332 243
333 243
334 243
334 242
334 241
335 241
335 240
336 240
336 239
337 239
337 238
338 238
338 237
339 237
339 236
340 236
320 275
319 275
319 276
319 277
318 277
318 278
318 279
318 280
317 280
317 281
316 281
315 281
315 282
314 282
313 282
312 282
311 282
310 282
309 282
308 282
308 283
309 283
309 284
309 285
309 286
309 287
309 288
310 288
310 289
310 290
311 290
311 291
311 292
328 310
329 310
327 310
326 310
325 310
324 310
323 310
322 310
322 309
323 309
323 308
324 308
324 307
324 306
325 306
325 305
325 304
325 303
325 302
325 301
325 300
325 299
325 298
325 297
325 296
324 296
323 296
323 297
322 297
322 298
321 298
320 298
319 298
318 298
317 298
316 298
315 298
314 298
313 298
313 297
312 297
312 296
311 296
311 295
311 294
311 293
330 310
331 310
332 310
333 310
334 310
335 310
336 310
337 310
338 310
339 310
340 310
340 309
341 309
341 308
341 307
340 294
340 295
340 293
339 293
339 292
338 292
338 291
338 290
338 289
337 289
337 288
336 288
335 288
334 288
333 288
332 288
331 288
330 288
330 289
330 290
329 290
329 291
328 291
328 292
328 293
327 293
327 294
326 294
326 295
325 295
340 296
340 297
340 298
340 299
340 300
340 301
340 302
340 303
340 304
340 305
340 306
340 307
333 322
333 323
333 321
333 320
333 319
333 318
333 317
333 316
333 315
333 314
333 313
333 312
333 311
334 311
334 323
335 323
336 323
337 323
338 323
339 323
339 324
340 324
340 325
341 325
341 326
14 327
15 327
14 328
13 328
13 329
12 329
12 330
11 330
11 331
15 326
16 326
16 325
17 325
18 325
18 324
19 324
19 323
20 323
20 322
306 317
306 316
306 318
307 318
307 319
308 319
309 319
310 319
311 319
312 319
312 318
312 317
313 317
313 316
314 316
314 315
315 315
315 314
316 314
316 313
317 313
317 312
318 312
319 312
320 312
321 312
321 311
322 311
306 315
306 314
306 313
305 313
304 313
303 313
302 313
301 313
300 313
299 313
298 313
297 313
297 314
296 314
296 315
295 315
295 316
294 316
294 317
332 343
331 343
333 343
333 342
334 342
334 341
335 341
336 341
337 341
338 341
339 341
340 341
341 341
341 340
341 339
341 338
341 337
342 337
342 336
342 335
342 334
342 333
342 332
342 331
342 330
342 329
342 328
342 327
341 327
330 343
330 344
329 344
328 344
328 345
327 345
326 345
326 344
325 344
325 343
324 343
324 342
323 342
323 341
322 341
321 341
320 341
319 341
318 341
317 341
317 342
316 342
316 343
316 344
316 345
315 345
315 346
315 347
314 347
313 347
312 347
311 347
310 347
309 347
308 347
307 347
306 347
306 348
305 348
339 275
340 275
339 274
339 273
338 273
338 272
337 272
337 271
336 271
336 270
335 270
335 269
335 268
335 267
335 266
335 265
335 264
334 264
334 263
333 263
332 263
331 263
331 262
340 276
340 277
341 277
341 278
342 278
342 279
342 280
342 281
342 282
342 283
342 284
342 285
342 286
343 286
344 286
344 287
343 287
342 287
341 287
340 287
339 287
338 287
337 287
336 287
335 287
334 287
333 287
332 287
385 351
385 352
384 351
383 351
382 351
381 351
381 350
381 349
381 348
381 347
381 346
381 345
381 344
380 344
380 343
379 343
378 343
377 343
377 342
376 342
375 342
375 341
374 341
373 341
372 341
372 340
371 340
371 339
370 339
370 340
370 341
369 341
369 342
369 343
368 343
367 343
367 344
366 344
365 344
365 345
364 345
364 344
363 344
362 344
361 344
361 343
360 343
360 342
359 342
359 341
358 341
357 341
357 340
356 340
356 341
355 341
355 342
355 343
354 343
354 344
354 345
353 345
353 346
352 346
351 346
351 345
350 345
349 345
349 344
348 344
347 344
347 343
346 343
345 343
344 343
343 343
342 343
342 342
341 342
386 352
386 353
387 353
387 354
388 354
388 355
388 356
389 356
389 357
389 358
390 358
391 358
391 359
392 359
387 310
387 309
387 311
387 312
387 313
387 314
387 315
387 316
387 317
387 318
386 318
386 319
386 320
385 320
385 321
385 322
385 323
384 323
384 324
384 325
384 326
383 326
383 327
384 327
384 328
385 328
386 328
386 329
387 329
387 330
388 330
389 330
389 331
388 331
388 332
388 333
387 333
387 334
387 335
386 335
386 336
386 337
385 337
385 338
385 339
385 340
384 340
384 341
384 342
383 342
383 343
382 343
381 343
386 309
386 308
385 308
384 308
383 308
382 308
381 308
380 308
380 307
379 307
379 306
379 305
378 305
378 304
377 304
377 303
377 302
376 302
376 301
376 300
376 299
376 298
375 298
375 299
375 300
375 301
374 301
373 301
372 301
371 301
370 301
370 302
369 302
369 303
368 303
367 303
367 304
366 304
365 304
364 304
363 304
362 304
361 304
361 305
361 306
361 307
361 308
361 309
360 309
360 310
359 310
359 311
358 311
357 311
356 311
355 311
355 312
354 312
353 312
353 311
352 311
352 310
351 310
350 310
349 310
348 310
347 310
346 310
345 310
344 310
343 310
342 310
342 309
342 308
248 399
248 400
249 399
249 398
250 398
251 398
252 398
252 397
251 397
250 397
250 396
249 396
248 396
248 395
248 394
248 393
248 392
248 391
248 390
248 389
249 389
249 388
250 388
250 387
250 386
250 385
251 385
251 384
251 383
251 382
252 382
253 382
253 381
254 381
255 381
256 381
256 380
257 380
257 379
258 379
258 378
258 377
258 376
258 375
258 374
258 373
258 372
259 372
247 400
246 400
245 400
244 400
243 400
242 400
242 401
241 401
241 402
240 402
240 403
282 325
283 325
282 326
281 326
281 327
280 327
280 328
279 328
279 329
278 329
284 325
285 325
285 324
286 324
286 323
287 323
287 322
288 322
289 322
289 321
290 321
291 321
291 320
292 320
292 319
293 319
293 318
294 318
266 389
267 389
265 389
264 389
263 389
263 390
262 390
261 390
261 389
260 389
259 389
259 388
258 388
257 388
257 387
256 387
256 386
255 386
254 386
253 386
252 386
252 385
268 389
269 389
270 389
271 389
272 389
273 389
274 389
275 389
275 390
276 390
277 390
278 390
278 389
278 388
278 387
278 386
278 385
278 384
278 383
279 383
279 382
279 381
279 380
279 379
278 379
278 378
278 377
278 376
278 375
278 374
278 373
277 373
277 372
277 371
276 371
276 370
276 369
276 368
275 368
274 368
273 368
272 368
271 368
270 368
269 368
268 368
267 368
266 368
265 368
264 368
264 369
263 369
263 370
262 370
262 371
261 371
260 371
259 371
261 361
262 361
261 360
261 359
261 358
261 357
261 356
261 355
261 354
260 354
260 355
259 355
259 356
258 356
257 356
257 357
256 357
255 357
254 357
253 357
252 357
251 357
250 357
249 357
248 357
248 356
247 356
247 355
247 354
248 354
248 353
249 353
249 352
250 352
250 351
251 351
251 350
252 350
252 349
253 349
253 348
254 348
254 347
255 347
255 346
256 346
256 345
256 344
257 344
257 343
258 343
258 342
259 342
262 362
262 363
263 363
263 364
263 365
263 366
263 367
263 368
300 343
301 343
299 343
299 342
298 342
297 342
296 342
295 342
294 342
294 343
293 343
292 343
291 343
291 342
290 342
289 342
288 342
288 341
287 341
286 341
285 341
284 341
283 341
282 341
281 341
281 342
280 342
279 342
279 343
278 343
278 344
277 344
276 344
276 345
275 345
275 346
274 346
274 347
273 347
273 348
272 348
271 348
271 349
271 350
270 350
270 351
269 351
269 352
268 352
267 352
267 353
266 353
265 353
264 353
263 353
262 353
262 354
301 344
302 344
302 345
303 345
303 346
304 346
304 347
305 347
290 404
290 405
290 403
290 402
290 401
290 400
290 399
289 399
289 398
288 398
288 397
287 397
287 396
287 395
286 395
286 394
286 393
286 392
285 392
285 391
284 391
283 391
282 391
281 391
280 391
279 391
278 391
290 406
290 407
290 408
290 409
290 410
290 411
291 411
291 412
318 329
318 328
318 330
317 330
317 331
317 332
316 332
316 333
316 334
316 335
316 336
316 337
316 338
316 339
316 340
316 341
319 328
319 327
320 327
321 327
321 326
322 326
323 326
324 326
324 325
325 325
325 324
326 324
326 323
326 322
327 322
327 321
327 320
327 319
327 318
328 318
328 317
329 317
329 316
330 316
330 315
331 315
331 314
332 314
332 313
332 312
420 102
421 102
420 103
419 103
418 103
417 103
416 103
415 103
415 104
415 105
415 106
415 107
415 108
415 109
415 110
415 111
414 111
414 112
413 112
413 113
412 113
411 113
410 113
409 113
408 113
407 113
406 113
405 113
404 113
403 113
402 113
401 113
400 113
400 114
399 114
399 115
398 115
398 116
398 117
397 117
397 118
396 118
396 119
395 119
395 120
394 120
394 121
394 122
393 122
393 123
392 123
391 123
391 124
390 124
390 125
390 126
389 126
389 127
388 127
388 128
388 129
387 129
387 130
387 131
387 132
387 133
387 134
387 135
387 136
387 137
387 138
387 139
387 140
386 140
386 141
422 102
423 102
424 102
425 102
426 102
427 102
427 103
427 104
427 105
427 106
427 107
427 108
412 398
412 397
412 399
412 400
412 401
412 402
412 403
412 404
412 405
413 405
413 406
414 406
414 407
415 407
415 408
416 408
416 409
417 409
418 409
418 410
418 411
418 412
418 413
418 414
418 415
418 416
418 417
419 417
419 418
419 419
419 420
419 421
419 422
419 423
419 424
420 424
421 424
422 424
423 424
423 425
423 426
423 427
423 428
423 429
422 429
421 429
421 430
420 430
419 430
419 431
418 431
418 432
417 432
417 433
416 433
416 434
416 435
416 436
416 437
416 438
416 439
416 440
416 441
416 442
416 443
416 444
416 445
415 445
415 446
415 447
415 448
415 449
415 450
414 450
413 450
413 451
414 451
415 451
416 451
417 451
418 451
419 451
420 451
421 451
422 451
422 452
423 452
423 453
424 453
424 454
425 454
425 455
426 455
426 456
426 457
426 458
426 459
426 460
426 461
426 462
426 463
426 464
427 464
427 465
428 465
428 464
429 464
430 464
430 463
431 463
432 463
432 462
433 462
433 461
434 461
435 461
436 461
437 461
438 461
439 461
440 461
441 461
441 460
442 460
442 459
442 458
443 458
444 458
445 458
446 458
447 458
448 458
449 458
450 458
450 457
451 457
451 456
451 455
452 455
452 454
452 453
452 452
453 452
453 451
453 450
454 450
454 449
454 448
455 448
455 447
412 396
412 395
411 395
411 394
411 393
410 393
410 392
409 392
408 392
407 392
407 391
406 391
406 390
405 390
405 389
404 389
404 388
404 387
404 386
404 385
404 384
404 383
403 383
402 383
402 382
401 382
401 381
400 381
399 381
399 380
398 380
398 379
397 379
396 379
396 378
395 378
394 378
394 377
395 377
396 377
396 376
396 375
396 374
396 373
396 372
396 371
396 370
396 369
395 369
395 368
395 367
395 366
395 365
395 364
395 363
395 362
395 361
394 361
394 360
393 360
393 359
388 83
389 83
388 84
388 85
387 85
387 86
386 86
386 87
385 87
385 88
384 88
384 89
383 89
383 90
383 91
382 91
382 92
382 93
382 94
382 95
382 96
382 97
382 98
382 99
382 100
382 101
383 101
383 102
384 102
384 103
385 103
385 104
385 105
386 105
386 106
387 106
387 105
388 105
389 105
390 105
391 105
392 105
393 105
394 105
395 105
396 105
397 105
397 104
398 104
399 104
400 104
401 104
402 104
402 103
403 103
404 103
405 103
406 103
407 103
408 103
409 103
410 103
411 103
412 103
413 103
414 103
389 82
389 81
389 80
390 80
390 79
391 79
391 78
392 78
392 77
392 76
392 75
392 74
392 73
392 72
392 71
392 70
392 69
393 69
394 69
395 69
396 69
397 69
397 68
398 68
398 67
398 66
399 66
399 65
400 65
400 64
401 64
401 63
402 63
402 62
402 61
402 60
402 59
402 58
402 57
403 57
404 57
405 57
406 57
407 57
408 57
409 57
410 57
411 57
412 57
413 57
414 57
415 57
415 56
415 55
414 55
414 54
413 54
413 53
413 52
413 51
413 50
413 49
413 48
413 47
413 46
413 45
413 44
413 43
413 42
412 42
412 41
356 192
356 193
356 191
356 190
356 189
356 188
356 187
357 187
357 186
357 185
357 184
357 183
356 183
356 182
356 181
356 180
355 180
355 179
355 178
354 178
354 177
353 177
353 176
352 176
351 176
351 175
351 174
351 173
351 172
351 171
351 170
350 170
350 169
349 169
356 194
356 195
356 196
357 196
357 197
358 197
359 197
359 198
360 198
361 198
361 199
362 199
362 200
363 200
363 201
364 201
364 202
365 202
365 203
366 203
366 204
366 205
366 206
365 206
365 207
364 207
364 208
364 209
363 209
363 210
363 211
363 212
362 212
361 212
361 213
361 214
360 214
360 215
360 216
360 217
360 218
359 218
359 219
358 219
358 220
357 220
356 220
355 220
354 220
353 220
352 220
351 220
350 220
349 220
348 220
347 220
346 220
346 221
345 221
345 222
344 222
344 223
343 223
343 224
342 224
342 225
341 225
341 226
340 226
340 227
340 228
339 228
339 229
339 230
339 231
339 232
339 233
339 234
339 235
340 235
190 411
189 411
191 411
192 411
192 410
193 410
193 409
194 409
194 408
194 407
195 407
195 406
196 406
196 405
196 404
197 404
197 403
198 403
198 402
198 401
199 401
199 400
199 399
200 399
200 398
200 397
201 397
201 396
201 395
188 411
187 411
186 411
185 411
184 411
183 411
183 412
182 412
182 413
181 413
181 414
181 415
181 416
181 417
181 418
181 419
181 420
181 421
182 421
182 422
182 423
183 423
177 413
176 413
178 413
179 413
180 413
175 413
174 413
173 413
172 413
171 413
170 413
170 414
169 414
169 415
168 415
168 416
167 416
167 417
167 418
166 418
166 419
165 419
407 97
407 98
407 96
407 95
407 94
407 93
406 93
406 92
405 92
404 92
404 91
403 91
402 91
401 91
401 90
400 90
400 89
400 88
400 87
400 86
399 86
399 85
398 85
397 85
396 85
396 84
395 84
395 83
394 83
394 82
393 82
393 81
393 80
392 80
392 79
407 99
407 100
407 101
407 102
304 369
304 368
304 370
304 371
304 372
304 373
305 373
305 374
306 374
306 375
306 376
305 376
305 377
304 377
304 378
304 379
303 379
302 379
301 379
301 380
300 380
300 381
299 381
299 382
298 382
297 382
296 382
295 382
294 382
293 382
292 382
291 382
290 382
289 382
289 383
288 383
287 383
286 383
285 383
284 383
284 382
283 382
282 382
281 382
281 381
280 381
280 380
304 367
303 367
303 366
302 366
301 366
301 365
302 365
303 365
303 364
304 364
304 363
305 363
305 362
305 361
306 361
306 360
306 359
307 359
307 358
307 357
308 357
308 356
308 355
308 354
308 353
308 352
308 351
308 350
307 350
307 349
306 349
372 242
372 241
373 242
373 243
374 243
374 244
374 245
375 245
375 246
376 246
376 247
377 247
377 248
377 249
378 249
378 250
378 251
379 251
379 252
380 252
381 252
381 253
381 254
381 255
381 256
381 257
381 258
381 259
380 259
380 260
379 260
379 261
378 261
378 262
378 263
377 263
377 264
377 265
376 265
376 266
372 240
371 240
371 239
370 239
370 238
369 238
369 237
369 236
369 235
368 235
368 234
367 234
367 233
366 233
366 234
365 234
364 234
363 234
363 235
362 235
362 236
361 236
361 237
360 237
360 238
359 238
358 238
358 239
357 239
356 239
355 239
354 239
353 239
352 239
351 239
350 239
350 240
349 240
348 240
347 240
346 240
345 240
344 240
343 240
342 240
342 239
342 238
341 238
341 237
340 237
167 444
166 444
168 444
169 444
170 444
170 443
171 443
171 442
172 442
172 441
173 441
174 441
174 440
174 439
173 439
173 438
172 438
172 437
171 437
171 436
170 436
170 435
169 435
168 435
168 434
167 434
167 433
166 433
166 432
166 431
166 430
166 429
167 429
167 428
168 428
168 427
169 427
169 426
170 426
170 425
170 424
170 423
169 423
169 422
168 422
168 421
167 421
167 420
166 420
165 444
164 444
163 444
162 444
161 444
160 444
159 444
158 444
157 444
156 444
155 444
154 444
153 444
152 444
140 428
141 428
139 428
138 428
137 428
136 428
136 429
135 429
135 430
134 430
134 431
134 432
133 432
133 433
133 434
133 435
132 435
131 435
131 436
130 436
130 437
130 438
129 438
129 439
129 440
128 440
127 440
127 441
126 441
125 441
124 441
124 442
123 442
123 443
122 443
142 428
143 428
144 428
144 427
144 426
145 426
145 427
145 428
145 429
146 429
146 430
147 430
147 431
148 431
148 432
149 432
149 433
149 434
150 434
150 435
150 436
151 436
151 437
151 438
151 439
151 440
151 441
151 442
151 443
151 444
155 465
154 465
156 465
157 465
158 465
159 465
159 464
160 464
160 463
161 463
161 462
161 461
161 460
161 459
161 458
161 457
161 456
161 455
161 454
161 453
161 452
161 451
161 450
161 449
160 449
160 448
159 448
159 447
159 446
159 445
158 445
157 445
156 445
155 445
154 445
153 445
152 445
153 465
152 465
151 465
150 465
149 465
149 464
148 464
148 463
385 292
385 291
385 293
385 294
385 295
385 296
385 297
384 297
383 297
382 297
381 297
380 297
379 297
378 297
377 297
376 297
385 290
385 289
385 288
385 287
385 286
385 285
384 285
384 284
383 284
383 283
383 282
383 281
383 280
383 279
383 278
383 277
383 276
383 275
384 275
384 274
384 273
383 273
383 272
382 272
382 271
381 271
381 270
380 270
379 270
379 269
378 269
378 268
377 268
377 267
377 266
114 447
115 447
113 447
112 447
111 447
110 447
109 447
108 447
107 447
106 447
105 447
104 447
103 447
102 447
101 447
101 446
100 446
100 445
99 445
116 447
117 447
118 447
119 447
119 446
120 446
120 445
121 445
121 444
122 444
365 175
364 175
366 175
367 175
367 176
368 176
368 175
368 174
368 173
368 172
368 171
368 170
368 169
368 168
368 167
369 167
370 167
371 167
372 167
373 167
373 166
374 166
375 166
375 165
376 165
376 164
377 164
378 164
378 163
379 163
379 162
380 162
380 161
381 161
381 160
382 160
382 159
382 158
383 158
383 157
383 156
384 156
384 155
385 155
385 154
385 153
386 153
386 152
387 152
388 152
388 151
389 151
390 151
390 150
391 150
392 150
392 149
392 148
392 147
392 146
392 145
392 144
392 143
392 142
392 141
391 141
390 141
389 141
388 141
387 141
363 175
362 175
361 175
360 175
360 176
359 176
359 177
359 178
358 178
358 179
357 179
357 180
357 181
357 182
82 467
82 468
82 466
82 465
82 464
82 463
83 463
83 462
84 462
84 461
85 461
85 460
86 460
87 460
88 460
89 460
89 459
90 459
91 459
91 458
92 458
92 457
93 457
93 456
93 455
93 454
93 453
93 452
93 451
93 450
93 449
93 448
94 448
94 447
95 447
95 446
96 446
97 446
98 446
98 445
82 469
81 469
80 469
80 470
79 470
78 470
77 470
76 470
76 469
75 469
74 469
73 469
72 469
71 469
70 469
69 469
68 469
67 469
66 469
65 469
64 469
63 469
63 470
62 470
62 471
61 471
61 472
60 472
59 472
59 473
58 473
57 473
56 473
55 473
55 474
54 474
54 475
53 475
53 476
52 476
51 476
50 476
49 476
49 477
48 477
47 477
46 477
46 478
45 478
45 479
45 480
44 480
44 481
44 482
44 483
43 483
43 484
43 485
42 485
42 486
42 487
41 487
41 488
41 489
40 489
363 280
362 280
364 280
365 280
366 280
366 281
367 281
367 282
368 282
368 283
368 284
369 284
370 284
370 285
371 285
372 285
373 285
374 285
375 285
376 285
377 285
378 285
379 285
380 285
381 285
382 285
382 284
361 280
361 279
360 279
359 279
359 278
358 278
358 277
358 276
357 276
357 275
356 275
356 274
356 273
355 273
355 272
354 272
354 271
353 271
353 270
352 270
351 270
350 270
349 270
348 270
348 271
347 271
347 272
346 272
346 273
345 273
345 274
345 275
345 276
345 277
344 277
344 278
343 278
10 283
10 282
10 284
10 285
10 286
11 286
12 286
13 286
14 286
14 287
13 287
12 287
12 288
12 289
12 290
12 291
12 292
12 293
12 294
12 295
13 295
14 295
14 296
15 296
16 296
17 296
17 297
17 298
17 299
18 299
18 300
19 300
19 301
20 301
20 302
10 281
10 280
10 279
10 278
10 277
10 276
10 275
10 274
9 274
8 274
7 274
7 275
6 275
5 275
4 275
3 275
2 275
1 275
0 275
0 274
0 273
0 272
0 271
0 270
0 269
0 268
0 267
0 266
0 265
0 264
0 263
0 262
0 261
0 260
0 259
0 258
0 257
0 256
0 255
0 254
0 253
1 253
2 253
3 253
407 244
407 243
408 244
408 245
409 245
409 246
409 247
409 248
409 249
409 250
409 251
409 252
409 253
410 253
410 254
411 254
411 255
412 255
412 256
413 256
413 257
414 257
414 258
414 259
414 260
414 261
414 262
414 263
414 264
413 264
413 265
413 266
413 267
412 267
412 268
411 268
411 269
410 269
409 269
408 269
407 269
406 269
405 269
404 269
403 269
402 269
401 269
400 269
399 269
398 269
397 269
397 268
396 268
396 269
395 269
395 270
394 270
393 270
393 271
392 271
392 272
391 272
391 273
390 273
389 273
388 273
387 273
386 273
385 273
385 274
406 243
405 243
405 242
404 242
404 241
403 241
402 241
401 241
400 241
399 241
398 241
398 240
397 240
397 239
396 239
396 238
395 238
394 238
394 237
393 237
393 236
392 236
391 236
390 236
389 236
389 237
388 237
388 236
388 235
388 234
388 233
388 232
388 231
388 230
388 229
387 229
386 229
386 228
385 228
385 227
385 226
385 225
385 224
385 223
385 222
385 221
385 220
385 219
384 219
384 220
384 221
383 221
382 221
381 221
380 221
379 221
379 222
378 222
378 223
377 223
377 224
377 225
376 225
376 226
375 226
375 227
374 227
374 228
374 229
374 230
374 231
374 232
374 233
373 233
372 233
371 233
370 233
369 233
368 233
170 461
169 461
171 461
172 461
173 461
173 462
174 462
174 463
175 463
175 464
176 464
177 464
177 465
178 465
178 466
179 466
180 466
180 465
181 465
182 465
183 465
184 465
185 465
185 464
186 464
187 464
187 463
187 462
187 461
187 460
188 460
189 460
189 459
188 459
187 459
186 459
185 459
185 458
184 458
184 457
183 457
183 456
183 455
182 455
182 454
169 462
168 462
168 463
167 463
166 463
165 463
164 463
163 463
162 463
76 241
76 242
76 240
76 239
76 238
76 237
75 237
75 236
74 236
74 235
73 235
72 235
72 234
71 234
70 234
69 234
68 234
67 234
66 234
76 243
76 244
76 245
76 246
77 246
77 247
78 247
78 248
79 248
79 249
80 249
80 250
81 250
81 251
82 251
83 251
83 252
216 393
217 393
215 393
215 394
214 394
214 395
213 395
213 396
212 396
211 396
210 396
209 396
208 396
207 396
206 396
205 396
204 396
203 396
202 396
202 395
218 393
219 393
219 392
220 392
220 391
221 391
221 390
222 390
222 391
223 391
223 392
224 392
225 392
226 392
227 392
228 392
228 393
229 393
229 394
229 395
230 395
230 396
231 396
232 396
232 397
233 397
233 398
234 398
235 398
235 399
236 399
237 399
237 400
238 400
238 401
239 401
239 402
89 246
89 245
89 247
88 247
87 247
87 248
86 248
86 249
85 249
85 250
84 250
84 251
84 252
89 244
89 243
89 242
89 241
89 240
89 239
89 238
89 237
90 237
91 237
91 236
38 248
37 248
39 248
40 248
41 248
41 249
41 250
42 250
42 251
43 251
43 250
43 249
44 249
44 248
45 248
45 247
46 247
47 247
48 247
48 246
49 246
50 246
51 246
52 246
53 246
54 246
54 245
55 245
55 244
55 243
56 243
56 242
56 241
57 241
57 240
57 239
58 239
58 238
59 238
60 238
60 237
61 237
61 236
62 236
63 236
63 235
64 235
65 235
65 234
36 248
35 248
35 247
34 247
34 246
34 245
33 245
32 245
31 245
30 245
29 245
28 245
27 245
26 245
25 245
25 246
24 246
23 246
22 246
21 246
20 246
20 245
19 245
18 245
17 245
16 245
15 245
14 245
14 246
13 246
13 247
12 247
11 247
10 247
10 246
9 246
8 246
7 246
6 246
5 246
4 246
3 246
3 245
2 245
2 244
1 244
0 244
0 245
0 246
0 247
0 248
0 249
0 250
0 251
0 252
1 252
2 252
99 501
98 501
100 501
101 501
102 501
102 500
102 499
102 498
103 498
103 497
103 496
103 495
103 494
103 493
103 492
102 492
102 491
102 490
101 490
101 489
101 488
100 488
97 501
96 501
95 501
94 501
93 501
92 501
92 502
91 502
91 503
90 503
90 504
78 209
78 208
77 209
76 209
76 210
76 211
76 212
76 213
76 214
77 214
77 215
77 216
78 216
78 217
78 218
78 219
78 220
78 221
79 221
79 222
80 222
80 223
79 223
79 224
78 224
78 225
78 226
78 227
77 227
77 228
77 229
77 230
77 231
77 232
77 233
77 234
76 234
76 235
76 236
79 208
80 208
80 207
81 207
82 207
82 206
83 206
84 206
85 206
86 206
87 206
87 205
88 205
88 204
89 204
89 203
89 202
89 201
89 200
89 199
89 198
88 198
87 198
87 197
88 197
89 197
90 197
91 197
92 197
93 197
94 197
95 197
95 196
96 196
97 196
97 195
98 195
99 195
99 194
100 194
101 194
101 193
102 193
102 192
103 192
103 191
103 190
102 190
102 189
102 188
102 187
102 186
102 185
103 185
104 185
105 185
106 185
107 185
108 185
207 422
208 422
206 422
205 422
204 422
203 422
203 421
202 421
201 421
201 422
200 422
199 422
199 423
198 423
198 424
197 424
197 425
196 425
196 426
195 426
194 426
193 426
192 426
191 426
190 426
189 426
189 427
188 427
187 427
187 428
186 428
186 427
185 427
185 426
185 425
184 425
184 424
183 424
209 422
210 422
211 422
212 422
212 423
213 423
214 423
215 423
216 423
216 422
217 422
217 423
218 423
218 424
218 425
218 426
218 427
218 428
218 429
219 429
219 430
220 430
220 431
221 431
221 432
222 432
223 432
223 433
224 433
224 434
223 434
222 434
221 434
220 434
220 435
219 435
219 436
219 437
219 438
219 439
219 440
219 441
219 442
220 442
220 443
221 443
221 444
221 445
221 446
220 446
220 447
220 448
220 449
220 450
219 450
219 451
219 452
219 453
218 453
218 454
218 455
217 455
217 456
12 310
12 311
12 309
12 308
12 307
12 306
12 305
12 304
12 303
13 303
14 303
15 303
16 303
17 303
18 303
19 303
19 302
12 312
12 313
12 314
12 315
12 316
11 316
11 317
12 317
13 317
14 317
15 317
15 318
16 318
16 319
17 319
17 320
18 320
18 321
19 321
19 322
4 48
4 47
4 49
4 50
4 51
3 51
3 52
3 53
3 54
3 55
3 56
3 57
4 57
4 58
5 58
5 59
5 60
6 60
7 60
7 61
8 61
9 61
9 62
10 62
11 62
12 62
13 62
14 62
15 62
16 62
17 62
18 62
19 62
19 61
20 61
21 61
21 60
22 60
22 59
23 59
24 59
24 58
25 58
26 58
27 58
28 58
29 58
30 58
30 57
30 56
30 55
30 54
31 54
32 54
32 55
33 55
34 55
35 55
36 55
37 55
38 55
39 55
40 55
41 55
42 55
42 56
43 56
43 55
43 54
43 53
43 52
44 52
44 51
44 50
44 49
45 49
45 48
46 48
47 48
48 48
49 48
50 48
51 48
52 48
53 48
53 47
53 46
53 45
53 44
53 43
54 43
54 42
55 42
56 42
57 42
57 41
58 41
59 41
60 41
61 41
61 42
62 42
63 42
64 42
64 43
65 43
66 43
67 43
67 42
68 42
69 42
70 42
71 42
72 42
73 42
73 41
74 41
74 40
74 39
74 38
74 37
75 37
75 36
76 36
76 35
77 35
78 35
79 35
79 34
80 34
81 34
81 33
82 33
82 32
82 31
82 30
83 30
83 29
84 29
84 28
84 27
84 26
84 25
84 24
84 23
84 22
83 22
83 21
83 20
82 20
82 19
81 19
81 18
80 18
79 18
78 18
77 18
76 18
75 18
75 19
74 19
73 19
73 20
72 20
71 20
70 20
69 20
69 21
68 21
68 22
68 23
68 24
67 24
67 25
66 25
66 24
65 24
65 23
65 22
65 21
64 21
64 20
63 20
63 19
62 19
61 19
60 19
59 19
58 19
57 19
56 19
56 18
55 18
54 18
53 18
52 18
51 18
50 18
49 18
48 18
47 18
46 18
45 18
44 18
43 18
42 18
4 46
4 45
4 44
3 44
3 43
4 43
4 42
5 42
6 42
7 42
8 42
9 42
10 42
10 41
11 41
11 40
12 40
12 39
11 39
11 38
10 38
10 37
10 36
9 36
9 35
9 34
9 33
9 32
9 31
9 30
8 30
7 30
7 29
8 29
9 29
10 29
10 28
11 28
12 28
12 27
13 27
14 27
15 27
16 27
17 27
18 27
19 27
20 27
20 28
21 28
21 27
21 26
22 26
22 25
23 25
24 25
25 25
25 24
26 24
27 24
28 24
29 24
30 24
30 23
31 23
32 23
32 22
33 22
33 21
34 21
34 20
35 20
35 19
35 18
36 18
37 18
38 18
39 18
40 18
41 18
108 502
109 502
107 502
106 502
105 502
104 502
104 501
104 500
104 499
104 498
104 497
104 496
104 495
104 494
110 502
111 502
112 502
112 503
113 503
114 503
114 502
115 502
115 501
116 501
117 501
118 501
119 501
120 501
121 501
122 501
123 501
123 502
124 502
124 503
125 503
125 504
126 504
126 505
127 505
127 506
127 507
127 508
127 509
127 510
128 510
128 511
129 511
367 82
368 82
366 82
365 82
364 82
364 83
363 83
363 84
362 84
362 85
362 86
362 87
362 88
361 88
361 89
361 90
360 90
359 90
359 91
358 91
358 92
357 92
357 93
356 93
356 94
355 94
354 94
353 94
353 95
352 95
351 95
350 95
349 95
349 96
348 96
347 96
346 96
345 96
345 95
344 95
343 95
342 95
341 95
340 95
339 95
339 94
338 94
337 94
337 93
336 93
369 82
370 82
371 82
372 82
372 81
372 80
373 80
373 79
373 78
373 77
373 76
373 75
373 74
373 73
373 72
374 72
375 72
376 72
376 71
377 71
377 70
378 70
379 70
379 69
380 69
380 68
381 68
381 67
381 66
382 66
382 65
383 65
384 65
385 65
386 65
387 65
388 65
389 65
389 66
390 66
390 67
391 67
391 68
391 69
233 431
233 432
234 431
234 430
235 430
236 430
236 429
237 429
238 429
238 428
239 428
239 427
239 426
239 425
239 424
239 423
239 422
239 421
239 420
239 419
239 418
240 418
241 418
242 418
243 418
244 418
245 418
246 418
247 418
247 417
248 417
249 417
249 416
250 416
250 415
250 414
250 413
250 412
249 412
249 411
249 410
248 410
248 409
247 409
247 408
247 407
246 407
246 406
245 406
245 405
244 405
243 405
242 405
242 404
241 404
241 403
232 432
231 432
231 433
230 433
229 433
229 434
228 434
227 434
226 434
225 434
95 482
94 482
96 482
97 482
97 483
98 483
98 484
98 485
99 485
99 486
99 487
100 487
94 481
93 481
92 481
92 480
92 479
91 479
91 478
91 477
91 476
91 475
91 474
91 473
91 472
91 471
91 470
90 470
90 469
89 469
88 469
87 469
86 469
85 469
85 468
85 467
85 466
85 465
85 464
85 463
85 462
48 318
47 318
49 318
50 318
51 318
52 318
53 318
53 317
54 317
54 316
55 316
55 315
55 314
56 314
56 313
57 313
58 313
59 313
59 312
60 312
61 312
61 311
62 311
46 318
45 318
44 318
43 318
42 318
41 318
40 318
40 317
39 317
38 317
37 317
36 317
35 317
34 317
33 317
32 317
32 318
31 318
31 319
31 320
31 321
30 321
30 322
30 323
29 323
29 324
28 324
27 324
27 323
26 323
25 323
24 323
23 323
22 323
21 323
199 468
199 469
200 468
200 467
200 466
201 466
201 465
201 464
202 464
202 463
203 463
204 463
205 463
205 462
206 462
207 462
207 461
208 461
208 460
209 460
209 459
210 459
211 459
212 459
213 459
213 458
214 458
215 458
215 457
216 457
216 456
199 470
199 471
199 472
199 473
199 474
199 475
198 475
198 476
197 476
196 476
196 475
195 475
194 475
193 475
192 475
192 474
191 474
191 473
191 472
190 472
190 471
189 471
189 470
189 469
189 468
188 468
188 467
188 466
187 466
187 465
186 465
351 145
350 145
352 145
352 146
353 146
353 147
354 147
354 148
355 148
355 149
354 149
354 150
354 151
354 152
354 153
353 153
353 154
353 155
353 156
352 156
352 157
351 157
351 158
351 159
350 159
349 159
349 160
348 160
348 161
347 161
347 162
347 163
347 164
347 165
347 166
347 167
348 167
348 168
349 168
350 144
350 143
349 143
349 142
348 142
348 141
348 140
347 140
347 139
347 138
346 138
346 137
345 137
345 136
100 70
100 71
100 69
100 68
100 67
100 66
100 65
100 64
100 63
100 62
100 61
100 60
100 59
100 72
100 73
100 74
100 75
100 76
100 77
100 78
101 78
101 79
102 79
103 79
104 79
105 79
106 79
106 80
106 81
106 82
107 82
107 83
108 83
108 84
109 84
110 84
111 84
112 84
113 84
114 84
115 84
116 84
117 84
118 84
119 84
114 43
114 44
114 42
114 41
114 40
113 40
113 39
113 38
113 37
113 36
113 35
112 35
112 34
112 33
111 33
111 32
110 32
110 31
109 31
109 30
108 30
108 29
107 29
106 29
106 28
105 28
105 27
104 27
103 27
102 27
102 28
101 28
100 28
100 29
99 29
98 29
97 29
96 29
95 29
94 29
93 29
92 29
91 29
90 29
89 29
88 29
87 29
87 28
86 28
86 27
85 27
85 26
85 25
114 45
114 46
114 47
114 48
114 49
114 50
114 51
114 52
114 53
114 54
115 54
115 55
116 55
116 56
116 57
116 58
115 58
115 59
114 59
113 59
112 59
111 59
111 60
110 60
109 60
108 60
107 60
106 60
105 60
104 60
103 60
102 60
101 60
77 93
77 92
77 94
77 95
77 96
77 97
76 97
76 98
75 98
74 98
74 99
73 99
72 99
71 99
71 100
70 100
69 100
69 101
68 101
67 101
66 101
66 102
65 102
65 103
64 103
63 103
63 104
62 104
61 104
60 104
59 104
59 105
58 105
57 105
56 105
55 105
54 105
53 105
52 105
51 105
50 105
50 106
49 106
49 107
49 108
48 108
47 108
47 109
77 91
77 90
76 90
76 89
75 89
75 88
74 88
74 87
73 87
73 86
73 85
73 84
73 83
73 82
73 81
74 81
75 81
76 81
76 80
77 80
78 80
78 79
78 78
78 77
78 76
79 76
79 75
80 75
80 74
81 74
82 74
82 73
83 73
83 72
84 72
84 71
85 71
85 72
86 72
86 73
86 74
86 75
87 75
87 76
87 77
88 77
88 78
88 79
88 80
88 81
88 82
88 83
87 83
87 84
87 85
87 86
88 86
88 87
89 87
89 88
90 88
91 88
92 88
93 88
93 89
94 89
94 90
94 91
95 91
96 91
97 91
98 91
99 91
99 92
100 92
101 92
101 91
102 91
102 90
103 90
104 90
105 90
106 90
106 89
106 88
106 87
107 87
107 86
107 85
108 85
123 465
123 464
122 465
121 465
121 466
120 466
120 467
120 468
119 468
119 469
119 470
119 471
119 472
118 472
118 473
118 474
118 475
118 476
118 477
118 478
118 479
118 480
119 480
119 481
120 481
120 482
120 483
119 483
119 484
119 485
118 485
117 485
116 485
115 485
114 485
113 485
113 486
112 486
111 486
110 486
109 486
108 486
107 486
106 486
105 486
104 486
103 486
102 486
102 487
101 487
124 464
125 464
126 464
126 463
127 463
127 462
128 462
128 461
129 461
357 411
357 410
357 412
357 413
356 413
356 414
356 415
356 416
355 416
355 417
355 418
354 418
354 419
353 419
353 420
353 421
353 422
353 423
354 423
354 424
354 425
355 425
355 426
354 426
354 427
353 427
352 427
351 427
350 427
350 428
349 428
348 428
347 428
347 429
346 429
345 429
344 429
343 429
342 429
341 429
340 429
339 429
338 429
337 429
336 429
335 429
335 430
335 431
335 432
335 433
335 434
335 435
335 436
335 437
335 438
334 438
334 439
333 439
333 440
332 440
332 441
331 441
357 409
357 408
357 407
357 406
357 405
357 404
357 403
357 402
358 402
358 401
358 400
358 399
358 398
359 398
359 397
359 396
359 395
360 395
360 394
360 393
361 393
361 392
362 392
362 391
363 391
363 390
364 390
364 389
364 388
365 388
365 387
366 387
366 386
366 385
367 385
367 384
368 384
368 383
369 383
369 382
370 382
370 381
371 381
371 380
372 380
372 379
373 379
373 378
374 378
374 377
375 377
375 376
375 375
375 374
375 373
376 373
376 372
376 371
377 371
377 370
377 369
377 368
377 367
376 367
376 366
376 365
376 364
376 363
376 362
376 361
376 360
376 359
376 358
376 357
376 356
376 355
376 354
377 354
377 353
378 353
378 352
379 352
379 351
380 351
380 350
380 349
42 173
42 172
42 174
42 175
42 176
42 177
41 177
41 178
41 179
41 180
41 181
41 182
41 183
41 184
41 185
41 186
41 187
40 187
39 187
39 188
40 188
40 189
40 190
40 191
40 192
40 193
40 194
40 195
40 196
41 196
42 196
43 196
43 197
42 197
41 197
40 197
39 197
38 197
37 197
36 197
36 198
35 198
34 198
34 199
33 199
32 199
32 200
31 200
31 201
30 201
29 201
29 202
28 202
28 203
27 203
27 204
26 204
25 204
24 204
23 204
23 205
22 205
22 206
21 206
21 207
21 208
22 208
22 209
22 210
23 210
23 211
24 211
25 211
25 212
26 212
26 213
26 214
26 215
26 216
26 217
26 218
26 219
26 220
26 221
25 221
25 222
24 222
24 223
23 223
23 224
22 224
22 225
22 226
22 227
22 228
22 229
21 229
21 230
21 231
20 231
19 231
18 231
18 230
17 230
16 230
16 229
15 229
14 229
13 229
12 229
12 228
11 228
11 229
11 230
11 231
11 232
11 233
11 234
10 234
10 235
10 236
10 237
10 238
10 239
10 240
10 241
10 242
10 243
10 244
10 245
42 171
42 170
42 169
42 168
42 167
42 166
42 165
42 164
42 163
42 162
42 161
42 160
42 159
42 158
41 158
41 157
40 157
39 157
38 157
37 157
36 157
35 157
34 157
33 157
32 157
31 157
30 157
29 157
28 157
27 157
27 156
26 156
26 155
25 155
25 154
24 154
23 154
22 154
21 154
20 154
19 154
18 154
18 153
17 153
16 153
16 152
16 151
16 150
16 149
16 148
16 147
17 147
17 146
16 146
16 145
16 144
16 143
16 142
16 141
16 140
17 140
17 139
18 139
18 138
18 137
18 136
18 135
18 134
17 134
17 133
16 133
15 133
14 133
14 132
13 132
13 131
13 130
13 129
13 128
12 128
12 127
12 126
12 125
12 124
13 124
13 123
14 123
14 122
15 122
15 121
16 121
16 120
17 120
17 119
18 119
19 119
20 119
21 119
22 119
22 118
22 117
22 116
22 115
22 114
22 113
22 112
22 111
22 110
22 109
22 108
22 107
22 106
22 105
22 104
22 103
22 102
21 102
21 101
20 101
19 101
18 101
17 101
17 102
16 102
15 102
14 102
13 102
12 102
11 102
10 102
9 102
9 103
8 103
7 103
6 103
6 102
5 102
4 102
4 101
4 100
3 100
3 99
3 98
2 98
2 97
1 97
1 96
2 96
3 96
4 96
4 95
5 95
5 94
6 94
7 94
7 93
8 93
8 92
9 92
9 91
9 90
9 89
9 88
9 87
10 87
10 86
10 85
11 85
11 84
12 84
12 83
12 82
12 81
13 81
13 80
14 80
14 79
13 79
13 78
13 77
12 77
12 76
12 75
11 75
10 75
9 75
9 74
8 74
7 74
7 75
6 75
5 75
5 76
4 76
3 76
2 76
1 76
0 76
0 75
0 74
0 73
0 72
0 71
0 70
1 70
1 69
1 68
1 67
1 66
1 65
1 64
1 63
1 62
2 62
2 61
3 61
4 61
5 61
6 61
124 31
123 31
125 31
125 30
126 30
127 30
127 29
128 29
129 29
130 29
131 29
132 29
133 29
134 29
134 28
135 28
135 27
136 27
136 26
137 26
137 25
137 24
137 23
138 23
138 22
138 21
138 20
139 20
139 19
140 19
140 18
141 18
141 17
142 17
143 17
144 17
145 17
145 16
146 16
147 16
147 15
148 15
148 14
149 14
150 14
150 13
151 13
152 13
153 13
153 12
154 12
154 13
154 14
154 15
154 16
155 16
155 17
156 17
156 18
157 18
157 17
158 17
159 17
159 16
159 15
160 15
160 14
160 13
160 12
161 12
161 11
162 11
163 11
164 11
165 11
166 11
166 12
167 12
167 13
168 13
169 13
170 13
171 13
172 13
173 13
174 13
175 13
176 13
177 13
177 14
177 15
178 15
178 16
178 17
179 17
179 18
180 18
180 19
181 19
182 19
182 20
183 20
183 21
184 21
123 32
122 32
122 33
122 34
122 35
121 35
121 36
120 36
120 37
119 37
119 38
119 39
118 39
117 39
116 39
115 39
114 39
352 33
351 33
353 33
354 33
355 33
356 33
357 33
357 32
357 31
358 31
358 30
358 29
358 28
358 27
358 26
358 25
358 24
358 23
358 22
358 21
358 20
357 20
356 20
355 20
355 19
354 19
354 18
353 18
353 17
352 17
350 33
349 33
348 33
347 33
346 33
346 34
345 34
345 35
345 36
344 36
344 37
343 37
343 38
342 38
342 39
341 39
340 39
339 39
338 39
337 39
337 40
336 40
335 40
335 41
334 41
334 42
333 42
333 43
333 44
333 45
333 46
333 47
333 48
333 49
333 50
333 51
332 51
332 52
332 53
332 54
331 54
331 55
330 55
330 56
330 57
329 57
329 58
328 58
328 59
328 60
328 61
328 62
328 63
327 63
327 64
327 65
327 66
326 66
326 67
326 68
326 69
326 70
326 71
326 72
327 72
327 73
328 73
329 73
329 74
330 74
330 75
330 76
331 76
331 77
331 78
331 79
331 80
331 81
331 82
331 83
331 84
331 85
331 86
332 86
332 87
333 87
333 88
333 89
334 89
334 90
334 91
334 92
335 92
335 93
143 159
143 160
143 158
144 158
144 157
145 157
145 156
146 156
147 156
147 155
148 155
149 155
150 155
151 155
151 156
152 156
153 156
153 155
154 155
155 155
155 154
156 154
157 154
158 154
159 154
159 153
160 153
161 153
162 153
163 153
164 153
165 153
165 152
166 152
167 152
167 151
168 151
142 160
141 160
141 161
140 161
140 162
139 162
139 163
138 163
137 163
136 163
136 164
135 164
134 164
134 165
133 165
132 165
132 166
131 166
131 167
130 167
130 168
129 168
129 169
128 169
128 170
127 170
127 171
127 172
126 172
126 173
126 174
126 175
125 175
125 176
124 176
124 177
123 177
123 178
122 178
121 178
120 178
119 178
118 178
117 178
116 178
115 178
114 178
113 178
112 178
111 178
111 179
110 179
110 180
110 181
109 181
109 182
109 183
108 183
108 184
199 129
199 130
199 128
199 127
199 126
199 125
200 125
200 124
201 124
201 123
202 123
203 123
204 123
205 123
206 123
207 123
208 123
209 123
210 123
210 122
211 122
199 131
199 132
199 133
199 134
199 135
199 136
199 137
198 137
198 138
197 138
196 138
196 139
195 139
195 140
194 140
194 141
193 141
193 142
192 142
191 142
191 143
190 143
190 144
189 144
188 144
187 144
186 144
185 144
184 144
183 144
182 144
181 144
180 144
179 144
178 144
177 144
176 144
175 144
174 144
174 145
173 145
173 146
172 146
172 147
171 147
171 148
170 148
170 149
169 149
169 150
168 150
386 17
386 16
385 17
385 18
384 18
384 19
383 19
383 20
382 20
381 20
380 20
379 20
378 20
377 20
376 20
375 20
374 20
373 20
372 20
372 21
372 22
371 22
371 23
370 23
370 24
369 24
368 24
367 24
366 24
365 24
364 24
363 24
362 24
361 24
360 24
359 24
359 23
359 22
359 21
387 16
388 16
389 16
390 16
391 16
392 16
393 16
394 16
395 16
395 15
396 15
396 16
397 16
397 17
398 17
398 18
399 18
399 19
400 19
400 20
400 21
401 21
401 22
401 23
401 24
400 24
400 25
399 25
399 26
399 27
399 28
398 28
398 29
398 30
397 30
397 31
396 31
396 32
395 32
394 32
394 33
393 33
392 33
392 34
391 34
391 35
391 36
391 37
391 38
391 39
391 40
391 41
390 41
390 42
390 43
389 43
389 44
389 45
389 46
389 47
389 48
389 49
389 50
389 51
389 52
389 53
389 54
388 54
387 54
387 55
386 55
385 55
385 56
384 56
384 57
384 58
383 58
383 59
383 60
383 61
383 62
383 63
382 63
382 64
200 490
201 490
199 490
198 490
197 490
196 490
195 490
194 490
193 490
192 490
191 490
190 490
189 490
188 490
187 490
186 490
186 489
185 489
185 488
185 487
185 486
185 485
185 484
184 484
183 484
183 483
183 482
183 481
183 480
183 479
184 479
184 478
184 477
184 476
184 475
184 474
184 473
184 472
184 471
184 470
184 469
184 468
184 467
184 466
202 490
203 490
204 490
205 490
206 490
207 490
207 489
175 156
175 155
175 157
176 157
176 158
176 159
176 160
177 160
177 161
178 161
179 161
180 161
181 161
182 161
183 161
183 162
183 163
184 163
184 164
185 164
185 165
185 166
186 166
186 167
186 168
187 168
187 169
187 170
188 170
188 171
188 172
188 173
188 174
188 175
188 176
188 177
189 177
189 178
190 178
190 179
190 180
191 180
191 181
191 182
191 183
192 183
192 184
193 184
193 185
193 186
194 186
194 187
194 188
194 189
194 190
194 191
195 191
195 192
196 192
196 193
197 193
197 194
198 194
198 195
199 195
200 195
200 196
174 155
174 154
173 154
173 153
172 153
171 153
170 153
170 152
169 152
168 152
153 188
153 189
153 187
153 186
153 185
154 185
154 184
154 183
155 183
155 182
156 182
156 181
156 180
156 179
157 179
158 179
159 179
160 179
160 178
161 178
162 178
162 177
163 177
164 177
164 176
165 176
165 175
166 175
166 174
167 174
167 173
167 172
168 172
168 171
168 170
169 170
169 169
170 169
170 168
171 168
171 167
171 166
172 166
172 165
173 165
173 164
174 164
174 163
175 163
175 162
176 162
176 161
153 190
153 191
153 192
153 193
154 193
154 194
155 194
155 195
155 196
155 197
493 446
492 446
493 447
494 447
494 448
494 449
495 449
495 450
496 450
497 450
498 450
499 450
500 450
501 450
501 451
501 452
501 453
501 454
502 454
502 455
502 456
503 456
503 457
504 457
505 457
505 458
506 458
506 459
506 460
506 461
506 462
506 463
506 464
506 465
507 465
508 465
508 466
509 466
491 446
490 446
489 446
488 446
487 446
486 446
485 446
484 446
483 446
482 446
481 446
480 446
479 446
478 446
477 446
476 446
475 446
474 446
474 445
473 445
472 445
472 444
471 444
470 444
470 443
469 443
468 443
467 443
466 443
465 443
464 443
463 443
462 443
461 443
460 443
459 443
458 443
457 443
457 444
456 444
456 445
456 446
455 446
256 152
257 152
256 153
255 153
254 153
254 154
253 154
253 155
253 156
252 156
252 157
252 158
251 158
251 159
250 159
250 160
249 160
249 161
249 162
248 162
248 163
248 164
247 164
247 165
246 165
246 166
245 166
245 167
245 168
245 169
245 170
245 171
245 172
244 172
244 173
244 174
244 175
244 176
243 176
243 177
242 177
242 178
242 179
241 179
241 180
240 180
240 181
239 181
239 182
239 183
239 184
239 185
239 186
239 187
239 188
239 189
239 190
238 190
238 191
237 191
237 192
236 192
236 193
235 193
234 193
234 194
233 194
232 194
232 195
231 195
230 195
229 195
228 195
228 194
227 194
226 194
225 194
224 194
223 194
222 194
221 194
220 194
219 194
218 194
218 193
217 193
217 192
216 192
215 192
215 191
214 191
213 191
212 191
211 191
210 191
209 191
208 191
207 191
207 192
206 192
205 192
205 193
204 193
204 194
203 194
202 194
202 195
201 195
201 196
258 152
259 152
260 152
261 152
261 151
262 151
263 151
264 151
264 150
264 149
264 148
264 147
264 146
264 145
264 144
264 143
265 143
265 142
266 142
266 141
267 141
267 140
268 140
268 139
269 139
269 138
269 137
270 137
270 136
271 136
271 135
271 134
272 134
272 133
273 133
273 132
274 132
274 131
275 131
275 130
276 130
276 129
277 129
277 128
278 128
278 127
279 127
279 126
280 126
281 126
282 126
283 126
284 126
285 126
286 126
286 127
287 127
287 128
287 129
288 129
289 129
289 128
289 127
290 127
290 126
291 126
291 125
291 124
292 124
293 124
293 123
294 123
295 123
295 122
296 122
297 122
297 121
298 121
298 120
298 119
299 119
299 118
300 118
300 117
300 116
301 116
301 115
302 115
302 114
303 114
303 113
304 113
305 113
305 112
305 111
306 111
306 110
306 109
307 109
307 108
308 108
308 107
309 107
310 107
311 107
311 106
312 106
313 106
313 105
314 105
314 104
314 103
315 103
315 102
315 101
316 101
316 100
316 99
316 98
317 98
317 97
317 96
318 96
318 95
319 95
320 95
320 94
321 94
321 93
321 92
321 91
321 90
321 89
321 88
321 87
322 87
322 86
322 85
323 85
323 84
323 83
324 83
325 83
326 83
327 83
328 83
329 83
330 83
330 84
330 85
