20 19 18 17 16 15 14 13 12 11 10 9 8 7 6 5 4 3 2 0 1 220 221 222 223 224 225 226 227 228 229 230 231 232 233 234 235 236 237 238 239 240 241 242 243 244 245 246 247 248 249 250 251 252 253 254 255 256 257 258 259 260 261 262 263 264 265 266 267 268 269 270 271 272 273 274 275 276 277 278 279 280 281 282 283 284 285 286 287 288 289 290 291 292 293 294 295 296 297 298 299 300 301 302 303 304 305 306 307 308 309 310 311 
20 21 22 23 24 25 26 27 28 29 30 31 32 33 34 35 36 37 38 39 40 41 42 43 44 45 46 47 48 49 50 51 
20 366 365 364 363 362 361 360 359 358 357 356 355 354 353 352 351 350 349 348 347 346 345 344 343 342 341 340 339 338 337 336 335 334 333 332 331 330 329 328 327 326 325 324 323 322 321 320 319 318 317 316 315 314 313 312 311 
51 52 53 54 55 56 57 58 59 60 61 62 63 64 65 66 67 68 69 70 71 72 73 74 75 76 77 78 79 80 81 82 83 84 85 86 87 88 89 90 91 92 93 94 95 96 97 98 99 100 101 
51 7966 7965 7964 7963 7962 7961 7960 7959 7958 7957 7956 7955 7954 7953 7952 7951 7950 7949 7948 7947 7946 7945 7944 7943 7942 7941 7940 7939 7938 7937 7936 7935 7934 7933 7932 7931 7930 7929 7928 7927 7926 7925 7924 7923 7922 7921 7920 7919 7918 7917 7916 7915 7914 7913 7912 7911 7910 7909 7908 
101 102 103 104 105 106 107 108 109 110 111 112 113 114 115 116 117 118 119 120 121 122 123 124 125 126 127 128 129 130 131 132 133 134 135 136 137 138 139 140 141 142 143 144 145 146 147 148 149 150 151 152 153 154 155 156 157 158 159 160 161 162 163 164 165 166 167 168 169 170 171 172 173 174 175 176 177 178 179 180 181 182 183 184 185 186 187 188 189 190 191 192 193 194 195 196 
101 998 997 996 995 994 993 992 991 990 989 988 987 986 985 984 983 982 981 980 979 978 977 912 911 913 914 915 916 917 918 919 920 921 922 923 924 925 926 927 928 929 930 931 932 933 934 935 936 937 938 939 
196 197 198 199 200 201 202 203 204 205 206 207 208 209 210 211 212 213 214 215 216 217 218 219 4060 4059 4058 4057 4056 4055 4054 4053 4052 4051 4050 4049 4048 4047 4046 4045 4044 4043 4042 4041 4040 4039 4038 4037 4036 4035 4034 
196 3258 3257 3256 3255 3254 3253 3252 3251 3250 3249 3248 3247 3246 3245 3244 3243 3242 3241 
311 976 975 974 973 972 971 970 969 968 967 966 965 964 963 962 961 960 959 958 957 956 955 954 953 952 951 950 949 948 947 946 945 944 943 942 941 940 939 
405 404 403 402 401 400 399 398 397 396 395 394 393 392 391 390 389 388 368 367 369 370 371 372 373 374 375 376 377 378 379 380 381 382 383 384 385 386 387 2651 2650 2649 2648 2647 2646 2645 2644 2643 2642 2641 2640 2639 2638 2637 2636 2635 2634 
405 406 407 408 409 410 411 412 413 414 415 416 417 418 419 420 421 422 423 424 425 426 427 428 429 430 431 432 433 434 435 436 437 438 439 440 441 442 443 444 445 446 447 448 449 450 451 452 453 454 455 456 457 458 459 460 461 462 463 464 465 466 467 468 469 470 471 472 473 474 475 476 477 478 479 480 481 482 483 484 485 486 487 488 489 490 491 492 493 494 495 496 497 498 499 500 501 502 503 504 505 506 507 508 509 510 511 512 513 514 
405 715 
514 515 516 517 518 519 520 521 522 523 524 525 526 527 528 529 530 531 532 533 534 535 536 537 538 539 540 541 542 543 544 545 546 547 548 
514 2708 2707 2706 2705 2704 2703 2702 2701 2700 2699 2698 2697 2696 2695 2694 2693 2692 2691 2690 2689 2688 2687 2686 2685 2684 2683 2682 2681 2680 
548 549 9210 9209 9208 9207 9206 9205 9204 9203 9202 9201 9200 9199 9198 9197 9196 9195 9193 9194 9211 9212 9213 9214 9215 9216 9217 9218 9219 9220 9221 9222 9223 9224 9225 9226 9227 6321 
548 701 700 699 698 697 696 695 694 693 692 691 690 689 688 687 686 685 684 683 682 681 680 679 678 677 676 675 674 673 672 671 670 669 668 667 666 665 664 663 662 661 660 659 658 657 656 655 654 653 652 651 650 649 648 647 646 645 644 643 642 641 640 639 638 637 636 635 634 633 632 631 630 629 628 627 626 625 
569 568 567 566 565 564 563 562 561 560 559 558 557 556 555 554 553 552 550 551 702 703 704 705 706 707 708 709 710 711 712 713 714 715 
569 570 571 572 573 574 575 576 577 578 579 580 581 582 583 584 585 586 587 588 589 590 591 592 593 594 595 596 597 598 599 600 601 602 603 604 605 606 607 608 609 610 611 612 613 614 615 616 617 618 619 620 621 622 623 624 625 
569 2355 2354 2353 2352 2351 2350 2349 2348 2347 2346 2345 2344 2343 2342 2341 2340 2339 2338 2337 2336 
625 1536 1535 1534 1533 1532 1531 1530 1529 1528 1527 1526 1525 
715 2279 2278 2277 2276 2275 2274 2273 2272 2271 2270 2269 2268 2267 2266 2265 2264 2263 2262 2261 2260 2259 2258 2257 2256 2255 2254 2253 2252 2251 2250 2249 2248 2247 2246 2245 2244 2243 2242 2241 2240 2239 2238 2237 2236 2235 2233 2234 2280 2281 2282 2283 2284 2285 2286 2287 2288 2289 2290 2291 2292 2293 2294 2295 2296 2297 2298 2299 2300 2301 2302 2303 2304 2305 2306 2307 2308 2309 2310 2311 2312 2313 2314 2315 2316 2317 2318 2319 2320 2321 2322 2323 2324 2325 2326 
729 728 727 726 725 724 723 722 721 720 719 718 716 717 805 806 807 808 809 810 811 812 813 814 815 816 817 818 819 820 821 
729 730 731 732 733 734 735 736 737 738 739 740 741 742 743 744 745 746 747 748 749 750 751 752 753 754 755 756 757 758 759 760 761 762 763 764 765 766 767 768 769 770 771 772 773 774 775 776 777 
729 3056 3055 3054 3053 3052 3050 3051 3057 3058 3059 3060 3061 3062 3063 3064 3065 3066 3067 3068 3069 3070 3071 3072 3073 3074 3075 3076 3077 3078 3079 3080 3081 3082 5402 5401 5400 5399 5398 5397 5396 5395 5394 5320 5319 5321 5322 5323 5324 5325 5326 5327 5328 5329 5330 5331 5332 5333 5334 5335 5336 5337 5338 5339 5340 5341 5342 5343 5344 5345 5346 5347 5348 5349 5350 5351 5352 5353 5354 5355 5356 5357 5358 5359 5360 5361 5362 5363 5364 5365 5366 5367 5368 5369 5370 5371 5372 5373 5374 5375 5376 5377 5378 5379 5380 5381 5382 5383 5384 5385 5386 5387 5388 
777 778 
777 910 909 908 907 906 905 904 903 902 901 900 899 898 897 896 895 894 893 892 891 890 889 888 887 886 885 884 883 882 881 880 879 878 877 876 875 874 873 872 871 870 869 868 867 866 865 864 863 862 861 860 
778 779 780 781 782 783 784 785 786 787 788 789 
778 2567 2566 2565 2564 2563 2562 2561 2560 2559 2558 2557 2556 2555 2554 2553 2552 2551 2550 2549 2548 2547 2546 2545 2544 2543 2542 2541 2540 2539 2538 2537 2536 2535 2534 2533 2532 2531 2530 2529 2528 2527 2526 2525 2524 2523 2522 2521 2520 2519 2518 2517 2516 2515 2514 2513 2512 2511 2510 2509 2508 2507 2506 2505 2504 2503 2502 2501 2500 2499 2498 2497 2496 2495 2494 2493 2492 2491 2490 2489 2488 2487 2486 2485 2484 2483 2482 2481 2480 2479 2478 2477 2476 2475 2474 2473 2472 2470 2471 2568 2569 2570 2571 2572 2573 2574 2575 2576 2577 2578 2579 2580 2161 
789 790 791 792 793 794 795 796 797 798 799 800 801 802 803 804 
789 1092 1091 1090 1089 1088 1087 1086 1085 1084 1083 1082 1081 1080 1079 1078 1077 1076 1075 1074 1073 1072 1071 1070 1069 1068 1067 1066 1065 1064 1063 1062 1061 1060 1059 1058 
821 822 823 824 825 826 827 828 829 830 831 832 833 834 835 836 837 838 839 840 841 842 843 844 845 846 847 848 849 850 851 852 853 854 855 856 857 858 859 860 
821 5393 5392 5391 5390 5389 5388 
860 6873 6872 6871 6870 6869 6868 6867 6866 6865 6864 6863 6862 6861 6860 6859 6858 6857 6856 6855 6854 6853 6852 6851 6850 6849 6848 6847 6846 6845 6844 6843 6842 6841 6840 6839 6838 6837 6836 6835 6834 6833 6832 6831 6830 6829 6828 6827 6826 6825 6824 6823 6822 6821 6820 6819 6818 6817 6816 6815 6814 6813 6812 6811 6810 6809 6808 6807 6806 6805 6804 6803 6802 6801 6800 6799 6798 6797 6796 6795 6794 6793 6792 6791 6790 6789 
939 4411 4410 4409 4408 4407 4406 4405 4404 4403 4402 4401 4400 4399 4398 4397 4396 4395 4394 4393 4392 4391 4390 4389 4388 4387 4386 4385 4384 4383 4382 4381 4380 4379 4378 4377 4376 4375 4374 4373 4372 4371 4370 4363 4362 4364 4365 4366 4367 4368 4369 3114 3113 3112 3111 3110 3109 3108 3107 3106 3084 3083 3085 3086 3087 3088 3089 3090 3091 3092 3093 3094 3095 3096 3097 3098 3099 3100 3101 3102 3103 3104 3105 4086 4085 4084 4083 4082 4081 4080 4079 4078 4077 4076 4075 4074 4073 4072 4071 4070 4069 4068 4067 4066 4065 4064 4063 4062 4061 4026 4025 4027 4028 4029 4030 4031 4032 4033 4034 
1014 1013 1012 1011 1010 1009 1008 1007 1006 1005 1004 1003 1002 1001 999 1000 1093 1094 1095 1096 1097 
1014 1015 1016 1017 1018 1019 1020 1021 1022 1023 1024 1025 1026 1027 1028 1029 1030 1031 1032 1033 1034 1035 1036 1037 1038 1039 1040 1041 
1014 3558 3557 3556 3555 3554 3553 3552 3551 3550 3549 3548 3547 3546 3545 3544 3543 3542 3541 3540 3539 3538 3537 3536 3535 3534 3533 3532 3531 3530 3529 3528 3527 3526 3525 3524 3523 3522 3521 3520 
1041 1042 1043 1044 1045 1046 1047 1048 1049 1050 1051 1052 1053 1054 1055 1056 1057 1058 
1041 1121 1120 1119 1118 1117 1116 1115 1114 1113 1112 1111 1110 1109 1108 1107 1106 1105 1104 1103 1102 1101 1100 1099 1098 1097 
1058 1901 1900 1899 1898 1897 1896 1895 1894 1893 1892 1891 1890 1889 1888 1887 1886 1885 1884 1883 1882 1881 1880 1879 1878 1877 1876 1875 1874 1873 1872 1871 1870 1869 1868 1867 1866 1865 1864 1863 1862 1861 1860 1859 1858 1857 1856 1855 1854 1853 1852 1851 1850 
1097 4179 4178 4177 4176 4175 4174 4173 4172 4171 4170 4169 4168 4167 4166 4165 4164 4163 4162 4161 4160 4159 4158 4157 4156 4155 4154 4153 4152 4151 4150 4149 4148 4147 4146 4145 4144 4143 4142 4141 4140 4139 4138 4137 4136 4135 
1160 1159 1158 1157 1156 1155 1154 1153 1152 1151 1150 1149 1148 1147 1146 1145 1144 1143 1142 1141 1140 1139 1138 1137 1136 1135 1134 1133 1132 1131 1130 1129 1128 1127 1126 1125 1124 1122 1123 1537 1538 1539 1540 1541 1542 1543 1544 1545 1546 1547 1548 1549 1550 1551 1552 1553 1554 1555 1556 1557 1558 1559 1560 1561 1562 1563 1564 1565 1566 1567 1568 1569 1570 1571 1572 1573 1574 1575 1576 1577 1578 1579 1580 1581 1582 1583 1584 1585 1586 1587 1588 1589 1590 1591 1592 1593 1594 
1160 1161 1162 1163 1164 1165 1166 1167 1168 1169 1170 1171 1172 1173 1174 1175 1176 1177 1178 1179 1180 1181 1182 1183 1184 1185 1186 
1160 5181 5180 5179 5178 5177 5176 5175 5174 5173 5172 5171 5170 5169 5168 5167 
1186 1187 1188 1189 1190 1191 1192 1193 1194 1195 1196 1197 1198 1199 1200 1201 1202 1203 1204 1205 1206 1207 1208 1209 1210 1211 1212 1213 1214 1215 1216 1217 1218 1219 1220 1221 1222 1223 1224 1225 1226 1227 1228 1229 1230 1231 1232 1233 1234 1235 1236 1237 1238 
1186 3967 3966 3965 3964 3963 3962 3961 3960 3959 3958 3957 3956 3955 3954 
1238 1239 1240 1241 1242 1243 1244 1245 1246 1247 1248 1249 
1238 6349 6348 6347 6346 6345 6344 6343 6342 6341 6340 6339 6338 6337 6336 6335 6334 6333 6332 6331 6330 6329 6328 6327 6326 6325 6324 6323 6322 6321 
1249 1250 1251 1252 1253 1254 1255 1256 1257 1258 1259 1260 1261 1262 1263 1264 1265 1266 1267 1268 1269 1270 1271 1272 1273 1274 1275 1276 1277 1278 1279 1280 1281 1282 1283 1284 1285 1286 1287 1288 1289 
1249 2469 2468 2467 2466 2465 2464 2463 2462 2461 2460 2459 2375 2374 2376 2377 2378 2379 2380 2381 2382 2383 2384 2385 2386 2387 2388 2389 2390 2391 2392 2393 2394 2395 2396 2397 2398 2399 2400 2401 2402 2403 2404 2405 2406 2407 2408 2409 2410 2411 2412 2413 2414 2415 2416 2417 2418 2419 2420 2421 2422 2423 2424 2425 2426 2427 2428 2429 2430 2431 2432 2433 2434 2435 2436 2437 2438 2439 2440 2441 2442 2443 2444 2445 2446 2447 2448 2449 2450 2451 2452 2453 2454 2455 2456 2457 2458 1444 
1289 1290 1291 1292 1293 1294 1295 1296 1297 1298 1299 1300 1301 1302 1303 1304 1305 1306 1307 1308 1309 1310 1311 1312 1313 1314 1315 1316 1317 1318 1319 1320 1321 1322 1323 1324 1325 1326 1327 1328 1329 1330 1331 1332 1333 1334 1335 1336 1337 1338 1339 1340 1341 1342 1343 1344 1345 1346 1347 1348 1349 1350 1351 1352 1353 1354 1355 1356 1357 1358 1359 1360 1361 1362 1363 
1289 1648 1647 1646 1645 1644 1643 1642 1641 1640 1639 1638 1637 1636 1635 1634 1633 1632 1631 1630 1629 1628 1627 1626 1625 1624 1623 1622 1621 1620 1619 1618 1617 1616 1615 1614 1613 1612 1611 1610 1609 
1363 1364 1365 1366 1367 1368 1369 1370 1371 1372 1373 1374 1375 1376 1377 1378 1379 1380 1381 1382 1383 1384 1385 1386 1387 1388 1389 1390 1391 1392 1393 1394 1395 1396 1397 1398 1399 1400 1401 1402 1403 1404 1405 1406 1407 1408 1409 1410 1411 1412 1413 1414 1415 1416 1417 1418 1419 1420 1421 1422 1423 1424 1425 1426 1427 1428 1429 1430 1431 1432 1433 1434 1435 1436 1437 1438 1439 1440 1441 1442 1443 1444 
1363 3894 
1444 1445 1446 1447 1448 1449 1450 1451 1452 1453 1454 1455 1456 1457 1458 1459 1460 1461 1462 1463 1464 1465 1466 1467 
1467 1468 1469 1470 1471 1472 1473 1474 1475 1476 1477 1478 1479 1480 1481 1482 1483 1484 1485 1486 1487 1488 1489 1490 1491 1492 1493 1494 1495 1496 1497 1498 1499 1500 1501 1502 1503 1504 1505 1506 1507 1508 1509 1510 1511 1512 1513 1514 1515 1516 1517 1518 1519 1520 1521 1522 1523 1524 1525 
1467 3838 3837 3836 3835 3834 3833 3832 3831 3830 3829 3828 3733 3732 3734 3735 3736 3737 3738 3739 3740 3741 3742 3743 3744 3745 3746 3747 3748 3749 3750 
1525 1709 1708 1707 1706 1705 1704 1703 1702 1701 1700 1699 1698 1697 1696 1695 1694 1693 1692 1691 1690 1689 1688 1687 1686 1685 1684 1683 
1594 1595 1596 1597 1598 1599 1600 1601 1602 1603 1604 1605 1606 1607 1608 1609 
1594 8530 8529 8528 8527 8526 8525 8524 8523 8522 8521 8520 8519 8518 8517 8516 8515 8514 8513 8512 8511 8510 8509 8508 8507 8506 8505 8504 8503 8502 
1609 5576 5575 5574 5573 5572 5571 5570 5569 5568 5567 5566 5565 5564 5563 5562 5561 5560 5559 5558 5557 5556 5555 5554 5553 5552 5551 5550 5549 5548 5547 5546 5545 5544 5543 5542 5541 5540 5539 5538 5537 5536 5535 5534 5533 5532 5531 5530 5529 5528 5527 5526 5525 5524 5523 5522 5521 5520 5519 5518 5517 5516 5515 5514 5513 5512 5482 5481 5483 5484 5485 5486 5487 5488 5489 5490 5491 5492 5493 5494 5495 5496 5497 5498 5499 5500 5501 5502 5503 5504 5505 5506 5507 5508 5509 5510 5511 3894 
1670 1669 1668 1667 1666 1665 1664 1663 1662 1661 1660 1659 1658 1657 1656 1655 1654 1653 1652 1651 1649 1650 1710 1711 1712 1713 1714 1715 1716 1717 1718 1719 1720 
1670 1671 1672 1673 1674 1675 1676 1677 1678 1679 1680 1681 1682 1683 
1670 2373 2372 2371 2370 2369 2368 2367 2366 2365 2364 2363 2362 2361 2360 2359 2358 2357 2356 2328 2327 2329 2330 2331 2332 2333 2334 2335 2336 
1683 4753 4752 4751 4750 4749 4748 4747 4746 4745 4744 4743 4742 4741 4740 4739 4738 4737 4736 4735 4734 4733 4732 4731 4730 4729 4728 4727 4726 4725 4724 4723 4722 4721 4720 4718 4719 4754 4755 4756 4757 4758 4759 4760 4761 4762 4763 4764 4765 4766 4767 4768 4769 4770 4771 4772 4773 4774 4775 4776 4777 4778 4779 4780 4781 4782 4783 4784 1765 
1720 1721 1722 1723 1724 1725 1726 1727 1728 1729 1730 1731 1732 1733 1734 1735 1736 1737 1738 1739 1740 1741 1742 1743 1744 
1720 1909 1908 1907 1906 1905 1904 1902 1903 1910 1911 1912 1913 
1744 1745 1746 1747 1748 1749 1750 1751 1752 1753 1754 1755 1756 1757 1758 1759 1760 1761 1762 1763 1764 1765 
1744 2232 2231 2230 2229 2228 2227 2226 2225 2224 2223 2222 2221 2220 2219 2218 2217 2216 2215 2214 2213 2212 2211 2210 2209 2208 2207 2206 2205 2204 2203 2202 2201 2200 2199 2198 2197 2196 2195 2194 2193 2192 2191 2190 2189 2188 2187 2186 2185 2184 2183 2182 2181 2180 2179 2178 2177 2176 2175 2174 2173 2172 2171 2170 2169 2168 2167 2166 2165 2164 2163 2162 2161 
1765 1766 1767 1768 1769 1770 1771 1772 1773 1774 1775 1776 1777 1778 1779 1780 1781 1782 1783 1784 1785 1786 1787 1788 1789 1790 1791 1792 1793 1794 1795 1796 1797 1798 1799 1800 1801 1802 1803 1804 1805 1806 1807 1808 1809 1810 1811 1812 1813 1814 1815 1816 1817 1818 1819 1820 1821 1822 1823 1824 1825 1826 1827 1828 1829 1830 1831 1832 1833 1834 1835 1836 1837 1838 1839 1840 1841 1842 1843 1844 1845 1846 1847 1848 1849 1850 
1850 3827 3826 3825 3824 3823 3822 3821 3820 3819 3818 3817 3816 3815 3814 3813 3812 3811 3810 3809 3808 3807 3806 3805 3804 3803 3802 3801 3800 3799 3798 3797 3796 3795 3794 3793 3792 3791 3790 3789 3788 3787 3786 3785 3784 3783 3782 3781 3780 3779 3778 3777 3776 3775 3774 3773 3772 3771 3770 3769 3768 3767 3766 3765 3764 3763 3762 3761 3760 3759 3758 3757 3756 3755 3754 3753 3752 3751 3750 
1913 1914 1915 1916 1917 1918 1919 1920 1921 1922 1923 1924 1925 1926 1927 1928 1929 1930 1931 1932 1933 1934 1935 1936 1937 1938 1939 1940 1941 1942 1943 1944 1945 1946 1947 1948 1949 1950 1951 1952 1953 
1913 4361 4360 4359 4358 4357 4356 4355 4350 4349 4351 4352 4353 4354 2336 
1953 1954 1955 1956 1957 1958 1959 1960 1961 1962 1963 1964 1965 1966 1967 1968 1969 1970 1971 1972 1973 1974 1975 1976 1977 1978 1979 1980 1981 1982 1983 1984 1985 1986 1987 1988 1989 1990 1991 1992 1993 1994 1995 1996 1997 1998 1999 2000 2001 2002 2003 2004 2005 2006 2007 2008 2009 2010 2011 2012 2013 2014 2015 2016 2017 2018 2019 2020 2021 2022 2023 2024 2025 2026 2027 2028 2029 2030 2031 2032 2033 2034 2035 2036 
1953 2326 
2036 2037 2038 2039 2040 2041 2042 2043 2044 2045 2046 2047 2048 2049 2050 2051 2052 2053 2054 2055 2056 2057 2058 2059 2060 2061 2062 2063 2064 2065 2066 2067 2068 2069 2070 2071 2072 2073 2074 2075 2076 2077 2078 2079 2080 2081 2082 2083 2084 2085 2086 2087 2088 2089 2090 2091 2092 2093 2094 2095 2096 2097 
2036 2999 2998 2997 2996 2995 2994 2993 2992 2991 2990 2989 2988 2987 2986 2985 2984 2983 2982 2981 2980 2979 2978 2977 2976 2975 
2097 2098 2099 2100 2101 2102 2103 2104 2105 2106 2107 2108 2109 2110 2111 2112 2113 2114 2115 2116 2117 2118 2119 2120 2121 2122 2123 2124 
2097 2876 2875 2874 2873 2820 2819 2821 2822 2823 2824 2825 2826 2827 2828 2829 2830 
2124 2125 2126 2127 2128 2129 2130 2131 2132 2133 2134 2135 2136 2137 2138 2139 2140 2141 2142 2143 2144 2145 2146 2147 2148 2149 2150 2151 2152 2153 2154 2155 2156 2157 2158 2159 2160 2161 
2124 2872 2871 2870 2869 2868 2867 2866 2865 2864 2863 2862 2861 2860 2859 2858 2857 2856 2855 2854 2853 2852 2851 2850 2849 2848 2847 2846 2845 2844 2843 2842 2841 2840 2839 2838 2837 2836 2835 2834 2833 2832 2831 2830 
2326 3049 3048 3047 3046 3045 3044 3043 3042 3041 3040 3039 3038 3037 3036 3035 3034 3033 3032 3031 3030 3029 3028 3027 3026 3025 3024 3023 3022 3021 3020 3019 3018 3017 3016 3015 3014 3013 3012 3011 3010 3009 3008 3007 3006 3005 3004 3003 3002 3001 3000 2878 2877 2879 2880 2881 2882 2883 2884 2885 2886 2887 2888 2889 2890 2891 2892 2893 2894 2895 2896 2897 2898 2899 2900 2901 2902 2903 2904 2905 2906 2907 2908 2909 2910 2911 2912 2913 2914 2915 2916 2917 2918 2919 2920 2921 2922 2923 2924 2925 2926 2927 2928 2929 2930 2931 2932 2933 2934 2935 2936 2937 2938 2939 2940 2941 2942 2943 2944 2945 2946 2947 2948 2949 2950 2951 2952 2953 2954 2955 2956 2957 2958 2959 2960 2961 2962 2963 2964 2965 2966 2967 2968 2969 2970 2971 2972 2973 2974 2975 
2591 2590 2589 2588 2587 2586 2585 2584 2583 2581 2582 2652 2653 2654 2655 2656 2657 2658 2659 2660 2661 2662 2663 2664 2665 2666 2667 2668 2669 2670 2671 2672 2673 2674 2675 2676 2677 2678 2679 2680 
2591 2592 2593 2594 2595 2596 2597 2598 2599 2600 2601 2602 2603 2604 2605 2606 2607 2608 2609 2610 2611 2612 2613 2614 2615 2616 2617 2618 2619 2620 2621 2622 2623 2624 2625 2626 2627 2628 2629 2630 2631 2632 2633 2634 
2591 6107 6106 6105 6104 6103 6102 6101 6100 6099 6098 6097 6096 6095 6094 6093 6092 6091 6090 6089 6088 6087 6086 6085 6084 6083 6082 6081 
2634 6124 6123 6122 6121 6120 6119 6118 6117 6116 6115 6114 6113 6112 6111 6110 6108 6109 6125 6126 6127 6128 6129 6130 6131 6132 6133 6134 6135 6136 6137 6138 6139 6140 6141 6142 6143 6144 6145 6146 6147 6148 6149 6150 6151 6152 6153 6154 6081 
2680 4348 4347 4346 4345 4344 4343 4342 4341 4340 4339 4338 4337 4336 4335 4334 4333 4332 4331 4330 4329 4328 4327 4326 4325 4324 4323 4322 4321 4320 4319 4318 4317 4316 4315 4314 4313 4312 4311 4310 4309 
2735 2734 2733 2732 2731 2730 2729 2728 2727 2726 2725 2724 2723 2722 2721 2720 2719 2718 2717 2716 2715 2714 2713 2712 2711 2709 2710 2779 2780 2781 2782 2783 2784 2785 2786 2787 2788 2789 2790 2791 2792 2793 2794 2795 
2735 2736 2737 2738 2739 2740 2741 2742 2743 2744 2745 2746 2747 2748 2749 2750 2751 2752 2753 2754 2755 2756 2757 2758 2759 2760 2761 2762 2763 2764 2765 2766 2767 2768 2769 2770 2771 2772 2773 2774 2775 2776 2777 2778 
2735 5103 5102 5101 5100 5099 5098 5097 5096 5095 5094 5093 5092 5091 5090 5089 5088 5087 5086 5085 5084 5083 5082 5081 5080 5079 5078 5077 5076 5075 5074 5073 5072 
2778 2818 2817 2816 2815 2814 2813 2812 2811 2810 2809 2808 2807 2806 2805 2804 2803 2802 2801 2800 2799 2798 2797 2796 2795 
2778 9064 9063 9062 9061 9060 9059 9058 9057 9056 9055 9054 9053 9052 9051 9050 9049 9048 9047 9046 9045 9044 9043 9042 9041 9040 9039 9038 9037 9036 9035 9034 9033 9032 9031 9030 9029 9028 9027 9026 9025 9024 9023 9022 9021 9020 9019 9018 9017 9016 8929 8928 8930 8931 8932 8933 8934 8935 8936 8937 8938 8939 8940 8941 8942 8943 8944 8945 8946 8947 8948 8949 8950 8951 8952 8953 8954 8955 8956 8957 8958 8959 8960 8961 8962 8963 8964 8965 8966 8967 8968 8969 8970 8971 8972 8973 8974 8975 8976 8977 8978 8979 8980 8981 8982 8983 8984 8985 8986 8987 8988 8989 8990 8991 8992 8993 8994 8995 8996 8997 8998 8999 9000 9001 9002 9003 9004 9005 9006 9007 9008 9009 9010 9011 9012 9013 9014 9015 4034 
2795 4838 4837 4836 4835 4834 4833 4832 4831 4830 4829 4828 4827 4826 4825 4824 4823 4822 4821 4820 4819 4818 4817 4816 4815 4814 4813 4812 4811 4810 4809 4808 4807 4806 4805 4804 4803 4802 4801 4800 4799 4798 4797 4796 4795 4794 4793 4792 4791 4790 4789 4788 4787 4785 4786 4839 4840 4841 4842 4843 4844 4845 4846 4847 4848 4849 4850 4851 4852 4853 4854 4855 4856 4857 4858 4859 4860 4861 4862 4863 4864 4865 4866 4867 4868 4869 4870 4871 4872 4873 4874 4875 4876 4877 4878 4879 4880 4881 4882 4883 4884 4885 3207 
2830 11071 11070 11069 11068 11067 11066 11065 11064 11063 11062 11061 11060 11059 11058 11057 11056 11055 11054 11053 11052 11051 11050 11049 11048 11047 11046 11045 11044 11043 11042 11041 11040 11039 11038 11037 11036 11035 11034 11033 11032 11031 11030 11029 11028 11027 11026 11025 11024 11023 11022 11021 11020 11019 11018 11017 11016 11015 11014 11013 11012 11011 11010 11009 11008 11007 11006 11005 11004 11003 11002 11001 11000 10999 10998 10997 10996 10995 10994 10993 10992 10990 10991 11072 11073 11074 11075 11076 11077 11078 11079 11080 11081 11082 11083 11084 11085 11086 11087 11088 11089 11090 11091 11092 11093 11094 11095 11096 11097 11098 11099 11100 11101 11102 11103 11104 11105 11106 11107 11108 11109 11110 11111 11112 11113 11114 11115 11116 11117 11118 11119 11120 11121 11122 11123 11124 11125 11126 11127 11128 11129 11130 11131 11132 11133 11134 11135 11136 11137 11138 11139 11140 11141 11142 11143 11144 11145 11146 11147 11148 11149 11150 11151 11152 11153 11154 11155 11156 11157 11158 11159 11160 11161 11162 11163 11164 11165 11166 11167 11168 11169 11170 11171 11172 11173 11174 11175 11176 11177 11178 11179 11180 11181 11182 11183 11184 11185 11186 11187 11188 11189 11190 11191 11192 11193 11194 11195 11196 11197 11198 11199 11200 11201 11202 11203 11204 11205 11206 11207 11208 11209 11210 11211 11212 11213 11214 11215 11216 11217 11218 11219 11220 11221 11222 11223 11224 11225 11226 11227 11228 11229 11230 11231 11232 11233 11234 11235 11236 11237 11238 11239 11240 11241 11242 9820 
2975 11858 11857 11856 11855 11854 11853 11852 11851 11850 11849 11848 11847 11846 11845 11844 11843 11842 11841 11840 11839 11838 11837 11836 11835 11834 11833 11832 11831 11830 11829 11828 11827 11826 11825 11824 11823 11822 11821 11820 11819 11818 11817 11816 11815 11814 11813 11812 11811 11810 11809 11808 11807 11806 11805 11804 11803 11802 11801 11800 11799 11798 11797 11796 11795 11794 11793 11792 11791 11790 11789 11788 11787 11786 11785 11784 11783 11782 11781 11780 11779 11778 11777 11776 11775 11774 11773 11772 11771 11770 11769 11768 11767 11766 11765 11764 11763 11762 11761 11760 11759 11758 11757 11756 11755 11754 11753 11752 11751 11750 11749 11748 11747 11746 11745 11744 11743 11742 11741 11740 11739 11738 11737 11736 11735 11734 11733 11732 11731 11730 11729 11728 11727 11726 11725 11724 11723 11722 11721 11720 11719 11718 11717 11716 11715 11714 11713 11712 11711 11710 11709 11708 11707 11706 11705 11704 11703 11702 11701 11700 11699 11698 11697 11696 11695 11694 11693 11692 11691 11690 11689 11688 11687 11686 11685 11684 11683 11682 11681 11680 11679 11678 11677 11676 11675 11674 11673 11672 11671 11670 11669 11668 11667 11666 11665 11664 11663 11662 11661 11660 11659 11658 11657 11656 11655 11654 11653 11652 11651 11650 11649 11648 11647 11646 11645 11644 11643 11642 11641 11640 11639 11638 11637 11636 11635 11634 11633 11632 11631 11630 11629 11628 11627 11626 11625 11624 11623 11622 11621 11620 11619 11618 11617 11616 11615 11614 11613 11612 11611 11610 11609 11608 11607 11606 11605 11604 11603 11602 11601 11600 11599 11598 11597 11596 11595 11594 11593 11592 11591 11590 11589 
3135 3134 3133 3132 3131 3130 3129 3128 3127 3126 3125 3124 3123 3122 3121 3120 3119 3118 3117 3115 3116 3259 3260 3261 3262 3263 3264 3265 3266 3267 3268 3269 3270 3271 3272 3273 3274 3275 3276 3277 3278 3279 3280 3281 3282 3283 3284 3285 3286 3287 3288 3289 3290 3291 3292 3293 3294 3295 3296 3297 3298 3299 3300 3301 3302 3303 3304 3305 3306 3307 3308 3309 3310 3311 3312 3313 3314 3315 3316 3317 3318 3319 3320 3321 3322 3323 3324 3325 3326 
3135 3136 3137 3138 3139 3140 3141 3142 3143 3144 3145 3146 3147 3148 3149 3150 3151 3152 3153 3154 3155 3156 3157 3158 3159 3160 3161 3162 3163 3164 3165 3166 3167 3168 3169 3170 3171 3172 3173 3174 3175 3176 3177 3178 3179 3180 3181 3182 3183 3184 3185 3186 3187 3188 3189 3190 3191 3192 3193 3194 3195 3196 3197 3198 3199 3200 3201 3202 3203 3204 3205 3206 3207 
3135 4988 4987 4986 4985 4984 4983 4982 4981 4980 4979 4978 4977 4976 4975 4974 4973 4972 4971 4970 4969 4968 4967 4966 4965 4964 4963 4962 4961 4960 4959 4958 4957 4956 4955 4954 4953 4952 4951 4950 4949 4948 4947 4946 4945 
3207 3208 3209 3210 3211 3212 3213 3214 3215 3216 3217 3218 3219 3220 3221 3222 3223 3224 3225 3226 3227 3228 3229 3230 3231 3232 3233 3234 3235 3236 3237 3238 3239 3240 
3240 3241 
3240 5191 5190 5189 5188 5187 5186 5185 5184 5182 5183 5192 5193 5194 5195 5196 5197 5198 5199 5200 5201 5202 5203 5204 5205 5206 5207 5208 5209 5210 5211 5212 5213 5214 5215 5216 5217 5218 
3241 5265 5264 5263 5262 5261 5260 5259 5258 5257 5256 5255 5254 5253 5252 
3326 3327 3328 3329 3330 3331 3332 3333 
3326 8204 8203 8202 8201 8200 8199 8198 8197 8196 8195 8194 8193 8192 8191 8190 8189 8188 8187 8186 8185 8184 8183 8182 8181 8180 8179 8178 8177 8176 8175 8174 8173 8172 8171 8170 8169 8168 8167 
3333 3334 3335 3336 3337 3338 3339 3340 3341 3342 3343 3344 3345 3346 3347 3348 3349 3350 3351 
3333 7285 7284 7283 7282 7281 7280 7279 7278 7277 7276 7275 7274 7273 7272 7271 7270 7269 7268 7267 7266 7265 7264 7263 7262 7261 7260 7259 7258 7257 7256 7255 7254 7253 7252 7251 7250 7249 7248 7247 7246 7245 7244 7243 7242 7241 7240 7239 7238 7237 7236 7235 7234 7233 7232 7231 7230 7229 7228 7227 7226 7225 7224 7223 7222 7221 7220 7219 7218 7217 7216 7215 7214 7213 7212 7211 7210 7209 7208 7207 7206 7205 7204 7203 7202 7201 7200 7199 7198 7197 7196 7195 7194 7193 7192 7191 7190 7189 7188 7187 7041 7040 7042 7043 7044 7045 7046 7047 7048 7049 7050 7051 7052 7053 7054 7055 7056 7057 7058 7059 7060 7061 7062 7063 7064 7065 7066 7067 7068 7069 7070 7071 7072 7073 7074 7075 7076 
3351 3352 3353 3354 3355 3356 3357 3358 3359 3360 3361 3362 3363 3364 3365 3366 3367 3368 3369 3370 3371 3372 3373 3374 3375 3376 3377 3378 3379 3380 3381 3382 3383 3384 3385 3386 3387 3388 3389 3390 3391 3392 3393 3394 3395 3396 
3351 8041 8040 8039 8038 8037 8036 8035 8034 8033 8032 8031 8030 8029 8028 8027 8026 8025 8024 8023 8022 8021 8020 8019 8018 8017 8016 8015 8014 8013 8012 8011 8010 8009 8008 8007 8006 8005 8004 8003 8002 8001 8000 7999 7998 7997 7996 7995 7994 7993 7992 7991 7990 7989 7988 7987 7986 7985 7984 7983 7982 7981 7968 7967 7969 7970 7971 7972 7973 7974 7975 7976 7977 7978 7979 7980 
3396 3397 3398 3399 3400 3401 3402 3403 3404 3405 3406 3407 3408 3409 3410 3411 3412 3413 3414 3415 3416 3417 3418 3419 3420 3421 3422 3423 3424 3425 3426 3427 3428 3429 3430 3431 3432 3433 3434 3435 3436 3437 3438 3439 3440 3441 3442 3443 3444 3445 3446 3447 3448 3449 3450 3451 3452 3453 3454 3455 3456 3457 3458 3459 3460 3461 3462 3463 3464 3465 3466 3467 3468 3469 3470 3471 3472 3473 3474 3475 3476 3477 3478 3479 3480 3481 3482 3483 3484 3485 3486 3487 3488 3489 3490 3491 
3396 3712 3711 3710 3709 3708 3707 3706 3705 3704 3703 3702 3701 3700 3699 3698 3697 3696 3695 3694 3693 3692 3691 3690 3689 3688 3687 3686 3685 3684 3683 3682 3681 3680 3679 3678 3677 3676 3675 3674 3673 3672 3671 3670 3669 3668 3667 3666 3665 3664 3663 3662 3661 3660 3659 3658 
3491 3492 3493 3494 3495 3496 3497 3498 3499 3500 3501 3502 3503 3504 
3491 3652 3651 3650 3649 3648 3647 3646 3645 3644 3643 3642 3641 3640 3639 3638 3637 3636 3635 3634 3633 3632 3631 3630 3629 3628 3627 3626 3625 3624 3623 3622 3621 3620 3619 3618 3617 3616 3615 3614 3613 3612 3611 3610 3609 3608 3607 3606 3605 3604 3603 3602 
3504 3505 3506 3507 3508 3509 3510 3511 3512 3513 3514 3515 3516 3517 3518 3519 3520 
3504 4200 4199 4198 4197 4196 4195 4194 4193 4192 4191 4190 4189 4188 4187 4186 4185 4184 4183 4182 4181 4180 4088 4087 4089 4090 4091 4092 4093 4094 4095 4096 4097 4098 4099 4100 4101 4102 4103 4104 4105 4106 4107 4108 4109 4110 4111 4112 4113 4114 4115 4116 4117 4118 4119 4120 4121 4122 4123 4124 4125 4126 4127 4128 4129 4130 4131 4132 4133 4134 4135 
3520 12823 12822 12821 12820 12819 12818 12817 12816 12815 12814 12813 12812 12811 12810 12809 12808 12807 12806 12805 12804 12803 12802 12801 12800 12799 12798 12797 12796 12795 12794 12793 12792 12791 12790 12789 12788 12787 12786 12785 12784 12783 12782 12781 12780 12779 12778 12777 12776 12775 12774 12773 12772 12771 12770 12769 12768 12767 12766 12765 12764 12763 12762 12761 12760 12759 12758 12757 12756 12755 12754 12753 12752 12751 12750 12749 12748 12747 12746 12745 12744 12743 12742 12741 12740 12739 12738 12737 12736 12735 12734 12733 12732 12731 12730 12729 12728 12727 12726 12725 12724 12723 12722 12721 12720 12719 12718 12717 12716 12715 12714 12713 12712 12711 12710 12709 12708 12707 12706 12705 12704 12703 12702 12701 12700 12699 12698 12697 12696 12695 12694 12693 12692 12691 12690 12689 12688 12687 12686 12685 12684 12683 12682 12681 12680 12679 12678 12677 12676 12675 12674 12673 12672 12671 12670 12669 12668 12667 12666 12665 12664 12663 12662 12661 12660 12659 12658 12657 12656 12655 12654 12653 12652 12651 12650 12649 12648 12647 12646 12645 12644 12643 12642 12641 12640 12639 12638 12637 12636 12635 12634 12633 12632 12631 12630 12629 12628 12627 12626 12625 12624 12623 12622 12621 12620 12619 12618 12617 12616 12615 12614 12613 12611 12612 12824 12825 12826 12827 12828 12829 12830 12831 12832 
3588 3587 3586 3585 3584 3583 3582 3581 3580 3579 3578 3577 3576 3575 3574 3573 3572 3571 3570 3569 3568 3567 3566 3565 3564 3563 3562 3561 3559 3560 3653 3654 3655 3656 3657 3658 
3588 3589 3590 3591 3592 3593 3594 3595 3596 3597 3598 3599 3600 3601 3602 
3588 4481 4480 4479 4478 4477 4476 4475 4474 4473 4472 4471 4470 
3602 6729 6728 6727 6726 6725 6724 6723 6722 6721 6707 6706 6708 6709 6710 6711 6712 6713 6714 6715 6716 6717 6718 6719 6720 3658 
3731 3730 3729 3728 3727 3726 3725 3724 3723 3722 3721 3714 3713 3715 3716 3717 3718 3719 3720 9112 9111 9110 9109 9108 9107 9106 9105 9104 9103 9102 9101 9100 9099 9098 9097 9096 9095 9094 9093 9092 9091 9090 9089 9066 9065 9067 9068 9069 9070 9071 9072 9073 9074 9075 9076 9077 9078 9079 9080 9081 9082 9083 9084 9085 9086 9087 9088 7445 
3750 3919 3918 3917 3916 3915 3914 3913 3912 3911 3910 3909 3908 3907 3906 3905 3904 3903 3902 3901 3900 3899 3898 3897 3896 3895 3840 3839 3841 3842 3843 3844 3845 3846 3847 3848 
3848 3849 3850 3851 3852 3853 3854 3855 3856 3857 3858 3859 3860 3861 3862 3863 3864 3865 3866 3867 3868 3869 3870 3871 3872 3873 3874 3875 3876 3877 3878 3879 3880 3881 
3848 8089 8088 8087 8086 8085 8084 8083 8082 8081 8080 8079 8078 8077 8076 8075 8074 8073 8072 8071 8070 8069 8068 8066 8067 8090 8091 8092 8093 8094 8095 8096 8097 9276 9275 9274 9273 9272 9271 9270 9269 9268 9229 9228 9230 9231 9232 9233 9234 9235 9236 9237 9238 9239 9240 9241 9242 9243 9244 9245 9246 9247 9248 9249 9250 9251 9252 9253 9254 9255 9256 9257 9258 9259 9260 9261 9262 9263 9264 9265 9266 9267 4135 
3881 3882 3883 3884 3885 3886 3887 3888 3889 3890 3891 3892 3893 3894 
3881 4441 4440 4439 4438 4437 4436 4435 4434 4433 4432 4431 4430 4429 4428 4427 4426 4425 4424 4423 4422 4421 4420 4419 4418 4417 4416 4415 4414 4412 4413 4442 4443 4444 4445 4446 4447 4448 4449 4450 4451 4452 4453 4454 4455 4456 4457 4458 4459 4460 4461 4462 4463 4464 4465 4466 4467 4468 4469 4470 
3954 3953 3952 3951 3950 3949 3948 3947 3946 3945 3944 3943 3942 3941 3940 3939 3938 3937 3936 3935 3934 3933 3932 3931 3930 3929 3928 3927 3926 3925 3924 3923 3922 3920 3921 3968 3969 3970 3971 3972 3973 3974 3975 3976 3977 3978 3979 3980 3981 3982 3983 3984 3985 3986 3987 3988 
3954 4214 4213 4212 4211 4210 4209 4208 4207 4206 4205 4204 4203 4201 4202 4215 4216 4217 4218 4219 4220 4221 4222 4223 4224 4225 4226 4227 4228 4229 4230 4231 4232 4233 4234 4235 4236 4237 4238 
3988 3989 3990 3991 3992 3993 3994 3995 3996 3997 3998 3999 4000 4001 4002 4003 4004 4005 4006 4007 
3988 6302 6301 6300 6299 6298 6297 6296 6295 6294 6293 6292 6291 6290 6289 6288 6287 6286 6285 6284 6283 6282 6281 6280 6279 6278 6277 6276 6275 6274 6273 6272 6271 6270 6269 6268 6267 6266 6265 6264 6263 6262 6261 6260 6259 6258 6257 6256 6255 6254 6253 6252 6251 6250 6249 6248 6247 6246 6245 6244 6242 6243 6303 6304 6305 6306 6307 6308 6309 6310 6311 6312 6313 6314 6315 6316 6317 5648 
4007 4008 4009 4010 4011 4012 4013 4014 4015 4016 4017 4018 4019 4020 4021 4022 4023 4024 5116 5115 5114 5113 5112 5111 5110 5109 5108 5107 5106 5104 5105 5117 5118 5119 5120 5121 5122 5123 5124 5125 5126 5127 5128 5129 5130 5131 5132 5133 5134 5135 5136 5137 5138 5139 5140 5141 5142 5143 5144 5145 5146 5147 5148 5149 5150 5151 5152 5153 5154 5155 5156 5157 5158 5159 5160 5161 5162 5163 5164 5165 5166 5167 
4007 5615 5614 5613 5612 5611 5610 5609 5608 5607 5606 5605 5604 5603 5602 5601 5600 5599 5598 5597 5596 5595 5594 5593 5592 5591 5590 5589 5588 5587 5586 5585 5584 5583 5582 5581 5580 5579 5577 5578 5616 5617 5618 5619 5620 5621 5622 5623 5624 5625 5626 5627 5628 5629 
4238 4239 4240 4241 4242 4243 4244 4245 4246 4247 4248 4249 4250 4251 4252 4253 4254 4255 4256 4257 4258 4259 4260 4261 4262 4263 4264 4265 4266 4267 4268 4269 4270 4271 4272 4273 4274 4275 4276 4277 4278 4279 4280 4281 4282 4283 4284 4285 4286 4287 4288 4289 4290 
4238 8047 8046 8045 8044 8042 8043 8048 8049 8050 8051 8052 8053 8054 8055 8056 8057 8058 8059 8060 8061 8062 8063 8064 8065 6388 
4290 4291 4292 4293 4294 4295 4296 4297 4298 4299 4300 4301 4302 4303 4304 4305 4306 4307 4308 4309 
4290 6394 6393 6392 6391 6390 6389 6388 
4309 5804 5803 5802 5801 5800 5799 5798 5797 5796 5795 5794 5793 5792 5791 5790 5789 5788 5787 5786 5785 5784 5783 5782 5781 5780 5779 5778 5777 5776 5775 5774 5773 5772 5771 5770 5769 5768 5767 5766 5765 5764 5763 5762 5761 5760 5759 5758 5757 5756 5755 5754 5753 5752 5751 5750 5749 5748 5747 5746 5745 5744 5743 5742 
4470 7186 7185 7184 7183 7182 7181 7180 7179 7178 7177 7176 7175 7174 7173 7172 7171 7170 7169 7168 7167 7166 7165 7164 7163 7162 7161 
4492 4491 4490 4489 4488 4487 4486 4485 4484 4482 4483 4536 4537 4538 4539 4540 4541 4542 4543 4544 4545 4546 4547 4548 4549 4550 4551 4552 4553 4554 4555 4556 4557 4558 4559 4560 4561 4562 4563 4564 4565 4566 4567 4568 4569 4570 4571 4572 
4492 4493 4494 4495 4496 4497 4498 4499 4500 4501 4502 4503 4504 4505 4506 4507 4508 4509 4510 4511 4512 4513 4514 4515 4516 4517 4518 4519 4520 4521 4522 4523 4524 4525 
4492 5318 5317 5316 5315 5314 5313 5312 5311 5310 5309 5308 5307 5267 5266 5268 5269 5270 5271 5272 5273 5274 5275 5276 5277 5278 5279 5280 5281 5282 5283 
4525 4526 4527 4528 4529 4530 4531 4532 4533 4534 4535 
4525 4717 4716 4715 4714 4713 4712 4711 4710 4709 4708 4707 4706 4705 4704 4703 4702 4701 4700 4699 4698 4697 4696 4695 4694 4693 4692 4691 4690 4689 4688 4687 4686 4685 4684 4683 4682 4681 4680 4679 4678 4677 4676 4675 4674 4673 4672 4671 4670 4669 4668 4667 4666 4665 4664 4663 4662 4661 4660 4659 4658 4657 4656 4655 4654 4653 4652 4651 4650 4649 4648 4647 4646 4645 4644 4643 4642 4641 
4572 4573 4574 4575 4576 4577 4578 4579 4580 4581 4582 4583 4584 4585 4586 4587 4588 4589 4590 4591 4592 4593 4594 4595 4596 4597 4598 4599 4600 4601 
4572 5930 5929 5928 5927 5926 5925 5924 5923 5922 5921 5920 5919 5918 5917 5916 5915 5914 5913 5912 5911 5910 5909 5908 5907 5906 5905 5904 5903 5902 5901 5900 5899 5898 5897 5896 5895 5894 5893 5892 5891 5890 5889 5888 5887 5886 5885 5884 5883 5882 5881 5880 5879 5878 5877 5876 5875 5874 5873 5872 5871 5870 5869 5868 5867 5866 5865 5864 5863 5862 5861 5860 5859 5858 5857 5856 5855 5854 5853 5852 5851 5850 5849 5848 5847 5846 5845 5844 5843 5842 5841 5840 5839 5838 5837 5836 5835 5834 5833 5832 5831 5830 5829 5828 5827 5826 5825 5824 5823 5822 5821 5820 5819 5818 5817 5816 5815 5814 5813 5812 5811 5810 5809 5808 5807 5805 5806 5931 5932 5933 5934 5935 5936 5937 5938 5939 5940 5941 5942 5943 5944 5945 5946 5947 5948 5949 5950 5951 5952 5953 5954 5955 5956 5957 5958 5959 5960 5961 5962 5963 5964 5965 5966 5967 5968 5969 5970 5971 5972 5973 5974 5975 5976 5977 5978 5979 5980 5981 5982 5983 5984 5985 5986 5987 5988 5989 5990 5991 5992 5993 5994 5995 5996 5997 
4601 4602 4603 4604 4605 4606 4607 4608 4609 4610 4611 4612 4613 4614 4615 4616 4617 4618 4619 4620 4621 4622 4623 4624 4625 4626 4627 4628 4629 4630 4631 4632 4633 4634 4635 4636 4637 4638 4639 4640 4641 
4601 5480 5479 5478 5477 5476 5475 5474 5473 5472 5471 5470 5469 5468 5467 5466 5465 5464 5463 5462 5461 5460 5459 5458 5457 5456 5455 5454 5453 5452 5451 5450 5449 5448 5447 5446 5445 5444 5443 5442 5441 5440 5439 5438 5437 5436 5435 5434 5433 5432 5431 5430 5429 5428 5427 5426 5425 5424 5423 5422 5421 5404 5403 5405 5406 5407 5408 5409 5410 5411 5412 5413 5414 5415 5416 5417 5418 5419 5420 5388 
4641 6705 6704 6703 6702 6701 
4945 4944 4943 4942 4941 4940 4939 4938 4937 4936 4935 4934 4933 4932 4931 4930 4929 4928 4927 4926 4925 4924 4923 4922 4921 4920 4919 4918 4917 4916 4915 4914 4913 4912 4911 4910 4909 4908 4907 4906 4905 4904 4903 4902 4901 4900 4899 4898 4897 4896 4895 4894 4893 4892 4891 4890 4889 4888 4886 4887 4989 4990 4991 4992 4993 4994 4995 4996 4997 4998 4999 5000 5001 5002 5003 5004 5005 5006 5007 5008 5009 
4945 6206 6205 6204 6203 6202 6201 6200 6199 6198 6197 6196 6195 6194 6193 6192 6191 6190 6189 6188 6187 6186 6185 6184 6183 6182 6181 6180 
5009 5010 5011 5012 5013 5014 5015 5016 5017 5018 5019 5020 5021 5022 5023 5024 5025 5026 5027 5028 5029 5030 5031 5032 5033 5034 5035 5036 5037 5038 
5009 6241 6240 6239 6238 6237 6236 6235 6234 6233 6232 6231 6230 6229 6228 6227 6226 6225 6224 6223 6222 6221 6220 6219 6218 6217 6216 6215 6214 6213 6212 
5038 5039 5040 5041 5042 5043 5044 5045 5046 5047 5048 5049 5050 5051 5052 5053 5054 5055 5056 5057 
5038 8479 8478 8477 8476 8475 8474 8473 8472 8471 8470 8469 8468 8467 8466 8465 8464 8463 8462 8461 8460 8459 8458 8457 8456 8455 8454 8453 8451 8452 8480 8481 8482 8483 8484 8485 8486 8487 8488 6212 
5057 5058 5059 5060 5061 5062 
5057 9398 9397 9396 9395 9394 9393 9392 9391 9390 9389 9388 9387 9386 9385 9384 9383 9382 9381 9380 9379 9378 9377 9376 9375 9374 9373 9372 9371 9370 9369 9368 9367 9366 9365 9364 9363 9362 9361 9360 9359 9358 9357 9356 9355 9354 9353 9352 9351 9350 9349 9348 9347 9346 9345 9344 9343 9342 9341 9340 9339 9338 9337 9336 9335 9334 9333 9332 9331 9330 9329 9328 9327 9326 9325 9324 9323 9322 9321 9320 9319 9318 9317 9316 9315 9314 9313 9312 9311 9310 9309 9308 9307 9306 9305 9304 9303 9302 9301 9300 9299 9298 9297 9296 9295 9294 9293 9292 
5062 5063 5064 5065 5066 5067 5068 5069 5070 5071 5072 
5062 6503 6502 6501 6500 6499 6498 6497 6496 6495 6494 6493 6492 6491 6490 6489 6488 6487 6486 6485 6484 6483 6482 6481 6480 6479 6478 6477 6476 6475 6474 6473 6472 6471 6470 6469 6468 6467 6466 6465 6464 
5072 10641 10640 10639 10638 10637 10636 10635 10634 10633 10632 10631 10630 10629 10628 10627 10626 
5167 10566 10565 10564 10563 10562 10561 10560 10559 10558 10557 10556 10555 10554 10553 10552 10551 10550 10549 10548 10547 10546 10545 10544 10543 10542 10541 10540 10539 10538 10537 10536 10535 10534 10533 10532 10531 10530 10529 10528 10527 10526 10525 10524 10523 10522 10521 10520 10519 10518 10517 10516 10515 10514 10513 10512 10511 10510 10509 10508 10507 10506 10505 10504 10503 10502 10501 10500 10499 10498 10497 10496 10495 10494 10493 10492 10491 10490 10489 10488 10487 10486 10485 10484 10483 10482 10481 10480 10479 10478 10477 10476 10475 10474 10473 10472 10471 10470 10469 10468 10467 10466 10465 10464 10463 10462 10461 10460 10459 10458 10457 10456 10455 10454 10453 10452 10451 10450 10449 10448 10447 10446 10445 10444 10443 10442 10441 10440 10439 10437 10438 10567 10568 10569 10570 10571 10572 10573 10574 10575 10576 10577 10578 10579 10580 10581 10582 10583 10584 10585 10586 10587 10588 10589 10590 10591 10592 10593 10594 10595 9607 
5218 5219 5220 5221 5222 5223 5224 5225 5226 5227 5228 5229 5230 5231 5232 5233 5234 5235 5236 5237 5238 5239 5240 5241 5242 5243 5244 5245 5246 5247 5248 5249 5250 5251 5252 
5218 8137 8136 8135 8134 8133 8132 8131 8130 8129 8128 8127 8126 8125 8124 8123 8122 8121 8120 8119 8118 8117 8116 8115 8114 8113 8112 8111 8110 8109 8108 8107 8106 8105 8104 8103 8102 8101 8100 8098 8099 8138 8139 8140 8141 8142 8143 8144 8145 8146 8147 8148 8149 8150 8151 8152 8153 8154 8155 8156 8157 8158 8159 8160 8161 8162 8163 8164 8165 8166 8167 
5252 7883 7882 7881 7880 7879 7878 7877 7876 7875 7874 7873 7872 7871 7870 7869 7868 7867 7866 7865 7864 7863 7862 7861 7860 7859 7858 7857 7856 7855 7854 7853 7852 7851 7850 7849 7848 7847 7846 7845 7844 7843 7842 7841 7840 7839 7838 7837 7836 7835 7834 7833 7832 7831 7830 7829 7828 7827 7826 7825 7824 7823 7822 7821 7820 7819 7818 7817 7816 7815 7814 7813 7812 7811 7810 7809 7808 7807 7806 7805 7804 7803 7802 7801 7800 7799 7798 7797 7796 7795 7794 7793 7792 7791 7790 
5283 5284 5285 5286 5287 5288 5289 5290 5291 5292 5293 5294 5295 5296 5297 5298 5299 5300 5301 5302 5303 5304 5305 
5283 10023 10022 10021 10020 10019 10018 10017 10016 10015 10014 10013 10012 10011 10010 10009 10008 10007 10006 10005 10004 10003 10002 10001 10000 9999 9998 9997 9996 9995 9994 9993 9992 9991 9990 9989 9988 9987 9986 9985 9984 9983 9982 9981 9980 9979 9978 9977 9976 9975 9974 9973 9972 9971 
5305 5306 
5305 6008 6007 6006 6005 6004 6003 6002 6001 6000 5999 5998 5997 
5629 5630 5631 5632 5633 5634 5635 5636 5637 5638 5639 5640 5641 5642 5643 5644 5645 5646 5647 5648 
5629 7039 7038 7037 7036 7035 7034 7033 7032 7031 7030 7029 7028 7027 7026 7025 7024 7023 7022 7021 7020 7019 7018 7017 7016 7015 7014 7013 7012 7011 7010 7009 7008 7007 7006 7005 7004 7003 7002 7001 7000 6999 6998 6997 6996 6995 6994 6993 6992 6991 6990 6989 6988 6987 6986 6985 6984 6983 6982 6981 6980 6979 6978 6977 6976 6975 6974 6973 6972 6971 6970 6969 6968 6967 6966 6965 6964 6963 6962 6961 6960 6959 6875 6874 6876 6877 6878 6879 6880 6881 6882 6883 6884 6885 6886 6887 6888 6889 6890 6891 6892 6893 6894 6895 6896 6897 6898 6899 6900 6901 6902 6903 6904 6905 6906 6907 6908 6909 6910 6911 6912 6913 6914 6915 6916 6917 6918 6919 6920 6921 6922 6923 6924 6925 6926 6927 6928 6929 6930 6931 6932 6933 6934 6935 6936 6937 6938 6939 6940 6941 6942 6943 6944 6945 6946 6947 6948 6949 6950 6951 6952 6953 6954 6955 6956 6957 6958 6042 
5648 5649 5650 5651 5652 5653 5654 5655 5656 5657 5658 5659 5660 5661 5662 5663 5664 5665 5666 5667 5668 5669 5670 5671 5672 5673 5674 5675 5676 5677 5678 5679 5680 5681 5682 5683 5684 5685 5686 5687 5688 5689 5690 5691 5692 5693 5694 5695 5696 5697 5698 5699 5700 5701 5702 5703 5704 5705 5706 5707 5708 5709 5710 5711 5712 5713 5714 5715 5716 5717 5718 5719 5720 5721 5722 5723 5724 5725 5726 5727 5728 5729 5730 5731 5732 5733 5734 5735 5736 5737 5738 5739 5740 5741 5742 
5742 6023 6022 6021 6020 6019 6018 6017 6016 6015 6014 6013 6012 6011 6009 6010 6024 6025 6026 6027 6028 6029 6030 6031 6032 6033 6034 6035 6036 6037 6038 6039 6040 6041 6042 
5997 9777 9776 9775 9774 9773 9772 9771 9770 9769 9768 9767 9766 9765 9764 9763 9762 9761 9760 9759 9758 9757 9756 9755 9753 9754 9778 9779 9780 9781 9782 9783 9784 9785 9786 9787 9788 9789 9790 9791 9792 9793 9794 9795 9796 9797 9798 9799 9800 9801 9802 9803 9804 9805 9806 9807 9808 9809 9810 9811 9812 9813 9814 9815 9816 9817 9818 9819 9820 
6042 6043 6044 6045 6046 6047 6048 6049 6050 6051 6052 6053 6054 6055 6056 6057 6058 6059 6060 6061 6062 6063 6064 6065 6066 6067 6068 6069 6070 6071 6072 6073 6074 6075 6076 6077 6078 6079 6080 6081 
6180 6179 6178 6177 6176 6175 6174 6173 6172 6171 6170 6169 6168 6167 6166 6165 6164 6163 6162 6161 6160 6159 6158 6157 6155 6156 6207 6208 6209 6210 6211 6212 
6180 12290 12289 12288 12287 12286 12285 12284 12283 12282 12281 12280 12279 12278 12277 12276 12275 12274 12273 12272 12271 12270 12269 12268 12267 12266 12265 12264 12263 12262 12261 12260 12259 12258 12257 12256 12255 12254 12253 12252 12251 12250 12249 12248 12247 12246 12245 12244 12243 12242 12241 12240 12239 12238 12237 12236 12235 12234 12233 12232 12231 12230 12229 12227 12228 12291 12292 12293 12294 12295 12296 12297 12298 12299 12300 12301 12302 12303 12304 12305 12306 12307 12308 12309 12310 12311 12312 12313 12314 12315 12316 12317 12318 12319 12320 12321 12322 12323 12324 12325 12326 12327 12328 12329 12330 12331 12332 12333 12334 12335 12336 12337 12338 12339 12340 12341 12342 12343 12344 12345 12346 12347 12348 12349 12350 12351 12352 12353 9292 
6321 6320 6318 6319 6350 6351 6352 6353 6354 6355 6356 6357 6358 6359 6360 6361 6362 6363 6364 6365 6366 6367 6368 6369 6370 6371 6372 6373 6374 6375 6376 6377 6378 6379 6380 6381 6382 6383 6384 6385 6386 6387 6388 
6409 6408 6407 6406 6405 6404 6403 6402 6401 6400 6399 6398 6397 6395 6396 6438 6439 6440 6441 6442 6443 6444 6445 6446 6447 6448 6449 6450 6451 6452 6453 6454 6455 6456 6457 6458 6459 6460 6461 6462 6463 6464 
6409 6410 6411 6412 6413 6414 6415 6416 6417 6418 6419 6420 6421 6422 6423 6424 6425 6426 6427 6428 6429 6430 6431 6432 6433 6434 6435 6436 6437 10667 10666 10665 10664 10663 10662 10661 10660 10659 10658 10657 10656 10655 10654 10653 10652 10651 10650 10649 10648 10647 10646 
6409 8268 8267 8266 8265 8264 8263 8262 8261 8260 8259 8258 8257 8256 8255 8254 8253 8252 8251 8250 8249 8248 8247 8246 8245 8244 8243 8242 8241 8240 8239 8238 8237 8236 8235 8234 8233 8232 8231 8230 8229 8228 8227 8226 
6464 7750 7749 7748 7747 7746 7745 7744 7743 7742 7741 7740 7739 7738 7737 7736 7735 7734 7733 7732 7731 7730 7729 7728 7727 7726 7725 7724 7723 7722 7721 7720 7719 7718 7717 7716 7715 7714 7713 7712 7711 7710 7709 7708 7707 7706 7705 7704 7703 7702 7701 7700 7699 7698 7697 7696 7695 7694 7693 7692 7691 7690 7689 7688 7687 7686 7685 7684 7683 7682 7681 7680 7679 7678 7677 7676 7675 7674 7673 7672 7671 7670 7669 7668 7667 7666 7665 7664 7663 7662 7661 7660 7659 7658 
6594 6593 6592 6591 6590 6589 6588 6587 6586 6585 6584 6583 6582 6581 6580 6579 6578 6577 6576 6575 6574 6573 6572 6571 6570 6569 6568 6567 6566 6565 6564 6563 6562 6561 6560 6559 6558 6557 6556 6555 6554 6553 6552 6551 6550 6549 6548 6547 6546 6545 6544 6543 6542 6541 6540 6539 6538 6537 6536 6535 6534 6533 6532 6531 6530 6529 6528 6527 6526 6525 6524 6523 6522 6521 6520 6519 6518 6517 6516 6515 6514 6513 6512 6511 6510 6509 6508 6507 6506 6504 6505 6618 6619 6620 6621 6622 6623 6624 6625 6626 6627 6628 6629 6630 6631 6632 6633 6634 6635 6636 6637 6638 6639 6640 6641 6642 6643 6644 6645 6646 6647 6648 6649 6650 6651 6652 6653 6654 6655 6656 
6594 6595 6596 6597 6598 6599 6600 6601 6602 6603 6604 6605 6606 6607 6608 6609 6610 6611 6612 6613 6614 6615 6616 6617 
6594 10099 10098 10097 
6656 6657 6658 6659 6660 6661 6662 6663 6664 6665 6666 6667 6668 6669 6670 6671 6672 6673 6674 6675 6676 6677 6678 6679 6680 6681 6682 6683 6684 6685 6686 6687 6688 6689 6690 6691 6692 6693 6694 6695 6696 6697 6698 6699 6700 6701 
6656 8750 8749 8748 8747 8746 8614 8613 8615 8616 8617 8618 8619 8620 8621 8622 8623 8624 8625 8626 8627 8628 8629 8630 8631 8632 8633 8634 8635 8636 8637 8638 8639 8640 8641 8642 8643 8644 8645 8646 8647 8648 8649 8650 8651 8652 8653 8654 8655 8656 8657 8658 8659 8660 8661 8662 8663 8664 8665 8666 8667 8668 8669 8670 8671 8672 8673 8674 8675 8676 8677 8678 8679 8680 8681 8682 8683 8684 8685 8686 8687 8688 8689 8690 8691 8692 8693 8694 8695 8696 8697 8698 8699 8700 8701 8702 8703 8704 8705 8706 8707 8708 8709 8710 8711 8712 8713 8714 8715 8716 8717 8718 8719 8720 8721 8722 8723 8724 8725 8726 8727 8728 8729 8730 8731 8732 8733 8734 8735 8736 8737 8738 8739 8740 8741 8742 8743 8744 8745 6789 
6701 6744 6743 6742 6741 6740 6739 6738 6737 6736 6735 6734 6733 6732 6730 6731 6745 6746 6747 6748 6749 6750 6751 6752 6753 6754 6755 6756 6757 6758 6759 6760 6761 6762 6763 6764 6765 6766 6767 6768 6769 6770 6771 6772 6773 6774 6775 6776 6777 6778 6779 6780 6781 6782 6783 6784 6785 6786 6787 6788 6789 
7076 7077 7078 7079 7080 7081 7082 7083 7084 7085 7086 7087 7088 7089 7090 7091 7092 7093 7094 7095 7096 7097 7098 7099 7100 7101 7102 7103 7104 7105 7106 7107 7108 
7076 7438 7437 7436 7435 7434 7433 7432 7431 
7108 7109 7110 7111 7112 7113 7114 7115 7116 7117 7118 7119 7120 7121 7122 7123 7124 7125 7126 7127 7128 7129 7130 7131 7132 7133 7134 7135 7136 7137 7138 7139 7140 7141 7142 7143 7144 7145 7146 7147 7148 7149 7150 7151 7152 7153 7154 7155 7156 7157 7158 7159 7160 7161 
7108 8911 8910 8909 8908 8907 8906 8905 8904 8903 8902 8900 8901 8912 8913 8914 8915 8916 8917 8918 8919 8920 8921 8922 8923 8924 8925 8926 8927 7161 
7324 7323 7322 7321 7320 7319 7318 7317 7316 7315 7314 7313 7312 7311 7310 7309 7308 7307 7306 7305 7304 7303 7302 7301 7300 7299 7298 7297 7296 7295 7294 7293 7292 7291 7290 7289 7288 7286 7287 7439 7440 7441 7442 7443 7444 7445 
7324 7325 7326 7327 7328 7329 7330 7331 7332 7333 7334 7335 7336 7337 7338 7339 7340 7341 7342 7343 7344 7345 7346 7347 7348 7349 7350 7351 7352 7353 7354 7355 7356 7357 7358 7359 7360 
7324 9599 9598 9597 9596 9595 9594 9593 9592 9591 9590 9589 9588 9587 9586 9585 9584 9583 9582 9581 9580 9579 9578 9577 9576 9575 9574 9573 9572 9571 9570 9569 9568 9567 9566 9565 9563 9564 9600 9601 9602 9603 9604 9605 9606 9607 
7360 7361 7362 7363 7364 7365 7366 7367 7368 7369 7370 7371 7372 7373 7374 7375 7376 7377 7378 7379 7380 7381 7382 7383 7384 7385 7386 7387 7388 7389 7390 7391 7392 7393 7394 7395 7396 7397 7398 7399 7400 7401 7402 7403 7404 7405 7406 7407 7408 7409 7410 7411 7412 7413 7414 7415 7416 7417 7418 7419 7420 7421 7422 7423 7424 7425 7426 7427 7428 7429 7430 7431 
7360 10835 10834 10833 10832 10831 10830 10829 10828 10827 10826 10825 10824 10823 10822 10821 10820 10819 10818 10817 10816 10815 10814 10813 10812 10811 10810 10809 10808 10807 10806 10805 10804 10803 10802 10801 10800 10799 10798 10797 10796 10795 10794 10793 10792 10791 10790 10789 10788 10787 10786 10785 10784 10783 10782 10781 10780 10779 10778 10777 10776 10775 10774 10773 10772 10771 10770 10769 10768 10767 10766 10765 10764 10763 10762 10761 10760 10759 10758 10757 10756 10755 10754 10753 10752 10751 10750 10749 10748 10747 10746 10745 10744 10743 10742 10741 10740 10739 10738 10737 10736 10735 10734 10733 10732 10731 10730 10729 10728 10727 10726 10725 10724 10723 10722 10721 10720 10719 10718 10717 10716 10715 10714 10713 10712 10711 10710 10709 10708 10707 10706 10705 10704 10703 10702 10701 10700 10699 10698 10697 10696 10695 10694 10693 10692 10691 10690 10689 10688 10687 10686 10685 10684 10683 10669 10668 10670 10671 10672 10673 10674 10675 10676 10677 10678 10679 10680 10681 10682 9648 
7431 8612 8611 8610 8609 8608 8607 8606 8605 8604 8603 8602 8601 8600 8599 8598 8597 8596 8595 8594 8593 8592 8591 8590 8589 8588 8587 8586 8585 8584 8583 8582 8581 8580 8579 8578 8577 8576 8575 8574 8573 8572 8571 8570 8569 8568 8567 8566 8565 8564 8563 8562 8561 8560 8559 8558 8557 8556 8555 8554 8553 8552 8551 8550 8549 8548 8547 8546 8545 8544 8543 8542 8541 8540 8539 8538 8537 8536 8535 8534 8533 8532 8531 8490 8489 8491 8492 8493 8494 8495 8496 8497 8498 8499 8500 8501 8502 
7445 7446 7447 7448 7449 7450 7451 7452 7453 7454 7455 7456 7457 7458 7459 7460 7461 7462 7463 7464 7465 7466 7467 7468 7469 7470 7471 7472 7473 7474 7475 7476 7477 7478 7479 7480 7481 7482 7483 7484 7485 7486 7487 7488 7489 7490 7491 
7527 7526 7525 7524 7523 7522 7521 7520 7519 7518 7517 7516 7515 7514 7513 7512 7511 7510 7509 7508 7507 7506 7505 7504 7503 7502 7501 7500 7499 7498 7497 7496 7495 7494 7492 7493 7641 7642 7643 7644 7645 7646 7647 7648 
7527 7528 7529 7530 7531 7532 7533 7534 7535 7536 7537 7538 7539 7540 7541 7542 7543 
7527 8384 8383 8382 8381 8380 8379 8378 8377 8376 8375 8374 8373 8372 8371 8370 8369 8368 8367 8366 8365 8364 8363 8362 8361 8360 8359 8358 8357 8356 8355 8354 8353 8352 8351 8350 8349 8348 8347 8346 8345 8344 8343 8342 8341 8340 8339 8338 8337 8336 8335 8334 8333 8332 8331 8330 8329 8328 8327 8326 8325 8324 8323 8322 8321 8320 8319 8318 8317 8316 8315 8314 8313 8312 8311 8310 8309 8308 8307 8306 8305 8304 8303 
7543 7544 7545 7546 7547 7548 7549 7550 7551 7552 7553 7554 7555 7556 7557 7558 7559 7560 7561 7562 7563 7564 7565 7566 7567 7568 7569 7570 7571 7572 7573 7574 7575 7576 7577 7578 7579 7580 7581 7582 7583 7584 7585 7586 7587 7588 7589 7590 7591 7592 7593 7594 7595 7596 7597 7598 7599 7600 7601 7602 7603 7604 7605 7606 7607 7608 7609 7610 7611 7612 7613 7614 7615 7616 7617 7618 7619 7620 7621 7622 7623 7624 7625 7626 7627 7628 7629 7630 7631 7632 7633 7634 7635 7636 7637 7638 7639 7640 10158 10157 10156 10155 10154 10153 10152 10151 10150 10149 10148 
7543 9562 9561 9560 9559 9558 9557 9556 9555 9554 9553 9552 9551 9550 9549 9548 9547 9546 9545 9544 9543 9542 9541 9540 9539 9538 9537 9536 9535 9534 9533 9532 9531 9530 9529 9528 9527 9526 
7648 7649 7650 7651 7652 7653 7654 7655 7656 7657 7658 
7648 8413 8412 8411 8410 8409 8408 8407 8406 8405 8404 8403 8402 8401 8400 8399 8398 8397 8396 8395 8394 8393 8392 8391 8390 8389 8388 8387 8385 8386 8414 8415 8416 8417 8418 8419 8420 8421 8422 8423 8424 8425 8426 8427 8428 8429 8430 8431 8432 8433 8434 8435 8436 8437 8438 8439 8440 8441 8442 8443 8444 8445 8446 8447 8448 8449 8450 8226 
7658 10915 10914 10913 10912 10911 10910 10909 10908 10907 10906 10905 10904 10903 10902 10901 10900 10879 10878 10880 10881 10882 10883 10884 10885 10886 10887 10888 10889 10890 10891 10892 10893 10894 10895 10896 10897 10898 10899 9443 
7755 7754 7753 7751 7752 7884 7885 7886 7887 7888 7889 7890 7891 7892 7893 7894 7895 7896 7897 7898 7899 7900 7901 7902 7903 7904 7905 7906 7907 7908 
7755 7756 7757 
7755 9637 9636 9635 9633 9634 9638 9639 9640 9641 9642 9643 9644 9645 9646 9647 9648 
7757 7758 7759 7760 7761 7762 7763 7764 7765 7766 7767 7768 7769 7770 7771 7772 7773 7774 7775 7776 7777 7778 7779 7780 7781 7782 7783 7784 7785 7786 7787 7788 7789 7790 
7757 9192 9191 9190 9189 9188 9187 9186 9185 9184 9183 9182 9114 9113 9115 9116 9117 9118 9119 9120 9121 9122 9123 9124 9125 9126 9127 9128 9129 9130 9131 9132 9133 9134 9135 9136 9137 9138 9139 9140 9141 9142 9143 9144 9145 9146 9147 9148 9149 9150 9151 9152 9153 9154 9155 9156 9157 9158 9159 9160 9161 9162 9163 9164 9165 9166 9167 9168 9169 9170 9171 9172 9173 9174 9175 9176 9177 9178 9179 9180 9181 8866 
7790 8899 8898 8897 8896 8895 8894 8893 8892 8891 8890 8889 8888 8887 8886 8885 8884 8883 8882 8881 8880 8879 8878 8877 8876 8875 8874 8873 8872 8871 8870 8869 8868 8867 8866 
7908 9702 9701 9700 9699 9698 9697 9696 9695 9694 9693 9692 9691 9690 9689 9688 9687 9686 9685 9684 9683 9682 9681 9680 9679 9678 9677 9676 9675 9674 9673 9672 9671 9670 9669 9668 9667 9666 9665 9664 9663 9662 9661 9660 9659 9658 9657 9656 9655 9654 9653 9652 9651 9650 9649 9648 
8167 8758 8757 8756 8755 8754 8753 8751 8752 8759 8760 8761 8762 8763 8764 8765 8766 8767 8768 8769 8770 8771 8772 8773 8774 8775 8776 8777 8778 8779 8780 8781 8782 8783 8784 8785 8786 8787 8788 8789 8790 8791 8792 8793 8794 8795 8796 8797 8798 8799 8800 8801 8802 8803 8804 8805 8806 8807 8808 8809 8810 8811 8812 8813 8814 8815 8816 8817 8818 8819 8820 8821 8822 8823 8824 8825 8826 8827 8828 8829 8830 8831 8832 8833 8834 8835 8836 8837 8838 8839 8840 8841 8842 8843 8844 8845 8846 8847 8848 8849 8850 8851 8852 8853 8854 8855 8856 8857 8858 8859 8860 8861 8862 8863 8864 8865 8866 
8226 8225 8224 8223 8222 8221 8220 8219 8218 8217 8216 8215 8214 8213 8212 8211 8210 8209 8208 8207 8205 8206 8269 8270 8271 8272 8273 8274 8275 8276 8277 8278 8279 8280 8281 8282 8283 8284 8285 8286 8287 8288 8289 8290 8291 8292 8293 8294 8295 8296 8297 8298 8299 8300 8301 8302 8303 
8303 11296 11295 11294 11293 11292 11291 11290 11289 11288 11287 11286 11285 11284 11283 11282 11281 11280 11279 11278 11277 11276 11275 11274 11273 11272 11271 11270 11269 11268 11267 11266 11265 11264 11263 11262 11261 11260 11259 11258 11257 11256 11255 11254 11253 11252 11251 11250 11249 11248 11247 11246 11245 11243 11244 11297 11298 11299 11300 11301 11302 11303 11304 11305 11306 11307 11308 11309 11310 11311 11312 11313 11314 11315 11316 11317 11318 11319 11320 11321 11322 11323 11324 11325 11326 11327 11328 11329 11330 11331 11332 11333 11334 11335 11336 11337 11338 11339 11340 11341 11342 11343 11344 11345 11346 11347 11348 11349 11350 11351 11352 11353 11354 11355 11356 11357 11358 11359 11360 11361 11362 11363 11364 11365 11366 11367 11368 11369 11370 11371 11372 11373 11374 11375 11376 11377 11378 
8502 9632 9631 9630 9629 9628 9627 9626 9625 9624 9623 9622 9621 9620 9619 9618 9617 9616 9615 9614 9613 9612 9611 9610 9609 9608 9607 
9292 9291 9290 9289 9288 9287 9286 9285 9284 9283 9282 9281 9280 9279 9277 9278 9399 9400 9401 9402 9403 9404 9405 9406 9407 9408 9409 9410 9411 9412 9413 9414 9415 9416 9417 9418 9419 9420 9421 9422 9423 9424 9425 9426 9427 9428 9429 9430 9431 9432 9433 9434 9435 9436 9437 9438 9439 9440 9441 9442 9443 
9443 9444 9445 9446 9447 9448 9449 9450 9451 9452 9453 9454 9455 9456 9457 9458 9459 9460 9461 9462 9463 9464 9465 9466 9467 9468 9469 
9469 9470 9471 9472 9473 9474 9475 9476 9477 9478 9479 9480 9481 9482 9483 9484 9485 9486 9487 9488 9489 9490 9491 9492 9493 9494 9495 9496 9497 9498 9499 9500 9501 9502 9503 9504 9505 9506 9507 9508 9509 9510 9511 9512 9513 9514 9515 9516 9517 9518 9519 9520 9521 9522 9523 9524 9525 9526 
9469 9752 9751 9750 9749 9748 9747 9746 9745 9744 9743 9742 9741 9740 9739 9738 9737 9736 9735 9734 9733 9732 9731 9730 9729 9728 9727 9726 9725 9724 9723 9722 9721 9720 9719 9718 9717 9716 9704 9703 9705 9706 9707 9708 9709 9710 9711 9712 9713 9714 9715 9526 
9820 9821 9822 9823 9824 9825 9826 9827 9828 
9828 9829 9830 9831 9832 9833 9834 9835 9836 9837 9838 9839 9840 9841 9842 9843 9844 9845 9846 9847 9848 9849 9850 9851 9852 9853 9854 9855 9856 9857 9858 9859 9860 9861 9862 9863 9864 9865 9866 9867 9868 9869 9870 9871 9872 9873 9874 9875 9876 9877 9878 9879 9880 9881 9882 9883 9884 9885 9886 9887 9888 9889 9890 9891 9892 9893 9894 9895 9896 9897 9898 9899 9900 9901 9902 9903 9904 9905 9906 9907 9908 9909 9910 9911 9912 9913 9914 9915 9916 9917 9918 9919 9920 9921 9922 9923 9924 9925 9926 9927 9928 9929 9930 9931 9932 9933 9934 9935 9936 9937 9938 9939 9940 9941 9942 9943 9944 9945 9946 9947 9948 9949 9950 9951 9952 9953 9954 9955 9956 9957 9958 9959 9960 9961 9962 9963 9964 9965 9966 9967 9968 9969 9970 9971 
9828 10989 10988 10987 10986 10985 10984 10983 10982 10981 10980 10979 10978 10977 10976 10975 10974 10973 10972 10971 10970 10969 10968 10967 10966 10965 10964 10963 10962 10961 10960 10959 10958 10957 10956 10955 10954 10953 10952 10951 10950 10949 10948 10947 10946 10945 10944 10943 10942 
9971 10405 10404 10403 10402 10401 10400 10399 10398 10397 10396 10395 10394 10393 10392 10391 10390 10389 10388 10387 10386 10385 10384 10383 10382 10381 10380 10379 10378 10377 10376 10375 10374 10373 10372 10371 10370 10369 10368 10367 10366 10365 10363 10364 10406 10407 10408 10409 10410 10411 10412 10413 10414 10415 10416 10417 10418 10419 10420 10421 10422 10423 10424 10425 10426 10427 10428 10429 10430 10431 10432 10433 10434 10435 10436 10220 
10097 10096 10095 10094 10093 10092 10091 10090 10089 10088 10087 10086 10085 10084 10083 10082 10081 10080 10079 10078 10077 10076 10075 10074 10073 10072 10071 10070 10069 10068 10067 10066 10065 10064 10063 10062 10061 10060 10059 10058 10057 10056 10055 10054 10053 10052 10051 10050 10049 10048 10047 10046 10045 10044 10043 10042 10041 10040 10039 10038 10037 10036 10035 10034 10033 10032 10031 10030 10029 10028 10027 10026 10024 10025 10100 10101 10102 10103 10104 10105 10106 10107 10108 10109 10110 10111 10112 10113 10114 10115 10116 10117 10118 10119 10120 10121 10122 10123 10124 10125 10126 10127 10128 10129 10130 10131 10132 10133 10134 10135 10136 10137 10138 10139 10140 10141 10142 10143 10144 10145 10146 10147 10148 
10097 10283 10282 10281 10280 10279 10278 10277 10276 10275 10274 10273 10272 10271 10270 10269 10268 10267 10266 10265 10264 10263 10262 10261 10260 10259 10258 10257 10256 10255 10254 10253 10252 10251 10250 10249 10248 10247 10246 10245 10244 10243 10242 10241 10240 10239 10238 10237 10236 10235 10234 10233 10232 10231 10230 10229 10228 10227 10226 10225 10224 10223 10222 10221 10220 
10148 11543 11542 11541 11540 11539 
10220 10219 10218 10217 10216 10215 10214 10213 10212 10211 10210 10209 10208 10207 10206 10205 10204 10203 10202 10201 10200 10199 10198 10197 10196 10195 10194 10193 10192 10191 10190 10189 10188 10187 10186 10185 10184 10183 10182 10181 10180 10179 10178 10177 10176 10175 10174 10173 10172 10171 10170 10169 10168 10167 10166 10165 10164 10163 10162 10161 10159 10160 10284 10285 10286 10287 10288 10289 10290 10291 10292 10293 10294 10295 10296 10297 10298 10299 10300 10301 10302 10303 10304 10305 10306 10307 10308 10309 10310 10311 10312 10313 10314 10315 10316 10317 10318 10319 10320 10321 10322 10323 10324 10325 10326 10327 10328 10329 10330 10331 10332 10333 10334 10335 10336 10337 10338 10339 10340 10341 10342 10343 10344 10345 10346 10347 10348 10349 10350 10351 10352 10353 10354 10355 10356 10357 10358 10359 10360 10361 10362 
10626 10625 10624 10623 10622 10621 10620 10619 10618 10617 10616 10615 10614 10613 10612 10611 10610 10609 10608 10607 10606 10605 10604 10603 10602 10601 10600 10599 10598 10596 10597 10642 10643 10644 10645 10646 
10626 10877 10876 10875 10874 10873 10872 10871 10870 10869 10868 10867 10866 10865 10864 10863 10862 10861 10860 10859 10858 10857 10856 10855 10854 10853 10852 10851 10850 10849 10848 10847 10846 10845 10844 10843 10837 10836 10838 10839 10840 10841 10842 10646 
10942 10941 10940 10939 10938 10917 10916 10918 10919 10920 10921 10922 10923 10924 10925 10926 10927 10928 10929 10930 10931 10932 10933 10934 10935 10936 10937 12386 12385 12384 12383 12382 12381 12380 12379 12378 12377 12376 12375 12374 12373 12372 12371 12370 12369 12368 12367 12366 12365 12364 12363 12362 12361 12360 12359 12358 12357 12356 12354 12355 12387 12388 12389 12390 12391 12392 12393 12394 12395 12396 12397 12398 12399 12400 12401 12402 12403 12404 12405 12406 12407 12408 12409 12410 12411 12412 12413 12414 12415 12416 12417 12418 12419 12420 12421 12422 12423 12424 12425 12426 12427 12428 12429 12430 12431 12432 12433 12434 12435 12436 12437 12438 12439 12440 12441 12442 12443 12444 12445 12446 12447 12448 12449 12450 12451 12452 12453 12454 
10942 11988 11987 11986 11985 11984 11983 11982 11981 11980 11979 11978 11977 11976 11975 11974 11973 11972 11971 11970 11969 11968 11967 11966 11965 11964 11963 11962 11961 11960 11959 11958 11957 11956 11955 11954 11953 11952 11951 11950 11949 11948 11947 11946 11945 11944 11943 11942 11941 11940 11939 11938 11937 11936 11935 11934 11933 11932 11931 11930 11929 11928 11927 11926 11925 11924 11923 11922 11921 11920 11919 11918 11917 11916 11915 11914 11913 11912 11911 11910 11909 11908 11907 11906 11904 11905 11989 11990 11991 11992 11993 11994 11995 11996 11903 11902 11901 11900 11899 11898 11897 11896 11895 11894 11893 11892 11891 11890 11889 11888 11887 11886 11885 11884 11883 11882 11881 11880 11879 11878 11877 11876 11875 11874 11873 11872 11871 11870 11869 11868 11867 11866 11865 11864 11863 11862 11861 11860 11859 11545 11544 11546 11547 11548 11549 11550 11551 11552 11553 11554 11555 11556 11557 11558 11559 11560 11561 11562 11563 11564 11565 11566 11567 11568 11569 11570 11571 11572 11573 11574 11575 11576 11577 11578 11579 11580 11581 11582 11583 11584 11585 11586 11587 11588 11589 
11378 11379 11380 11381 11382 11383 11384 11385 11386 11387 11388 11389 11390 11391 11392 11393 11394 11395 11396 11397 11398 11399 11400 11401 11402 11403 11404 11405 11406 11407 11408 11409 11410 11411 11412 11413 11414 11415 11416 11417 11418 11419 11420 11421 11422 11423 11424 11425 11426 11427 11428 11429 11430 11431 11432 11433 11434 11435 11436 11437 11438 11439 11440 11441 11442 11443 11444 11445 11446 11447 11448 11449 11450 11451 11452 11453 11454 11455 11456 11457 11458 11459 11460 11461 11462 11463 11464 11465 11466 11467 11468 11469 11470 11471 11472 11473 11474 11475 11476 11477 11478 11479 11480 11481 11482 11483 11484 11485 11486 11487 11488 11489 11490 11491 11492 11493 11494 11495 11496 11497 11498 11499 11500 11501 11502 11503 11504 11505 11506 11507 11508 11509 11510 11511 11512 11513 11514 11515 11516 11517 11518 11519 11520 11521 11522 11523 11524 11525 11526 11527 11528 11529 11530 11531 11532 11533 11534 11535 11536 11537 11538 11539 
11378 12226 12225 12224 12223 12222 12221 12220 12219 12218 12217 12216 12215 12214 12213 12212 12211 12210 12209 12208 12207 12206 12205 12204 12203 12202 12201 12200 12199 12198 12197 12196 12195 12194 12193 12192 12191 12190 12189 12188 12187 12186 12185 12184 12183 12182 12181 12180 12179 12178 12177 12176 12175 12174 12173 12172 12171 12170 12169 12168 12167 12166 12165 12164 12163 12162 12130 12129 12131 12132 12133 12134 12135 12136 12137 12138 12139 12140 12141 12142 12143 12144 12145 12146 12147 12148 12149 12150 12151 12152 12153 12154 12155 12156 12157 12158 12159 12160 12161 
11539 12128 12127 12126 12125 12124 12123 12122 12121 12120 12119 12118 12117 12116 12115 12114 12113 12112 12111 12110 12109 12108 12107 12106 12105 12104 12103 12102 12101 12100 12099 12098 12097 12096 12095 12094 12093 12092 12091 12090 12089 12088 12087 12086 12085 12084 12083 12082 12081 12080 12079 12078 12077 12076 12075 12074 12073 12072 12071 12070 12069 11998 11997 11999 12000 12001 12002 12003 12004 12005 12006 12007 12008 12009 12010 12011 12012 12013 12014 12015 12016 12017 12018 12019 12020 12021 12022 12023 12024 12025 12026 12027 12028 12029 12030 12031 12032 12033 12034 12035 12036 12037 12038 12039 12040 12041 12042 12043 12044 12045 12046 12047 12048 12049 12050 12051 12052 12053 12054 12055 12056 12057 12058 12059 12060 12061 12062 12063 12064 12065 12066 12067 12068 
11589 12541 12540 12539 12538 12537 12536 12535 12534 12533 12532 12531 12530 12529 12528 12527 12526 12525 12524 12523 12522 12521 12520 12519 12518 12517 12516 12515 12514 12513 12512 12511 12510 12509 12508 12507 12506 12505 12504 12503 12502 12501 12500 12499 12498 12497 12496 12495 12494 12493 12492 12491 12490 12489 12488 12487 12486 12485 12484 12483 12482 12481 12480 12479 12478 12477 12476 12475 12474 12473 12472 12471 12470 12469 12468 12467 12466 12465 12464 12463 12462 12461 12460 12459 12458 12457 12455 12456 12542 12543 12544 12545 12546 12547 12548 12549 12550 12551 12552 12553 12554 12555 12556 12557 12558 12559 12560 12561 12562 12563 12564 12565 12566 12567 12568 12569 12570 12571 12572 12573 12574 12575 12576 12577 12578 12579 12580 12581 12582 12583 12584 12585 12586 12587 12588 12589 12590 12591 12592 12593 12594 12595 12596 12597 12598 12599 12600 12601 12602 12603 12604 12605 12606 12607 12608 12609 12610 
