445 79
445 80
445 78
445 77
445 76
445 75
445 74
445 73
446 73
447 73
448 73
449 73
450 73
451 73
452 73
453 73
454 73
455 73
455 72
456 72
456 71
457 71
457 70
458 70
458 69
459 69
460 69
461 69
462 69
463 69
463 68
464 68
464 67
465 67
465 68
466 68
466 69
467 69
468 69
469 69
470 69
471 69
472 69
473 69
474 69
475 69
476 69
477 69
478 69
479 69
480 69
481 69
482 69
482 68
483 68
483 67
483 66
483 65
483 64
483 63
483 62
483 61
483 60
482 60
482 59
481 59
480 59
480 58
479 58
479 57
479 56
479 55
479 54
479 53
480 53
480 54
481 54
481 55
482 55
483 55
484 55
485 55
486 55
486 54
487 54
487 53
488 53
489 53
490 53
491 53
492 53
493 53
493 54
494 54
495 54
496 54
497 54
497 53
498 53
498 52
499 52
499 53
500 53
500 54
500 55
501 55
502 55
503 55
504 55
505 55
506 55
507 55
507 54
508 54
508 53
509 53
509 52
510 52
510 51
510 50
510 49
511 49
511 48
510 48
509 48
508 48
508 47
507 47
507 46
506 46
506 45
506 44
506 43
506 42
506 41
506 40
506 39
505 39
505 38
504 38
504 37
503 37
503 36
502 36
502 35
501 35
500 35
499 35
498 35
497 35
496 35
495 35
494 35
493 35
492 35
492 34
491 34
491 35
491 36
491 37
491 38
490 38
489 38
488 38
487 38
486 38
485 38
484 38
483 38
482 38
482 37
481 37
481 36
480 36
480 35
479 35
479 34
479 33
478 33
478 32
477 32
477 31
445 81
445 82
445 83
444 83
444 84
444 85
443 85
443 86
442 86
429 57
429 56
430 57
430 58
431 58
431 59
432 59
432 60
432 61
433 61
434 61
435 61
436 61
437 61
438 61
438 62
439 62
439 63
439 64
439 65
439 66
440 66
441 66
442 66
443 66
444 66
445 66
446 66
447 66
447 65
448 65
449 65
450 65
451 65
451 66
452 66
452 67
453 67
453 68
454 68
454 69
455 69
455 70
456 70
428 56
427 56
427 55
426 55
426 54
425 54
425 53
424 53
424 52
423 52
423 51
422 51
422 52
421 52
420 52
419 52
418 52
418 53
417 53
417 54
416 54
416 55
416 56
416 57
416 58
416 59
417 59
417 60
418 60
419 60
419 61
412 176
413 176
411 176
410 176
410 175
409 175
409 174
408 174
408 173
407 173
414 176
415 176
416 176
416 177
416 178
417 178
417 179
417 180
417 181
418 181
418 182
418 183
418 184
419 184
419 185
420 185
421 185
422 185
422 186
423 186
423 187
424 187
425 187
425 188
426 188
427 188
427 189
428 189
429 189
430 189
431 189
432 189
432 188
433 188
434 188
434 187
435 187
435 186
436 186
436 185
437 185
437 184
437 183
437 182
437 181
438 181
438 180
439 180
439 179
440 179
441 179
442 179
443 179
444 179
444 178
444 177
445 177
445 176
446 176
446 175
446 174
446 173
447 173
447 172
446 172
446 171
445 171
445 170
444 170
443 170
442 170
441 170
441 169
440 169
440 168
440 167
439 167
439 166
439 165
440 165
440 164
441 164
441 163
441 162
441 161
441 160
441 159
441 158
440 158
440 157
440 156
440 155
440 154
440 153
440 152
440 151
441 151
442 151
443 151
444 151
445 151
446 151
447 151
447 150
448 150
449 150
450 150
450 149
451 149
452 149
452 148
452 147
453 147
453 148
454 148
454 149
454 150
454 151
454 152
454 153
454 154
454 155
454 156
439 94
439 95
439 93
439 92
439 91
439 90
440 90
440 89
440 88
441 88
441 87
442 87
439 96
439 97
439 98
439 99
439 100
438 100
438 101
439 101
439 102
439 103
440 103
440 104
440 105
441 105
441 106
441 107
442 107
442 108
443 108
443 109
444 109
444 110
445 110
445 111
446 111
446 112
446 113
447 113
447 114
448 114
448 115
449 115
450 115
451 115
452 115
453 115
454 115
455 115
456 115
457 115
457 114
458 114
459 114
460 114
461 114
462 114
462 115
463 115
463 116
463 117
463 118
463 119
463 120
463 121
463 122
463 123
462 123
462 124
461 124
461 125
460 125
460 126
460 127
460 128
460 129
459 129
459 130
459 131
459 132
459 133
458 133
458 134
457 134
457 135
456 135
456 136
455 136
455 137
454 137
454 138
454 139
453 139
453 140
453 141
452 141
452 142
452 143
452 144
452 145
452 146
453 146
410 45
411 45
409 45
408 45
407 45
406 45
405 45
404 45
403 45
402 45
401 45
400 45
400 44
399 44
398 44
398 43
397 43
396 43
396 42
395 42
394 42
394 41
393 41
392 41
391 41
390 41
389 41
389 42
389 43
389 44
389 45
388 45
388 44
387 44
387 43
387 42
387 41
387 40
386 40
385 40
385 39
386 39
387 39
387 38
388 38
388 37
388 36
388 35
388 34
388 33
388 32
389 32
389 31
390 31
391 31
392 31
393 31
393 30
394 30
394 29
394 28
395 28
395 27
396 27
396 26
397 26
398 26
399 26
400 26
401 26
402 26
403 26
403 25
404 25
404 24
405 24
405 23
405 22
405 21
406 21
406 20
407 20
407 19
408 19
408 20
409 20
410 20
410 21
411 21
412 21
412 22
413 22
412 45
413 45
414 45
415 45
416 45
417 45
418 45
419 45
419 46
419 47
419 48
420 48
420 49
420 50
421 50
422 50
412 207
413 207
412 206
412 205
412 204
411 204
411 203
411 202
411 201
411 200
411 199
411 198
410 198
410 197
410 196
409 196
409 195
409 194
408 194
408 193
407 193
407 192
406 192
406 191
406 190
406 189
406 188
406 187
406 186
406 185
406 184
406 183
406 182
406 181
406 180
406 179
406 178
406 177
406 176
406 175
406 174
407 174
413 208
413 209
414 209
414 210
415 210
416 210
417 210
418 210
419 210
419 211
420 211
457 473
458 473
456 473
456 474
455 474
454 474
453 474
452 474
451 474
451 475
450 475
450 476
449 476
449 477
448 477
448 478
447 478
458 472
459 472
459 471
459 470
459 469
459 468
460 468
460 467
461 467
462 467
462 466
463 466
464 466
465 466
466 466
467 466
468 466
469 466
469 465
470 465
470 464
470 463
471 463
472 220
472 221
472 219
473 219
473 218
473 217
473 216
473 215
473 214
473 213
473 212
472 212
471 221
471 222
470 222
469 222
469 223
469 224
470 224
470 225
470 226
470 227
470 228
471 228
471 229
472 229
473 229
473 230
474 230
474 231
474 232
474 233
474 234
474 235
474 236
475 236
475 237
474 237
473 237
472 237
472 238
471 238
471 239
470 239
470 240
470 241
470 242
470 243
470 244
470 245
470 246
470 247
470 248
471 248
472 248
473 248
474 248
475 248
476 248
477 248
477 249
478 249
479 249
480 249
480 248
481 248
482 248
482 247
483 247
484 247
484 246
485 246
485 245
486 245
487 245
488 245
489 245
489 244
490 244
346 8
346 7
346 9
346 10
345 10
345 11
344 11
344 12
343 12
343 13
342 13
342 14
341 14
340 14
340 15
339 15
338 15
338 16
338 17
338 18
339 18
339 19
340 19
340 20
340 21
341 21
341 22
341 23
341 24
341 25
341 26
341 27
340 27
340 28
340 29
340 30
340 31
340 32
339 32
338 32
337 32
336 32
335 32
335 33
334 33
334 34
333 34
332 34
332 35
332 36
331 36
331 37
330 37
330 38
329 38
328 38
327 38
326 38
325 38
324 38
323 38
322 38
322 37
322 36
321 36
321 35
320 35
320 34
319 34
319 33
319 32
319 31
319 30
319 29
319 28
319 27
320 27
320 26
320 25
320 24
320 23
321 23
321 22
322 22
322 21
322 20
321 20
320 20
320 19
319 19
318 19
318 18
318 17
317 17
317 16
317 15
317 14
317 13
317 12
317 11
317 10
317 9
346 6
346 5
346 4
346 3
347 3
347 2
348 2
349 2
349 1
350 1
351 1
351 0
352 0
352 1
353 1
353 2
353 3
353 4
353 5
353 6
354 6
355 6
355 7
356 7
356 8
357 8
358 8
48 399
49 399
47 399
46 399
45 399
44 399
43 399
43 400
42 400
50 399
51 399
51 398
52 398
52 397
53 397
53 396
54 396
54 395
54 394
54 393
54 392
54 391
54 390
53 390
53 389
52 389
51 389
51 388
50 388
50 387
49 387
382 7
383 7
382 6
381 6
381 5
381 4
381 3
381 2
381 1
381 0
380 0
379 0
379 1
378 1
377 1
377 2
376 2
376 3
375 3
374 3
373 3
372 3
372 2
371 2
370 2
369 2
368 2
367 2
366 2
366 3
365 3
365 2
364 2
363 2
363 1
362 1
362 0
361 0
360 0
360 1
360 2
360 3
360 4
360 5
360 6
360 7
359 7
359 8
383 8
383 9
383 10
383 11
383 12
384 12
384 13
385 13
386 13
387 13
388 13
388 14
389 14
389 15
389 16
390 16
390 17
390 18
391 18
391 19
391 20
392 20
392 21
392 22
392 23
392 24
393 24
394 24
394 25
395 25
396 25
397 25
452 27
453 27
451 27
450 27
449 27
448 27
447 27
446 27
446 26
445 26
445 25
444 25
444 24
444 23
443 23
443 22
442 22
442 21
441 21
441 20
440 20
440 19
439 19
439 18
439 17
439 16
439 15
438 15
437 15
437 14
436 14
435 14
435 13
434 13
433 13
433 12
433 11
433 10
433 9
433 8
433 7
433 6
432 6
432 5
431 5
431 4
431 3
430 3
429 3
428 3
427 3
426 3
425 3
424 3
424 4
424 5
423 5
423 6
423 7
422 7
422 8
421 8
421 9
420 9
420 10
420 11
420 12
420 13
420 14
420 15
420 16
421 16
421 17
421 18
420 18
420 19
420 20
419 20
419 21
418 21
417 21
416 21
415 21
414 21
414 22
453 28
454 28
455 28
456 28
456 29
457 29
458 29
458 30
459 30
459 31
460 31
460 32
461 32
461 33
461 34
461 35
461 36
461 37
461 38
461 39
461 40
461 41
462 41
463 41
464 41
465 41
466 41
467 41
468 41
469 41
470 41
471 41
472 41
473 41
474 41
474 40
475 40
475 39
475 38
475 37
475 36
476 36
476 35
476 34
476 33
477 33
338 65
337 65
339 65
339 64
340 64
341 64
342 64
343 64
343 63
344 63
345 63
346 63
347 63
348 63
348 62
349 62
350 62
351 62
352 62
353 62
354 62
355 62
356 62
357 62
357 63
358 63
359 63
359 64
360 64
360 65
361 65
362 65
362 66
363 66
363 67
364 67
364 68
365 68
365 69
366 69
366 70
366 71
366 72
366 73
367 73
367 74
367 75
368 75
368 76
369 76
369 77
369 78
370 78
370 79
371 79
371 80
371 81
372 81
372 82
373 82
373 83
373 84
374 84
375 84
376 84
376 85
377 85
378 85
378 86
379 86
380 86
381 86
382 86
383 86
384 86
385 86
385 87
386 87
387 87
388 87
388 88
389 88
390 88
391 88
392 88
393 88
394 88
395 88
396 88
396 87
397 87
397 86
398 86
398 85
399 85
400 85
400 86
401 86
402 86
403 86
404 86
405 86
406 86
406 87
406 88
407 88
407 89
408 89
409 89
410 89
411 89
412 89
413 89
413 88
413 87
414 87
415 87
416 87
416 88
417 88
417 89
418 89
419 89
419 90
420 90
421 90
422 90
423 90
423 89
423 88
423 87
423 86
423 85
423 84
423 83
423 82
423 81
423 80
424 80
425 80
425 79
426 79
426 78
425 78
424 78
424 77
423 77
423 76
423 75
423 74
424 74
424 73
425 73
425 72
425 71
426 71
426 70
427 70
428 70
428 69
429 69
430 69
430 68
431 68
431 67
432 67
432 66
433 66
434 66
435 66
436 66
437 66
437 65
437 64
437 63
437 62
336 65
335 65
334 65
334 64
334 63
334 62
334 61
334 60
333 60
333 59
332 59
332 58
506 162
507 162
506 163
506 164
506 165
506 166
506 167
506 168
506 169
505 169
505 170
505 171
504 171
504 172
503 172
503 173
502 173
502 174
501 174
500 174
500 175
500 176
499 176
499 177
499 178
499 179
499 180
500 180
500 181
500 182
501 182
501 183
502 183
502 184
503 184
503 185
504 185
504 186
505 186
505 187
506 187
506 188
507 188
508 188
509 188
509 189
510 189
510 190
511 190
511 191
511 192
511 193
511 194
511 195
511 196
511 197
511 198
511 199
511 200
510 200
509 200
509 201
508 201
507 201
507 202
506 202
505 202
505 203
505 204
505 205
505 206
505 207
505 208
506 208
506 209
507 209
507 210
507 211
507 212
507 213
507 214
508 214
509 214
510 214
511 214
511 215
510 215
509 215
508 215
507 215
506 215
505 215
504 215
503 215
503 214
502 214
502 213
501 213
501 212
500 212
499 212
498 212
497 212
496 212
496 213
495 213
495 214
494 214
494 215
494 216
494 217
494 218
493 218
493 219
492 219
492 220
491 220
490 220
490 221
489 221
488 221
487 221
487 222
486 222
486 223
486 224
486 225
486 226
486 227
486 228
485 228
484 228
483 228
482 228
481 228
480 228
479 228
478 228
477 228
476 228
475 228
475 229
474 229
507 161
507 160
507 159
507 158
507 157
508 157
509 157
510 157
511 157
511 156
511 155
511 154
511 153
511 152
511 151
511 150
511 149
511 148
511 147
511 146
511 145
510 145
509 145
509 144
508 144
508 143
508 142
508 141
508 140
508 139
508 138
508 137
507 137
506 137
505 137
504 137
503 137
502 137
501 137
500 137
499 137
498 137
497 137
496 137
495 137
494 137
494 136
493 136
492 136
491 136
491 135
491 134
491 133
491 132
491 131
491 130
490 130
490 129
490 128
490 127
491 127
491 126
492 126
492 125
493 125
493 124
494 124
494 123
493 123
493 122
492 122
492 121
492 120
491 120
491 119
490 119
490 118
489 118
489 117
488 117
488 116
487 116
487 115
486 115
485 115
484 115
483 115
483 114
482 114
482 113
481 113
481 112
481 111
480 111
480 110
480 109
480 108
480 107
479 107
479 108
479 109
479 110
478 110
478 111
477 111
476 111
476 112
475 112
474 112
474 113
473 113
473 114
472 114
472 115
471 115
471 116
471 117
470 117
470 118
470 119
470 120
470 121
470 122
470 123
469 123
469 122
468 122
468 121
467 121
466 121
466 120
465 120
465 119
464 119
464 118
464 117
52 228
52 229
52 227
52 226
52 225
52 224
52 223
52 222
53 222
53 221
53 220
53 219
53 218
53 217
53 216
53 215
53 214
54 214
54 213
54 212
55 212
55 211
56 211
56 210
57 210
57 209
58 209
58 208
51 229
51 230
50 230
50 231
49 231
49 232
48 232
48 231
47 231
46 231
46 230
45 230
45 229
44 229
44 228
43 228
42 228
41 228
40 228
39 228
38 228
277 48
277 47
277 49
276 49
275 49
274 49
273 49
273 50
272 50
272 51
271 51
271 52
270 52
270 53
269 53
268 53
267 53
266 53
265 53
265 52
264 52
264 51
263 51
263 50
262 50
262 49
261 49
261 50
260 50
259 50
258 50
257 50
256 50
255 50
254 50
253 50
253 49
252 49
252 48
251 48
250 48
250 47
249 47
249 46
248 46
248 45
247 45
247 44
247 43
246 43
246 42
245 42
245 41
277 46
277 45
277 44
277 43
277 42
277 41
277 40
277 39
277 38
278 38
279 38
280 38
281 38
282 38
283 38
284 38
285 38
286 38
286 37
287 37
287 36
288 36
288 35
288 34
288 33
288 32
288 31
289 31
290 31
291 31
292 31
293 31
294 31
295 31
296 31
297 31
297 30
298 30
298 29
298 28
299 28
299 27
300 27
300 26
300 25
300 24
300 23
300 22
300 21
300 20
300 19
301 19
301 18
302 18
302 17
302 16
302 15
302 14
302 13
302 12
302 11
303 11
303 10
304 10
304 9
304 8
305 8
305 7
306 7
307 7
308 7
309 7
310 7
311 7
312 7
313 7
314 7
315 7
315 8
316 8
316 9
66 390
66 389
65 390
65 391
64 391
63 391
63 392
62 392
61 392
61 393
60 393
60 394
59 394
58 394
57 394
56 394
55 394
67 389
67 388
68 388
68 387
69 387
69 386
69 385
70 385
70 384
70 383
70 382
70 381
70 380
70 379
69 379
69 378
68 378
68 377
67 377
67 376
66 376
66 375
65 375
64 375
63 375
62 375
61 375
60 375
59 375
58 375
57 375
57 376
57 377
56 377
56 378
56 379
56 380
55 380
55 381
54 381
54 382
53 382
53 383
52 383
52 384
52 385
51 385
51 386
50 386
50 204
51 204
50 203
50 202
50 201
50 200
50 199
49 199
48 199
47 199
46 199
45 199
44 199
43 199
43 198
42 198
41 198
41 197
51 205
52 205
53 205
54 205
55 205
55 206
56 206
57 206
57 207
57 208
335 53
335 54
335 52
335 51
335 50
335 49
334 49
334 48
333 48
332 48
332 47
331 47
331 46
330 46
329 46
328 46
327 46
327 45
326 45
326 44
326 43
326 42
326 41
326 40
327 40
327 39
328 39
329 39
335 55
335 56
334 56
333 56
333 57
332 57
117 238
117 237
117 239
118 239
119 239
119 240
120 240
121 240
121 241
122 241
123 241
124 241
125 241
126 241
127 241
128 241
128 240
129 240
130 240
130 239
131 239
131 238
132 238
132 237
132 236
132 235
132 234
132 233
132 232
131 232
131 231
131 230
130 230
130 229
129 229
129 228
128 228
127 228
127 227
126 227
126 226
125 226
125 225
124 225
123 225
122 225
121 225
120 225
119 225
118 225
117 225
117 224
116 224
115 224
114 224
113 224
112 224
111 224
110 224
110 225
109 225
108 225
108 224
107 224
106 224
106 223
105 223
105 222
104 222
104 221
103 221
102 221
101 221
100 221
99 221
99 220
98 220
97 220
97 219
97 218
97 217
97 216
97 215
97 214
97 213
97 212
98 212
98 211
98 210
99 210
99 209
99 208
99 207
99 206
99 205
98 205
98 204
98 203
97 203
97 202
97 201
97 200
96 200
96 199
96 198
95 198
95 197
94 197
93 197
93 196
92 196
91 196
91 195
90 195
90 194
89 194
89 193
88 193
88 192
88 191
88 190
88 189
87 189
87 188
87 187
87 186
87 185
87 184
87 183
87 182
86 182
86 181
85 181
85 180
85 179
117 236
117 235
117 234
116 234
116 233
116 232
115 232
114 232
114 231
113 231
112 231
112 230
112 229
111 229
111 228
111 227
110 227
110 226
109 226
247 397
247 396
247 398
247 399
247 400
248 400
248 401
249 401
249 402
249 403
249 404
250 404
250 405
250 406
251 406
251 407
252 407
247 395
247 394
247 393
247 392
246 392
245 392
245 391
245 390
245 389
245 388
245 387
245 386
245 385
245 384
245 383
246 383
246 382
247 382
247 381
247 380
248 380
248 379
275 67
276 67
275 66
275 65
274 65
274 64
273 64
273 63
272 63
271 63
271 62
270 62
269 62
268 62
267 62
266 62
266 61
266 60
266 59
266 58
266 57
266 56
266 55
266 54
276 68
276 69
276 70
276 71
276 72
276 73
276 74
275 74
275 75
275 76
275 77
276 77
276 78
277 78
278 78
278 79
279 79
280 79
280 78
281 78
281 77
282 77
282 76
283 76
284 76
284 75
285 75
286 75
286 74
286 73
287 73
287 72
288 72
289 72
290 72
291 72
292 72
293 72
294 72
294 71
295 71
296 71
296 70
297 70
298 70
298 69
299 69
299 68
300 68
301 68
302 68
303 68
303 69
303 70
304 70
304 71
305 71
306 71
306 72
307 72
308 72
309 72
309 73
310 73
311 73
311 74
312 74
313 74
313 73
314 73
315 73
316 73
317 73
317 72
318 72
319 72
319 73
320 73
321 73
321 74
321 75
321 76
321 77
322 77
322 78
323 78
323 79
324 79
325 79
326 79
327 79
327 78
328 78
328 77
329 77
329 76
329 75
329 74
329 73
329 72
329 71
329 70
330 70
331 70
331 69
332 69
333 69
333 68
334 68
334 67
334 66
165 356
165 355
165 357
165 358
164 358
164 359
164 360
163 360
162 360
162 361
161 361
160 361
159 361
158 361
157 361
156 361
165 354
165 353
165 352
165 351
165 350
164 350
164 349
164 348
165 348
165 347
166 347
167 347
168 347
169 347
170 347
171 347
172 347
173 347
174 347
175 347
176 347
176 348
177 348
178 348
178 349
89 255
89 256
90 255
91 255
92 255
92 254
93 254
93 253
94 253
94 252
88 256
87 256
87 257
87 258
87 259
87 260
88 260
88 261
89 261
89 262
90 262
90 263
90 264
90 265
90 266
91 266
91 267
92 267
92 268
93 268
93 269
94 269
94 270
95 270
85 272
85 271
85 273
85 274
85 275
85 276
85 277
85 278
84 278
84 279
83 279
82 279
81 279
80 279
79 279
78 279
78 280
77 280
77 281
76 281
76 282
76 283
75 283
75 284
75 285
75 286
74 286
74 287
74 288
73 288
73 289
85 270
85 269
86 269
87 269
88 269
89 269
90 269
91 269
92 269
372 425
373 425
371 425
370 425
370 424
369 424
369 423
369 422
368 422
368 421
367 421
366 421
366 420
366 419
366 418
365 418
365 417
365 416
364 416
364 415
364 414
364 413
364 412
365 412
365 411
365 410
366 410
366 409
367 409
367 408
368 408
369 408
369 407
370 407
370 406
371 406
372 406
372 405
374 425
374 424
375 424
376 424
376 423
376 422
377 422
377 421
378 421
378 420
379 420
454 277
454 276
455 277
455 278
455 279
456 279
456 280
457 280
457 281
457 282
458 282
458 283
459 283
459 284
460 284
460 285
460 286
460 287
460 288
460 289
461 289
461 290
461 291
462 291
462 292
462 293
462 294
462 295
462 296
462 297
462 298
462 299
462 300
463 300
463 301
464 301
464 302
465 302
465 303
466 303
467 303
467 304
468 304
468 305
469 305
454 275
454 274
454 273
454 272
454 271
454 270
454 269
454 268
454 267
454 266
454 265
455 265
456 265
457 265
458 265
458 264
459 264
459 263
459 262
459 261
459 260
459 259
459 258
459 257
459 256
459 255
459 254
459 253
460 253
460 252
461 252
462 252
463 252
463 253
464 253
465 253
465 254
466 254
467 254
468 254
468 253
468 252
468 251
469 251
469 250
469 249
470 249
236 89
237 89
235 89
234 89
233 89
232 89
232 90
231 90
231 91
230 91
230 92
237 88
238 88
238 87
239 87
239 86
239 85
239 84
240 84
240 83
240 82
240 81
240 80
241 80
241 79
242 79
242 78
242 77
243 77
243 76
244 76
244 75
245 75
246 75
246 74
247 74
247 73
247 72
248 72
248 71
249 71
249 70
249 69
250 69
250 68
250 67
251 67
251 66
252 66
252 65
253 65
253 64
253 63
253 62
253 61
253 60
253 59
253 58
253 57
253 56
253 55
253 54
253 53
253 52
253 51
45 445
45 446
45 444
44 444
44 443
44 442
44 441
44 440
44 439
44 438
43 438
43 437
42 437
46 446
46 447
47 447
47 448
48 448
48 449
49 449
49 450
50 450
51 450
51 451
52 451
52 452
53 452
114 314
113 314
115 314
116 314
116 313
117 313
117 312
118 312
119 312
120 312
121 312
121 313
122 313
122 314
123 314
123 315
124 315
124 316
125 316
125 317
126 317
127 317
128 317
129 317
130 317
131 317
132 317
133 317
133 316
133 315
133 314
133 313
133 312
133 311
133 310
134 310
134 309
135 309
135 308
136 308
136 307
137 307
137 306
138 306
139 306
139 305
140 305
141 305
141 304
142 304
142 303
143 303
143 302
143 301
143 300
143 299
143 298
143 297
143 296
144 296
144 295
144 294
145 294
146 294
147 294
148 294
148 293
149 293
149 292
150 292
150 291
151 291
151 290
152 290
152 289
153 289
153 288
154 288
154 287
155 287
155 286
156 286
156 285
156 284
156 283
156 282
156 281
156 280
156 279
156 278
155 278
155 277
154 277
154 276
153 276
153 275
153 274
153 273
153 272
152 272
151 272
150 272
149 272
148 272
147 272
147 271
146 271
146 270
146 269
145 269
145 268
144 268
144 267
143 267
142 267
141 267
141 266
140 266
140 265
139 265
139 264
112 314
111 314
110 314
109 314
109 313
108 313
108 312
107 312
106 312
106 311
105 311
104 311
104 310
103 310
103 311
102 311
102 312
102 313
102 314
102 315
102 316
102 317
101 317
101 318
100 318
100 319
99 319
98 319
98 318
97 318
96 318
95 318
94 318
93 318
92 318
92 317
91 317
90 317
90 316
89 316
89 315
88 315
88 314
87 314
87 313
86 313
86 312
85 312
85 311
85 310
85 309
84 309
83 309
82 309
81 309
80 309
80 308
79 308
78 308
78 307
78 306
78 305
78 304
78 303
78 302
78 301
78 300
77 300
77 299
76 299
76 298
75 298
75 297
75 296
75 295
75 294
75 293
75 292
75 291
74 291
74 290
74 289
458 495
458 494
458 496
457 496
456 496
455 496
454 496
453 496
452 496
451 496
450 496
449 496
449 495
448 495
447 495
446 495
445 495
445 494
444 494
444 493
444 492
443 492
443 491
442 491
442 490
441 490
440 490
439 490
438 490
437 490
436 490
435 490
435 491
434 491
434 492
433 492
433 493
432 493
432 494
431 494
431 495
430 495
430 496
429 496
429 497
428 497
428 498
427 498
459 494
459 493
459 492
460 492
460 491
461 491
461 490
462 490
462 489
463 489
463 488
463 487
463 486
462 486
462 485
462 484
462 483
462 482
462 481
462 480
462 479
462 478
462 477
462 476
462 475
463 475
463 474
463 473
463 472
463 471
463 470
463 469
463 468
463 467
144 252
143 252
145 252
146 252
147 252
148 252
149 252
149 253
149 254
149 255
149 256
149 257
149 258
149 259
149 260
148 260
148 261
147 261
146 261
146 262
145 262
144 262
144 263
143 263
142 263
141 263
140 263
139 263
142 252
142 251
141 251
141 250
140 250
139 250
139 249
138 249
137 249
136 249
136 248
135 248
135 247
134 247
134 246
133 246
133 245
133 244
133 243
133 242
132 242
131 242
131 241
130 241
129 241
251 316
250 316
252 316
253 316
253 315
254 315
254 314
255 314
255 313
256 313
256 312
257 312
257 313
258 313
259 313
260 313
261 313
261 314
262 314
249 316
248 316
247 316
246 316
245 316
244 316
244 315
243 315
243 314
243 313
243 312
243 311
243 310
243 309
243 308
242 308
242 307
242 306
241 306
241 305
240 305
257 389
257 390
257 388
257 387
257 386
257 385
257 384
257 383
257 382
258 382
259 382
259 381
258 381
257 381
256 381
255 381
254 381
253 381
252 381
251 381
250 381
249 381
249 380
257 391
257 392
258 392
258 393
259 393
260 393
260 394
261 394
262 394
263 394
263 395
264 395
264 396
265 396
265 397
266 397
266 398
265 398
265 399
265 400
265 401
265 402
265 403
265 404
264 404
264 405
264 406
264 407
264 408
264 409
264 410
264 411
264 412
264 413
264 414
264 415
264 416
264 417
263 417
263 416
262 416
262 415
261 415
260 415
259 415
259 414
258 414
257 414
257 413
256 413
256 412
256 411
256 410
256 409
255 409
254 409
254 408
253 408
253 407
417 232
417 233
417 231
417 230
417 229
417 228
418 228
418 227
419 227
420 227
420 226
421 226
421 225
421 224
422 224
422 223
423 223
423 222
422 222
421 222
421 221
420 221
419 221
418 221
417 221
416 221
416 220
415 220
415 219
414 219
414 218
413 218
413 217
413 216
413 215
413 214
413 213
414 213
414 212
415 212
416 212
417 212
418 212
419 212
417 234
417 235
417 236
417 237
416 237
416 238
415 238
415 239
415 240
414 240
414 241
413 241
413 242
412 242
412 243
411 243
410 243
410 244
410 245
410 246
410 247
410 248
411 248
412 248
412 249
412 250
412 251
412 252
412 253
412 254
412 255
412 256
412 257
411 257
411 258
412 258
412 259
413 259
414 259
415 259
416 259
417 259
418 259
419 259
420 259
421 259
422 259
423 259
424 259
424 258
424 257
424 256
425 256
425 255
425 254
425 253
426 253
426 252
426 251
426 250
426 249
427 249
427 248
427 247
428 247
428 246
429 246
429 245
430 245
430 244
430 243
431 243
431 242
431 241
431 240
431 239
431 238
431 237
431 236
431 235
432 235
432 234
433 234
434 234
434 233
435 233
436 233
437 233
438 233
439 233
440 233
441 233
441 232
442 232
443 232
444 232
445 232
445 231
446 231
447 231
447 230
448 230
448 229
449 229
449 228
450 228
450 227
450 226
450 225
451 225
451 224
452 224
452 223
452 222
453 222
454 222
455 222
456 222
457 222
458 222
459 222
460 222
461 222
462 222
463 222
464 222
465 222
466 222
467 222
468 222
468 223
494 496
494 495
495 496
496 496
497 496
498 496
499 496
500 496
501 496
501 497
500 497
499 497
499 498
499 499
499 500
499 501
499 502
499 503
499 504
500 504
500 505
501 505
502 505
503 505
503 506
504 506
505 506
505 507
506 507
493 495
492 495
491 495
491 494
490 494
490 493
490 492
490 491
489 491
489 490
489 489
488 489
487 489
486 489
485 489
484 489
483 489
482 489
482 490
481 490
481 491
480 491
479 491
478 491
477 491
476 491
475 491
474 491
473 491
472 491
472 490
471 490
471 489
470 489
469 489
468 489
467 489
466 489
465 489
464 489
464 488
143 215
142 215
143 214
144 214
144 213
145 213
145 212
146 212
146 211
141 215
140 215
139 215
138 215
137 215
137 216
136 216
136 217
136 218
136 219
136 220
136 221
136 222
136 223
135 223
135 224
135 225
134 225
134 226
134 227
134 228
134 229
133 229
133 230
132 230
132 231
50 432
51 432
50 433
49 433
49 434
48 434
47 434
46 434
46 435
45 435
44 435
44 436
43 436
51 431
51 430
52 430
52 429
52 428
53 428
54 428
54 427
54 426
54 425
54 424
54 423
54 422
54 421
54 420
54 419
53 419
52 419
51 419
50 419
49 419
48 419
47 419
47 420
46 420
46 421
46 422
45 422
45 421
45 420
45 419
45 418
45 417
45 416
44 416
44 415
44 414
44 413
44 412
44 411
44 410
44 409
44 408
44 407
44 406
44 405
44 404
44 403
43 403
43 402
43 401
42 401
173 274
173 275
172 274
171 274
171 275
170 275
169 275
169 276
169 277
168 277
168 278
168 279
167 279
166 279
165 279
164 279
163 279
162 279
161 279
160 279
159 279
158 279
157 279
174 275
175 275
176 275
176 276
176 277
177 277
177 278
177 279
178 279
178 280
179 280
180 280
181 280
182 280
182 281
182 282
182 283
182 284
182 285
182 286
182 287
182 288
183 288
183 289
184 289
185 289
185 290
186 290
187 290
187 291
188 291
189 291
190 291
191 291
192 291
193 291
194 291
194 292
194 293
194 294
195 294
195 295
196 295
196 296
197 296
197 297
198 297
198 298
199 298
200 298
201 298
202 298
202 299
202 300
203 300
203 301
204 301
204 302
204 303
205 303
205 304
206 304
206 305
206 306
207 306
165 253
165 252
165 254
165 255
165 256
165 257
165 258
166 258
166 259
166 260
166 261
166 262
165 262
165 263
165 264
164 264
164 265
164 266
163 266
163 267
162 267
161 267
161 268
160 268
160 269
159 269
159 270
158 270
158 271
157 271
157 272
156 272
156 273
156 274
156 275
155 275
155 276
165 251
165 250
165 249
165 248
164 248
164 247
164 246
164 245
164 244
164 243
164 242
165 242
165 241
165 240
165 239
165 238
165 237
166 237
166 236
167 236
168 236
169 236
170 236
171 236
172 236
172 235
173 235
173 234
173 233
173 232
173 231
173 230
173 229
173 228
173 227
174 227
175 227
176 227
177 227
178 227
178 226
179 226
180 226
180 225
181 225
181 224
182 224
183 224
184 224
185 224
186 224
187 224
188 224
189 224
189 225
67 289
66 289
68 289
69 289
70 289
71 289
72 289
65 289
64 289
63 289
63 290
62 290
62 291
61 291
61 292
155 344
155 345
154 344
153 344
153 343
152 343
151 343
151 342
150 342
150 341
150 340
149 340
149 339
149 338
148 338
148 337
148 336
147 336
147 335
146 335
146 334
146 333
145 333
145 334
144 334
144 335
143 335
142 335
141 335
140 335
139 335
138 335
137 335
137 336
156 345
157 345
158 345
158 346
159 346
160 346
160 347
161 347
162 347
162 348
163 348
163 349
297 372
297 373
296 372
295 372
295 371
294 371
293 371
292 371
291 371
290 371
289 371
288 371
287 371
287 372
286 372
285 372
285 373
284 373
283 373
283 372
282 372
281 372
280 372
279 372
278 372
277 372
276 372
275 372
274 372
273 372
272 372
272 371
271 371
270 371
269 371
268 371
267 371
266 371
265 371
264 371
264 372
264 373
263 373
263 374
263 375
263 376
263 377
263 378
262 378
262 379
262 380
261 380
260 380
260 381
298 373
298 374
298 375
298 376
298 377
298 378
298 379
297 379
297 380
297 381
297 382
297 383
298 383
299 383
299 384
300 384
301 384
301 385
302 385
302 386
302 387
303 387
303 388
304 388
304 389
305 389
305 390
306 390
306 391
307 391
307 392
307 393
306 393
306 394
306 395
306 396
306 397
306 398
306 399
307 399
307 400
308 400
308 401
309 401
309 402
309 403
310 403
310 404
311 404
311 405
312 405
312 406
313 406
313 407
313 408
314 408
315 408
315 409
316 409
316 410
317 410
318 410
318 411
319 411
320 411
321 411
322 411
323 411
324 411
325 411
326 411
327 411
328 411
329 411
330 411
330 410
331 410
331 411
332 411
332 412
333 412
333 413
333 414
333 415
333 416
333 417
333 418
333 419
334 419
335 419
335 420
336 420
337 420
338 420
339 420
340 420
341 420
342 420
343 420
344 420
344 419
345 419
345 418
345 417
345 416
346 416
346 415
346 414
347 414
348 414
348 413
349 413
349 414
350 414
351 414
352 414
352 415
353 415
354 415
355 415
355 416
356 416
357 416
358 416
359 416
360 416
361 416
362 416
363 416
363 415
296 367
296 368
297 367
298 367
298 366
299 366
300 366
300 365
301 365
301 364
302 364
302 363
303 363
303 362
303 361
304 361
304 360
304 359
305 359
305 358
306 358
306 357
307 357
307 356
308 356
308 355
309 355
295 368
295 369
295 370
294 370
293 370
292 370
291 370
290 370
289 370
288 370
127 327
127 326
127 328
127 329
128 329
128 330
128 331
129 331
129 332
130 332
130 333
131 333
132 333
133 333
133 334
134 334
135 334
135 335
136 335
136 336
127 325
127 324
127 323
127 322
127 321
127 320
127 319
127 318
126 318
87 290
87 289
87 291
86 291
86 292
85 292
85 293
84 293
84 294
83 294
82 294
82 295
81 295
81 296
80 296
79 296
78 296
77 296
76 296
76 297
87 288
87 287
87 286
87 285
87 284
87 283
87 282
87 281
86 281
86 280
85 280
85 279
422 434
422 435
421 434
421 433
421 432
420 432
420 431
420 430
419 430
419 429
418 429
418 428
417 428
417 427
416 427
416 426
416 425
416 424
416 423
417 423
417 422
417 421
417 420
418 420
419 420
420 420
421 420
422 420
422 419
423 419
423 418
424 418
424 417
425 417
426 417
427 417
427 416
428 416
428 415
429 415
429 414
429 413
430 413
430 412
431 412
423 435
424 435
425 435
426 435
427 435
427 436
428 436
428 437
428 438
427 438
426 438
426 439
425 439
424 439
423 439
422 439
422 440
421 440
421 441
421 442
421 443
421 444
421 445
420 445
420 446
420 447
419 447
419 448
418 448
417 448
417 449
416 449
416 450
416 451
416 452
416 453
416 454
416 455
416 456
416 457
416 458
416 459
415 459
414 459
414 460
415 460
416 460
417 460
418 460
419 460
420 460
420 459
421 459
422 459
423 459
424 459
425 459
426 459
427 459
428 459
429 459
430 459
430 458
431 458
431 459
432 459
432 460
433 460
433 461
434 461
435 461
435 462
436 462
436 463
436 464
437 464
437 465
438 465
438 466
439 466
439 467
440 467
440 468
440 469
441 469
441 470
441 471
441 472
441 473
442 473
443 473
443 474
444 474
444 475
444 476
445 476
445 477
446 477
447 477
67 217
67 218
67 216
67 215
67 214
66 214
66 213
65 213
65 212
65 211
64 211
64 210
63 210
62 210
61 210
60 210
59 210
59 209
67 219
67 220
67 221
67 222
67 223
66 223
65 223
65 224
65 225
66 225
67 225
68 225
69 225
70 225
71 225
72 225
72 226
72 227
72 228
73 228
73 229
73 230
74 230
74 231
74 232
75 232
76 232
77 232
78 232
79 232
80 232
80 231
80 230
81 230
81 229
81 228
82 228
82 227
82 226
83 226
83 225
83 224
84 224
84 223
84 222
85 222
85 221
86 221
86 220
87 220
87 219
88 219
88 218
88 217
89 217
90 217
91 217
92 217
93 217
94 217
95 217
96 217
96 218
59 20
60 20
58 20
58 19
58 18
58 17
58 16
58 15
58 14
58 13
58 12
59 12
60 12
61 12
62 12
63 12
64 12
64 11
65 11
65 10
65 9
65 8
66 8
66 7
67 7
67 6
67 5
67 4
67 3
67 2
68 2
69 2
69 1
70 1
70 0
71 0
72 0
73 0
74 0
74 1
75 1
75 2
76 2
76 3
76 4
76 5
76 6
76 7
76 8
76 9
76 10
76 11
76 12
77 12
78 12
78 11
79 11
79 10
80 10
80 9
81 9
82 9
83 9
84 9
85 9
86 9
87 9
88 9
89 9
90 9
90 10
91 10
91 11
92 11
92 12
93 12
93 13
94 13
95 13
96 13
96 14
96 15
96 16
96 17
96 18
96 19
96 20
96 21
97 21
97 20
97 19
97 18
97 17
98 17
99 17
100 17
101 17
102 17
103 17
104 17
105 17
106 17
107 17
108 17
109 17
110 17
111 17
112 17
112 18
113 18
113 19
114 19
115 19
115 20
116 20
116 19
116 18
116 17
116 16
116 15
117 15
118 15
118 14
119 14
120 14
121 14
121 13
122 13
123 13
123 12
124 12
124 11
124 10
125 10
125 9
125 8
126 8
127 8
127 7
128 7
129 7
130 7
131 7
132 7
133 7
133 6
134 6
135 6
135 5
136 5
137 5
138 5
139 5
139 4
140 4
140 3
140 2
141 2
141 1
141 0
142 0
142 1
142 2
143 2
144 2
144 3
145 3
146 3
147 3
148 3
149 3
150 3
151 3
152 3
152 4
152 5
152 6
152 7
152 8
152 9
153 9
153 10
154 10
154 11
155 11
156 11
157 11
158 11
159 11
160 11
161 11
161 12
162 12
163 12
163 13
163 14
164 14
164 15
164 16
164 17
164 18
165 18
165 19
166 19
166 20
167 20
167 21
168 21
168 22
169 22
170 22
170 23
171 23
171 24
171 25
172 25
172 26
172 27
172 28
172 29
173 29
173 30
174 30
175 30
176 30
177 30
178 30
179 30
180 30
181 30
182 30
183 30
183 31
184 31
185 31
185 32
186 32
186 33
186 34
187 34
187 35
187 36
187 37
187 38
187 39
187 40
187 41
188 41
189 41
189 42
190 42
190 43
191 43
191 44
192 44
192 45
193 45
193 46
193 47
193 48
193 49
193 50
193 51
193 52
192 52
192 53
191 53
191 54
190 54
190 55
189 55
189 56
188 56
188 57
187 57
186 57
186 56
185 56
184 56
184 55
183 55
182 55
181 55
180 55
179 55
178 55
177 55
176 55
175 55
174 55
174 56
173 56
61 20
62 20
63 20
63 21
64 21
65 21
66 21
67 21
67 22
68 22
68 23
69 23
69 24
69 25
70 25
70 26
71 26
71 27
71 28
71 29
71 30
72 30
73 30
74 30
75 30
76 30
77 30
78 30
79 30
80 30
81 30
82 30
82 29
83 29
83 28
84 28
84 27
85 27
86 27
86 26
87 26
88 26
89 26
89 25
90 25
90 24
90 23
91 23
91 22
92 22
93 22
94 22
95 22
95 21
76 191
76 190
77 191
77 192
78 192
79 192
80 192
81 192
82 192
83 192
84 192
84 191
85 191
85 190
86 190
86 189
86 188
76 189
76 188
76 187
75 187
75 186
74 186
74 185
73 185
72 185
72 184
71 184
70 184
70 183
69 183
69 182
68 182
67 182
67 181
66 181
66 180
67 180
67 179
68 179
68 178
69 178
69 177
70 177
70 176
70 175
70 174
71 174
71 173
72 173
73 173
74 173
75 173
76 173
76 172
77 172
78 172
78 173
79 173
80 173
81 173
81 174
82 174
82 175
83 175
83 176
83 177
84 177
84 178
84 179
250 321
250 320
250 322
251 322
251 323
252 323
252 324
253 324
253 325
254 325
254 326
254 327
255 327
255 328
256 328
256 329
257 329
257 330
257 331
257 332
258 332
258 331
259 331
260 331
261 331
262 331
263 331
264 331
265 331
266 331
267 331
267 332
267 333
268 333
268 334
269 334
269 335
270 335
271 335
272 335
273 335
274 335
274 336
275 336
276 336
277 336
278 336
279 336
279 335
280 335
280 334
280 333
281 333
281 332
281 331
281 330
281 329
281 328
281 327
281 326
280 326
279 326
278 326
277 326
277 325
278 325
279 325
279 324
279 323
280 323
280 322
281 322
282 322
283 322
284 322
285 322
286 322
287 322
288 322
289 322
290 322
291 322
292 322
293 322
294 322
295 322
295 323
296 323
296 324
297 324
297 325
298 325
298 326
299 326
299 327
300 327
300 328
300 329
301 329
301 330
302 330
302 331
302 332
302 333
302 334
302 335
302 336
302 337
302 338
302 339
302 340
302 341
303 341
303 340
304 340
305 340
306 340
306 339
307 339
308 339
308 340
308 341
308 342
308 343
308 344
308 345
309 345
309 346
310 346
310 347
311 347
311 348
311 349
311 350
311 351
311 352
311 353
311 354
310 354
310 355
250 319
250 318
250 317
249 317
248 317
247 317
246 317
245 317
91 240
91 241
90 240
90 239
90 238
90 237
90 236
90 235
89 235
89 234
89 233
88 233
87 233
87 232
86 232
85 232
85 231
85 230
85 229
84 229
84 228
84 227
83 227
91 242
92 242
92 243
93 243
94 243
94 244
94 245
94 246
94 247
94 248
94 249
94 250
94 251
352 500
353 500
351 500
350 500
349 500
349 499
348 499
347 499
346 499
345 499
344 499
343 499
343 498
343 497
343 496
343 495
343 494
342 494
342 493
353 501
354 501
354 502
355 502
356 502
356 503
357 503
358 503
359 503
359 504
360 504
360 505
361 505
361 504
362 504
362 503
363 503
364 503
365 503
366 503
367 503
368 503
368 502
369 502
370 502
371 502
371 501
371 500
372 500
372 499
372 498
372 497
372 496
372 495
373 495
373 494
374 494
374 493
375 493
376 493
376 492
375 492
374 492
373 492
372 492
372 491
371 491
370 491
370 490
369 490
369 489
369 488
369 487
370 487
370 486
371 486
372 486
373 486
374 486
374 485
375 485
376 485
376 484
377 484
377 483
377 482
377 481
377 480
377 479
377 478
377 477
377 476
377 475
377 474
378 474
378 473
379 473
379 472
379 471
380 471
380 470
381 470
381 469
382 469
382 468
383 468
383 467
384 467
385 467
386 467
387 467
388 467
388 466
389 466
389 465
389 464
390 464
390 463
390 462
391 462
391 461
392 461
392 460
393 460
393 459
394 459
394 458
395 458
395 459
396 459
397 459
398 459
399 459
400 459
401 459
402 459
403 459
404 459
405 459
406 459
407 459
408 459
409 459
410 459
411 459
412 459
413 459
36 247
37 247
35 247
34 247
34 246
33 246
32 246
31 246
30 246
29 246
28 246
27 246
26 246
25 246
25 247
24 247
23 247
23 248
22 248
21 248
21 249
20 249
20 250
20 251
19 251
19 252
18 252
17 252
17 253
16 253
16 254
15 254
14 254
14 253
13 253
12 253
12 252
11 252
11 251
11 250
11 249
10 249
10 248
11 248
11 247
11 246
11 245
11 244
11 243
11 242
10 242
10 241
9 241
9 240
8 240
8 239
7 239
7 238
6 238
5 238
5 237
4 237
4 236
38 247
39 247
40 247
41 247
42 247
43 247
43 246
43 245
43 244
43 243
42 243
42 242
41 242
41 241
41 240
41 239
41 238
41 237
41 236
41 235
42 235
43 235
43 234
44 234
45 234
45 233
46 233
47 233
48 233
372 382
372 383
372 381
373 381
374 381
374 380
375 380
376 380
377 380
378 380
379 380
380 380
381 380
381 379
381 378
381 377
381 376
381 375
381 374
382 374
382 373
383 373
371 383
370 383
369 383
368 383
367 383
366 383
365 383
365 384
364 384
364 385
85 335
85 334
85 336
85 337
84 337
84 338
83 338
83 339
82 339
82 340
81 340
80 340
79 340
78 340
77 340
76 340
75 340
74 340
73 340
72 340
71 340
70 340
70 341
69 341
69 342
69 343
68 343
68 344
67 344
67 345
66 345
66 346
66 347
66 348
66 349
66 350
67 350
67 351
67 352
67 353
67 354
67 355
67 356
67 357
67 358
68 358
68 359
68 360
67 360
67 361
67 362
67 363
66 363
66 364
65 364
64 364
64 365
63 365
63 366
63 367
62 367
62 368
62 369
61 369
61 370
61 371
61 372
61 373
61 374
85 333
85 332
85 331
85 330
85 329
85 328
85 327
84 327
84 326
85 326
85 325
86 325
87 325
87 324
88 324
88 323
89 323
89 322
89 321
89 320
89 319
89 318
90 318
91 318
198 345
198 346
198 344
197 344
196 344
196 343
195 343
195 342
194 342
193 342
193 343
192 343
191 343
190 343
189 343
188 343
187 343
187 344
186 344
185 344
184 344
183 344
182 344
181 344
181 345
181 346
181 347
180 347
180 348
179 348
199 346
199 347
199 348
199 349
199 350
200 350
200 349
201 349
202 349
203 349
204 349
204 348
205 348
205 347
206 347
206 346
207 346
207 345
324 479
323 479
324 478
325 478
326 478
327 478
327 477
327 476
327 475
327 474
328 474
328 473
329 473
330 473
331 473
332 473
333 473
333 474
334 474
335 474
335 475
336 475
336 476
337 476
322 479
321 479
320 479
320 480
320 481
320 482
320 483
320 484
320 485
320 486
320 487
320 488
57 187
58 187
56 187
56 188
55 188
55 189
54 189
54 190
54 191
53 191
53 192
53 193
53 194
53 195
53 196
53 197
53 198
52 198
51 198
50 198
49 198
48 198
47 198
46 198
45 198
44 198
59 187
59 186
60 186
60 185
61 185
62 185
62 184
63 184
63 183
64 183
64 182
65 182
65 181
65 180
74 432
75 432
74 431
73 431
72 431
72 430
71 430
70 430
69 430
69 429
68 429
68 430
67 430
67 431
66 431
66 432
65 432
65 433
64 433
63 433
63 434
62 434
62 435
62 436
61 436
61 437
61 438
61 439
61 440
62 440
62 441
62 442
62 443
61 443
61 444
61 445
61 446
60 446
60 447
60 448
59 448
59 449
59 450
58 450
57 450
57 451
56 451
55 451
55 452
54 452
75 433
75 434
76 434
76 435
76 436
76 437
76 438
76 439
76 440
76 441
76 442
76 443
76 444
76 445
76 446
76 447
76 448
76 449
76 450
76 451
76 452
76 453
77 453
77 454
78 454
78 455
79 455
79 456
80 456
81 456
82 456
83 456
83 457
83 458
82 458
82 459
81 459
81 460
81 461
81 462
80 462
80 463
80 464
79 464
79 465
78 465
77 465
77 466
76 466
75 466
74 466
73 466
72 466
71 466
350 376
351 376
349 376
348 376
347 376
346 376
345 376
345 377
344 377
352 376
353 376
353 375
354 375
355 375
355 374
356 374
356 373
357 373
357 372
358 372
358 371
359 371
359 370
360 370
360 369
361 369
361 368
361 367
358 459
359 459
358 458
357 458
356 458
356 457
355 457
354 457
354 456
353 456
353 455
354 455
354 454
354 453
354 452
354 451
354 450
355 450
355 449
356 449
356 448
356 447
357 447
357 446
357 445
358 445
358 444
359 444
359 443
359 442
360 442
360 441
361 441
361 440
362 440
363 440
363 439
364 439
364 438
365 438
365 437
366 437
366 436
366 435
366 434
366 433
366 432
367 432
367 431
366 431
366 430
366 429
366 428
365 428
365 427
365 426
364 426
364 425
364 424
364 423
365 423
365 422
366 422
359 460
359 461
360 461
360 462
361 462
361 463
362 463
362 464
363 464
363 465
364 465
364 466
365 466
365 467
366 467
366 468
366 469
367 469
368 469
368 468
369 468
369 467
370 467
371 467
372 467
373 467
374 467
375 467
376 467
377 467
378 467
378 468
378 469
378 470
378 471
378 472
364 403
364 402
364 404
364 405
364 406
364 407
364 408
364 409
365 409
364 401
364 400
364 399
364 398
363 398
363 397
362 397
362 396
362 395
362 394
362 393
362 392
362 391
362 390
362 389
362 388
362 387
362 386
363 386
363 385
214 340
214 341
214 339
214 338
214 337
213 337
213 336
212 336
212 335
213 335
213 334
213 333
213 332
213 331
213 330
213 329
213 328
213 327
213 326
214 326
214 325
214 324
214 323
214 322
214 321
214 320
214 319
214 318
214 317
213 317
212 317
211 317
210 317
209 317
209 316
208 316
208 315
209 315
210 315
210 314
210 313
210 312
210 311
210 310
210 309
210 308
209 308
208 308
208 307
207 307
214 342
214 343
214 344
213 344
212 344
211 344
210 344
209 344
208 344
208 345
369 370
370 370
368 370
367 370
366 370
365 370
364 370
363 370
363 369
363 368
362 368
362 367
371 370
372 370
373 370
374 370
375 370
376 370
377 370
378 370
379 370
380 370
380 371
381 371
381 372
382 372
197 338
197 337
197 339
196 339
196 340
195 340
195 341
194 341
197 336
197 335
197 334
198 334
198 333
198 332
198 331
198 330
198 329
198 328
198 327
198 326
198 325
113 352
113 353
112 352
112 351
113 351
113 350
114 350
114 349
115 349
115 348
116 348
116 347
116 346
116 345
116 344
116 343
116 342
116 341
116 340
116 339
116 338
115 338
115 337
115 336
114 336
114 335
114 334
115 334
115 333
116 333
116 332
117 332
117 331
118 331
118 330
118 329
118 328
118 327
118 326
118 325
118 324
118 323
118 322
119 322
119 321
120 321
121 321
121 320
122 320
123 320
123 319
124 319
124 318
124 317
113 354
113 355
113 356
113 357
114 357
114 358
113 358
112 358
111 358
110 358
109 358
109 359
108 359
107 359
106 359
106 360
105 360
104 360
103 360
102 360
101 360
100 360
100 359
99 359
99 358
98 358
98 357
97 357
97 356
96 356
96 355
96 354
95 354
95 353
94 353
94 352
93 352
93 351
93 350
93 349
93 348
92 348
92 347
91 347
91 346
90 346
90 347
89 347
88 347
87 347
86 347
85 347
85 348
84 348
83 348
82 348
82 349
81 349
81 348
81 347
80 347
80 346
80 345
79 345
79 344
78 344
78 343
77 343
76 343
76 342
75 342
74 342
73 342
72 342
71 342
70 342
81 412
82 412
80 412
79 412
78 412
77 412
76 412
76 413
76 414
75 414
74 414
73 414
72 414
71 414
70 414
69 414
68 414
67 414
66 414
66 413
65 413
64 413
63 413
62 413
61 413
60 413
59 413
59 414
58 414
58 415
57 415
57 416
56 416
56 417
55 417
55 418
55 419
83 412
84 412
85 412
85 413
86 413
86 412
87 412
87 411
88 411
89 411
89 410
90 410
90 409
91 409
92 409
93 409
94 409
95 409
96 409
97 409
98 409
281 300
280 300
282 300
283 300
284 300
284 301
284 302
284 303
283 303
283 304
282 304
282 305
283 305
283 306
284 306
284 307
285 307
285 308
286 308
286 309
287 309
288 309
289 309
289 310
289 311
288 311
288 312
288 313
288 314
288 315
288 316
288 317
288 318
288 319
289 319
290 319
290 320
291 320
292 320
292 321
293 321
294 321
279 300
278 300
278 299
278 298
277 298
277 297
276 297
276 296
275 296
46 291
47 291
45 291
44 291
44 292
43 292
43 293
43 294
43 295
42 295
42 296
41 296
40 296
39 296
39 297
38 297
38 298
37 298
37 299
36 299
35 299
35 300
34 300
33 300
32 300
31 300
30 300
29 300
28 300
27 300
26 300
25 300
24 300
23 300
22 300
21 300
21 299
20 299
47 290
48 290
49 290
49 289
49 288
50 288
50 287
51 287
51 286
52 286
52 285
53 285
53 284
54 284
54 285
54 286
55 286
55 287
55 288
55 289
56 289
57 289
58 289
59 289
59 290
60 290
60 291
349 255
349 256
349 254
349 253
350 253
350 252
351 252
351 251
351 250
352 250
353 250
354 250
355 250
356 250
357 250
358 250
358 249
359 249
360 249
360 248
361 248
361 247
362 247
362 246
363 246
363 245
364 245
365 245
366 245
367 245
368 245
369 245
370 245
371 245
371 246
372 246
372 247
372 248
372 249
372 250
373 250
373 249
374 249
374 248
375 248
376 248
377 248
378 248
378 247
379 247
380 247
381 247
382 247
383 247
383 246
384 246
385 246
385 245
386 245
387 245
387 244
387 243
387 242
387 241
387 240
387 239
386 239
386 238
385 238
384 238
384 237
384 236
384 235
385 235
385 234
386 234
386 233
387 233
388 233
389 233
389 232
390 232
391 232
391 233
392 233
392 234
392 235
393 235
393 236
394 236
394 237
395 237
395 238
396 238
396 239
396 240
397 240
398 240
399 240
400 240
401 240
402 240
403 240
403 241
404 241
405 241
405 242
405 243
405 244
406 244
406 245
407 245
407 246
408 246
409 246
409 247
349 257
349 258
349 259
349 260
349 261
349 262
349 263
348 263
347 263
346 263
345 263
344 263
343 263
342 263
341 263
340 263
339 263
338 263
338 262
337 262
336 262
335 262
334 262
333 262
332 262
331 262
331 261
331 260
331 259
331 258
331 257
331 256
331 255
330 255
330 254
329 254
328 254
328 253
328 252
327 252
327 251
327 250
327 249
327 248
327 247
327 246
327 245
327 244
327 243
327 242
326 242
326 241
326 240
326 239
325 239
325 238
324 238
324 237
323 237
322 237
322 236
321 236
321 237
320 237
320 238
319 238
318 238
317 238
317 239
316 239
315 239
315 240
314 240
314 241
314 242
313 242
313 243
313 244
312 244
312 245
312 246
311 246
311 247
310 247
309 247
309 248
308 248
307 248
307 249
306 249
305 249
305 250
304 250
304 251
303 251
303 252
303 253
303 254
303 255
303 256
302 256
302 257
301 257
301 258
300 258
300 259
299 259
298 259
297 259
297 260
296 260
295 260
295 261
294 261
294 262
293 262
293 263
293 264
292 264
292 263
292 262
292 261
292 260
292 259
292 258
292 257
292 256
292 255
292 254
292 253
292 252
292 251
291 251
291 250
292 250
292 249
293 249
294 249
294 248
294 247
295 247
295 246
295 245
295 244
294 244
293 244
293 243
292 243
292 242
292 241
292 240
292 239
292 238
292 237
292 236
292 235
293 235
293 234
294 234
294 233
295 233
295 232
296 232
296 231
297 231
297 230
298 230
298 229
299 229
299 228
300 228
312 474
313 474
311 474
310 474
309 474
308 474
307 474
306 474
305 474
305 473
304 473
303 473
302 473
301 473
301 474
300 474
299 474
298 474
297 474
296 474
295 474
294 474
293 474
292 474
291 474
290 474
290 475
289 475
314 474
314 473
315 473
315 472
316 472
316 473
317 473
317 474
318 474
318 475
318 476
318 477
318 478
318 479
319 479
220 387
219 387
221 387
222 387
222 388
223 388
224 388
224 389
224 390
224 391
224 392
224 393
224 394
225 394
225 393
225 392
225 391
226 391
227 391
228 391
229 391
230 391
231 391
232 391
232 392
233 392
233 393
234 393
235 393
236 393
237 393
238 393
239 393
240 393
241 393
242 393
243 393
244 393
245 393
246 393
218 387
217 387
216 387
215 387
215 386
215 385
215 384
215 383
215 382
215 381
215 380
215 379
216 379
217 379
218 379
219 379
219 378
218 378
217 378
216 378
215 378
215 377
214 377
213 377
213 376
212 376
211 376
211 377
210 377
210 378
209 378
209 379
208 379
208 380
207 380
207 381
207 382
206 382
206 383
206 384
206 385
205 385
205 386
204 386
203 386
202 386
201 386
201 385
200 385
199 385
198 385
197 385
196 385
195 385
195 386
195 387
194 387
194 388
194 389
194 390
194 391
194 392
194 393
194 394
195 394
195 395
196 395
196 396
197 396
197 397
233 319
234 319
232 319
231 319
231 320
230 320
229 320
229 321
228 321
227 321
226 321
225 321
225 322
224 322
224 323
224 324
223 324
222 324
221 324
220 324
219 324
218 324
217 324
216 324
215 324
215 325
235 319
236 319
237 319
238 319
239 319
240 319
241 319
242 319
242 318
243 318
243 317
244 317
191 495
190 495
192 495
193 495
194 495
194 496
195 496
196 496
196 497
197 497
197 496
198 496
199 496
199 495
200 495
201 495
201 494
202 494
203 494
203 493
204 493
204 492
203 492
203 491
203 490
203 489
203 488
202 488
202 487
202 486
202 485
203 485
203 484
203 483
204 483
204 482
204 481
205 481
205 480
205 479
205 478
205 477
205 476
205 475
205 474
205 473
205 472
205 471
205 470
205 469
205 468
205 467
205 466
204 466
189 495
188 495
187 495
186 495
185 495
185 494
184 494
184 493
184 492
183 492
183 491
182 491
181 491
181 490
180 490
179 490
178 490
177 490
176 490
175 490
174 490
174 491
173 491
173 492
172 492
172 493
171 493
171 494
45 314
45 313
46 314
46 315
45 315
45 316
44 316
43 316
43 317
42 317
42 318
42 319
42 320
42 321
42 322
42 323
42 324
42 325
42 326
43 326
44 326
44 327
45 327
46 327
46 328
47 328
47 329
48 329
48 330
49 330
49 331
48 331
48 332
47 332
47 333
47 334
47 335
46 335
46 336
45 336
45 337
44 337
44 338
43 338
42 338
42 339
42 340
42 341
42 342
42 343
43 343
43 344
44 344
45 344
45 345
46 345
47 345
47 346
48 346
49 346
49 347
50 347
51 347
52 347
53 347
54 347
55 347
56 347
57 347
58 347
58 346
59 346
59 345
60 345
60 344
61 344
62 344
63 344
64 344
65 344
65 345
45 312
45 311
44 311
44 310
43 310
43 309
42 309
41 309
41 308
40 308
40 307
39 307
39 306
38 306
38 305
37 305
36 305
36 304
35 304
35 303
35 302
35 301
34 301
450 313
450 314
450 312
451 312
451 311
451 310
451 309
451 308
451 307
451 306
452 306
452 305
453 305
453 304
454 304
454 303
455 303
456 303
456 302
457 302
458 302
459 302
460 302
461 302
462 302
463 302
450 315
450 316
449 316
449 317
449 318
448 318
448 319
448 320
448 321
448 322
447 322
447 323
446 323
446 324
445 324
445 325
444 325
444 326
444 327
443 327
443 328
442 328
441 328
440 328
439 328
438 328
437 328
436 328
436 327
436 326
436 325
435 325
435 324
435 323
434 323
434 322
433 322
432 322
432 321
431 321
430 321
430 320
429 320
428 320
427 320
426 320
425 320
424 320
423 320
422 320
421 320
420 320
419 320
418 320
417 320
417 319
417 318
416 318
416 317
416 316
416 315
416 314
417 314
417 313
417 312
417 311
418 311
418 310
418 309
418 308
418 307
418 306
418 305
418 304
418 303
418 302
417 302
110 104
110 105
111 104
112 104
113 104
114 104
115 104
116 104
116 103
115 103
115 102
114 102
114 101
114 100
114 99
115 99
115 98
115 97
115 96
115 95
115 94
114 94
114 93
113 93
113 92
114 92
114 91
115 91
116 91
117 91
118 91
119 91
120 91
121 91
122 91
123 91
123 92
124 92
125 92
125 93
126 93
127 93
128 93
129 93
129 94
130 94
131 94
132 94
133 94
134 94
135 94
136 94
136 93
137 93
138 93
139 93
140 93
140 92
141 92
142 92
143 92
143 91
144 91
144 90
144 89
145 89
145 88
146 88
146 87
146 86
147 86
147 85
147 84
148 84
148 83
149 83
149 82
149 81
148 81
148 80
148 79
148 78
147 78
147 77
147 76
148 76
148 75
149 75
149 74
149 73
150 73
151 73
151 72
152 72
152 71
152 70
153 70
153 69
154 69
154 68
155 68
155 67
156 67
156 66
156 65
156 64
156 63
156 62
156 61
156 60
155 60
155 59
155 58
155 57
155 56
155 55
155 54
154 54
153 54
152 54
151 54
150 54
149 54
148 54
147 54
146 54
145 54
144 54
143 54
142 54
141 54
141 55
109 105
108 105
108 106
107 106
107 107
106 107
106 108
106 109
105 109
105 110
105 111
104 111
104 112
103 112
103 113
102 113
102 114
101 114
101 115
101 116
102 116
102 117
103 117
103 118
104 118
105 118
106 118
107 118
107 119
108 119
109 119
109 120
110 120
111 120
112 120
112 121
113 121
113 122
114 122
114 123
114 124
114 125
114 126
114 127
113 127
113 128
113 129
112 129
112 130
112 131
111 131
111 132
111 133
111 134
111 135
111 136
111 137
111 138
111 139
111 140
111 141
111 142
111 143
111 144
111 145
111 146
111 147
111 148
111 149
111 150
110 150
110 151
109 151
109 152
108 152
108 153
108 154
107 154
107 155
106 155
106 156
105 156
105 157
104 157
103 157
102 157
102 158
101 158
101 159
100 159
100 160
100 161
99 161
99 162
98 162
97 162
96 162
96 163
95 163
94 163
93 163
92 163
92 164
91 164
91 165
91 166
90 166
90 167
90 168
90 169
90 170
90 171
91 171
91 172
91 173
90 173
90 174
90 175
90 176
89 176
89 177
88 177
87 177
86 177
86 178
85 178
238 13
238 14
238 12
238 11
238 10
238 9
238 8
237 8
237 7
237 6
236 6
236 5
236 4
236 3
235 3
235 2
234 2
233 2
233 1
232 1
231 1
231 0
230 0
229 0
228 0
227 0
226 0
225 0
225 1
225 2
225 3
224 3
224 4
223 4
223 5
222 5
221 5
221 6
220 6
220 7
220 8
220 9
219 9
219 10
219 11
219 12
219 13
219 14
219 15
219 16
219 17
219 18
219 19
219 20
219 21
218 21
218 22
218 23
218 24
218 25
217 25
217 26
217 27
216 27
215 27
215 28
214 28
213 28
212 28
211 28
210 28
209 28
208 28
208 27
207 27
206 27
206 28
205 28
204 28
204 29
203 29
203 30
202 30
202 31
201 31
201 32
200 32
200 33
199 33
198 33
198 34
197 34
196 34
196 35
195 35
195 36
195 37
195 38
195 39
195 40
195 41
194 41
194 42
193 42
193 43
192 43
238 15
238 16
238 17
238 18
239 18
239 19
240 19
240 20
241 20
241 21
241 22
241 23
242 23
242 24
242 25
242 26
243 26
243 27
244 27
244 28
245 28
246 28
246 29
247 29
247 30
248 30
248 31
248 32
248 33
248 34
248 35
248 36
248 37
248 38
248 39
247 39
247 40
246 40
246 41
0 272
0 271
0 273
0 274
0 275
0 276
0 277
0 278
0 279
0 280
1 280
1 281
1 282
2 282
2 283
2 284
3 284
3 285
3 286
3 287
3 288
3 289
3 290
3 291
4 291
4 292
5 292
5 293
6 293
6 294
7 294
8 294
9 294
10 294
11 294
12 294
12 295
13 295
13 296
14 296
14 297
15 297
15 298
16 298
17 298
18 298
19 298
20 298
0 270
0 269
0 268
0 267
1 267
2 267
3 267
4 267
4 266
5 266
5 265
6 265
6 264
6 263
7 263
7 262
7 261
8 261
9 261
9 260
10 260
10 259
10 258
10 257
10 256
10 255
10 254
10 253
10 252
10 251
10 250
218 92
218 93
218 91
217 91
217 90
217 89
216 89
215 89
214 89
214 88
213 88
212 88
212 87
212 86
211 86
219 93
220 93
220 94
221 94
222 94
223 94
224 94
225 94
226 94
227 94
228 94
229 94
229 93
229 92
182 451
183 451
181 451
180 451
180 452
179 452
179 453
178 453
177 453
177 454
176 454
175 454
175 455
174 455
174 456
174 457
174 458
174 459
174 460
174 461
174 462
174 463
174 464
184 451
185 451
185 452
186 452
186 453
187 453
187 454
188 454
188 453
189 453
189 452
189 451
190 451
190 450
191 450
191 449
192 449
192 448
193 448
193 447
194 447
194 446
195 446
195 447
196 447
197 447
197 448
197 449
197 450
197 451
197 452
197 453
197 454
197 455
197 456
197 457
197 458
197 459
198 459
198 460
198 461
198 462
199 462
199 463
200 463
200 464
201 464
202 464
202 465
203 465
203 466
149 41
150 41
149 42
148 42
148 43
147 43
147 44
146 44
146 45
146 46
146 47
146 48
146 49
146 50
146 51
146 52
145 52
144 52
144 53
143 53
142 53
150 40
151 40
151 39
151 38
152 38
152 37
152 36
153 36
153 35
153 34
153 33
153 32
153 31
152 31
152 30
152 29
152 28
152 27
152 26
151 26
151 25
151 24
152 24
152 23
152 22
152 21
153 21
154 21
155 21
156 21
157 21
158 21
159 21
160 21
161 21
161 20
162 20
162 19
163 19
164 19
164 458
164 457
165 458
166 458
166 459
167 459
167 460
168 460
169 460
170 460
171 460
172 460
172 461
173 461
173 462
173 463
163 457
162 457
162 456
161 456
161 455
160 455
160 454
161 454
162 454
162 453
162 452
163 452
163 451
163 450
164 450
164 449
164 448
164 447
165 447
165 446
166 446
166 445
166 444
166 443
166 442
166 441
166 440
166 439
167 439
167 438
167 437
167 436
167 435
167 434
167 433
166 433
166 432
167 432
167 431
168 431
169 431
170 431
171 431
172 431
173 431
174 431
174 430
175 430
175 429
175 428
176 428
176 427
176 426
177 426
177 425
178 425
179 425
179 424
180 424
181 424
181 423
182 423
183 423
183 422
184 422
184 421
185 421
185 420
185 419
185 418
186 418
186 417
187 417
187 416
188 416
189 416
190 416
191 416
191 415
191 414
192 414
192 413
192 412
192 411
192 410
192 409
192 408
191 408
191 407
191 406
191 405
191 404
191 403
192 403
192 402
192 401
193 401
193 400
193 399
194 399
195 399
195 398
196 398
196 397
25 189
24 189
26 189
26 190
26 191
27 191
27 192
27 193
28 193
28 194
29 194
30 194
31 194
32 194
33 194
33 195
34 195
35 195
36 195
37 195
38 195
38 196
39 196
40 196
40 197
23 189
22 189
21 189
20 189
20 190
19 190
19 189
18 189
18 188
18 187
18 186
17 186
17 187
17 188
17 189
16 189
15 189
14 189
13 189
12 189
12 190
12 191
12 192
12 193
12 194
12 195
12 196
13 196
14 196
15 196
16 196
16 197
17 197
17 198
18 198
118 455
118 456
119 455
119 454
120 454
120 453
121 453
121 452
122 452
123 452
124 452
125 452
126 452
127 452
128 452
129 452
130 452
131 452
132 452
133 452
134 452
135 452
136 452
137 452
138 452
139 452
140 452
140 453
141 453
142 453
142 454
143 454
144 454
144 455
145 455
146 455
147 455
148 455
149 455
150 455
151 455
152 455
153 455
154 455
155 455
156 455
157 455
158 455
159 455
117 456
116 456
115 456
114 456
114 457
113 457
112 457
112 458
111 458
111 459
111 460
110 460
110 461
109 461
109 462
108 462
108 463
107 463
106 463
105 463
104 463
103 463
103 462
102 462
102 461
101 461
101 460
100 460
100 459
99 459
99 458
98 458
97 458
97 457
96 457
95 457
94 457
93 457
92 457
91 457
90 457
89 457
89 456
88 456
87 456
86 456
85 456
84 456
84 457
437 392
437 393
437 391
438 391
438 390
438 389
439 389
439 388
438 388
438 387
438 386
438 385
438 384
437 384
437 383
437 382
436 382
436 381
435 381
435 380
434 380
433 380
432 380
431 380
430 380
429 380
428 380
428 381
427 381
427 382
426 382
425 382
425 381
424 381
423 381
423 380
422 380
422 379
421 379
421 378
421 377
421 376
421 375
421 374
421 373
421 372
421 371
421 370
420 370
420 369
420 368
419 368
419 367
419 366
419 365
419 364
419 363
419 362
418 362
418 361
418 360
417 360
417 359
416 359
416 358
415 358
415 357
415 356
415 355
415 354
414 354
413 354
412 354
412 353
413 353
414 353
415 353
415 352
416 352
416 351
417 351
417 350
418 350
419 350
420 350
421 350
422 350
423 350
423 349
424 349
425 349
425 348
426 348
426 347
427 347
428 347
429 347
430 347
431 347
432 347
432 346
433 346
433 345
434 345
435 345
436 345
436 344
437 344
438 344
438 343
439 343
440 343
441 343
442 343
442 342
443 342
443 341
444 341
444 340
445 340
445 339
446 339
446 338
445 338
444 338
443 338
443 337
443 336
443 335
443 334
443 333
443 332
443 331
443 330
443 329
437 394
437 395
437 396
437 397
436 397
435 397
435 398
434 398
434 399
434 400
434 401
434 402
434 403
434 404
434 405
434 406
434 407
434 408
434 409
434 410
433 410
432 410
432 411
431 411
153 176
153 177
152 176
151 176
150 176
149 176
148 176
147 176
146 176
145 176
144 176
143 176
142 176
141 176
140 176
139 176
138 176
138 177
137 177
137 178
137 179
137 180
136 180
136 181
136 182
135 182
134 182
134 183
133 183
132 183
131 183
130 183
129 183
128 183
127 183
126 183
126 184
126 185
126 186
125 186
125 187
124 187
124 188
124 189
124 190
124 191
124 192
124 193
124 194
124 195
124 196
124 197
124 198
125 198
125 199
124 199
124 200
123 200
123 201
122 201
122 202
121 202
121 203
120 203
120 204
119 204
119 205
118 205
117 205
116 205
116 204
115 204
114 204
113 204
112 204
111 204
110 204
109 204
108 204
107 204
107 205
106 205
106 206
105 206
104 206
104 207
103 207
102 207
101 207
100 207
154 177
155 177
156 177
157 177
157 178
157 179
157 180
157 181
157 182
157 183
157 184
157 185
157 186
158 186
158 187
158 188
158 189
157 189
157 190
156 190
156 191
155 191
155 192
155 193
154 193
154 194
153 194
153 195
153 196
152 196
152 197
152 198
151 198
150 198
150 199
149 199
149 200
149 201
149 202
149 203
149 204
149 205
149 206
149 207
148 207
148 208
148 209
147 209
147 210
147 211
234 154
233 154
234 153
235 153
235 152
236 152
236 151
237 151
237 150
237 149
237 148
236 148
236 147
235 147
235 146
234 146
234 145
233 145
233 144
232 144
232 143
231 143
231 142
231 141
232 141
232 140
233 140
233 139
234 139
234 138
235 138
235 137
235 136
235 135
235 134
235 133
235 132
235 131
235 130
236 130
236 129
236 128
235 128
235 127
235 126
235 125
235 124
236 124
236 123
237 123
237 122
238 122
239 122
239 121
240 121
241 121
241 120
242 120
242 119
243 119
243 118
244 118
244 117
245 117
245 116
245 115
246 115
247 115
248 115
248 114
249 114
249 113
249 112
249 111
249 110
249 109
249 108
249 107
249 106
248 106
248 105
247 105
246 105
246 104
245 104
245 103
245 102
245 101
245 100
245 99
245 98
245 97
245 96
246 96
246 95
247 95
247 94
247 93
248 93
248 92
248 91
249 91
250 91
250 90
251 90
252 90
253 90
253 89
253 88
253 87
253 86
253 85
253 84
253 83
254 83
255 83
255 82
256 82
257 82
257 81
257 80
258 80
258 79
259 79
259 78
260 78
261 78
261 77
262 77
263 77
263 76
264 76
264 77
265 77
266 77
267 77
268 77
269 77
270 77
271 77
272 77
273 77
274 77
274 76
233 155
232 155
232 156
232 157
231 157
230 157
229 157
228 157
227 157
226 157
225 157
225 158
225 159
224 159
223 159
222 159
221 159
221 160
220 160
220 161
219 161
219 162
218 162
218 163
218 164
218 165
218 166
218 167
218 168
218 169
218 170
218 171
218 172
218 173
218 174
218 175
219 175
219 176
220 176
220 177
221 177
221 178
222 178
222 179
223 179
223 180
223 181
224 181
224 182
225 182
225 183
225 184
225 185
224 185
224 186
224 187
223 187
223 188
222 188
221 188
220 188
219 188
218 188
217 188
216 188
215 188
214 188
213 188
212 188
212 189
211 189
210 189
210 190
209 190
208 190
208 191
208 192
208 193
208 194
207 194
207 195
206 195
205 195
205 196
204 196
204 197
203 197
203 198
203 199
202 199
202 200
202 201
202 202
202 203
201 203
201 204
201 205
202 205
202 206
202 207
203 207
203 208
204 208
204 209
205 209
205 210
205 211
205 212
205 213
205 214
205 215
205 216
204 216
204 217
203 217
203 218
202 218
202 219
201 219
201 220
201 221
200 221
200 222
199 222
198 222
198 223
197 223
196 223
196 224
195 224
194 224
193 224
192 224
191 224
190 224
190 225
118 441
118 440
118 442
118 443
118 444
118 445
118 446
119 446
119 447
119 448
120 448
120 449
120 450
120 451
121 451
118 439
118 438
118 437
118 436
118 435
119 435
119 434
120 434
121 434
122 434
122 433
123 433
123 432
124 432
124 431
124 430
124 429
125 429
125 428
125 427
126 427
126 426
127 426
127 425
127 424
127 423
127 422
127 421
126 421
125 421
124 421
123 421
122 421
121 421
120 421
119 421
119 422
118 422
117 422
117 423
116 423
116 424
115 424
114 424
113 424
112 424
111 424
110 424
109 424
108 424
108 423
108 422
108 421
108 420
108 419
107 419
107 418
107 417
107 416
107 415
106 415
106 414
105 414
105 413
104 413
104 412
104 411
103 411
102 411
101 411
100 411
100 410
99 410
99 409
154 485
153 485
154 486
155 486
155 487
156 487
156 488
157 488
157 489
158 489
158 490
159 490
159 491
160 491
161 491
162 491
163 491
163 492
164 492
164 493
165 493
166 493
167 493
168 493
169 493
170 493
152 485
151 485
150 485
149 485
148 485
147 485
146 485
145 485
144 485
143 485
143 486
142 486
141 486
140 486
139 486
138 486
137 486
136 486
135 486
134 486
134 485
133 485
133 484
133 483
133 482
133 481
133 480
133 479
132 479
132 478
131 478
130 478
129 478
128 478
127 478
126 478
125 478
124 478
123 478
122 478
121 478
120 478
119 478
118 478
117 478
117 479
116 479
115 479
115 480
114 480
114 481
113 481
113 482
113 483
113 484
114 484
114 485
114 486
114 487
114 488
114 489
113 489
113 490
112 490
112 491
112 492
111 492
111 493
111 494
110 494
109 494
108 494
107 494
106 494
105 494
104 494
103 494
102 494
101 494
100 494
100 495
99 495
99 496
98 496
98 497
97 497
97 498
499 363
500 363
498 363
497 363
496 363
495 363
495 362
494 362
493 362
493 361
492 361
491 361
491 360
490 360
490 359
490 358
489 358
489 357
489 356
488 356
488 355
487 355
487 354
487 353
487 352
486 352
486 351
485 351
485 350
485 349
485 348
485 347
485 346
485 345
485 344
484 344
484 343
484 342
484 341
484 340
483 340
483 339
482 339
481 339
481 338
480 338
480 337
479 337
478 337
478 336
478 335
478 334
478 333
478 332
478 331
478 330
478 329
478 328
477 328
477 327
476 327
475 327
474 327
473 327
473 326
472 326
471 326
471 325
471 324
472 324
472 323
472 322
472 321
472 320
472 319
472 318
472 317
471 317
470 317
470 316
469 316
468 316
468 315
467 315
467 314
466 314
466 313
466 312
466 311
466 310
466 309
466 308
467 308
467 307
467 306
468 306
501 363
502 363
503 363
504 363
505 363
506 363
507 363
507 364
507 365
508 365
508 366
509 366
509 367
509 368
509 369
509 370
509 371
509 372
509 373
509 374
509 375
509 376
509 377
509 378
509 379
509 380
509 381
509 382
509 383
509 384
509 385
509 386
508 386
508 387
507 387
507 388
506 388
506 389
505 389
505 390
504 390
503 390
502 390
501 390
500 390
499 390
498 390
497 390
496 390
496 391
496 392
496 393
496 394
495 394
495 395
495 396
494 396
494 397
493 397
492 397
491 397
490 397
489 397
489 398
488 398
488 399
487 399
487 400
486 400
486 401
485 401
485 402
484 402
483 402
483 403
482 403
481 403
481 404
481 405
481 406
481 407
481 408
481 409
481 410
480 410
479 410
479 411
478 411
477 411
477 412
476 412
475 412
475 413
474 413
473 413
472 413
471 413
471 414
470 414
470 415
469 415
469 416
468 416
468 417
467 417
467 418
467 419
466 419
466 420
466 421
466 422
466 423
465 423
465 424
464 424
464 425
463 425
463 426
462 426
462 427
461 427
461 428
460 428
460 429
460 430
459 430
459 431
458 431
458 432
457 432
457 433
456 433
455 433
454 433
453 433
453 434
452 434
451 434
451 435
450 435
449 435
448 435
447 435
447 436
446 436
446 437
446 438
446 439
445 439
445 440
445 441
445 442
444 442
444 443
444 444
444 445
445 445
445 446
445 447
445 448
445 449
445 450
445 451
445 452
445 453
445 454
445 455
445 456
445 457
445 458
445 459
446 459
447 459
447 460
447 461
446 461
445 461
445 462
444 462
443 462
442 462
442 463
442 464
442 465
442 466
442 467
441 467
441 468
8 176
7 176
8 175
9 175
9 174
9 173
10 173
10 172
11 172
11 171
12 171
12 170
13 170
14 170
14 169
14 168
13 168
13 167
13 166
12 166
12 165
11 165
11 164
10 164
9 164
8 164
8 163
7 163
7 162
8 162
8 161
9 161
10 161
10 160
11 160
11 159
12 159
12 158
13 158
7 177
6 177
6 178
5 178
5 179
4 179
3 179
3 180
2 180
1 180
1 181
0 181
0 182
1 182
2 182
2 183
3 183
3 184
4 184
4 185
4 186
5 186
5 187
5 188
5 189
5 190
6 190
7 190
8 190
9 190
10 190
10 189
11 189
306 446
306 447
306 445
306 444
307 444
307 443
308 443
308 442
308 441
308 440
308 439
308 438
308 437
308 436
308 435
308 434
308 433
308 432
308 431
309 431
309 430
310 430
310 429
311 429
311 428
312 428
312 427
313 427
314 427
314 426
315 426
316 426
316 425
317 425
318 425
318 424
319 424
320 424
320 423
321 423
321 422
321 421
322 421
322 420
322 419
323 419
324 419
325 419
326 419
327 419
328 419
328 418
329 418
329 417
330 417
330 416
331 416
331 415
331 414
331 413
331 412
306 448
306 449
306 450
306 451
306 452
305 452
305 453
305 454
304 454
304 455
303 455
303 456
302 456
302 457
302 458
302 459
302 460
302 461
302 462
302 463
302 464
302 465
302 466
302 467
302 468
302 469
302 470
302 471
302 472
141 108
140 108
142 108
142 109
143 109
144 109
145 109
146 109
147 109
147 110
148 110
148 109
149 109
150 109
151 109
151 108
152 108
153 108
153 107
154 107
154 106
155 106
155 105
156 105
157 105
158 105
159 105
160 105
160 104
160 103
160 102
160 101
160 100
159 100
159 99
158 99
158 98
157 98
157 97
157 96
157 95
158 95
159 95
159 94
160 94
161 94
162 94
162 93
163 93
163 92
163 91
163 90
163 89
163 88
163 87
163 86
164 86
164 85
165 85
165 84
165 83
165 82
166 82
166 81
167 81
167 80
168 80
168 79
168 78
168 77
169 77
169 76
170 76
170 75
170 74
171 74
171 73
172 73
172 72
173 72
173 71
174 71
175 71
175 70
176 70
176 69
177 69
178 69
179 69
180 69
181 69
182 69
183 69
183 68
184 68
185 68
186 68
187 68
188 68
189 68
189 67
188 67
188 66
188 65
188 64
188 63
188 62
188 61
188 60
187 60
187 59
187 58
140 107
139 107
138 107
137 107
137 106
136 106
136 105
136 104
135 104
135 103
134 103
134 102
133 102
133 101
133 100
133 99
133 98
132 98
132 97
132 96
131 96
131 95
130 95
401 400
402 400
400 400
399 400
398 400
397 400
396 400
395 400
394 400
394 399
393 399
403 400
404 400
404 401
404 402
404 403
404 404
404 405
404 406
404 407
404 408
404 409
404 410
403 410
403 411
403 412
403 413
404 413
404 414
405 414
405 415
405 416
406 416
407 416
407 417
408 417
409 417
410 417
411 417
412 417
413 417
414 417
414 418
414 419
414 420
414 421
414 422
414 423
414 424
414 425
414 426
415 426
2 382
2 381
1 382
1 383
0 383
0 384
0 385
0 386
0 387
0 388
0 389
0 390
0 391
0 392
0 393
0 394
0 395
0 396
0 397
0 398
0 399
3 381
3 380
4 380
4 379
5 379
5 378
6 378
6 377
6 376
7 376
7 375
8 375
8 374
9 374
9 373
10 373
10 372
11 372
11 371
12 371
12 370
13 370
14 370
15 370
16 370
17 370
18 370
19 370
20 370
21 370
22 370
23 370
23 371
24 371
25 371
26 371
27 371
28 371
28 370
29 370
29 369
29 368
29 367
30 367
30 366
31 366
31 365
32 365
32 364
33 364
33 365
34 365
34 366
35 366
35 367
35 368
35 369
36 369
36 370
37 370
38 370
39 370
39 371
40 371
40 372
39 372
38 372
38 373
37 373
37 374
37 375
36 375
36 376
36 377
35 377
35 378
35 379
34 379
34 380
34 381
34 382
33 382
33 383
33 384
33 385
33 386
33 387
32 387
32 388
33 388
34 388
34 389
35 389
36 389
37 389
38 389
39 389
40 389
41 389
42 389
42 388
43 388
44 388
45 388
46 388
47 388
48 388
49 388
277 470
276 470
278 470
278 469
279 469
279 468
280 468
281 468
282 468
283 468
284 468
285 468
286 468
287 468
287 469
287 470
287 471
287 472
287 473
287 474
288 474
288 475
275 470
274 470
273 470
272 470
271 470
271 471
271 472
271 473
271 474
271 475
270 475
269 475
268 475
267 475
266 475
265 475
264 475
263 475
263 476
262 476
262 477
261 477
261 478
261 479
260 479
260 480
260 481
260 482
260 483
260 484
260 485
259 485
259 486
258 486
258 487
257 487
257 488
256 488
255 488
254 488
254 489
253 489
252 489
251 489
250 489
250 490
249 490
248 490
248 491
247 491
246 491
246 492
245 492
244 492
244 493
244 494
244 495
243 495
243 496
244 496
244 497
244 498
245 498
245 499
246 499
246 500
247 500
248 500
249 500
250 500
250 501
251 501
252 501
252 502
136 421
137 421
135 421
134 421
133 421
132 421
131 421
130 421
129 421
128 421
128 420
127 420
138 421
139 421
140 421
141 421
142 421
142 422
143 422
144 422
145 422
146 422
146 421
147 421
147 422
147 423
147 424
147 425
147 426
147 427
148 427
148 428
148 429
149 429
149 430
150 430
151 430
152 430
152 431
151 431
151 432
150 432
150 433
149 433
149 434
148 434
148 435
147 435
147 436
146 436
146 437
145 437
145 438
144 438
143 438
142 438
141 438
140 438
139 438
138 438
137 438
137 439
136 439
136 440
136 441
135 441
135 442
135 443
135 444
136 444
136 445
136 446
136 447
136 448
136 449
136 450
137 450
137 451
138 451
232 477
231 477
233 477
234 477
234 478
235 478
236 478
236 479
237 479
238 479
238 480
239 480
239 481
240 481
240 482
241 482
241 483
242 483
242 484
243 484
243 485
243 486
243 487
243 488
243 489
243 490
243 491
244 491
245 491
230 477
229 477
228 477
227 477
226 477
225 477
224 477
223 477
222 477
221 477
220 477
219 477
219 478
218 478
217 478
217 479
217 480
216 480
216 481
216 482
215 482
214 482
213 482
212 482
211 482
210 482
209 482
208 482
207 482
206 482
205 482
51 511
52 511
50 511
49 511
48 511
47 511
47 510
47 509
46 509
46 508
45 508
44 508
44 507
43 507
42 507
41 507
41 506
40 506
40 505
40 504
39 504
39 503
39 502
38 502
38 501
37 501
37 500
37 499
37 498
37 497
37 496
37 495
37 494
36 494
53 511
54 511
55 511
56 511
57 511
58 511
59 511
60 511
61 511
62 511
63 511
64 511
64 510
64 509
65 509
65 508
66 508
67 508
68 508
69 508
70 508
71 508
72 508
73 508
74 508
75 508
76 508
77 508
78 508
78 507
79 507
80 507
81 507
82 507
82 506
83 506
83 505
84 505
85 505
86 505
87 505
88 505
89 505
90 505
91 505
91 504
92 504
93 504
93 503
94 503
94 502
94 501
95 501
95 500
96 500
96 499
97 499
