226 262
227 262
226 263
226 264
225 264
225 265
224 265
227 261
227 260
228 260
228 259
229 259
229 258
230 258
307 455
306 455
308 455
309 455
310 455
310 456
311 456
311 457
310 457
310 458
310 459
310 460
310 461
310 462
310 463
310 464
310 465
310 466
310 467
310 468
310 469
310 470
310 471
311 471
311 472
311 473
312 473
313 473
313 474
314 474
314 475
315 475
315 476
316 476
316 477
317 477
317 478
318 478
318 479
319 479
319 480
320 480
321 480
322 480
323 480
323 481
323 482
324 482
324 483
324 484
325 484
325 485
326 485
327 485
328 485
329 485
330 485
331 485
332 485
332 484
333 484
333 485
334 485
335 485
336 485
337 485
338 485
339 485
340 485
341 485
342 485
343 485
344 485
345 485
346 485
346 484
347 484
348 484
349 484
350 484
350 483
351 483
352 483
353 483
354 483
355 483
356 483
357 483
357 484
358 484
358 485
359 485
359 486
360 486
360 487
360 488
361 488
362 488
362 489
362 490
362 491
362 492
362 493
361 493
361 494
362 494
362 495
362 496
362 497
362 498
363 498
363 499
364 499
365 499
366 499
367 499
368 499
369 499
370 499
371 499
372 499
373 499
374 499
374 500
375 500
376 500
376 501
377 501
378 501
378 502
305 455
304 455
303 455
302 455
301 455
300 455
299 455
299 454
298 454
297 454
297 453
296 453
295 453
294 453
294 454
294 455
293 455
293 456
293 457
293 458
293 459
292 459
291 459
290 459
289 459
288 459
287 459
286 459
285 459
285 458
285 457
285 456
285 455
285 454
285 453
285 452
285 451
285 450
284 450
284 449
283 449
282 449
281 449
280 449
279 449
278 449
278 448
332 413
332 412
332 414
331 414
331 415
330 415
330 416
329 416
328 416
327 416
326 416
325 416
324 416
323 416
323 417
323 418
323 419
323 420
322 420
322 421
321 421
321 422
320 422
320 423
319 423
319 424
319 425
319 426
319 427
318 427
318 428
317 428
317 429
316 429
316 430
316 431
316 432
316 433
316 434
316 435
316 436
316 437
316 438
316 439
316 440
317 440
317 441
318 441
318 442
318 443
318 444
318 445
318 446
319 446
320 446
321 446
322 446
322 447
322 448
322 449
322 450
322 451
321 451
320 451
320 452
319 452
318 452
318 453
318 454
317 454
317 455
316 455
315 455
314 455
313 455
312 455
312 456
333 412
333 411
334 411
334 410
335 410
335 409
336 409
337 409
337 408
338 408
338 407
339 407
339 406
340 406
340 405
341 405
341 404
341 403
341 402
341 401
341 400
340 400
340 399
340 398
339 398
339 397
338 397
337 397
337 396
336 396
335 396
334 396
333 396
333 395
332 395
332 394
332 393
332 392
332 391
333 391
333 390
333 389
334 389
334 388
335 388
335 387
336 387
337 387
338 387
338 386
339 386
339 385
339 384
340 384
341 384
342 384
343 384
344 384
345 384
345 383
346 383
347 383
347 382
347 381
348 381
349 381
349 380
350 380
351 380
351 379
352 379
352 378
351 445
351 446
351 444
350 444
350 443
350 442
349 442
349 441
349 440
352 446
353 446
354 446
355 446
355 447
354 447
354 448
353 448
353 449
352 449
352 450
351 450
351 451
350 451
349 451
348 451
347 451
346 451
345 451
344 451
343 451
342 451
341 451
340 451
339 451
339 452
338 452
337 452
336 452
335 452
334 452
333 452
332 452
332 453
331 453
330 453
329 453
328 453
327 453
326 453
325 453
324 453
323 453
322 453
322 452
321 452
439 480
438 480
440 480
441 480
442 480
443 480
444 480
445 480
437 480
436 480
435 480
434 480
433 480
432 480
432 481
431 481
430 481
429 481
428 481
427 481
426 481
425 481
424 481
424 480
423 480
423 479
422 479
422 478
421 478
420 478
419 478
419 479
418 479
417 479
417 480
416 480
416 481
416 482
416 483
416 484
416 485
416 486
415 486
415 487
415 488
414 488
414 489
414 490
413 490
413 491
412 491
411 491
410 491
409 491
408 491
408 492
407 492
406 492
405 492
404 492
403 492
402 492
401 492
400 492
399 492
399 493
398 493
397 493
396 493
395 493
395 494
394 494
393 494
393 495
392 495
392 496
391 496
390 496
390 497
389 497
389 498
388 498
387 498
386 498
385 498
384 498
383 498
382 498
381 498
381 499
380 499
380 500
380 501
379 501
337 61
336 61
338 61
339 61
340 61
340 60
341 60
341 61
342 61
342 62
343 62
344 62
345 62
345 63
345 64
345 65
345 66
345 67
345 68
344 68
344 69
343 69
343 70
344 70
345 70
346 70
347 70
348 70
349 70
350 70
351 70
352 70
353 70
354 70
355 70
355 71
356 71
356 72
356 73
357 73
357 74
358 74
335 61
334 61
333 61
332 61
331 61
330 61
329 61
329 60
328 60
328 61
327 61
327 62
326 62
326 63
325 63
324 63
323 63
322 63
321 63
320 63
319 63
318 63
318 64
317 64
316 64
316 65
315 65
314 65
314 66
313 66
312 66
312 65
312 64
312 63
312 62
312 61
312 60
311 60
311 59
311 58
312 58
312 57
312 56
312 55
312 54
312 53
312 52
311 52
311 51
310 51
309 51
308 51
308 50
307 50
306 50
305 50
305 51
304 51
304 52
303 52
303 53
302 53
301 53
300 53
300 52
299 52
298 52
298 51
297 51
297 50
296 50
296 49
297 49
297 48
298 48
298 47
299 47
299 46
299 45
300 45
300 44
300 43
300 42
299 42
298 42
298 41
298 40
298 39
299 39
299 38
299 37
300 37
300 36
300 35
300 34
301 34
301 33
302 33
303 33
303 32
304 32
305 32
306 32
306 33
306 34
307 34
307 35
307 36
308 36
309 36
310 36
311 36
312 36
313 36
313 35
314 35
314 34
315 34
315 33
316 33
317 33
317 32
318 32
318 31
319 31
319 30
419 272
418 272
420 272
421 272
421 273
422 273
423 273
423 274
424 274
424 275
425 275
425 276
426 276
426 277
426 278
427 278
427 279
428 279
428 280
429 280
429 281
429 282
429 283
429 284
430 284
430 285
430 286
430 287
431 287
431 288
431 289
431 290
432 290
432 291
433 291
433 292
434 292
435 292
435 293
436 293
437 293
437 294
438 294
439 294
439 295
440 295
441 295
442 295
443 295
444 295
444 294
445 294
445 293
446 293
446 292
447 292
448 292
448 291
449 291
450 291
450 290
450 289
450 288
450 287
450 286
451 286
451 285
452 285
452 284
452 283
453 283
453 284
453 285
454 285
455 285
456 285
457 285
457 284
458 284
459 284
459 283
460 283
461 283
461 282
462 282
463 282
464 282
465 282
466 282
466 281
467 281
467 280
467 279
468 279
468 278
469 278
469 277
469 276
470 276
471 276
472 276
473 276
474 276
475 276
476 276
476 275
477 275
477 274
417 272
416 272
415 272
414 272
413 272
412 272
411 272
411 273
410 273
410 274
409 274
409 275
408 275
407 275
406 275
405 275
404 275
403 275
402 275
401 275
400 275
399 275
398 275
397 275
396 275
396 276
395 276
395 277
395 278
395 279
395 280
395 281
395 282
395 283
394 283
394 284
395 284
396 284
396 285
397 285
398 285
399 285
399 286
400 286
400 287
400 288
400 289
400 290
400 291
400 292
400 293
401 293
401 294
337 54
336 54
337 55
338 55
338 56
339 56
339 57
339 58
340 58
340 59
336 53
336 52
336 51
336 50
336 49
336 48
336 47
336 46
336 45
336 44
336 43
336 42
336 41
336 40
336 39
336 38
336 37
337 37
337 36
338 36
339 36
339 35
340 35
341 35
341 34
342 34
343 34
343 33
344 33
344 32
344 31
344 30
345 30
346 30
347 30
348 30
349 30
350 30
351 30
351 31
352 31
352 32
353 32
354 32
355 32
356 32
357 32
358 32
359 32
360 32
361 32
361 33
361 34
361 35
361 36
361 37
361 38
361 39
360 39
360 40
359 40
359 41
358 41
357 41
356 41
355 41
354 41
353 41
353 42
352 42
352 43
351 43
351 44
352 44
352 45
352 46
352 47
352 48
352 49
353 49
353 50
354 50
354 51
354 52
354 53
355 53
355 54
355 55
355 56
354 56
354 57
354 58
353 58
353 59
353 60
353 61
353 62
353 63
353 64
353 65
353 66
353 67
354 67
354 68
355 68
355 69
281 33
281 34
281 32
281 31
281 30
281 29
282 29
282 28
283 28
284 28
280 34
280 35
279 35
279 36
279 37
278 37
278 38
279 38
279 39
279 40
279 41
279 42
280 42
280 43
281 43
281 44
282 44
283 44
284 44
285 44
286 44
287 44
288 44
288 45
288 46
289 46
289 47
289 48
289 49
289 50
289 51
290 51
290 50
291 50
292 50
293 50
294 50
295 50
347 433
347 434
346 433
346 432
345 432
344 432
344 431
344 430
344 429
344 428
344 427
345 427
346 427
347 427
347 426
346 426
346 425
346 424
346 423
346 422
346 421
346 420
345 420
345 419
344 419
344 418
343 418
342 418
341 418
340 418
339 418
339 417
338 417
338 416
337 416
336 416
335 416
334 416
333 416
332 416
331 416
347 435
347 436
347 437
348 437
348 438
348 439
349 439
61 273
61 272
61 274
61 275
61 276
62 276
62 277
61 271
60 271
60 270
59 270
59 269
58 269
387 272
388 272
386 272
385 272
384 272
383 272
382 272
381 272
380 272
380 273
379 273
379 274
379 275
379 276
379 277
379 278
379 279
380 279
380 280
380 281
380 282
380 283
380 284
380 285
381 285
381 286
381 287
382 287
382 288
383 288
383 289
383 290
384 290
384 291
385 291
386 291
386 292
387 292
388 292
388 293
389 293
389 294
390 294
391 294
392 294
393 294
394 294
395 294
396 294
397 294
398 294
399 294
400 294
389 272
390 272
391 272
391 273
392 273
392 274
393 274
394 274
394 275
395 275
413 207
412 207
413 206
414 206
414 205
414 204
414 203
414 202
414 201
414 200
415 200
415 201
415 202
415 203
415 204
415 205
416 205
417 205
417 206
418 206
419 206
420 206
420 205
421 205
422 205
423 205
424 205
424 204
424 203
424 202
424 201
424 200
424 199
424 198
425 198
426 198
426 197
427 197
428 197
429 197
430 197
431 197
431 196
431 195
431 194
431 193
431 192
431 191
432 191
433 191
433 190
434 190
435 190
436 190
437 190
438 190
439 190
440 190
441 190
442 190
443 190
444 190
445 190
445 191
446 191
446 192
447 192
447 193
447 194
448 194
448 195
449 195
449 196
450 196
450 195
451 195
451 194
451 193
451 192
451 191
452 191
452 190
453 190
454 190
454 189
455 189
456 189
457 189
458 189
458 188
459 188
459 187
459 186
459 185
460 185
461 185
462 185
463 185
464 185
465 185
466 185
467 185
468 185
469 185
469 184
469 183
469 182
469 181
470 181
471 181
472 181
473 181
473 180
474 180
475 180
412 208
411 208
411 209
411 210
410 210
410 211
409 211
409 212
408 212
408 213
408 214
408 215
408 216
409 216
409 217
410 217
411 217
411 218
412 218
412 219
413 219
414 219
414 220
415 220
416 220
417 220
418 220
419 220
419 221
420 221
420 220
421 220
421 219
421 218
422 218
422 217
422 216
423 216
423 215
424 215
425 215
425 214
426 214
427 214
427 213
427 212
427 211
427 210
426 210
426 209
426 208
426 207
425 207
425 206
425 205
352 167
353 167
351 167
350 167
349 167
348 167
347 167
346 167
346 166
345 166
345 165
345 164
345 163
344 163
344 162
343 162
343 161
342 161
342 160
342 159
341 159
341 158
340 158
339 158
339 157
338 157
337 157
336 157
336 156
335 156
335 157
334 157
334 158
333 158
333 159
332 159
332 160
332 161
331 161
331 162
330 162
329 162
328 162
328 161
328 160
328 159
328 158
328 157
327 157
327 156
326 156
326 155
325 155
325 154
324 154
323 154
322 154
321 154
320 154
319 154
318 154
317 154
316 154
315 154
314 154
313 154
313 155
312 155
311 155
310 155
309 155
309 156
308 156
308 157
308 158
308 159
308 160
308 161
308 162
308 163
308 164
308 165
309 165
309 166
309 167
309 168
309 169
309 170
309 171
309 172
309 173
309 174
309 175
309 176
309 177
309 178
309 179
309 180
309 181
309 182
309 183
309 184
309 185
310 185
310 186
311 186
311 187
312 187
313 187
314 187
315 187
316 187
317 187
318 187
318 188
317 188
317 189
316 189
315 189
315 190
315 191
315 192
315 193
315 194
315 195
315 196
315 197
315 198
315 199
314 199
314 200
314 201
313 201
313 202
313 203
313 204
313 205
313 206
314 206
314 207
314 208
314 209
314 210
314 211
314 212
314 213
313 213
313 214
312 214
312 215
311 215
311 216
310 216
310 217
309 217
309 218
308 218
308 219
308 220
307 220
307 221
306 221
306 222
305 222
305 223
305 224
304 224
304 225
303 225
302 225
302 226
301 226
300 226
300 227
299 227
354 167
355 167
356 167
356 166
356 165
357 165
357 164
357 163
358 163
358 164
358 165
359 165
359 166
359 167
360 167
360 168
361 168
362 168
363 168
364 168
365 168
366 168
367 168
368 168
369 168
370 168
371 168
371 167
371 166
371 165
371 164
371 163
371 162
372 162
373 162
374 162
375 162
376 162
376 163
377 163
378 163
379 163
380 163
381 163
382 163
383 163
384 163
384 164
385 164
386 164
387 164
388 164
389 164
390 164
391 164
391 165
392 165
393 165
393 166
394 166
394 167
393 167
393 168
393 169
393 170
392 170
391 170
390 170
389 170
388 170
387 170
386 170
385 170
384 170
383 170
382 170
382 171
431 232
430 232
431 233
431 234
431 235
431 236
431 237
430 237
430 238
429 238
429 239
428 239
428 240
428 241
429 241
429 242
429 243
430 243
431 243
431 244
432 244
432 245
433 245
434 245
435 245
436 245
436 244
437 244
438 244
439 244
439 243
440 243
440 242
440 241
441 241
441 240
440 240
440 239
440 238
440 237
440 236
440 235
440 234
439 234
439 233
439 232
440 232
440 231
441 231
441 230
442 230
442 229
443 229
443 228
444 228
445 228
446 228
447 228
448 228
449 228
450 228
430 231
429 231
429 230
428 230
428 229
427 229
427 228
427 227
426 227
426 226
425 226
424 226
424 225
423 225
423 224
422 224
421 224
421 223
420 223
420 222
403 214
402 214
404 214
405 214
406 214
406 213
407 213
407 212
401 214
400 214
400 215
399 215
398 215
398 216
397 216
397 217
396 217
354 264
355 264
353 264
352 264
351 264
350 264
349 264
349 263
349 262
349 261
350 261
350 260
350 259
350 258
350 257
350 256
350 255
350 254
349 254
349 253
348 253
347 253
347 252
346 252
345 252
344 252
343 252
343 251
343 250
344 250
344 249
345 249
345 248
346 248
347 248
347 247
348 247
349 247
349 246
350 246
350 245
350 244
349 244
349 243
348 243
348 242
347 242
347 241
347 240
346 240
346 239
346 238
346 237
346 236
345 236
344 236
343 236
343 235
342 235
342 234
341 234
340 234
339 234
338 234
337 234
336 234
335 234
334 234
333 234
332 234
332 233
331 233
331 232
330 232
330 231
329 231
329 230
329 229
328 229
328 228
327 228
327 227
326 227
325 227
325 226
325 225
325 224
325 223
325 222
325 221
325 220
324 220
323 220
322 220
321 220
320 220
319 220
318 220
317 220
316 220
315 220
315 219
315 218
315 217
315 216
315 215
314 215
314 214
356 264
357 264
357 265
358 265
358 266
359 266
359 267
359 268
360 268
361 268
362 268
363 268
364 268
364 267
365 267
365 268
365 269
365 270
365 271
365 272
366 272
367 272
368 272
369 272
370 272
371 272
372 272
373 272
374 272
375 272
376 272
377 272
378 272
379 272
438 138
438 139
438 137
438 136
438 135
438 134
438 133
438 132
438 131
439 131
440 131
441 131
442 131
443 131
444 131
444 132
445 132
445 131
445 130
445 129
446 129
446 128
447 128
448 128
449 128
450 128
451 128
452 128
453 128
454 128
455 128
456 128
457 128
458 128
459 128
460 128
461 128
461 129
461 130
462 130
462 131
463 131
463 132
463 133
464 133
464 134
465 134
465 135
465 136
465 137
465 138
465 139
465 140
465 141
465 142
465 143
465 144
464 144
464 145
463 145
463 146
464 146
465 146
466 146
467 146
467 147
468 147
469 147
470 147
471 147
472 147
473 147
473 146
473 145
473 144
473 143
473 142
473 141
474 141
474 140
474 139
474 138
474 137
474 136
475 136
475 135
476 135
476 134
477 134
478 134
479 134
480 134
481 134
482 134
482 135
482 136
483 136
483 137
483 138
483 139
483 140
484 140
484 141
485 141
485 142
486 142
487 142
488 142
489 142
490 142
490 141
491 141
492 141
492 140
493 140
493 139
494 139
494 138
495 138
496 138
496 137
496 136
497 136
497 135
498 135
498 134
499 134
499 133
500 133
501 133
502 133
503 133
503 132
504 132
505 132
506 132
506 131
507 131
508 131
509 131
509 130
510 130
511 130
511 129
438 140
437 140
437 141
436 141
436 142
435 142
435 143
434 143
434 144
434 145
434 146
434 147
434 148
434 149
434 150
434 151
433 151
432 151
431 151
430 151
429 151
428 151
427 151
426 151
426 150
425 150
425 149
425 148
424 148
424 147
424 146
423 146
423 145
422 145
421 145
421 144
420 144
419 144
418 144
417 144
416 144
415 144
414 144
414 145
413 145
412 145
411 145
411 146
411 147
411 148
411 149
411 150
412 150
412 151
413 151
413 152
413 153
413 154
413 155
413 156
413 157
413 158
414 158
414 159
413 159
413 160
413 161
413 162
412 162
412 163
411 163
411 164
410 164
409 164
409 165
408 165
408 166
407 166
407 167
407 168
407 169
407 170
407 171
406 171
405 171
405 170
405 169
404 169
404 168
404 167
403 167
403 166
402 166
401 166
400 166
399 166
398 166
397 166
396 166
395 166
445 83
446 83
444 83
443 83
442 83
441 83
440 83
439 83
438 83
438 84
439 84
439 85
440 85
440 86
441 86
441 87
442 87
442 88
442 89
442 90
443 90
443 91
443 92
444 92
444 93
445 93
445 94
446 94
447 94
447 95
448 95
449 95
449 96
450 96
451 96
451 97
451 98
451 99
452 99
452 100
452 101
453 101
453 102
453 103
454 103
454 104
454 105
454 106
454 107
454 108
454 109
454 110
454 111
454 112
454 113
453 113
453 114
453 115
453 116
453 117
453 118
453 119
453 120
453 121
452 121
452 122
453 122
453 123
454 123
454 124
454 125
454 126
454 127
455 127
456 127
447 83
448 83
448 82
449 82
449 81
450 81
450 80
451 80
452 80
453 80
454 80
455 80
455 81
456 81
457 81
458 81
459 81
460 81
460 82
461 82
462 82
463 82
464 82
464 83
464 84
464 85
464 86
464 87
464 88
464 89
465 89
466 89
467 89
468 89
469 89
470 89
470 90
471 90
471 91
471 92
471 93
471 94
471 95
471 96
471 97
471 98
472 98
472 99
472 100
471 100
471 101
470 101
469 101
469 102
468 102
468 103
467 103
467 104
467 105
467 106
467 107
467 108
467 109
467 110
467 111
466 111
466 110
465 110
464 110
463 110
462 110
462 109
461 109
460 109
460 108
459 108
458 108
458 107
457 107
457 106
456 106
455 106
455 105
376 438
376 439
376 437
376 436
376 435
376 434
376 433
376 432
376 431
376 430
376 429
376 428
376 427
376 426
376 425
376 424
376 423
376 422
375 422
376 440
376 441
376 442
376 443
376 444
376 445
376 446
376 447
376 448
376 449
376 450
377 450
377 451
378 451
378 452
379 452
379 453
380 453
380 454
381 454
381 455
381 456
382 456
383 456
384 456
385 456
386 456
387 456
388 456
389 456
390 456
390 457
391 457
391 458
392 458
392 459
393 459
394 459
394 460
394 461
394 462
394 463
394 464
394 465
394 466
394 467
394 468
394 469
394 470
394 471
394 472
393 472
393 473
393 474
392 474
392 475
391 475
390 475
389 475
388 475
388 474
387 474
386 474
385 474
384 474
383 474
382 474
381 474
380 474
379 474
378 474
378 475
377 475
377 476
377 477
376 477
376 478
375 478
374 478
373 478
372 478
371 478
370 478
369 478
368 478
368 479
367 479
367 480
366 480
366 481
365 481
365 482
364 482
363 482
362 482
361 482
361 483
360 483
360 484
359 484
316 391
316 390
317 391
317 392
317 393
317 394
318 394
318 395
319 395
319 394
320 394
321 394
322 394
322 393
323 393
324 393
325 393
326 393
327 393
328 393
329 393
330 393
331 393
316 389
316 388
316 387
316 386
315 386
315 385
315 384
315 383
315 382
316 382
316 381
316 380
317 380
317 379
318 379
318 378
319 378
320 378
321 378
322 378
323 378
324 378
325 378
325 379
326 379
327 379
328 379
328 380
329 380
330 380
331 380
332 380
333 380
334 380
335 380
336 380
337 380
337 381
338 381
338 382
338 383
338 384
338 385
497 158
497 157
497 159
498 159
498 160
499 160
499 161
499 162
500 162
500 163
500 164
500 165
500 166
500 167
500 168
500 169
500 170
501 170
502 170
502 171
503 171
503 172
503 173
503 174
503 175
503 176
503 177
504 177
504 178
503 178
503 179
503 180
502 180
502 181
502 182
502 183
502 184
502 185
502 186
501 186
500 186
499 186
499 187
498 187
497 187
497 188
496 188
495 188
495 189
494 189
494 190
493 190
492 190
492 191
491 191
490 191
489 191
489 190
488 190
487 190
487 189
487 188
486 188
485 188
485 187
486 187
486 186
487 186
487 185
487 184
487 183
488 183
488 182
488 181
488 180
488 179
488 178
489 178
489 177
488 177
488 176
487 176
487 175
486 175
486 174
485 174
485 173
484 173
483 173
482 173
481 173
480 173
480 174
480 175
480 176
480 177
479 177
479 178
478 178
478 179
477 179
476 179
476 180
496 157
496 156
496 155
496 154
496 153
496 152
497 152
498 152
498 151
499 151
500 151
500 150
501 150
501 149
501 148
502 148
502 147
503 147
503 146
503 145
504 145
504 144
504 143
504 142
504 141
504 140
504 139
504 138
504 137
504 136
504 135
504 134
503 134
502 134
501 134
500 134
444 350
445 350
443 350
442 350
442 349
441 349
441 348
440 348
439 348
439 347
438 347
437 347
436 347
436 346
436 345
436 344
436 343
436 342
436 341
436 340
436 339
437 339
437 338
437 337
436 337
435 337
435 336
435 335
435 334
435 333
435 332
435 331
435 330
435 329
435 328
435 327
435 326
435 325
435 324
435 323
435 322
434 322
433 322
432 322
431 322
430 322
429 322
428 322
428 321
428 320
428 319
427 319
426 319
426 318
425 318
424 318
423 318
423 317
422 317
421 317
420 317
419 317
419 316
418 316
418 315
418 314
417 314
417 313
417 312
416 312
415 312
415 311
414 311
414 310
413 310
413 309
413 308
413 307
413 306
413 305
413 304
414 304
415 304
415 303
415 302
415 301
415 300
415 299
415 298
415 297
415 296
416 296
416 295
417 295
418 295
419 295
420 295
420 294
421 294
421 295
422 295
423 295
424 295
425 295
426 295
427 295
428 295
428 296
429 296
429 297
430 297
430 298
430 299
431 299
431 300
431 301
431 302
431 303
432 303
433 303
434 303
435 303
436 303
437 303
438 303
439 303
440 303
441 303
442 303
443 303
443 304
444 304
444 303
444 302
444 301
444 300
444 299
444 298
444 297
444 296
446 350
447 350
448 350
448 351
448 352
448 353
448 354
448 355
448 356
449 356
449 357
450 357
450 358
451 358
452 358
452 359
453 359
453 360
454 360
433 108
434 108
433 107
433 106
433 105
433 104
433 103
434 103
435 103
436 103
437 103
438 103
439 103
440 103
441 103
442 103
443 103
444 103
444 102
445 102
446 102
447 102
448 102
449 102
450 102
451 102
452 102
434 109
434 110
434 111
434 112
435 112
435 113
436 113
436 114
437 114
437 115
438 115
438 116
294 207
294 206
294 208
294 209
294 210
294 211
294 212
294 213
294 214
293 214
292 214
292 215
293 215
294 215
295 215
296 215
297 215
298 215
298 216
299 216
300 216
301 216
302 216
302 217
303 217
304 217
305 217
306 217
307 217
308 217
294 205
295 205
295 204
295 203
295 202
295 201
295 200
295 199
295 198
294 198
294 197
293 197
293 196
292 196
292 195
292 194
291 194
291 193
290 193
290 192
289 192
288 192
288 191
287 191
286 191
285 191
284 191
283 191
282 191
281 191
280 191
279 191
279 192
278 192
478 266
478 267
478 265
478 264
478 263
478 262
477 262
477 261
477 260
476 260
476 259
476 258
476 257
476 256
476 255
477 255
477 254
477 253
477 252
477 251
478 251
478 250
479 250
480 250
480 249
480 248
480 247
480 246
480 245
480 244
480 243
480 242
479 242
479 241
479 240
478 240
478 239
478 238
477 238
477 237
476 237
476 236
475 236
474 236
474 235
473 235
472 235
471 235
470 235
469 235
468 235
468 236
467 236
467 237
466 237
466 238
466 239
465 239
464 239
464 238
464 237
463 237
463 236
462 236
461 236
460 236
459 236
459 235
458 235
458 234
458 233
458 232
457 232
457 231
457 230
456 230
456 229
455 229
454 229
453 229
452 229
451 229
451 228
478 268
478 269
478 270
478 271
478 272
478 273
478 274
372 230
372 229
373 230
373 231
374 231
374 232
375 232
375 233
376 233
377 233
378 233
379 233
379 232
380 232
381 232
382 232
383 232
384 232
385 232
386 232
387 232
388 232
389 232
390 232
390 231
390 230
390 229
390 228
390 227
390 226
390 225
390 224
390 223
390 222
390 221
390 220
391 220
392 220
393 220
394 220
394 219
395 219
395 218
396 218
372 228
372 227
372 226
372 225
372 224
371 224
371 223
371 222
370 222
370 223
369 223
369 224
368 224
367 224
366 224
365 224
364 224
363 224
363 223
362 223
362 222
362 221
361 221
361 220
360 220
360 219
360 218
359 218
359 217
358 217
358 216
358 215
358 214
358 213
358 212
357 212
356 212
355 212
354 212
353 212
352 212
352 213
351 213
350 213
350 214
349 214
348 214
348 215
348 216
348 217
348 218
348 219
348 220
348 221
348 222
348 223
348 224
349 224
349 225
350 225
350 226
351 226
351 227
352 227
352 228
351 228
351 229
350 229
350 230
349 230
349 231
349 232
348 232
348 233
348 234
347 234
347 235
347 236
270 106
271 106
270 105
270 104
270 103
269 103
269 102
269 101
268 101
268 100
268 99
267 99
267 98
267 97
267 96
266 96
266 95
265 95
265 94
264 94
264 93
264 92
263 92
263 91
263 90
263 89
263 88
263 87
263 86
263 85
264 85
264 84
264 83
264 82
265 82
265 81
265 80
266 80
271 107
271 108
272 108
273 108
273 109
274 109
275 109
276 109
277 109
278 109
278 108
279 108
279 107
279 106
279 105
279 104
279 103
280 103
280 102
281 102
281 101
282 101
282 100
282 99
282 98
283 98
283 97
284 97
284 96
285 96
286 96
287 96
288 96
289 96
290 96
291 96
292 96
293 96
294 96
295 96
296 96
296 95
296 94
295 94
294 94
294 93
294 92
294 91
294 90
294 89
294 88
294 87
294 86
294 85
294 84
294 83
294 82
294 81
295 81
295 80
296 80
297 80
298 80
299 80
300 80
301 80
302 80
303 80
304 80
305 80
306 80
307 80
307 79
308 79
309 79
309 78
310 78
310 77
311 77
311 76
311 75
311 74
311 73
311 72
311 71
311 70
311 69
311 68
311 67
312 67
404 185
404 184
405 185
406 185
407 185
408 185
409 185
409 186
410 186
410 187
410 188
411 188
411 189
412 189
412 190
413 190
414 190
414 191
415 191
416 191
417 191
418 191
418 190
419 190
419 189
420 189
421 189
422 189
423 189
424 189
425 189
426 189
427 189
427 190
428 190
428 191
429 191
430 191
430 192
404 183
404 182
404 181
404 180
404 179
404 178
405 178
405 177
404 177
404 176
404 175
404 174
404 173
404 172
405 172
443 121
443 122
442 121
442 120
441 120
440 120
440 119
440 118
439 118
439 117
438 117
444 122
444 123
444 124
444 125
445 125
445 126
446 126
446 127
495 447
495 446
495 448
495 449
495 450
495 451
494 451
494 452
494 453
494 454
494 455
494 456
495 456
495 457
496 457
496 458
496 459
497 459
497 460
498 460
498 461
499 461
499 462
500 462
501 462
502 462
502 463
502 464
502 465
502 466
503 466
503 467
504 467
504 468
505 468
495 445
495 444
495 443
495 442
495 441
495 440
495 439
496 439
309 91
309 90
309 92
309 93
309 94
309 95
308 95
308 96
307 96
307 97
306 97
305 97
304 97
303 97
302 97
301 97
300 97
299 97
298 97
297 97
297 96
297 95
309 89
309 88
309 87
309 86
309 85
309 84
309 83
309 82
308 82
308 81
308 80
455 349
456 349
454 349
453 349
452 349
451 349
450 349
449 349
449 350
456 350
457 350
458 350
459 350
460 350
461 350
461 349
462 349
463 349
464 349
464 348
464 347
464 346
464 345
464 344
464 343
464 342
464 341
463 341
462 341
462 340
462 339
462 338
462 337
462 336
462 335
462 334
462 333
463 333
463 332
463 331
462 331
461 331
460 331
459 331
458 331
457 331
456 331
455 331
454 331
453 331
452 331
451 331
451 330
450 330
450 329
449 329
449 328
448 328
448 327
448 326
448 325
447 325
447 324
446 324
445 324
444 324
443 324
443 323
443 322
442 322
442 321
442 320
441 320
441 319
440 319
439 319
439 320
438 320
437 320
436 320
436 321
435 321
434 321
433 321
363 177
363 178
363 176
363 175
363 174
364 174
364 173
364 172
363 172
363 171
363 170
362 170
362 169
361 169
363 179
363 180
363 181
362 181
362 182
362 183
361 183
361 184
361 185
362 185
362 186
362 187
362 188
362 189
362 190
362 191
362 192
362 193
361 193
361 194
361 195
361 196
361 197
361 198
361 199
361 200
362 200
363 200
364 200
365 200
366 200
367 200
367 199
368 199
368 200
369 200
370 200
371 200
372 200
372 201
373 201
373 202
373 203
373 204
373 205
373 206
373 207
373 208
373 209
374 209
374 210
374 211
373 211
373 212
372 212
372 213
371 213
370 213
370 214
370 215
370 216
370 217
370 218
370 219
370 220
370 221
466 372
466 373
466 371
466 370
467 370
467 369
467 368
468 368
468 367
468 366
469 366
469 365
470 365
470 366
471 366
472 366
473 366
473 365
474 365
475 365
476 365
476 364
477 364
478 364
478 363
478 362
477 362
477 361
476 361
476 360
475 360
475 359
475 358
474 358
474 357
473 357
473 356
473 355
473 354
473 353
473 352
473 351
474 351
474 350
475 350
475 349
474 349
474 348
473 348
472 348
471 348
470 348
469 348
468 348
467 348
466 348
465 348
466 374
466 375
466 376
466 377
466 378
467 378
467 379
468 379
468 380
469 380
469 381
469 382
469 383
470 383
471 383
471 384
472 384
473 384
473 385
474 385
474 386
475 386
475 387
476 387
476 388
476 389
477 389
390 139
391 139
390 138
389 138
388 138
388 137
388 136
388 135
388 134
387 134
387 133
386 133
386 132
385 132
385 131
385 130
384 130
384 129
384 128
384 127
384 126
384 125
384 124
384 123
384 122
385 122
386 122
386 121
387 121
388 121
388 120
389 120
389 119
390 119
390 118
390 117
391 117
391 116
392 116
392 115
393 115
393 114
394 114
394 113
395 113
395 112
395 111
395 110
395 109
395 108
395 107
395 106
395 105
396 105
397 105
398 105
399 105
400 105
401 105
402 105
403 105
404 105
404 106
404 107
405 107
405 108
405 109
405 110
406 110
407 110
408 110
408 111
408 112
408 113
408 114
408 115
408 116
408 117
408 118
408 119
408 120
407 120
407 121
406 121
406 122
405 122
405 123
404 123
404 124
403 124
403 125
402 125
402 126
402 127
401 127
401 128
401 129
402 129
402 130
402 131
402 132
403 132
403 133
403 134
403 135
403 136
404 136
404 137
405 137
405 138
405 139
405 140
405 141
405 142
405 143
405 144
406 144
406 145
407 145
408 145
408 146
409 146
409 147
410 147
410 148
410 149
391 140
392 140
392 141
393 141
393 142
393 143
394 143
395 143
395 144
396 144
397 144
398 144
398 145
398 146
398 147
398 148
398 149
397 149
397 150
396 150
396 151
396 152
396 153
396 154
396 155
397 155
398 155
399 155
400 155
401 155
402 155
403 155
404 155
405 155
406 155
407 155
408 155
409 155
410 155
411 155
412 155
412 154
412 153
412 152
424 174
424 175
424 173
423 173
422 173
421 173
421 172
420 172
419 172
418 172
417 172
416 172
415 172
415 171
414 171
413 171
412 171
411 171
410 171
409 171
408 171
424 176
425 176
425 177
426 177
426 178
427 178
427 179
428 179
428 180
428 181
429 181
429 182
429 183
429 184
430 184
430 185
430 186
430 187
430 188
430 189
430 190
508 32
508 33
508 31
508 30
508 29
507 29
506 29
506 28
505 28
504 28
503 28
503 27
503 26
503 25
503 24
503 23
503 22
503 21
502 21
502 20
501 20
500 20
499 20
498 20
497 20
496 20
496 19
495 19
494 19
494 18
494 17
494 16
494 15
494 14
494 13
494 12
494 11
493 11
493 10
492 10
492 9
491 9
491 8
491 7
490 7
490 6
489 6
488 6
487 6
486 6
486 5
485 5
485 6
485 7
485 8
485 9
484 9
484 10
483 10
482 10
482 11
481 11
481 12
481 13
480 13
480 14
480 15
480 16
480 17
480 18
480 19
480 20
481 20
481 21
481 22
481 23
481 24
482 24
482 25
483 25
484 25
484 26
485 26
485 27
486 27
486 28
487 28
487 29
487 30
487 31
487 32
487 33
487 34
487 35
487 36
488 36
488 37
488 38
488 39
489 39
489 40
489 41
490 41
491 41
492 41
493 41
494 41
494 42
493 42
492 42
491 42
490 42
489 42
489 43
488 43
487 43
487 44
486 44
485 44
485 45
484 45
483 45
483 46
483 47
483 48
483 49
483 50
483 51
483 52
483 53
483 54
482 54
481 54
481 53
480 53
480 52
479 52
479 51
478 51
477 51
477 50
476 50
475 50
474 50
473 50
472 50
471 50
470 50
470 51
469 51
469 52
468 52
467 52
466 52
465 52
464 52
463 52
462 52
461 52
461 53
460 53
460 54
460 55
459 55
459 56
458 56
457 56
456 56
455 56
454 56
453 56
453 55
452 55
452 54
451 54
451 53
450 53
450 52
450 51
449 51
449 50
448 50
448 51
447 51
446 51
445 51
444 51
443 51
442 51
441 51
440 51
439 51
438 51
438 50
437 50
437 49
437 48
437 47
438 47
438 46
438 45
438 44
437 44
436 44
436 43
435 43
434 43
433 43
432 43
432 42
432 41
432 40
432 39
432 38
433 38
433 37
434 37
434 36
434 35
435 35
435 34
435 33
435 32
435 31
436 31
436 30
437 30
437 29
437 28
436 28
436 27
435 27
434 27
433 27
432 27
431 27
430 27
429 27
429 26
428 26
428 25
427 25
427 24
426 24
426 23
425 23
425 22
424 22
424 21
423 21
423 20
422 20
422 19
422 18
422 17
422 16
422 15
422 14
421 14
420 14
420 13
419 13
419 12
418 12
418 11
418 10
417 10
417 9
417 8
416 8
416 9
415 9
414 9
413 9
412 9
411 9
410 9
410 10
409 10
508 34
508 35
508 36
509 36
509 37
510 37
510 38
510 39
509 39
509 40
509 41
509 42
508 42
508 43
508 44
507 44
507 45
507 46
506 46
506 47
506 48
506 49
505 49
504 49
503 49
502 49
501 49
500 49
499 49
498 49
497 49
496 49
496 48
496 47
495 47
495 46
495 45
494 45
494 44
494 43
469 430
468 430
470 430
471 430
472 430
473 430
474 430
475 430
475 429
476 429
476 428
477 428
477 427
477 426
477 425
477 424
477 423
478 423
478 422
479 422
479 421
480 421
480 420
481 420
482 420
483 420
484 420
485 420
485 421
485 422
485 423
485 424
485 425
484 425
484 426
483 426
483 427
483 428
483 429
483 430
483 431
483 432
483 433
484 433
484 434
484 435
484 436
485 436
486 436
487 436
488 436
489 436
489 437
490 437
491 437
492 437
493 437
494 437
495 437
495 438
496 438
467 430
466 430
465 430
465 431
464 431
464 432
463 432
462 432
461 432
460 432
459 432
459 433
458 433
457 433
456 433
456 432
455 432
454 432
453 432
452 432
452 431
451 431
451 430
451 429
450 429
450 430
449 430
449 431
449 432
449 433
449 434
449 435
449 436
449 437
449 438
449 439
449 440
449 441
449 442
448 442
447 442
446 442
445 442
444 442
444 443
443 443
442 443
442 444
442 445
442 446
442 447
442 448
441 448
440 448
440 449
439 449
439 450
438 450
438 451
438 452
437 452
437 453
437 454
436 454
436 455
436 456
436 457
436 458
436 459
436 460
437 460
437 461
438 461
439 461
440 461
440 462
439 462
439 463
439 464
439 465
439 466
439 467
438 467
438 468
437 468
436 468
436 469
436 470
436 471
436 472
436 473
436 474
435 474
434 474
434 475
434 476
434 477
434 478
434 479
335 81
336 81
335 82
334 82
334 83
334 84
333 84
333 85
332 85
332 86
331 86
331 87
330 87
330 88
329 88
329 89
328 89
328 90
327 90
327 89
326 89
326 88
325 88
325 87
325 86
325 85
325 84
325 83
325 82
325 81
325 80
325 79
326 79
326 78
327 78
327 77
327 76
327 75
327 74
327 73
327 72
328 72
328 71
329 71
330 71
330 70
330 69
329 69
329 68
328 68
328 67
328 66
327 66
327 65
327 64
327 63
337 81
338 81
339 81
339 80
340 80
340 79
340 78
341 78
341 77
342 77
342 76
342 75
343 75
343 74
343 73
343 72
343 71
380 0
381 0
379 0
378 0
377 0
376 0
375 0
374 0
373 0
373 1
372 1
371 1
371 2
370 2
369 2
368 2
367 2
366 2
365 2
365 3
364 3
364 4
363 4
362 4
362 5
361 5
360 5
360 6
359 6
358 6
358 7
358 8
357 8
357 9
357 10
356 10
355 10
355 11
354 11
354 12
353 12
353 13
352 13
352 14
352 15
351 15
351 16
351 17
351 18
351 19
351 20
351 21
352 21
352 22
351 22
351 23
351 24
351 25
351 26
351 27
351 28
351 29
382 0
383 0
384 0
384 1
384 2
384 3
384 4
384 5
385 5
386 5
386 6
387 6
387 7
388 7
388 8
389 8
390 8
391 8
392 8
393 8
394 8
395 8
395 9
396 9
397 9
397 10
398 10
399 10
400 10
400 11
401 11
402 11
403 11
404 11
405 11
406 11
407 11
408 11
409 11
490 411
490 412
490 410
490 409
490 408
490 407
489 407
488 407
488 406
487 406
487 405
486 405
485 405
484 405
484 404
483 404
483 403
483 402
483 401
483 400
483 399
483 398
483 397
483 396
482 396
482 395
482 394
481 394
480 394
479 394
479 393
478 393
478 392
478 391
477 391
477 390
490 413
490 414
489 414
489 415
489 416
488 416
488 417
487 417
486 417
485 417
484 417
484 418
484 419
390 408
391 408
389 408
389 409
388 409
388 410
387 410
387 411
387 412
386 412
386 413
385 413
385 414
385 415
386 415
386 416
386 417
386 418
386 419
386 420
387 420
387 421
386 421
386 422
385 422
385 423
384 423
383 423
382 423
381 423
380 423
379 423
378 423
377 423
392 408
393 408
394 408
395 408
396 408
397 408
398 408
399 408
400 408
400 407
401 407
402 407
403 407
404 407
404 408
404 409
405 409
405 410
406 410
407 410
408 410
408 411
409 411
409 412
410 412
411 412
411 413
412 413
413 413
413 414
414 414
415 414
416 414
417 414
418 414
419 414
419 415
420 415
420 416
421 416
422 416
423 416
424 416
425 416
426 416
427 416
427 417
427 418
428 418
428 419
428 420
429 420
429 421
430 421
430 422
431 422
431 423
432 423
433 423
433 424
434 424
435 424
436 424
436 425
437 425
437 426
438 426
439 426
439 427
439 428
439 429
439 430
439 431
439 432
438 432
438 433
437 433
436 433
436 434
437 434
437 435
437 436
437 437
437 438
438 438
438 439
439 439
439 440
440 440
441 440
441 441
442 441
443 441
444 441
11 96
10 96
12 96
13 96
14 96
15 96
16 96
16 97
17 97
17 98
9 96
8 96
7 96
6 96
6 95
5 95
5 94
362 321
362 320
361 321
361 322
360 322
360 323
359 323
359 324
359 325
359 326
359 327
358 327
358 328
357 328
357 329
357 330
357 331
357 332
357 333
357 334
357 335
357 336
357 337
356 337
356 338
357 338
357 339
358 339
358 340
358 341
359 341
359 342
359 343
360 343
361 343
362 343
363 343
363 344
364 344
365 344
366 344
367 344
368 344
369 344
369 343
370 343
370 344
370 345
370 346
370 347
370 348
371 348
371 349
371 350
370 350
370 351
369 351
369 352
368 352
368 353
367 353
367 354
366 354
366 355
366 356
365 356
364 356
363 356
362 356
361 356
360 356
360 357
360 358
359 358
358 358
357 358
356 358
355 358
354 358
354 359
353 359
353 360
352 360
352 361
352 362
352 363
352 364
352 365
352 366
351 366
351 365
351 364
351 363
351 362
351 361
351 360
350 360
350 359
349 359
348 359
348 358
347 358
347 357
346 357
346 356
345 356
344 356
344 355
343 355
343 354
342 354
342 353
341 353
341 354
340 354
340 355
339 355
338 355
337 355
336 355
335 355
334 355
333 355
332 355
331 355
330 355
329 355
328 355
327 355
326 355
325 355
325 356
325 357
324 357
324 358
324 359
323 359
323 360
323 361
323 362
323 363
323 364
323 365
323 366
323 367
323 368
324 368
325 368
326 368
327 368
328 368
329 368
329 369
328 369
327 369
326 369
325 369
324 369
324 370
324 371
323 371
323 372
323 373
323 374
323 375
323 376
323 377
363 320
364 320
364 319
365 319
366 319
367 319
368 319
369 319
369 320
370 320
370 321
371 321
371 320
372 320
373 320
374 320
374 319
375 319
376 319
376 320
377 320
377 321
377 322
377 323
378 323
378 324
379 324
380 324
381 324
381 325
382 325
383 325
384 325
385 325
386 325
387 325
388 325
389 325
389 324
390 324
390 323
390 322
390 321
390 320
390 319
390 318
390 317
390 316
390 315
391 315
392 315
393 315
393 314
394 314
395 314
395 313
396 313
397 313
398 313
398 312
399 312
399 311
400 311
400 310
399 310
399 309
398 309
397 309
396 309
395 309
394 309
393 309
392 309
391 309
391 308
391 307
391 306
391 305
391 304
391 303
391 302
391 301
391 300
391 299
391 298
390 298
390 297
390 296
390 295
247 377
246 377
248 377
249 377
250 377
251 377
251 376
251 375
250 375
250 374
250 373
250 372
250 371
249 371
249 370
249 369
249 368
249 367
249 366
249 365
250 365
250 364
251 364
251 363
252 363
253 363
253 362
254 362
254 361
254 360
254 359
254 358
254 357
254 356
254 355
254 354
254 353
254 352
253 352
253 351
253 350
253 349
253 348
253 347
253 346
254 346
254 347
255 347
256 347
257 347
258 347
259 347
260 347
261 347
262 347
263 347
264 347
265 347
265 346
266 346
266 345
267 345
267 344
268 344
268 343
269 343
270 343
271 343
272 343
272 342
273 342
274 342
274 343
275 343
276 343
276 344
277 344
278 344
279 344
279 345
278 345
277 345
277 346
276 346
275 346
274 346
273 346
273 347
273 348
273 349
273 350
273 351
273 352
272 352
272 353
271 353
271 354
270 354
270 355
271 355
272 355
273 355
274 355
275 355
276 355
277 355
278 355
278 356
278 357
278 358
278 359
279 359
279 360
279 361
280 361
280 362
281 362
281 363
282 363
282 364
283 364
284 364
285 364
285 365
286 365
287 365
287 366
288 366
288 367
289 367
289 366
289 365
289 364
289 363
289 362
289 361
289 360
290 360
290 359
290 358
291 358
291 357
291 356
292 356
293 356
294 356
294 357
295 357
295 356
296 356
297 356
298 356
299 356
300 356
301 356
302 356
303 356
303 357
304 357
305 357
305 356
306 356
306 355
307 355
307 354
308 354
309 354
310 354
311 354
312 354
313 354
314 354
314 353
314 352
314 351
314 350
314 349
313 349
313 348
313 347
313 346
313 345
313 344
313 343
313 342
314 342
315 342
316 342
317 342
318 342
319 342
320 342
320 341
321 341
321 342
322 342
323 342
324 342
325 342
326 342
327 342
328 342
329 342
330 342
331 342
331 343
332 343
332 344
333 344
333 345
333 346
333 347
333 348
333 349
333 350
333 351
333 352
333 353
333 354
245 377
244 377
243 377
243 378
243 379
243 380
243 381
242 381
242 382
241 382
241 383
240 383
240 384
239 384
238 384
237 384
236 384
235 384
234 384
234 383
233 383
232 383
231 383
231 382
230 382
230 381
229 381
229 380
228 380
386 407
386 406
386 408
386 409
386 410
386 411
385 406
385 405
384 405
384 404
383 404
382 404
382 403
381 403
380 403
380 402
380 401
380 400
379 400
379 399
378 399
377 399
376 399
375 399
375 398
374 398
373 398
372 398
371 398
371 397
370 397
370 396
370 395
370 394
370 393
370 392
370 391
370 390
370 389
371 389
371 388
372 388
372 387
373 387
373 386
374 386
374 385
375 385
376 385
377 385
377 384
378 384
378 383
379 383
379 382
380 382
380 381
379 381
378 381
378 380
377 380
376 380
376 379
375 379
375 378
374 378
373 378
373 377
372 377
371 377
371 376
370 376
369 376
368 376
367 376
366 376
365 376
364 376
363 376
362 376
361 376
360 376
359 376
358 376
357 376
356 376
355 376
355 377
354 377
353 377
353 378
260 150
259 150
261 150
262 150
262 151
263 151
263 152
263 153
264 153
264 154
264 155
265 155
266 155
266 156
267 156
268 156
268 157
269 157
269 158
269 159
270 159
270 160
270 161
270 162
271 162
271 161
272 161
272 160
273 160
273 159
274 159
275 159
276 159
277 159
278 159
279 159
280 159
281 159
282 159
282 158
283 158
284 158
284 157
285 157
285 158
285 159
285 160
285 161
285 162
285 163
285 164
286 164
286 165
286 166
286 167
286 168
286 169
286 170
286 171
286 172
285 172
285 173
284 173
284 174
284 175
284 176
284 177
284 178
285 178
286 178
287 178
288 178
289 178
290 178
290 179
291 179
292 179
292 180
292 181
293 181
293 182
293 183
293 184
293 185
293 186
292 186
291 186
291 187
290 187
289 187
289 188
288 188
288 189
288 190
258 150
257 150
256 150
255 150
254 150
254 149
254 148
253 148
253 147
253 146
252 146
252 147
252 148
252 149
252 150
252 151
252 152
252 153
252 154
251 154
251 155
251 156
250 156
249 156
249 157
249 158
249 159
249 160
249 161
249 162
248 162
248 163
248 164
247 164
247 165
248 165
248 166
248 167
248 168
248 169
248 170
248 171
248 172
248 173
248 174
248 175
248 176
248 177
247 177
247 178
247 179
248 179
248 180
248 181
248 182
248 183
248 184
248 185
247 185
247 186
246 186
246 187
245 187
245 188
245 189
244 189
244 190
244 191
243 191
243 192
242 192
242 193
242 194
242 195
242 196
242 197
242 198
243 198
243 199
242 199
242 200
241 200
241 201
241 202
241 203
241 204
241 205
241 206
241 207
241 208
242 208
243 208
243 209
244 209
245 209
246 209
246 208
247 208
248 208
249 208
250 208
251 208
252 208
252 209
253 209
253 210
254 210
254 211
255 211
256 211
256 212
257 212
258 212
258 213
259 213
259 214
260 214
260 215
261 215
261 216
261 217
262 217
262 218
262 219
262 220
262 221
262 222
262 223
262 224
262 225
263 225
263 226
264 226
265 226
265 227
266 227
267 227
268 227
269 227
270 227
271 227
271 226
272 226
272 225
273 225
273 224
274 224
274 223
274 222
274 221
274 220
274 219
275 219
276 219
276 218
277 218
277 217
278 217
278 216
279 216
279 215
280 215
281 215
282 215
283 215
284 215
284 214
285 214
286 214
286 213
287 213
288 213
289 213
290 213
290 214
291 214
12 106
12 105
12 107
12 108
12 109
12 110
12 111
12 112
13 112
13 113
13 114
12 104
12 103
12 102
12 101
12 100
13 100
14 100
15 100
15 99
16 99
17 99
77 503
77 504
78 503
78 502
79 502
80 502
80 501
81 501
81 500
82 500
77 505
77 506
77 507
77 508
77 509
76 509
76 510
76 511
75 511
384 75
384 76
384 74
384 73
384 72
384 71
385 71
385 70
385 69
385 68
385 67
385 66
385 65
385 64
385 63
385 62
385 61
386 61
386 60
386 59
386 58
386 57
386 56
387 56
387 55
387 54
388 54
388 53
389 53
390 53
391 53
391 52
392 52
393 52
393 51
394 51
394 50
394 49
395 49
395 48
396 48
397 48
398 48
399 48
400 48
400 49
401 49
401 50
402 50
403 50
403 51
403 52
403 53
403 54
403 55
403 56
404 56
404 57
405 57
405 58
406 58
407 58
408 58
408 59
409 59
409 60
410 60
410 61
411 61
412 61
413 61
414 61
415 61
416 61
416 62
417 62
417 63
418 63
418 64
419 64
419 65
420 65
421 65
421 66
422 66
422 67
422 68
422 69
422 70
422 71
422 72
421 72
421 73
421 74
420 74
420 75
420 76
421 76
421 77
421 78
421 79
421 80
421 81
421 82
421 83
421 84
421 85
421 86
421 87
420 87
420 88
421 88
421 89
421 90
421 91
422 91
422 92
423 92
423 93
424 93
424 94
425 94
425 95
426 95
427 95
428 95
429 95
430 95
431 95
431 96
430 96
430 97
430 98
430 99
430 100
430 101
430 102
431 102
432 102
432 103
383 76
383 77
382 77
382 78
381 78
380 78
380 79
379 79
378 79
377 79
376 79
375 79
374 79
373 79
372 79
371 79
371 78
370 78
370 77
369 77
368 77
368 76
367 76
366 76
366 75
365 75
364 75
363 75
362 75
361 75
360 75
359 75
358 75
362 290
363 290
361 290
360 290
359 290
358 290
357 290
357 289
356 289
355 289
354 289
354 288
353 288
352 288
352 287
352 286
351 286
351 287
350 287
350 288
349 288
348 288
348 289
347 289
347 290
346 290
345 290
345 291
344 291
344 292
343 292
343 293
343 294
343 295
342 295
342 296
342 297
341 297
341 298
340 298
340 299
339 299
339 300
338 300
338 301
338 302
338 303
338 304
338 305
337 305
336 305
335 305
334 305
333 305
333 304
333 303
333 302
332 302
332 301
331 301
331 300
330 300
329 300
328 300
328 299
327 299
327 298
326 298
326 299
325 299
324 299
323 299
322 299
321 299
320 299
320 300
319 300
319 301
318 301
317 301
317 302
316 302
316 303
315 303
315 304
315 305
315 306
315 307
315 308
315 309
315 310
315 311
314 311
314 310
314 309
314 308
314 307
314 306
314 305
314 304
313 304
312 304
311 304
310 304
309 304
308 304
307 304
306 304
305 304
305 305
304 305
303 305
302 305
301 305
301 304
300 304
299 304
299 303
298 303
298 302
299 302
299 301
299 300
298 300
298 299
297 299
297 298
296 298
296 297
296 296
296 295
296 294
296 293
295 293
295 294
294 294
293 294
293 295
293 296
292 296
292 297
292 298
291 298
291 299
290 299
290 300
289 300
289 301
288 301
287 301
286 301
285 301
284 301
284 302
283 302
283 303
283 304
283 305
283 306
283 307
283 308
284 308
285 308
285 309
284 309
284 310
284 311
284 312
283 312
283 313
283 314
282 314
282 315
282 316
282 317
282 318
282 319
282 320
282 321
281 321
281 322
281 323
280 323
280 324
280 325
280 326
280 327
279 327
279 328
280 328
280 329
280 330
280 331
280 332
280 333
280 334
280 335
280 336
279 336
279 337
278 337
278 338
277 338
277 339
276 339
276 340
276 341
276 342
364 290
365 290
366 290
367 290
368 290
369 290
370 290
371 290
372 290
373 290
374 290
374 291
375 291
375 292
376 292
376 293
377 293
378 293
378 294
379 294
379 295
380 295
380 294
381 294
381 293
382 293
383 293
383 292
384 292
385 292
309 268
309 267
309 269
309 270
308 270
308 271
307 271
307 272
307 273
307 274
306 274
306 275
306 276
305 276
305 277
305 278
304 278
304 279
304 280
303 280
303 281
302 281
302 282
301 282
300 282
300 283
299 283
298 283
298 284
297 284
297 285
297 286
297 287
297 288
297 289
297 290
297 291
297 292
296 292
309 266
309 265
309 264
308 264
308 263
308 262
308 261
308 260
308 259
308 258
307 258
306 258
305 258
304 258
304 257
303 257
303 256
302 256
302 255
301 255
300 255
299 255
298 255
297 255
296 255
296 256
295 256
295 257
294 257
293 257
293 258
292 258
291 258
290 258
289 258
288 258
287 258
286 258
285 258
285 257
285 256
285 255
285 254
285 253
285 252
284 252
284 253
283 253
282 253
281 253
280 253
279 253
278 253
277 253
276 253
276 252
275 252
275 251
274 251
274 250
234 291
234 292
234 290
234 289
235 289
235 288
235 287
236 287
236 286
237 286
237 285
237 284
238 284
238 283
238 282
238 281
238 280
238 279
238 278
238 277
238 276
239 276
239 275
240 275
241 275
241 274
242 274
242 273
243 273
243 272
243 271
243 270
243 269
242 269
242 268
243 268
243 267
244 267
245 267
245 266
246 266
247 266
248 266
249 266
250 266
251 266
252 266
253 266
254 266
255 266
256 266
257 266
257 267
258 267
258 268
258 269
259 269
260 269
260 270
261 270
262 270
263 270
263 269
264 269
264 268
265 268
265 267
265 266
266 266
266 265
266 264
266 263
266 262
266 261
266 260
266 259
266 258
266 257
266 256
267 256
268 256
268 255
269 255
269 254
270 254
271 254
271 253
272 253
272 252
272 251
273 251
273 250
233 292
233 293
233 294
233 295
233 296
233 297
233 298
233 299
234 299
235 299
235 300
235 301
234 301
233 301
233 302
232 302
231 302
230 302
229 302
228 302
227 302
226 302
226 303
225 303
224 303
223 303
222 303
221 303
220 303
219 303
219 302
218 302
218 301
217 301
217 300
216 300
216 299
215 299
215 298
214 298
214 299
213 299
213 300
212 300
211 300
211 301
210 301
210 302
209 302
209 303
208 303
208 304
207 304
207 305
206 305
206 306
397 38
397 39
397 37
397 36
397 35
398 35
398 34
399 34
399 33
399 32
400 32
400 31
400 30
400 29
400 28
401 28
401 27
402 27
402 26
403 26
403 25
404 25
405 25
405 24
406 24
407 24
408 24
409 24
409 23
408 23
408 22
408 21
408 20
408 19
408 18
408 17
408 16
408 15
408 14
408 13
408 12
397 40
397 41
397 42
397 43
397 44
397 45
397 46
397 47
396 47
122 254
122 255
122 253
122 252
123 252
124 252
124 251
125 251
125 250
126 250
121 255
121 256
120 256
120 257
119 257
119 258
119 259
119 260
119 261
119 262
119 263
119 264
119 265
119 266
119 267
119 268
119 269
119 270
119 271
119 272
118 272
478 290
479 290
477 290
476 290
476 291
475 291
474 291
474 292
473 292
472 292
472 293
471 293
470 293
469 293
468 293
467 293
466 293
465 293
464 293
463 293
463 294
462 294
461 294
460 294
459 294
458 294
457 294
456 294
456 293
455 293
454 293
453 293
452 293
451 293
450 293
449 293
448 293
447 293
480 290
481 290
481 291
482 291
482 292
483 292
483 293
484 293
484 294
485 294
486 294
486 295
486 296
486 297
486 298
486 299
486 300
487 300
487 301
488 301
488 302
489 302
490 302
491 302
491 303
492 303
492 304
493 304
493 305
494 305
494 306
495 306
495 307
495 308
494 308
494 309
494 310
494 311
494 312
494 313
494 314
494 315
494 316
494 317
495 317
495 318
496 318
497 318
498 318
499 318
500 318
501 318
502 318
503 318
504 318
505 318
506 318
507 318
508 318
509 318
510 318
511 318
511 319
511 320
511 321
511 322
511 323
511 324
511 325
511 326
511 327
510 327
510 328
510 329
510 330
510 331
509 331
508 331
507 331
506 331
505 331
504 331
503 331
502 331
501 331
500 331
500 332
499 332
499 333
499 334
499 335
499 336
498 336
497 336
496 336
495 336
494 336
493 336
492 336
491 336
490 336
489 336
488 336
487 336
487 335
486 335
485 335
485 334
484 334
484 335
483 335
482 335
481 335
480 335
479 335
478 335
477 335
477 334
477 333
476 333
476 332
476 331
476 330
475 330
474 330
473 330
472 330
471 330
470 330
469 330
468 330
467 330
466 330
465 330
464 330
464 331
37 108
37 109
37 107
36 107
35 107
34 107
33 107
32 107
31 107
30 107
30 106
29 106
28 106
27 106
26 106
25 106
24 106
23 106
23 105
22 105
22 104
21 104
21 103
20 103
20 102
20 101
20 100
19 100
19 99
18 99
18 98
38 109
38 110
38 111
39 111
39 112
40 112
40 113
41 113
245 403
245 402
245 404
245 405
245 406
245 407
245 408
245 409
246 409
247 409
248 409
249 409
250 409
250 410
251 410
252 410
253 410
254 410
255 410
255 411
256 411
256 412
256 413
256 414
257 414
257 415
257 416
257 417
257 418
257 419
257 420
258 420
259 420
259 421
260 421
261 421
261 422
262 422
262 423
262 424
262 425
262 426
262 427
262 428
262 429
262 430
262 431
262 432
263 432
264 432
265 432
266 432
267 432
268 432
268 433
268 434
268 435
268 436
268 437
268 438
268 439
269 439
269 440
268 440
268 441
268 442
267 442
267 443
266 443
266 444
265 444
265 445
265 446
266 446
267 446
267 447
268 447
269 447
269 448
270 448
271 448
272 448
273 448
274 448
275 448
276 448
277 448
245 401
245 400
245 399
245 398
245 397
245 396
246 396
246 395
247 395
247 394
248 394
248 393
247 393
246 393
246 392
245 392
245 391
244 391
244 390
243 390
242 390
241 390
240 390
239 390
238 390
237 390
237 389
237 388
237 387
237 386
237 385
325 18
326 18
325 17
324 17
324 16
324 15
324 14
324 13
324 12
323 12
323 11
323 10
322 10
322 9
321 9
320 9
319 9
318 9
318 10
317 10
317 11
316 11
315 11
315 12
315 13
314 13
314 14
314 15
314 16
314 17
314 18
314 19
313 19
313 20
313 21
312 21
312 22
312 23
311 23
311 24
311 25
310 25
310 26
310 27
309 27
308 27
308 28
307 28
306 28
305 28
305 29
305 30
305 31
326 19
327 19
328 19
329 19
330 19
330 20
331 20
331 21
331 22
331 23
332 23
332 24
332 25
332 26
332 27
333 27
333 28
333 29
334 29
334 30
334 31
335 31
335 32
335 33
335 34
335 35
335 36
335 37
441 20
442 20
440 20
439 20
438 20
437 20
437 19
436 19
436 18
435 18
434 18
433 18
432 18
432 19
431 19
431 20
430 20
429 20
429 21
428 21
427 21
426 21
425 21
443 20
444 20
445 20
445 21
446 21
446 20
447 20
447 19
447 18
447 17
447 16
448 16
448 15
448 14
449 14
449 13
450 13
450 14
451 14
452 14
453 14
454 14
454 15
455 15
456 15
457 15
458 15
459 15
460 15
460 14
461 14
462 14
462 13
463 13
464 13
465 13
466 13
466 12
467 12
468 12
469 12
470 12
470 13
471 13
472 13
472 14
473 14
474 14
475 14
476 14
477 14
478 14
479 14
302 389
302 390
302 388
302 387
302 386
302 385
302 384
302 383
303 383
304 383
305 383
306 383
307 383
308 383
309 383
310 383
311 383
312 383
313 383
314 383
302 391
302 392
302 393
302 394
302 395
302 396
302 397
231 509
232 509
230 509
229 509
229 510
228 510
228 511
227 511
226 511
225 511
224 511
223 511
222 511
222 510
221 510
221 509
220 509
220 508
219 508
219 507
219 506
218 506
218 505
218 504
217 504
217 503
218 503
218 502
218 501
219 501
219 500
219 499
219 498
220 498
220 497
220 496
221 496
221 495
222 495
222 494
223 494
223 493
223 492
224 492
224 491
225 491
225 490
226 490
227 490
228 490
229 490
230 490
231 490
232 490
233 490
234 490
235 490
236 490
236 491
237 491
238 491
238 492
239 492
240 492
241 492
242 492
243 492
244 492
245 492
246 492
247 492
247 491
248 491
248 490
248 489
248 488
247 488
247 487
247 486
246 486
246 485
247 485
247 484
247 483
247 482
247 481
248 481
248 480
249 480
249 479
250 479
251 479
252 479
253 479
254 479
255 479
256 479
257 479
257 480
258 480
259 480
259 481
260 481
261 481
262 481
262 480
263 480
264 480
265 480
266 480
267 480
267 479
268 479
268 478
269 478
269 477
270 477
270 476
270 475
271 475
271 474
272 474
273 474
273 473
274 473
275 473
275 472
276 472
276 471
277 471
278 471
278 470
279 470
279 469
280 469
280 468
281 468
282 468
282 467
283 467
284 467
284 466
285 466
285 465
285 464
285 463
285 462
285 461
285 460
233 509
234 509
235 509
235 508
236 508
236 507
237 507
237 506
238 506
238 505
239 505
239 504
240 504
241 504
242 504
243 504
243 505
244 505
244 506
245 506
245 507
246 507
246 508
247 508
247 509
247 510
248 510
248 511
249 511
250 511
251 511
252 511
253 511
254 511
255 511
255 510
255 509
255 508
256 508
256 507
257 507
258 507
258 506
259 506
259 505
260 505
261 505
261 504
262 504
262 503
263 503
263 502
264 502
264 501
264 500
264 499
264 498
264 497
264 496
264 495
265 495
265 494
266 494
266 493
267 493
267 492
268 492
269 492
270 492
270 491
271 491
271 490
271 489
272 489
272 488
273 488
273 487
273 486
274 486
274 485
274 484
274 483
274 482
274 481
274 480
274 479
274 478
273 478
273 477
273 476
273 475
84 442
83 442
85 442
86 442
87 442
88 442
88 443
88 444
89 444
89 445
82 442
81 442
80 442
79 442
79 441
79 440
78 440
78 439
78 438
77 438
77 437
77 436
77 435
77 434
76 434
76 433
105 330
104 330
105 331
106 331
106 332
107 332
107 333
107 334
108 334
108 335
108 336
108 337
108 338
107 338
106 338
105 338
104 338
103 338
102 338
101 338
100 338
99 338
98 338
97 338
97 337
104 329
103 329
103 328
102 328
102 327
101 327
101 326
101 325
100 325
270 304
270 305
271 304
271 303
271 302
272 302
272 301
272 300
272 299
272 298
272 297
272 296
273 296
273 295
273 294
274 294
274 293
273 293
273 292
272 292
272 291
271 291
271 290
270 290
269 290
269 289
268 289
267 289
266 289
265 289
265 288
265 287
265 286
265 285
265 284
264 284
264 283
264 282
264 281
264 280
265 280
265 279
265 278
265 277
265 276
265 275
264 275
264 274
264 273
264 272
264 271
263 271
270 306
269 306
269 307
268 307
268 308
267 308
267 309
267 310
267 311
267 312
267 313
267 314
266 314
266 315
265 315
265 316
266 316
266 317
266 318
266 319
267 319
267 320
267 321
268 321
268 322
268 323
268 324
268 325
268 326
268 327
267 327
267 328
267 329
267 330
267 331
266 331
265 331
264 331
263 331
262 331
262 332
261 332
260 332
260 333
259 333
258 333
257 333
256 333
255 333
254 333
254 332
253 332
252 332
251 332
250 332
249 332
249 333
248 333
248 334
248 335
248 336
248 337
248 338
248 339
249 339
249 340
249 341
250 341
250 342
251 342
251 343
252 343
252 344
252 345
253 345
281 281
281 280
281 282
281 283
282 283
282 284
283 284
283 285
284 285
285 285
286 285
287 285
288 285
289 285
290 285
290 284
291 284
291 285
291 286
291 287
291 288
291 289
291 290
291 291
291 292
291 293
292 293
293 293
294 293
281 279
280 279
280 278
280 277
279 277
278 277
277 277
276 277
275 277
274 277
274 278
273 278
272 278
271 278
271 279
270 279
269 279
268 279
267 279
266 279
266 278
181 310
180 310
182 310
183 310
184 310
185 310
186 310
187 310
188 310
189 310
190 310
190 309
189 309
189 308
189 307
189 306
189 305
189 304
188 304
188 303
187 303
187 302
188 302
189 302
189 301
190 301
190 300
191 300
192 300
193 300
194 300
195 300
196 300
196 301
197 301
197 302
198 302
198 303
198 304
199 304
199 305
200 305
201 305
202 305
203 305
204 305
205 305
179 310
178 310
178 311
177 311
177 312
176 312
176 313
175 313
175 314
174 314
174 315
173 315
172 315
171 315
170 315
169 315
168 315
167 315
166 315
166 314
166 313
166 312
166 311
166 310
165 310
164 310
164 309
163 309
162 309
161 309
160 309
159 309
158 309
157 309
88 338
88 339
89 338
90 338
91 338
92 338
93 338
94 338
95 338
96 338
96 337
87 339
87 340
87 341
87 342
87 343
87 344
87 345
86 345
86 346
86 347
85 347
85 346
84 346
84 345
83 345
83 344
82 344
81 344
80 344
79 344
78 344
77 344
76 344
75 344
74 344
73 344
72 344
72 345
71 345
70 345
69 345
68 345
67 345
66 345
65 345
64 345
63 345
62 345
62 346
62 347
62 348
62 349
62 350
62 351
62 352
61 352
61 353
61 354
60 354
59 354
58 354
57 354
56 354
55 354
54 354
54 353
53 353
29 163
29 164
28 163
27 163
27 162
26 162
26 161
25 161
25 160
25 159
25 158
25 157
25 156
25 155
24 155
24 154
24 153
23 153
23 152
22 152
21 152
20 152
19 152
19 151
18 151
18 150
17 150
17 149
17 148
16 148
16 147
16 146
15 146
30 164
30 165
31 165
31 166
32 166
32 167
33 167
33 168
33 169
34 169
34 170
35 170
35 171
36 171
36 170
37 170
38 170
39 170
40 170
40 169
41 169
42 169
43 169
44 169
45 169
46 169
46 168
47 168
48 168
49 168
50 168
51 168
52 168
53 168
54 168
54 169
55 169
56 169
57 169
58 169
59 169
60 169
60 168
79 311
79 310
79 312
79 313
79 314
78 314
78 315
77 315
77 316
76 316
76 317
75 317
75 318
74 318
74 319
74 320
74 321
75 321
75 322
75 323
75 324
76 324
76 325
76 326
77 326
77 327
78 327
78 328
78 329
78 330
78 331
78 332
79 332
79 333
80 333
80 334
80 335
79 335
79 336
79 337
79 338
79 339
79 340
79 341
79 342
78 342
77 342
76 342
76 343
75 343
74 343
79 309
79 308
79 307
79 306
79 305
78 305
77 305
77 304
76 304
76 303
75 303
147 105
147 106
147 104
147 103
147 102
148 102
148 101
149 101
149 100
147 107
147 108
147 109
146 109
146 110
147 110
147 111
147 112
147 113
147 114
147 115
147 116
147 117
147 118
147 119
147 120
148 120
148 121
8 163
9 163
7 163
6 163
5 163
5 164
4 164
3 164
3 165
4 165
5 165
5 166
5 167
5 168
5 169
5 170
5 171
5 172
5 173
4 173
3 173
2 173
2 174
1 174
0 174
10 163
11 163
12 163
12 162
12 161
13 161
13 160
13 159
13 158
14 158
14 157
14 156
15 156
15 155
16 155
16 154
16 153
16 152
16 151
16 150
16 149
151 91
151 90
151 92
151 93
151 94
150 94
150 95
150 96
150 97
150 98
150 99
149 99
151 89
151 88
151 87
151 86
152 86
152 87
153 87
153 88
154 88
155 88
156 88
156 89
157 89
158 89
159 89
159 88
160 88
160 87
161 87
161 86
162 86
162 85
163 85
163 84
163 83
164 83
164 82
165 82
165 81
166 81
167 81
168 81
168 80
169 80
170 80
171 80
172 80
173 80
174 80
175 80
176 80
176 79
177 79
177 78
177 77
177 76
177 75
177 74
177 73
177 72
177 71
178 71
178 72
179 72
180 72
181 72
182 72
183 72
184 72
184 73
185 73
185 74
186 74
187 74
187 75
188 75
189 75
189 74
190 74
191 74
192 74
193 74
194 74
195 74
196 74
196 73
197 73
197 72
197 71
197 70
198 70
199 70
200 70
200 69
201 69
202 69
202 68
202 67
203 67
203 66
203 65
204 65
205 65
206 65
207 65
208 65
209 65
210 65
211 65
211 66
211 67
211 68
211 69
211 70
212 70
213 70
213 69
214 69
215 69
216 69
217 69
218 69
218 68
219 68
219 67
220 67
221 67
222 67
223 67
224 67
225 67
226 67
227 67
228 67
229 67
229 66
229 65
230 65
230 66
230 67
230 68
230 69
231 69
232 69
233 69
234 69
234 70
235 70
236 70
237 70
237 71
237 72
237 73
237 74
237 75
238 75
239 75
240 75
241 75
242 75
242 76
243 76
244 76
244 77
245 77
246 77
247 77
248 77
249 77
250 77
251 77
252 77
253 77
253 78
254 78
255 78
256 78
257 78
258 78
259 78
260 78
261 78
262 78
263 78
264 78
264 79
265 79
107 156
106 156
108 156
109 156
109 155
110 155
110 154
111 154
111 153
112 153
113 153
113 152
114 152
114 151
115 151
115 150
116 150
116 151
116 152
116 153
117 153
118 153
119 153
120 153
121 153
121 152
122 152
123 152
124 152
125 152
126 152
127 152
128 152
129 152
130 152
130 151
131 151
132 151
133 151
134 151
134 150
135 150
136 150
136 149
135 149
135 148
134 148
134 147
134 146
134 145
134 144
134 143
135 143
136 143
137 143
138 143
139 143
139 142
140 142
140 141
141 141
141 140
141 139
142 139
142 138
143 138
143 137
144 137
144 136
145 136
145 135
146 135
146 134
147 134
147 133
147 132
147 131
147 130
147 129
147 128
147 127
147 126
147 125
147 124
147 123
147 122
148 122
105 156
104 156
103 156
102 156
102 155
102 154
102 153
102 152
102 151
102 150
102 149
102 148
102 147
101 147
101 146
100 146
99 146
99 145
99 144
99 143
98 143
98 142
99 142
99 141
100 141
100 140
101 140
101 139
102 139
103 139
103 138
103 137
104 137
104 136
104 135
104 134
105 134
105 133
105 132
105 131
105 130
105 129
105 128
105 127
105 126
105 125
105 124
105 123
104 123
104 124
104 125
103 125
102 125
101 125
100 125
99 125
98 125
97 125
96 125
95 125
94 125
93 125
92 125
91 125
90 125
89 125
88 125
88 124
87 124
86 124
86 125
85 125
84 125
83 125
82 125
81 125
80 125
79 125
78 125
77 125
76 125
75 125
75 124
75 123
74 123
74 122
74 121
74 120
74 119
74 118
74 117
74 116
74 115
75 115
75 114
75 113
75 112
75 111
75 110
75 109
75 108
74 108
73 108
73 107
72 107
72 106
71 106
70 106
69 106
68 106
68 105
67 105
67 106
66 106
65 106
64 106
64 107
63 107
62 107
61 107
60 107
60 106
59 106
58 106
58 105
57 105
57 104
57 103
57 102
57 101
57 100
56 100
56 99
56 98
55 98
20 125
20 126
20 124
19 124
19 123
18 123
17 123
16 123
15 123
15 122
14 122
14 121
14 120
14 119
14 118
14 117
14 116
14 115
14 114
21 126
21 127
21 128
22 128
22 129
22 130
23 130
23 131
23 132
23 133
23 134
23 135
23 136
23 137
23 138
22 138
22 139
23 139
24 139
24 140
25 140
26 140
26 141
27 141
27 142
28 142
28 143
29 143
29 144
30 144
30 145
29 145
28 145
28 146
28 147
27 147
27 148
27 149
26 149
26 150
25 150
25 151
24 151
23 151
32 51
31 51
32 50
33 50
33 49
34 49
35 49
35 48
36 48
37 48
38 48
39 48
39 49
40 49
41 49
42 49
43 49
44 49
45 49
46 49
47 49
47 50
48 50
31 52
30 52
30 53
29 53
28 53
27 53
26 53
25 53
24 53
23 53
23 52
22 52
22 51
21 51
21 50
20 50
19 50
234 119
235 119
234 118
234 117
233 117
233 116
233 115
233 114
233 113
233 112
233 111
233 110
233 109
232 109
232 108
232 107
232 106
232 105
232 104
231 104
231 103
231 102
231 101
231 100
230 100
230 99
229 99
229 98
228 98
227 98
226 98
225 98
224 98
223 98
222 98
221 98
220 98
220 99
219 99
218 99
217 99
216 99
216 100
215 100
214 100
213 100
212 100
211 100
211 101
210 101
210 102
209 102
208 102
208 103
207 103
207 104
206 104
206 105
206 106
206 107
207 107
207 108
207 109
208 109
208 110
209 110
209 111
210 111
210 112
211 112
211 113
211 114
211 115
211 116
211 117
211 118
212 118
213 118
213 119
214 119
215 119
215 120
216 120
216 121
216 122
217 122
217 123
217 124
218 124
219 124
220 124
221 124
222 124
223 124
223 125
223 126
222 126
222 127
222 128
222 129
222 130
222 131
222 132
221 132
221 133
221 134
220 134
220 135
219 135
219 136
218 136
218 137
217 137
217 138
216 138
216 139
215 139
215 140
215 141
214 141
213 141
213 142
212 142
211 142
210 142
210 141
209 141
209 140
209 139
209 138
208 138
208 137
207 137
207 136
206 136
205 136
204 136
203 136
202 136
201 136
200 136
199 136
198 136
197 136
196 136
195 136
195 135
194 135
193 135
193 134
193 133
193 132
193 131
193 130
193 129
192 129
191 129
191 128
190 128
190 127
189 127
189 126
189 125
188 125
187 125
187 126
187 127
187 128
186 128
186 129
185 129
185 130
184 130
184 129
183 129
182 129
181 129
181 128
180 128
180 127
180 126
179 126
178 126
177 126
176 126
176 125
175 125
174 125
174 124
174 123
173 123
173 122
173 121
172 121
172 120
171 120
170 120
170 119
169 119
168 119
167 119
167 118
166 118
166 117
165 117
165 116
164 116
163 116
162 116
161 116
160 116
159 116
158 116
157 116
156 116
155 116
154 116
153 116
152 116
152 117
151 117
151 118
150 118
150 119
149 119
149 120
149 121
235 120
235 121
236 121
236 122
236 123
237 123
237 124
238 124
238 125
238 126
238 127
238 128
238 129
238 130
238 131
238 132
239 132
239 133
239 134
239 135
239 136
239 137
239 138
238 138
238 139
238 140
238 141
238 142
239 142
240 142
241 142
242 142
243 142
244 142
245 142
246 142
247 142
248 142
249 142
250 142
251 142
251 143
251 144
251 145
252 145
46 263
45 263
47 263
48 263
49 263
50 263
51 263
52 263
53 263
54 263
54 264
54 265
55 265
55 266
56 266
56 267
56 268
57 268
58 268
45 264
45 265
44 265
44 266
43 266
42 266
41 266
40 266
39 266
38 266
37 266
36 266
36 265
35 265
35 264
34 264
34 263
33 263
33 262
32 262
31 262
30 262
29 262
28 262
27 262
26 262
26 261
25 261
25 260
24 260
8 184
8 185
8 183
8 182
8 181
8 180
8 179
8 178
8 177
8 176
7 176
6 176
5 176
4 176
3 176
2 176
2 175
1 175
0 175
8 186
8 187
8 188
8 189
8 190
8 191
9 191
10 191
11 191
12 191
13 191
13 192
14 192
14 193
15 193
15 194
15 195
15 196
15 197
15 198
16 198
16 199
16 200
16 201
16 202
16 203
16 204
16 205
16 206
16 207
15 207
14 207
13 207
13 208
12 208
11 208
11 209
10 209
10 210
10 211
10 212
10 213
10 214
10 215
9 215
8 215
8 216
7 216
7 217
7 218
7 219
7 220
7 221
7 222
7 223
7 224
7 225
7 226
7 227
7 228
8 228
8 229
102 245
102 246
102 244
102 243
102 242
102 241
102 240
102 239
103 239
103 238
104 238
105 238
105 237
106 237
102 247
102 248
102 249
102 250
102 251
102 252
102 253
103 253
103 254
104 254
105 254
105 255
106 255
106 256
107 256
107 257
108 257
108 258
109 258
110 258
111 258
112 258
113 258
114 258
115 258
116 258
117 258
118 258
277 233
277 234
277 232
277 231
277 230
277 229
277 228
277 227
276 227
276 226
275 226
274 226
274 225
277 235
277 236
277 237
277 238
277 239
278 239
278 240
279 240
279 241
280 241
281 241
281 242
282 242
282 243
283 243
283 244
284 244
284 245
284 246
285 246
285 247
285 248
285 249
285 250
285 251
119 81
120 81
118 81
117 81
116 81
115 81
114 81
113 81
112 81
111 81
110 81
109 81
109 80
108 80
107 80
106 80
106 79
105 79
104 79
103 79
103 78
120 80
121 80
121 79
122 79
122 78
123 78
123 79
124 79
125 79
126 79
127 79
128 79
129 79
130 79
130 80
131 80
131 81
131 82
131 83
132 83
132 84
133 84
134 84
134 85
135 85
135 86
135 87
136 87
136 88
137 88
138 88
139 88
140 88
140 87
141 87
142 87
142 86
143 86
143 85
144 85
145 85
146 85
147 85
147 84
148 84
149 84
149 83
150 83
150 84
151 84
151 85
50 300
49 300
51 300
51 299
52 299
53 299
54 299
55 299
56 299
57 299
57 300
57 301
56 301
56 302
55 302
54 302
54 303
53 303
53 304
53 305
53 306
53 307
52 307
52 308
52 309
51 309
51 310
51 311
51 312
51 313
51 314
51 315
51 316
50 316
50 317
49 317
49 318
49 319
50 319
50 320
51 320
51 321
51 322
51 323
51 324
51 325
51 326
51 327
51 328
51 329
51 330
51 331
52 331
52 332
51 332
50 332
50 333
49 333
49 334
49 335
48 335
48 336
48 337
48 338
48 339
48 340
48 341
49 341
50 341
50 342
51 342
52 342
52 343
53 343
54 343
54 344
55 344
55 345
56 345
56 344
57 344
58 344
59 344
60 344
61 344
62 344
63 344
48 300
47 300
46 300
45 300
44 300
43 300
42 300
42 301
41 301
40 301
39 301
38 301
37 301
36 301
35 301
34 301
34 300
33 300
33 299
32 299
32 298
31 298
30 298
29 298
28 298
27 298
26 298
37 100
38 100
36 100
35 100
34 100
34 101
34 102
33 102
33 103
32 103
32 104
31 104
30 104
30 105
29 105
39 100
40 100
41 100
41 101
42 101
43 101
44 101
44 100
44 99
44 98
44 97
44 96
44 95
45 95
45 94
46 94
46 93
47 93
48 93
48 94
49 94
50 94
51 94
51 95
52 95
53 95
53 96
54 96
54 97
55 97
187 485
186 485
188 485
189 485
190 485
191 485
192 485
193 485
193 484
193 483
194 483
194 484
194 485
194 486
194 487
194 488
194 489
194 490
195 490
196 490
197 490
198 490
199 490
199 489
200 489
200 488
201 488
201 487
201 486
202 486
202 485
203 485
203 484
204 484
204 485
205 485
206 485
207 485
207 486
208 486
209 486
210 486
211 486
211 487
211 488
211 489
211 490
211 491
211 492
211 493
210 493
210 494
211 494
211 495
211 496
212 496
212 497
212 498
212 499
212 500
212 501
212 502
212 503
213 503
214 503
215 503
216 503
185 485
184 485
183 485
183 484
182 484
182 483
182 482
182 481
182 480
182 479
182 478
181 478
181 477
181 476
180 476
179 476
179 475
178 475
178 474
177 474
176 474
175 474
174 474
173 474
172 474
171 474
171 475
170 475
170 476
170 477
169 477
61 450
61 451
61 449
61 448
61 447
61 446
60 446
60 445
61 445
62 445
63 445
64 445
65 445
66 445
67 445
68 445
69 445
69 444
70 444
70 443
70 442
71 442
71 441
72 441
72 440
73 440
74 440
75 440
76 440
77 440
77 439
61 452
61 453
61 454
62 454
63 454
63 455
64 455
65 455
65 456
66 456
66 457
66 458
66 459
66 460
65 460
65 461
65 462
64 462
64 463
63 463
62 463
61 463
60 463
59 463
58 463
57 463
57 462
56 462
55 462
55 461
55 460
54 460
53 460
52 460
51 460
50 460
49 460
48 460
47 460
46 460
45 460
44 460
43 460
43 459
42 459
41 459
40 459
40 460
39 460
38 460
38 461
38 462
37 462
37 463
37 464
36 464
35 464
34 464
33 464
32 464
32 465
31 465
92 237
91 237
93 237
94 237
95 237
96 237
97 237
98 237
99 237
100 237
101 237
102 237
103 237
104 237
91 238
90 238
90 239
89 239
89 240
89 241
88 241
88 242
87 242
86 242
85 242
84 242
84 241
83 241
82 241
81 241
80 241
80 240
80 239
80 238
80 237
80 236
80 235
80 234
80 233
79 233
79 232
79 231
79 230
79 229
79 228
78 228
78 227
77 227
76 227
76 226
75 226
75 225
74 225
73 225
73 226
72 226
72 227
71 227
70 227
70 228
69 228
68 228
67 228
67 229
66 229
65 229
65 230
64 230
64 231
65 231
65 232
65 233
66 233
66 234
66 235
66 236
67 236
67 237
68 237
68 238
69 238
69 239
69 240
69 241
69 242
69 243
69 244
68 244
67 244
66 244
65 244
64 244
63 244
63 245
62 245
61 245
60 245
59 245
58 245
58 246
57 246
57 247
56 247
56 248
56 249
56 250
56 251
55 251
55 252
55 253
54 253
54 254
53 254
53 255
53 256
53 257
53 258
54 258
54 259
55 259
55 260
55 261
55 262
55 263
55 264
85 157
86 157
84 157
83 157
83 158
82 158
81 158
80 158
79 158
78 158
77 158
76 158
76 159
76 160
76 161
76 162
76 163
76 164
76 165
76 166
76 167
75 167
74 167
74 168
73 168
73 169
72 169
72 170
71 170
70 170
69 170
68 170
67 170
66 170
65 170
64 170
63 170
62 170
62 169
61 169
61 168
87 157
88 157
89 157
90 157
91 157
92 157
92 158
93 158
94 158
95 158
96 158
97 158
98 158
99 158
100 158
100 159
101 159
101 158
102 158
102 157
138 268
139 268
137 268
136 268
135 268
134 268
133 268
133 267
132 267
132 266
131 266
130 266
129 266
129 265
128 265
128 264
127 264
127 263
126 263
125 263
124 263
123 263
122 263
121 263
120 263
120 262
140 268
140 269
141 269
142 269
142 270
142 271
143 271
143 272
144 272
145 272
146 272
146 271
147 271
148 271
148 270
149 270
150 270
151 270
152 270
153 270
153 269
154 269
155 269
155 268
156 268
156 269
157 269
158 269
158 270
158 271
158 272
158 273
159 273
159 274
160 274
160 275
160 276
160 277
160 278
160 279
160 280
160 281
160 282
160 283
160 284
160 285
160 286
160 287
159 287
159 288
158 288
157 288
156 288
155 288
154 288
153 288
152 288
151 288
151 289
151 290
151 291
151 292
151 293
151 294
151 295
150 295
149 295
149 296
148 296
148 297
147 297
147 298
147 299
147 300
147 301
147 302
147 303
147 304
146 304
146 305
147 305
147 306
148 306
148 307
149 307
149 308
150 308
150 309
151 309
152 309
153 309
154 309
155 309
156 309
86 288
86 287
86 289
86 290
86 291
86 292
86 293
86 294
86 295
87 295
87 296
87 297
87 298
87 299
87 300
87 301
87 302
86 302
86 303
85 303
84 303
84 304
83 304
82 304
81 304
80 304
79 304
78 304
86 286
86 285
86 284
86 283
85 283
84 283
83 283
82 283
81 283
80 283
80 282
79 282
79 281
79 280
79 279
79 278
79 277
79 276
79 275
78 275
78 274
78 273
77 273
77 272
76 272
75 272
75 271
74 271
73 271
73 270
72 270
72 269
72 268
71 268
71 267
71 266
70 266
70 265
69 265
69 266
68 266
68 267
68 268
67 268
67 269
66 269
65 269
64 269
63 269
62 269
61 269
60 269
226 244
226 245
226 243
226 242
227 242
227 241
228 241
228 240
229 240
229 239
230 239
230 238
230 237
231 237
231 236
231 235
231 234
232 234
232 233
232 232
232 231
233 231
233 230
234 230
234 229
235 229
236 229
237 229
238 229
239 229
240 229
241 229
241 228
242 228
242 227
243 227
243 226
244 226
244 225
244 224
244 223
244 222
244 221
244 220
244 219
244 218
244 217
244 216
244 215
244 214
244 213
244 212
244 211
244 210
226 246
226 247
226 248
226 249
226 250
227 250
227 251
228 251
228 252
228 253
228 254
228 255
228 256
229 256
229 257
89 454
89 455
89 453
88 453
88 452
87 452
87 451
86 451
86 450
86 449
86 448
87 448
87 447
88 447
88 446
89 446
89 456
89 457
89 458
89 459
89 460
89 461
89 462
89 463
89 464
89 465
89 466
89 467
89 468
89 469
89 470
89 471
89 472
89 473
89 474
88 474
88 475
88 476
88 477
87 477
87 478
87 479
86 479
86 480
86 481
86 482
86 483
86 484
85 484
85 485
85 486
85 487
85 488
85 489
85 490
85 491
85 492
85 493
86 493
86 494
86 495
87 495
87 496
87 497
86 497
86 498
85 498
84 498
83 498
83 499
82 499
191 233
191 234
192 233
193 233
194 233
195 233
196 233
196 232
197 232
198 232
199 232
200 232
201 232
202 232
203 232
204 232
204 231
204 230
203 230
203 229
203 228
203 227
203 226
203 225
203 224
203 223
203 222
203 221
204 221
204 220
203 220
203 219
203 218
203 217
203 216
203 215
203 214
203 213
204 213
204 212
205 212
206 212
207 212
207 213
208 213
209 213
209 214
210 214
211 214
212 214
213 214
214 214
215 214
216 214
217 214
218 214
219 214
219 213
218 213
218 212
218 211
218 210
218 209
219 209
219 208
219 207
220 207
220 206
221 206
222 206
223 206
224 206
225 206
226 206
227 206
228 206
229 206
230 206
231 206
232 206
233 206
234 206
235 206
236 206
237 206
238 206
239 206
240 206
240 207
190 234
190 235
189 235
189 236
189 237
188 237
188 238
187 238
187 239
186 239
186 240
185 240
185 239
184 239
183 239
182 239
182 238
181 238
180 238
179 238
178 238
177 238
176 238
175 238
174 238
173 238
172 238
171 238
171 237
170 237
169 237
169 236
168 236
168 235
167 235
167 234
166 234
165 234
164 234
163 234
162 234
161 234
160 234
159 234
158 234
158 235
157 235
156 235
155 235
154 235
153 235
153 236
152 236
152 237
151 237
151 238
150 238
149 238
149 239
149 240
149 241
149 242
149 243
149 244
149 245
149 246
150 246
150 247
151 247
151 248
152 248
153 248
153 249
154 249
154 250
154 251
154 252
154 253
154 254
154 255
154 256
154 257
154 258
155 258
155 259
156 259
156 260
156 261
156 262
156 263
156 264
156 265
156 266
156 267
25 281
25 282
25 280
25 279
25 278
25 277
25 276
25 275
25 274
25 273
24 273
24 272
23 272
22 272
22 271
21 271
21 270
21 269
21 268
20 268
20 267
20 266
20 265
21 265
21 264
21 263
22 263
22 262
23 262
23 261
24 261
25 283
25 284
25 285
26 285
26 286
27 286
27 287
27 288
28 288
28 289
28 290
28 291
28 292
28 293
28 294
28 295
28 296
28 297
27 297
58 362
58 361
58 363
58 364
58 365
58 366
58 367
57 367
57 368
57 369
57 370
57 371
57 372
56 372
56 373
55 373
54 373
53 373
52 373
51 373
50 373
50 374
49 374
58 360
58 359
58 358
58 357
58 356
58 355
57 355
56 355
144 407
144 408
143 407
142 407
141 407
140 407
139 407
138 407
137 407
137 408
136 408
136 409
135 409
135 410
134 410
134 411
145 408
145 409
146 409
146 410
147 410
147 411
148 411
148 412
149 412
149 411
150 411
151 411
152 411
153 411
154 411
155 411
156 411
157 411
157 412
158 412
159 412
159 413
160 413
160 414
161 414
161 415
161 416
162 416
162 417
162 418
163 418
164 418
164 419
165 419
166 419
166 420
166 421
166 422
166 423
166 424
166 425
167 425
167 426
168 426
168 425
168 424
168 423
168 422
168 421
168 420
168 419
169 419
169 418
170 418
170 417
171 417
172 417
173 417
174 417
175 417
175 416
176 416
176 415
176 414
176 413
176 412
176 411
176 410
176 409
176 408
176 407
177 407
177 406
177 405
178 405
178 404
178 403
178 402
178 401
178 400
178 399
178 398
178 397
178 396
179 396
180 396
181 396
182 396
182 397
183 397
183 398
184 398
184 399
184 400
185 400
185 401
186 401
187 401
187 402
188 402
188 403
189 403
190 403
190 404
190 405
191 405
191 406
191 407
192 407
193 407
194 407
195 407
196 407
197 407
197 406
198 406
199 406
199 405
200 405
201 405
201 404
202 404
202 403
203 403
204 403
205 403
206 403
207 403
207 404
208 404
208 405
209 405
209 406
210 406
210 407
211 407
212 407
213 407
214 407
215 407
216 407
217 407
218 407
219 407
220 407
221 407
222 407
223 407
224 407
224 408
225 408
225 409
226 409
226 410
227 410
228 410
229 410
230 410
230 411
231 411
231 410
232 410
232 409
233 409
234 409
235 409
236 409
237 409
238 409
239 409
240 409
241 409
242 409
243 409
244 409
244 410
245 410
66 395
67 395
65 395
64 395
63 395
62 395
61 395
60 395
59 395
58 395
57 395
56 395
55 395
55 394
54 394
53 394
52 394
51 394
50 394
49 394
49 393
48 393
48 392
47 392
47 391
67 396
68 396
68 397
69 397
70 397
71 397
72 397
73 397
73 398
74 398
75 398
75 399
76 399
77 399
77 400
78 400
79 400
79 401
80 401
81 401
81 402
81 403
81 404
81 405
81 406
81 407
81 408
81 409
81 410
82 410
82 411
83 411
83 412
84 412
84 413
85 413
85 414
85 415
86 415
86 416
87 416
87 417
88 417
89 417
89 418
90 418
91 418
92 418
93 418
94 418
95 418
95 417
96 417
96 416
97 416
97 417
98 417
99 417
99 418
100 418
101 418
101 419
102 419
102 420
102 421
102 422
102 423
102 424
102 425
102 426
102 427
103 427
103 428
104 428
104 429
105 429
105 430
106 430
107 430
108 430
108 431
109 431
110 431
110 432
111 432
125 418
125 419
125 417
126 417
126 416
127 416
128 416
129 416
129 415
130 415
131 415
131 414
132 414
132 413
132 412
133 412
133 411
125 420
124 420
124 421
124 422
124 423
123 423
123 424
123 425
122 425
122 426
122 427
121 427
121 428
120 428
120 429
119 429
119 430
119 431
118 431
117 431
116 431
115 431
114 431
113 431
112 431
111 431
122 446
122 445
121 446
121 447
120 447
119 447
119 448
118 448
117 448
117 449
117 450
117 451
117 452
117 453
118 453
118 454
119 454
119 455
122 444
122 443
122 442
122 441
122 440
122 439
122 438
122 437
121 437
120 437
119 437
118 437
117 437
116 437
115 437
114 437
114 436
113 436
113 435
113 434
113 433
112 433
112 432
70 217
70 218
70 216
70 215
70 214
70 213
70 212
70 211
70 210
70 209
69 209
68 209
67 209
67 208
66 208
66 207
65 207
65 206
65 205
65 204
65 203
65 202
65 201
65 200
65 199
66 199
67 199
67 198
66 198
65 198
64 198
63 198
62 198
61 198
60 198
59 198
59 197
59 196
59 195
59 194
59 193
60 193
60 192
59 192
59 191
59 190
59 189
58 189
58 188
58 187
58 186
57 186
57 185
57 184
56 184
56 183
56 182
56 181
56 180
56 179
56 178
56 177
56 176
56 175
56 174
56 173
56 172
56 171
57 171
57 170
58 170
59 170
70 219
70 220
70 221
70 222
70 223
70 224
70 225
70 226
36 216
35 216
37 216
38 216
39 216
39 217
40 217
40 218
41 218
41 219
42 219
42 220
43 220
44 220
44 221
44 222
45 222
45 223
46 223
46 224
47 224
48 224
48 225
49 225
50 225
51 225
51 226
52 226
53 226
53 227
54 227
55 227
55 228
55 229
56 229
57 229
58 229
59 229
60 229
61 229
62 229
62 230
63 230
35 215
34 215
34 214
34 213
33 213
33 212
33 211
33 210
33 209
33 208
32 208
31 208
30 208
29 208
28 208
27 208
26 208
25 208
24 208
23 208
22 208
21 208
20 208
19 208
18 208
17 208
16 208
15 208
14 208
23 70
23 69
23 71
24 71
24 72
24 73
24 74
24 75
24 76
24 77
24 78
24 79
24 80
24 81
23 81
23 82
23 83
23 84
22 84
22 85
21 85
21 86
20 86
20 87
20 88
20 89
20 90
20 91
20 92
20 93
20 94
19 94
19 95
19 96
18 96
18 97
23 68
23 67
23 66
22 66
22 65
22 64
21 64
21 63
22 63
22 62
23 62
23 61
23 60
23 59
24 59
24 58
24 57
24 56
24 55
24 54
35 397
36 397
34 397
34 398
33 398
32 398
31 398
30 398
29 398
29 399
28 399
27 399
27 400
37 397
38 397
39 397
40 397
41 397
42 397
43 397
44 397
44 396
45 396
45 395
46 395
46 394
46 393
46 392
46 391
45 384
45 383
45 385
45 386
45 387
45 388
45 389
45 390
46 390
45 382
45 381
45 380
45 379
44 379
43 379
42 379
42 378
43 378
43 377
44 377
45 377
46 377
47 377
47 376
48 376
48 375
49 375
65 26
65 25
65 27
65 28
65 29
65 30
65 31
66 31
66 30
67 30
68 30
69 30
70 30
71 30
72 30
73 30
73 29
74 29
74 28
75 28
76 28
77 28
65 24
65 23
65 22
64 22
63 22
63 21
62 21
62 20
62 19
62 18
61 18
61 17
61 16
61 15
61 14
61 13
61 12
61 11
61 10
61 9
62 9
63 9
64 9
65 9
66 9
67 9
68 9
68 8
69 8
70 8
71 8
72 8
72 7
73 7
74 7
75 7
76 7
76 6
76 5
76 4
76 3
76 2
76 1
76 0
77 0
78 0
79 0
80 0
81 0
82 0
83 0
83 1
83 2
83 3
84 3
84 4
84 5
85 5
85 6
85 7
85 8
85 9
85 10
86 10
86 11
87 11
87 12
135 320
135 319
135 321
135 322
134 322
134 323
134 324
133 324
133 325
132 325
131 325
131 326
130 326
129 326
128 326
127 326
127 327
127 328
126 328
126 329
125 329
125 330
135 318
136 318
137 318
138 318
139 318
139 319
140 319
140 320
141 320
141 321
142 321
142 322
143 322
143 323
144 323
144 322
145 322
146 322
146 321
147 321
147 320
148 320
148 319
149 319
149 318
150 318
150 317
150 316
151 316
151 315
151 314
151 313
152 313
152 312
152 311
153 311
154 311
154 310
155 310
156 310
157 310
92 430
93 430
91 430
90 430
90 431
89 431
89 432
89 433
88 433
88 434
88 435
88 436
88 437
88 438
88 439
88 440
88 441
94 430
95 430
96 430
97 430
98 430
99 430
100 430
101 430
101 429
101 428
102 428
66 39
66 38
66 40
66 41
66 42
66 43
66 44
67 44
67 45
68 45
68 46
69 46
69 47
69 48
70 48
70 49
71 49
71 50
72 50
72 51
72 52
71 52
71 53
70 53
69 53
69 54
68 54
67 54
66 54
66 55
65 55
65 56
65 57
65 58
65 59
66 59
66 60
66 61
66 62
66 63
66 64
66 65
67 65
68 65
68 66
69 66
69 67
69 68
69 69
69 70
69 71
69 72
70 72
70 73
71 73
71 74
72 74
72 75
72 76
72 77
72 78
72 79
72 80
72 81
72 82
72 83
72 84
72 85
72 86
72 87
72 88
72 89
71 89
71 90
70 90
70 91
71 91
72 91
73 91
74 91
75 91
76 91
76 92
77 92
77 93
78 93
78 94
78 95
79 95
79 96
80 96
80 97
79 97
79 98
78 98
78 99
77 99
77 100
77 101
77 102
76 102
76 103
75 103
75 104
74 104
74 105
73 105
73 106
66 37
66 36
66 35
66 34
66 33
66 32
65 32
3 77
3 76
3 78
3 79
3 80
2 80
1 80
1 81
2 81
3 81
4 81
5 81
5 82
6 82
6 83
6 84
6 85
6 86
6 87
6 88
6 89
6 90
6 91
6 92
5 92
5 93
3 75
3 74
3 73
3 72
2 72
2 71
3 71
3 70
3 69
3 68
3 67
3 66
3 65
4 65
4 64
5 64
5 65
6 65
7 65
8 65
9 65
10 65
11 65
12 65
13 65
14 65
15 65
16 65
17 65
18 65
19 65
20 65
20 64
305 143
306 143
304 143
303 143
302 143
302 142
301 142
301 141
300 141
300 142
299 142
298 142
298 143
297 143
297 144
296 144
295 144
295 145
294 145
293 145
292 145
291 145
290 145
289 145
288 145
288 146
287 146
287 147
286 147
286 148
286 149
285 149
285 150
285 151
285 152
285 153
285 154
285 155
285 156
307 143
307 144
308 144
309 144
309 145
310 145
311 145
311 146
312 146
312 147
312 148
313 148
313 149
313 150
313 151
313 152
313 153
130 511
131 511
129 511
128 511
127 511
126 511
125 511
124 511
123 511
122 511
121 511
121 510
121 509
120 509
120 508
120 507
119 507
119 506
118 506
117 506
117 505
116 505
115 505
114 505
114 504
113 504
112 504
111 504
111 503
110 503
110 502
109 502
109 501
108 501
107 501
106 501
105 501
104 501
103 501
102 501
101 501
100 501
99 501
99 500
98 500
97 500
96 500
95 500
95 501
94 501
94 502
93 502
93 501
92 501
91 501
91 500
90 500
89 500
89 499
88 499
88 498
88 497
132 511
133 511
134 511
135 511
136 511
137 511
138 511
139 511
140 511
141 511
142 511
143 511
143 510
144 510
144 509
144 508
144 507
144 506
145 506
145 505
145 504
146 504
147 504
148 504
149 504
150 504
151 504
152 504
152 503
153 503
153 502
153 501
154 501
154 500
154 499
155 499
155 498
155 497
154 497
154 496
154 495
154 494
154 493
154 492
154 491
154 490
154 489
154 488
154 487
154 486
155 486
155 485
155 484
156 484
156 483
157 483
157 482
158 482
158 481
159 481
159 480
159 479
160 479
160 478
161 478
161 477
162 477
163 477
164 477
165 477
166 477
167 477
168 477
23 495
23 494
24 495
24 496
25 496
25 497
25 498
25 499
25 500
25 501
25 502
25 503
25 504
25 505
25 506
24 506
24 507
24 508
24 509
24 510
23 510
23 511
24 511
25 511
26 511
27 511
28 511
29 511
30 511
31 511
32 511
33 511
34 511
35 511
36 511
37 511
38 511
39 511
40 511
41 511
42 511
43 511
44 511
45 511
46 511
47 511
48 511
48 510
49 510
49 509
50 509
51 509
52 509
53 509
53 510
54 510
55 510
55 509
56 509
57 509
57 508
58 508
59 508
60 508
61 508
62 508
63 508
64 508
65 508
66 508
66 509
67 509
67 510
68 510
68 511
69 511
70 511
71 511
72 511
73 511
74 511
23 493
23 492
23 491
23 490
23 489
23 488
23 487
23 486
23 485
23 484
23 483
23 482
23 481
23 480
23 479
23 478
23 477
22 477
22 476
22 475
22 474
22 473
22 472
22 471
22 470
22 469
22 468
23 468
24 468
25 468
26 468
27 468
28 468
28 467
29 467
29 466
30 466
31 466
