323 482
323 483
323 481
323 480
323 479
323 478
323 477
324 477
325 477
326 477
327 477
328 477
329 477
330 477
331 477
331 478
332 478
332 479
323 484
323 485
323 486
323 487
323 488
322 488
322 489
322 490
321 490
321 491
320 491
320 492
319 492
319 493
318 493
317 493
317 494
316 494
316 495
315 495
105 483
105 482
104 483
104 484
104 485
104 486
104 487
104 488
104 489
104 490
104 491
104 492
104 493
104 494
103 494
102 494
101 494
100 494
99 494
98 494
98 495
99 495
99 496
99 497
99 498
99 499
99 500
100 500
100 501
99 501
98 501
97 501
96 501
96 502
95 502
94 502
94 503
93 503
93 504
92 504
91 504
90 504
89 504
88 504
88 503
87 503
87 502
86 502
86 501
85 501
84 501
84 500
84 499
84 498
84 497
84 496
84 495
84 494
84 493
84 492
105 481
105 480
105 479
105 478
105 477
104 477
104 476
103 476
102 476
101 476
100 476
99 476
98 476
97 476
97 477
96 477
95 477
95 478
94 478
72 458
72 457
72 459
71 459
71 460
70 460
70 461
69 461
69 462
68 462
67 462
67 463
68 463
69 463
69 464
69 465
69 466
69 467
69 468
69 469
69 470
69 471
69 472
69 473
69 474
69 475
69 476
69 477
69 478
68 478
68 479
68 480
68 481
68 482
68 483
68 484
68 485
69 485
69 486
69 487
70 487
70 488
69 488
68 488
67 488
66 488
65 488
64 488
63 488
62 488
61 488
60 488
59 488
58 488
57 488
57 489
57 490
56 490
56 491
55 491
55 492
55 493
55 494
55 495
55 496
55 497
56 497
56 498
57 498
57 499
56 499
56 500
56 501
56 502
55 502
55 503
54 503
54 504
53 504
52 504
52 505
52 506
52 507
52 508
52 509
53 509
54 509
55 509
56 509
57 509
58 509
59 509
60 509
61 509
61 508
61 507
62 507
62 506
63 506
64 506
65 506
66 506
67 506
67 505
68 505
68 504
68 503
69 503
70 503
70 504
70 505
70 506
71 506
71 507
71 508
71 509
72 509
72 510
73 510
73 509
74 509
75 509
75 508
76 508
76 507
77 507
77 506
77 505
78 505
78 504
79 504
79 503
80 503
81 503
81 502
82 502
83 502
84 502
73 457
73 456
74 456
75 456
76 456
77 456
78 456
79 456
80 456
80 455
81 455
81 454
82 454
82 453
83 453
318 461
317 461
319 461
320 461
320 462
321 462
321 463
322 463
322 464
322 465
323 465
323 466
323 467
324 467
324 468
324 469
324 470
324 471
324 472
324 473
324 474
324 475
324 476
317 460
316 460
316 459
315 459
315 458
314 458
314 457
314 456
313 456
313 455
313 454
313 453
313 452
313 451
313 450
299 493
300 493
298 493
297 493
296 493
295 493
294 493
293 493
293 492
294 492
295 492
295 491
295 490
295 489
295 488
295 487
295 486
295 485
295 484
295 483
294 483
294 482
293 482
293 481
292 481
291 481
291 480
290 480
290 479
289 479
289 478
288 478
288 477
287 477
287 476
287 475
286 475
286 474
285 474
285 473
284 473
301 493
302 493
303 493
304 493
305 493
306 493
307 493
308 493
309 493
310 493
311 493
312 493
313 493
314 493
314 494
315 494
280 477
280 478
281 477
281 476
282 476
282 475
283 475
283 474
284 474
280 479
279 479
279 480
278 480
277 480
277 481
276 481
276 482
275 482
274 482
22 328
22 329
22 327
22 326
21 326
21 325
21 324
22 324
22 323
22 322
22 321
22 320
22 319
22 318
23 318
23 317
24 317
22 330
22 331
22 332
22 333
22 334
360 3
359 3
361 3
362 3
362 2
362 1
363 1
363 0
364 0
365 0
366 0
367 0
368 0
369 0
370 0
371 0
372 0
373 0
374 0
375 0
376 0
377 0
378 0
379 0
380 0
381 0
382 0
383 0
384 0
385 0
385 1
386 1
386 2
386 3
387 3
387 4
387 5
387 6
387 7
388 7
389 7
389 8
390 8
390 9
391 9
391 10
392 10
392 11
393 11
394 11
395 11
396 11
397 11
398 11
398 10
399 10
400 10
401 10
402 10
403 10
404 10
405 10
406 10
406 11
407 11
407 12
407 13
407 14
407 15
407 16
407 17
407 18
407 19
407 20
407 21
407 22
407 23
406 23
406 24
407 24
408 24
408 25
408 26
408 27
408 28
408 29
409 29
409 30
410 30
410 31
410 32
410 33
409 33
409 34
408 34
408 35
407 35
406 35
406 36
405 36
405 37
405 38
405 39
404 39
404 40
404 41
403 41
403 42
404 42
405 42
406 42
407 42
408 42
409 42
410 42
411 42
411 43
411 44
412 44
412 45
412 46
413 46
413 47
413 48
414 48
414 49
414 50
414 51
414 52
414 53
414 54
414 55
415 55
416 55
417 55
418 55
419 55
419 56
420 56
420 57
420 58
420 59
420 60
420 61
421 61
421 62
422 62
422 63
422 64
423 64
423 65
423 66
424 66
424 67
425 67
425 68
425 69
426 69
427 69
428 69
429 69
430 69
431 69
432 69
433 69
434 69
435 69
436 69
437 69
437 70
438 70
438 69
439 69
440 69
440 68
441 68
441 67
442 67
443 67
444 67
445 67
446 67
446 66
447 66
447 65
448 65
449 65
450 65
451 65
452 65
453 65
453 64
454 64
454 63
455 63
455 62
456 62
456 61
456 60
456 59
456 58
456 57
456 56
456 55
457 55
458 55
459 55
460 55
461 55
462 55
463 55
464 55
465 55
466 55
467 55
468 55
468 56
469 56
470 56
471 56
472 56
473 56
474 56
474 57
475 57
475 58
476 58
476 59
477 59
477 60
478 60
479 60
480 60
481 60
482 60
483 60
483 61
484 61
484 62
485 62
485 63
485 64
485 65
486 65
486 66
487 66
487 65
488 65
488 64
489 64
490 64
491 64
492 64
493 64
494 64
495 64
496 64
497 64
498 64
499 64
500 64
500 65
501 65
501 66
502 66
502 67
503 67
503 68
504 68
505 68
506 68
507 68
508 68
509 68
509 69
510 69
510 70
510 71
510 72
510 73
510 74
510 75
510 76
510 77
510 78
511 78
358 3
357 3
356 3
355 3
354 3
353 3
352 3
351 3
351 2
351 1
350 1
349 1
348 1
347 1
347 0
346 0
345 0
344 0
343 0
342 0
341 0
340 0
339 0
338 0
337 0
336 0
335 0
335 1
334 1
334 2
334 3
334 4
333 4
333 5
333 6
332 6
331 6
330 6
329 6
328 6
328 7
328 8
328 9
327 9
327 10
326 10
325 10
324 10
323 10
322 10
321 10
320 10
319 10
318 10
317 10
316 10
315 10
314 10
313 10
313 9
312 9
311 9
310 9
309 9
308 9
307 9
306 9
306 10
305 10
89 309
88 309
89 308
89 307
90 307
90 306
91 306
91 305
92 305
93 305
93 304
94 304
94 303
94 302
94 301
94 300
94 299
94 298
94 297
94 296
94 295
88 310
88 311
87 311
87 312
86 312
85 312
85 313
84 313
84 312
83 312
82 312
81 312
81 313
80 313
79 313
78 313
78 314
77 314
77 315
77 316
76 316
76 317
75 317
75 318
74 318
73 318
72 318
71 318
70 318
69 318
68 318
67 318
66 318
66 319
192 442
191 442
193 442
193 441
194 441
195 441
195 440
196 440
197 440
198 440
198 439
199 439
200 439
200 438
190 442
190 443
189 443
188 443
188 444
187 444
187 443
186 443
186 442
186 441
185 441
185 440
184 440
184 439
183 439
183 438
183 437
183 436
183 435
183 434
182 434
28 131
28 130
28 132
28 133
27 133
27 134
26 134
25 134
24 134
23 134
22 134
21 134
20 134
19 134
19 133
28 129
28 128
28 127
28 126
28 125
28 124
28 123
49 214
49 215
49 213
49 212
49 211
49 210
49 209
49 208
49 207
49 206
50 206
50 205
49 205
49 204
48 204
47 204
47 203
46 203
45 203
44 203
43 203
43 202
42 202
42 201
42 200
42 199
42 198
43 198
43 197
43 196
44 196
44 195
45 195
46 195
46 194
50 215
50 216
51 216
51 217
51 218
51 219
52 219
52 220
52 221
53 221
53 222
53 223
52 223
52 224
51 224
51 225
50 225
49 225
48 225
48 226
47 226
46 226
45 226
44 226
43 226
42 226
41 226
40 226
39 226
39 227
38 227
38 228
72 323
72 324
72 322
72 321
72 320
72 319
71 319
70 319
69 319
68 319
67 319
72 325
72 326
72 327
72 328
72 329
72 330
72 331
72 332
72 333
71 333
71 334
71 335
71 336
71 337
71 338
71 339
71 340
72 340
73 340
73 341
193 487
192 487
194 487
194 486
194 485
194 484
195 484
195 485
196 485
197 485
198 485
199 485
200 485
200 484
201 484
202 484
203 484
203 483
204 483
204 482
205 482
206 482
207 482
208 482
191 487
190 487
189 487
189 488
188 488
187 488
186 488
185 488
184 488
183 488
183 489
182 489
182 490
181 490
181 491
180 491
351 474
350 474
352 474
353 474
354 474
355 474
356 474
357 474
358 474
359 474
360 474
361 474
361 475
362 475
363 475
364 475
364 476
365 476
365 477
366 477
349 474
348 474
348 473
347 473
347 474
347 475
346 475
346 476
346 477
345 477
345 478
344 478
344 479
343 479
342 479
341 479
340 479
339 479
339 480
338 480
337 480
336 480
335 480
334 480
333 480
333 479
242 331
241 331
243 331
244 331
244 332
245 332
246 332
247 332
247 331
248 331
249 331
249 330
249 329
249 328
249 327
249 326
250 326
250 325
250 324
250 323
250 322
250 321
250 320
250 319
250 318
250 317
251 317
251 316
240 331
239 331
238 331
238 330
237 330
236 330
236 329
235 329
235 328
234 328
233 328
233 327
303 455
304 455
302 455
302 454
301 454
301 453
300 453
300 452
299 452
299 451
298 451
298 450
297 450
297 449
297 448
297 447
297 446
297 445
297 444
297 443
296 443
295 443
294 443
293 443
292 443
291 443
290 443
289 443
289 442
289 441
288 441
288 440
288 439
287 439
287 438
286 438
286 437
285 437
284 437
284 436
305 455
306 455
307 455
308 455
309 455
310 455
311 455
312 455
312 454
312 453
312 452
312 451
3 144
3 145
3 143
3 142
3 141
3 140
3 139
3 138
2 138
2 137
2 136
2 135
1 135
1 134
0 134
0 133
1 133
1 132
2 132
3 132
4 132
5 132
6 132
7 132
8 132
9 132
9 131
10 131
10 132
11 132
12 132
13 132
14 132
15 132
16 132
17 132
18 132
18 133
3 146
3 147
3 148
4 148
4 149
4 150
4 151
5 151
6 151
6 152
7 152
7 153
7 154
8 154
8 155
8 156
8 157
9 157
9 158
10 158
10 159
12 265
12 266
12 264
13 264
13 263
13 262
14 262
15 262
15 261
16 261
17 261
18 261
19 261
20 261
21 261
21 260
20 260
20 259
20 258
21 258
22 258
23 258
24 258
25 258
26 258
27 258
28 258
29 258
29 259
30 259
30 260
31 260
31 261
32 261
33 261
34 261
35 261
36 261
37 261
37 260
38 260
38 259
38 258
39 258
39 257
38 257
38 256
38 255
38 254
38 253
38 252
39 252
39 251
39 250
39 249
39 248
39 247
39 246
39 245
38 245
37 245
36 245
36 244
35 244
35 243
34 243
34 242
33 242
33 241
33 240
34 240
34 239
35 239
35 238
36 238
36 237
36 236
37 236
37 235
37 234
37 233
37 232
37 231
37 230
37 229
37 228
11 266
11 267
11 268
11 269
10 269
10 270
10 271
10 272
10 273
10 274
10 275
10 276
9 276
9 277
9 278
9 279
8 279
8 280
8 281
7 281
7 282
6 282
6 283
6 284
5 284
5 285
5 286
5 287
5 288
5 289
5 290
5 291
5 292
4 292
4 293
4 294
4 295
4 296
4 297
4 298
4 299
3 299
2 299
1 299
1 300
1 301
2 301
2 302
3 302
4 302
4 303
5 303
6 303
7 303
7 304
7 305
7 306
7 307
7 308
7 309
7 310
7 311
6 311
6 312
6 313
7 313
7 314
8 314
9 314
10 314
11 314
12 314
13 314
13 315
14 315
14 316
15 316
15 317
16 317
17 317
18 317
19 317
20 317
21 317
22 317
51 307
50 307
52 307
52 306
53 306
53 305
53 304
54 304
54 303
55 303
55 302
49 307
48 307
47 307
46 307
46 308
45 308
44 308
44 307
43 307
42 307
42 306
41 306
40 306
39 306
38 306
37 306
36 306
35 306
34 306
34 307
33 307
32 307
32 308
31 308
31 309
31 310
31 311
31 312
31 313
31 314
31 315
31 316
30 316
29 316
28 316
27 316
26 316
25 316
24 316
209 489
209 490
209 488
209 487
209 486
209 485
209 484
209 483
209 482
209 491
209 492
209 493
209 494
210 494
210 495
211 495
212 495
212 496
239 498
238 498
240 498
241 498
242 498
242 499
243 499
244 499
244 500
245 500
246 500
247 500
248 500
249 500
249 499
250 499
251 499
251 498
252 498
252 497
253 497
253 496
254 496
255 496
256 496
257 496
258 496
259 496
260 496
260 495
261 495
261 494
261 493
262 493
262 492
263 492
263 491
264 491
264 490
265 490
266 490
266 489
267 489
267 488
268 488
268 487
268 486
268 485
269 485
269 484
270 484
271 484
271 483
272 483
273 483
274 483
237 498
236 498
235 498
234 498
234 499
234 500
234 501
233 501
233 502
233 503
232 503
232 504
132 232
132 231
132 233
132 234
132 235
132 236
132 237
131 237
131 238
130 238
130 239
129 239
129 240
129 241
129 242
129 243
129 244
128 244
128 245
127 245
127 246
126 246
125 246
124 246
124 247
123 247
123 248
123 249
123 250
123 251
123 252
123 253
123 254
124 254
125 254
126 254
127 254
128 254
128 253
129 253
130 253
131 253
132 253
133 253
134 253
134 252
135 252
136 252
136 253
136 254
136 255
136 256
136 257
136 258
136 259
136 260
136 261
135 261
134 261
134 262
133 262
132 262
132 263
132 264
132 265
132 266
132 267
132 268
132 269
133 269
133 270
134 270
135 270
136 270
136 271
137 271
137 272
137 273
137 274
138 274
139 274
140 274
141 274
142 274
143 274
143 275
144 275
145 275
145 276
146 276
146 277
146 278
147 278
147 279
147 280
147 281
147 282
147 283
147 284
147 285
147 286
148 286
148 285
148 284
149 284
149 283
149 282
150 282
151 282
152 282
153 282
154 282
154 281
155 281
156 281
156 280
157 280
157 281
157 282
157 283
157 284
157 285
157 286
158 286
158 287
159 287
159 286
160 286
161 286
162 286
163 286
164 286
165 286
166 286
167 286
168 286
168 287
169 287
170 287
170 288
170 289
170 290
170 291
170 292
170 293
170 294
170 295
170 296
170 297
170 298
170 299
171 299
171 300
170 300
170 301
169 301
169 302
168 302
167 302
166 302
165 302
164 302
164 303
163 303
163 304
162 304
162 305
162 306
161 306
161 307
160 307
160 308
159 308
158 308
157 308
156 308
156 309
155 309
155 310
154 310
154 311
154 312
154 313
154 314
155 314
155 315
156 315
156 316
156 317
157 317
158 317
159 317
159 318
159 319
159 320
159 321
159 322
159 323
159 324
159 325
159 326
159 327
159 328
159 329
159 330
159 331
159 332
160 332
160 333
161 333
162 333
163 333
164 333
165 333
166 333
166 334
167 334
168 334
168 335
169 335
169 336
168 336
168 337
167 337
166 337
166 338
165 338
165 339
165 340
165 341
165 342
165 343
165 344
166 344
166 345
166 346
166 347
165 347
165 348
165 349
164 349
164 350
163 350
163 351
162 351
161 351
161 352
160 352
160 353
160 354
160 355
160 356
160 357
160 358
160 359
160 360
159 360
159 361
159 362
159 363
159 364
159 365
159 366
159 367
159 368
160 368
132 230
132 229
132 228
132 227
131 227
130 227
129 227
128 227
127 227
126 227
64 233
64 234
64 232
64 231
64 230
63 230
63 229
62 229
61 229
61 228
61 227
60 227
60 226
60 225
59 225
59 224
59 223
58 223
57 223
56 223
55 223
54 223
54 222
64 235
64 236
64 237
65 237
65 238
65 239
66 239
66 240
67 240
68 240
68 241
69 241
70 241
70 242
71 242
71 243
71 244
72 244
72 245
72 246
72 247
73 247
73 248
73 249
73 250
73 251
73 252
74 252
74 253
75 253
76 253
77 253
78 253
79 253
80 253
81 253
82 253
83 253
84 253
85 253
86 253
87 253
87 252
88 252
88 251
89 251
89 250
90 250
90 249
91 249
91 250
92 250
93 250
93 251
94 251
94 252
94 253
94 254
94 255
94 256
94 257
93 257
93 258
92 258
92 259
92 260
92 261
92 262
92 263
92 264
92 265
92 266
92 267
92 268
93 268
94 268
94 269
95 269
96 269
96 270
96 271
97 271
98 271
99 271
100 271
101 271
102 271
102 270
103 270
103 269
104 269
105 269
106 269
107 269
107 268
107 267
107 266
107 265
108 265
109 265
110 265
111 265
112 265
113 265
114 265
114 264
114 263
115 263
115 262
115 261
116 261
116 260
117 260
117 259
118 259
118 258
119 258
120 258
120 257
121 257
121 256
122 256
122 255
123 255
39 317
39 318
38 317
37 317
36 317
35 317
35 316
34 316
33 316
33 315
32 315
32 314
32 313
32 312
32 311
32 310
32 309
40 318
41 318
41 319
41 320
42 320
42 321
42 322
42 323
43 323
43 324
44 324
44 325
45 325
45 326
46 326
47 326
48 326
49 326
50 326
51 326
51 327
52 327
53 327
53 328
54 328
54 329
55 329
55 330
56 330
56 331
57 331
57 332
58 332
58 333
58 334
59 334
59 335
59 336
60 336
61 336
62 336
63 336
64 336
65 336
66 336
67 336
68 336
68 335
69 335
69 334
70 334
15 12
16 12
14 12
13 12
13 13
12 13
12 14
11 14
10 14
9 14
8 14
8 15
7 15
6 15
6 16
5 16
4 16
3 16
2 16
2 17
1 17
0 17
0 18
17 12
18 12
18 11
18 10
18 9
18 8
18 7
18 6
18 5
18 4
18 3
18 2
18 1
19 1
20 1
21 1
22 1
23 1
24 1
25 1
26 1
27 1
28 1
29 1
30 1
31 1
32 1
33 1
34 1
35 1
35 2
36 2
36 3
37 3
37 4
38 4
38 5
39 5
39 6
40 6
41 6
42 6
43 6
44 6
45 6
46 6
47 6
47 5
207 337
207 338
207 336
207 335
207 334
207 333
207 332
208 332
208 331
209 331
209 330
208 330
208 329
207 329
207 328
207 327
207 326
207 325
207 324
207 323
207 322
207 321
207 320
206 320
206 319
206 318
206 317
206 316
206 315
206 314
207 314
208 314
209 314
210 314
211 314
212 314
213 314
214 314
214 315
215 315
215 316
215 317
216 317
216 318
217 318
217 319
217 320
217 321
217 322
217 323
217 324
218 324
218 323
218 322
219 322
219 321
220 321
221 321
221 320
222 320
222 319
223 319
224 319
224 320
225 320
226 320
227 320
227 321
227 322
227 323
227 324
228 324
228 325
229 325
230 325
230 326
231 326
232 326
232 327
208 338
208 339
209 339
209 340
210 340
210 341
211 341
212 341
213 341
214 341
214 342
213 342
212 342
211 342
210 342
209 342
208 342
207 342
206 342
206 343
205 343
205 344
204 344
204 345
203 345
203 346
203 347
203 348
203 349
203 350
202 350
202 351
202 352
203 352
204 352
205 352
206 352
206 353
207 353
207 354
208 354
209 354
209 353
210 353
211 353
212 353
213 353
213 352
213 351
214 351
214 350
214 349
215 349
216 349
217 349
218 349
219 349
220 349
221 349
221 350
222 350
222 351
222 352
222 353
222 354
222 355
223 355
223 356
224 356
232 484
232 485
232 483
231 483
230 483
229 483
228 483
227 483
226 483
226 484
225 484
225 485
225 486
225 487
224 487
224 488
223 488
223 489
222 489
222 490
221 490
220 490
220 491
219 491
219 492
218 492
217 492
217 493
216 493
215 493
215 494
214 494
213 494
213 495
232 486
232 487
232 488
233 488
233 489
233 490
233 491
233 492
233 493
233 494
233 495
233 496
233 497
233 498
233 499
233 500
197 304
197 305
196 304
196 303
195 303
195 302
194 302
194 301
193 301
192 301
191 301
190 301
190 300
190 299
190 298
189 298
189 297
189 296
188 296
188 295
188 294
189 294
189 293
189 292
189 291
189 290
189 289
188 289
188 288
187 288
186 288
185 288
184 288
183 288
182 288
182 289
181 289
181 290
180 290
179 290
178 290
178 291
177 291
176 291
175 291
174 291
173 291
173 290
172 290
171 290
171 289
171 288
197 306
197 307
197 308
198 308
199 308
200 308
201 308
201 309
202 309
203 309
204 309
204 310
204 311
204 312
204 313
204 314
204 315
205 315
205 316
205 317
48 377
48 378
47 377
46 377
45 377
44 377
43 377
42 377
41 377
40 377
40 376
40 375
39 375
39 374
38 374
38 373
38 372
38 371
38 370
38 369
37 369
37 368
37 367
37 366
38 366
38 365
39 365
39 364
40 364
40 363
41 363
41 362
42 362
42 361
42 360
42 359
42 358
42 357
42 356
42 355
42 354
42 353
43 353
44 353
44 352
45 352
46 352
47 352
48 352
49 352
50 352
51 352
52 352
53 352
54 352
55 352
56 352
56 351
57 351
58 351
59 351
59 350
60 350
60 349
60 348
59 348
59 347
59 346
59 345
59 344
59 343
60 343
60 342
60 341
60 340
60 339
60 338
60 337
49 378
50 378
50 379
51 379
51 380
52 380
52 381
52 382
52 383
51 383
51 384
51 385
51 386
51 387
51 388
50 388
50 389
49 389
49 390
49 391
48 391
48 392
48 393
47 393
47 394
47 395
47 396
47 397
46 397
46 398
46 399
45 399
45 400
44 400
44 401
44 402
43 402
43 403
43 404
43 405
43 406
43 407
43 408
44 408
44 409
44 410
44 411
44 412
44 413
45 413
45 414
45 415
45 416
46 416
46 417
46 418
45 418
45 419
44 419
43 419
43 420
42 420
42 421
42 422
42 423
42 424
42 425
42 426
42 427
42 428
43 428
43 429
44 429
44 430
45 430
45 431
44 431
44 432
44 433
44 434
44 435
44 436
44 437
44 438
44 439
44 440
44 441
44 442
44 443
44 444
43 444
43 445
42 445
42 444
41 444
41 443
40 443
40 442
39 442
38 442
37 442
37 441
36 441
35 441
34 441
34 442
33 442
33 443
32 443
32 442
31 442
30 442
29 442
28 442
27 442
26 442
25 442
24 442
24 441
24 440
24 439
23 439
22 439
22 438
21 438
20 438
19 438
18 438
18 437
17 437
17 436
16 436
16 435
15 435
15 434
15 433
16 433
16 432
17 432
18 432
18 431
19 431
19 430
20 430
21 430
21 429
22 429
22 428
22 427
23 427
23 426
23 425
23 424
23 423
23 422
23 421
23 420
23 419
24 419
24 418
25 418
25 417
26 417
27 417
28 417
29 417
29 416
28 416
28 415
27 415
27 414
27 413
27 412
26 412
26 411
25 411
25 410
25 409
25 408
25 407
25 406
25 405
25 404
25 403
24 403
24 402
74 355
74 356
74 354
74 353
74 352
74 351
74 350
74 349
74 348
74 347
73 347
73 346
73 345
73 344
73 343
73 342
74 357
74 358
75 358
76 358
77 358
78 358
79 358
80 358
81 358
186 495
186 494
186 496
186 497
187 497
187 498
187 499
187 500
187 501
187 502
187 503
187 504
187 505
186 493
186 492
186 491
185 491
184 491
183 491
182 491
230 293
230 292
229 293
229 294
228 294
227 294
227 295
226 295
226 296
226 297
225 297
225 298
225 299
225 300
225 301
225 302
226 302
226 303
226 304
227 304
227 305
227 306
227 307
227 308
228 308
228 309
228 310
229 310
230 310
230 311
231 311
232 311
233 311
234 311
235 311
235 310
236 310
237 310
237 309
238 309
238 310
238 311
238 312
239 312
239 313
240 313
240 314
241 314
242 314
243 314
244 314
245 314
246 314
247 314
247 315
248 315
249 315
250 315
250 316
231 292
231 291
231 290
232 290
232 289
232 288
232 287
232 286
232 285
233 285
233 284
233 283
234 283
235 283
236 283
237 283
237 282
236 282
236 281
236 280
236 279
236 278
236 277
236 276
236 275
237 275
237 274
237 273
238 273
238 272
239 272
239 271
240 271
240 270
241 270
241 269
242 269
242 268
243 268
244 268
244 267
245 267
246 267
246 266
246 265
247 265
247 266
247 267
248 267
248 268
248 269
248 270
248 271
248 272
248 273
248 274
248 275
248 276
248 277
248 278
248 279
249 279
166 506
166 507
166 505
165 505
164 505
164 504
163 504
163 503
162 503
166 508
166 509
166 510
167 510
167 511
168 511
169 511
170 511
171 511
172 511
173 511
174 511
175 511
176 511
177 511
178 511
179 511
180 511
181 511
182 511
183 511
183 510
183 509
184 509
184 508
184 507
185 507
185 506
186 506
186 505
8 324
8 325
8 323
8 322
8 321
8 320
8 319
8 318
8 317
8 316
8 315
8 326
8 327
8 328
7 328
7 329
7 330
6 330
6 331
5 331
89 80
89 81
89 79
89 78
89 77
89 76
89 75
90 75
91 75
92 75
93 75
94 75
95 75
95 76
96 76
96 77
97 77
97 76
98 76
98 75
98 74
98 73
98 72
98 71
98 70
98 69
98 68
99 68
99 67
98 67
98 66
98 65
98 64
97 64
97 63
96 63
96 62
95 62
95 61
94 61
94 60
93 60
92 60
91 60
90 60
89 60
88 60
87 60
86 60
85 60
84 60
84 59
83 59
82 59
82 58
81 58
81 57
81 56
80 56
80 55
80 54
80 53
80 52
80 51
80 50
80 49
81 49
81 48
82 48
83 48
83 47
83 46
84 46
84 45
85 45
85 44
86 44
87 44
88 44
89 44
89 45
90 45
91 45
91 46
91 47
92 47
92 46
93 46
93 45
93 44
93 43
94 43
95 43
96 43
97 43
98 43
99 43
99 42
100 42
101 42
101 41
102 41
103 41
103 40
104 40
104 39
104 38
105 38
105 37
105 36
105 35
106 35
106 34
106 33
106 32
106 31
106 30
107 30
107 29
107 28
108 28
108 27
109 27
110 27
111 27
112 27
112 26
113 26
113 25
113 24
112 24
112 23
111 23
110 23
109 23
108 23
108 22
107 22
106 22
106 21
105 21
104 21
104 20
103 20
102 20
102 19
101 19
101 18
100 18
100 17
100 16
100 15
100 14
100 13
99 13
98 13
98 14
97 14
97 15
96 15
95 15
95 16
94 16
93 16
92 16
92 15
92 14
92 13
92 12
92 11
92 10
92 9
92 8
91 8
91 7
90 7
89 7
88 7
87 7
86 7
85 7
84 7
84 6
83 6
83 5
82 5
81 5
80 5
79 5
78 5
77 5
76 5
75 5
74 5
73 5
72 5
71 5
70 5
69 5
68 5
68 4
67 4
66 4
65 4
64 4
63 4
62 4
61 4
60 4
59 4
58 4
57 4
56 4
55 4
55 3
54 3
53 3
52 3
52 4
51 4
50 4
49 4
49 5
48 5
89 82
89 83
89 84
89 85
89 86
88 86
88 87
87 87
87 88
87 89
87 90
87 91
87 92
87 93
87 94
87 95
151 505
151 504
152 505
153 505
153 506
154 506
154 505
155 505
156 505
157 505
158 505
159 505
160 505
160 504
161 504
162 504
150 504
149 504
148 504
148 503
147 503
146 503
145 503
144 503
143 503
142 503
141 503
141 504
140 504
140 505
139 505
139 506
139 507
138 507
138 508
138 509
138 510
138 511
137 511
136 511
135 511
134 511
133 511
132 511
131 511
130 511
129 511
128 511
127 511
126 511
125 511
124 511
123 511
122 511
121 511
120 511
119 511
118 511
117 511
116 511
115 511
115 510
114 510
114 509
113 509
113 508
113 507
113 506
113 505
113 504
113 503
113 502
112 502
112 501
111 501
110 501
109 501
108 501
107 501
106 501
105 501
104 501
103 501
102 501
101 501
222 238
222 239
223 238
223 237
223 236
223 235
223 234
223 233
223 232
224 232
224 231
224 230
225 230
225 229
226 229
226 228
226 227
227 227
227 226
228 226
228 225
229 225
229 224
230 224
230 223
230 222
230 221
230 220
230 219
230 218
230 217
230 216
229 216
228 216
228 215
227 215
227 214
226 214
226 213
225 213
225 212
224 212
224 211
223 211
223 210
222 210
221 239
221 240
220 240
219 240
219 241
218 241
217 241
216 241
216 242
215 242
214 242
213 242
213 243
214 243
215 243
215 244
215 245
215 246
215 247
215 248
215 249
215 250
215 251
215 252
215 253
215 254
215 255
215 256
216 256
216 257
217 257
217 258
218 258
218 259
218 260
218 261
219 261
219 262
219 263
219 264
220 264
220 265
220 266
221 266
221 267
222 267
223 267
223 268
224 268
224 269
225 269
225 270
226 270
226 271
227 271
227 272
228 272
229 272
230 272
231 272
232 272
233 272
234 272
235 272
236 272
236 273
236 274
155 387
155 386
155 388
155 389
155 390
155 391
155 392
155 393
155 394
155 395
155 396
155 397
155 398
155 399
155 400
155 401
156 401
156 402
157 402
155 385
155 384
155 383
156 383
157 383
157 382
158 382
159 382
160 382
161 382
162 382
163 382
164 382
165 382
166 382
166 381
166 380
167 380
167 379
168 379
169 379
169 378
170 378
171 378
172 378
172 377
173 377
174 377
175 377
176 377
176 376
177 376
178 376
178 377
179 377
179 378
179 379
180 379
180 378
181 378
182 378
183 378
184 378
185 378
186 378
187 378
188 378
189 378
189 377
190 377
190 376
191 376
191 375
191 374
191 373
191 372
191 371
191 370
191 369
191 368
190 368
189 368
189 367
190 367
191 367
192 367
192 366
193 366
194 366
195 366
196 366
197 366
198 366
199 366
200 366
200 365
201 365
201 364
201 363
202 363
202 362
201 362
201 361
201 360
201 359
201 358
201 357
201 356
201 355
201 354
201 353
201 352
201 351
125 190
124 190
125 191
126 191
126 192
127 192
128 192
129 192
130 192
131 192
132 192
133 192
134 192
134 193
133 193
133 194
132 194
132 195
132 196
132 197
131 197
131 198
131 199
130 199
130 200
130 201
130 202
130 203
130 204
129 204
128 204
128 205
128 206
127 206
127 207
127 208
127 209
128 209
129 209
129 210
129 211
129 212
129 213
129 214
129 215
129 216
129 217
129 218
128 218
127 218
127 219
128 219
128 220
128 221
128 222
128 223
128 224
128 225
127 225
127 226
126 226
124 189
123 189
122 189
122 188
121 188
120 188
119 188
119 187
118 187
117 187
116 187
115 187
114 187
113 187
112 187
111 187
110 187
109 187
108 187
108 186
107 186
107 185
107 184
107 183
107 182
107 181
106 181
105 181
104 181
103 181
102 181
101 181
101 182
100 182
100 183
99 183
98 183
98 184
15 497
16 497
15 496
14 496
14 495
13 495
13 494
12 494
12 493
11 493
11 492
10 492
10 491
9 491
8 491
8 490
8 489
7 489
7 488
7 487
7 486
7 485
7 484
6 484
5 484
4 484
3 484
2 484
1 484
1 483
0 483
0 482
0 481
0 480
0 479
0 478
0 477
0 476
0 475
0 474
0 473
0 472
0 471
0 470
1 470
2 470
2 469
3 469
3 468
4 468
4 467
5 467
5 466
6 466
6 465
7 465
7 464
8 464
9 464
10 464
10 463
11 463
11 462
11 461
11 460
11 459
11 458
10 458
10 457
9 457
9 456
8 456
7 456
7 455
6 455
6 454
5 454
5 453
4 453
4 452
4 451
4 450
5 450
6 450
6 449
7 449
7 448
8 448
8 447
8 446
8 445
8 444
8 443
8 442
8 441
8 440
8 439
9 439
9 438
10 438
10 437
11 437
11 436
12 436
12 435
13 435
13 434
14 434
16 498
16 499
17 499
17 500
18 500
19 500
20 500
21 500
22 500
23 500
24 500
25 500
26 500
27 500
28 500
28 501
28 502
28 503
28 504
28 505
28 506
28 507
29 507
30 507
31 507
32 507
33 507
34 507
35 507
36 507
37 507
37 506
38 506
38 505
39 505
39 506
39 507
39 508
39 509
39 510
39 511
40 511
41 511
42 511
43 511
44 511
45 511
46 511
47 511
48 511
49 511
50 511
50 510
51 510
51 509
241 400
242 400
240 400
239 400
238 400
238 399
237 399
236 399
235 399
234 399
233 399
233 398
232 398
231 398
230 398
229 398
228 398
228 397
228 396
227 396
227 397
227 398
226 398
226 399
225 399
225 400
224 400
223 400
222 400
222 399
221 399
221 398
220 398
220 397
219 397
219 396
218 396
217 396
217 397
216 397
215 397
214 397
213 397
212 397
212 398
211 398
211 399
210 399
209 399
209 400
209 401
208 401
207 401
206 401
205 401
204 401
204 402
204 403
203 403
202 403
202 402
202 401
201 401
201 400
201 399
201 398
200 398
200 397
200 396
199 396
199 395
198 395
198 394
198 393
198 392
198 391
198 390
198 389
199 389
199 388
200 388
200 387
199 387
199 386
198 386
198 385
198 384
198 383
198 382
198 381
198 380
198 379
198 378
198 377
198 376
198 375
197 375
196 375
195 375
194 375
193 375
192 375
192 374
192 373
192 372
243 400
244 400
245 400
245 401
245 402
245 403
245 404
245 405
246 405
246 406
246 407
247 407
247 408
248 408
248 409
249 409
250 409
251 409
252 409
253 409
254 409
255 409
256 409
257 409
258 409
259 409
259 410
260 410
261 410
262 410
262 411
263 411
263 412
264 351
264 352
264 350
264 349
263 349
263 348
262 348
262 347
261 347
261 346
260 346
260 345
259 345
258 345
257 345
256 345
256 344
255 344
254 344
253 344
253 345
252 345
251 345
251 346
251 347
251 348
251 349
251 350
250 350
249 350
248 350
247 350
246 350
245 350
244 350
243 350
242 350
241 350
240 350
239 350
238 350
237 350
236 350
236 351
236 352
235 352
235 353
234 353
233 353
232 353
231 353
230 353
229 353
228 353
227 353
227 354
226 354
226 355
225 355
225 356
264 353
264 354
264 355
264 356
264 357
264 358
265 358
265 359
265 360
266 360
267 360
268 360
269 360
269 361
270 361
270 362
271 362
271 363
271 364
271 365
272 365
273 365
274 365
275 365
276 365
277 365
278 365
279 365
280 365
281 365
281 364
282 364
282 365
283 365
283 366
283 367
284 367
284 368
285 368
285 369
286 369
286 370
286 371
286 372
287 372
287 373
288 373
288 374
287 374
287 375
287 376
287 377
287 378
287 379
287 380
286 380
286 381
285 381
285 382
284 382
284 383
283 383
282 383
282 384
282 385
282 386
282 387
282 388
281 388
280 388
280 389
281 389
282 389
282 390
283 390
284 390
285 390
285 391
286 391
286 392
286 393
285 393
285 394
285 395
285 396
285 397
285 398
284 398
284 399
283 399
283 400
283 401
282 401
282 402
281 402
281 403
280 403
279 403
279 404
280 404
280 405
281 405
282 405
283 405
283 406
283 407
283 408
283 409
283 410
283 411
283 412
283 413
283 414
283 415
283 416
283 417
282 417
282 418
282 419
282 420
282 421
282 422
282 423
282 424
282 425
282 426
282 427
282 428
282 429
283 429
283 430
284 430
284 431
285 431
285 432
285 433
285 434
285 435
285 436
36 148
37 148
35 148
34 148
33 148
32 148
32 149
32 150
31 150
31 151
31 152
30 152
30 151
29 151
28 151
27 151
26 151
25 151
25 152
24 152
23 152
22 152
21 152
20 152
19 152
18 152
17 152
16 152
16 153
16 154
16 155
15 155
14 155
14 156
13 156
12 156
12 157
11 157
11 158
11 159
37 147
38 147
39 147
40 147
41 147
42 147
43 147
44 147
45 147
46 147
47 147
48 147
49 147
50 147
51 147
51 148
52 148
52 149
53 149
53 150
54 150
54 151
54 152
54 153
54 154
55 154
56 154
57 154
58 154
59 154
60 154
61 154
62 154
63 154
64 154
65 154
66 154
67 154
67 155
68 155
69 155
70 155
70 154
71 154
71 155
72 155
73 155
73 156
73 157
74 157
74 158
75 158
75 159
75 160
76 160
76 161
76 162
76 163
76 164
76 165
75 165
74 165
73 165
72 165
72 166
72 167
72 168
72 169
72 170
73 170
73 171
72 171
71 171
70 171
69 171
68 171
67 171
66 171
65 171
65 172
64 172
64 173
64 174
64 175
64 176
64 177
64 178
63 178
63 179
62 179
62 180
62 181
62 182
62 183
62 184
62 185
61 185
61 186
60 186
60 187
59 187
59 188
59 189
58 189
58 190
57 190
56 190
55 190
54 190
53 190
52 190
52 191
51 191
51 192
50 192
49 192
49 193
48 193
48 194
47 194
201 200
201 201
201 199
201 198
201 197
201 196
200 196
200 195
199 195
199 194
198 194
198 193
197 193
197 194
197 195
196 195
196 196
195 196
195 197
194 197
193 197
192 197
191 197
190 197
190 198
189 198
188 198
188 199
202 201
202 202
203 202
203 203
204 203
204 204
205 204
205 205
206 205
207 205
207 206
208 206
208 207
209 207
209 208
210 208
211 208
211 209
212 209
213 209
214 209
215 209
216 209
217 209
218 209
219 209
220 209
221 209
221 210
291 337
290 337
292 337
293 337
294 337
295 337
296 337
297 337
298 337
299 337
289 337
288 337
287 337
287 338
288 338
288 339
288 340
289 340
289 341
289 342
289 343
289 344
289 345
289 346
289 347
290 347
290 348
290 349
289 349
289 350
289 351
289 352
289 353
288 353
287 353
287 354
286 354
285 354
285 355
284 355
284 356
284 357
284 358
284 359
284 360
284 361
284 362
284 363
283 363
282 363
181 188
181 189
181 187
181 186
181 185
181 184
181 183
181 182
182 182
182 181
181 190
181 191
181 192
182 192
182 193
183 193
183 194
184 194
184 195
184 196
185 196
185 197
186 197
186 198
187 198
222 469
222 468
222 470
222 471
223 471
223 472
223 473
224 473
224 474
224 475
224 476
224 477
224 478
223 478
223 479
223 480
223 481
223 482
223 483
223 484
223 485
223 486
223 487
221 468
221 467
220 467
219 467
219 466
218 466
218 465
217 465
217 464
216 464
215 464
215 463
214 463
213 463
212 463
212 462
211 462
211 461
211 460
211 459
211 458
210 458
210 457
209 457
209 456
208 456
208 455
208 454
208 453
208 452
208 451
208 450
208 449
208 448
207 448
207 447
206 447
206 446
205 446
205 445
204 445
204 444
204 443
203 443
203 442
203 441
202 441
202 440
202 439
201 439
201 438
123 153
123 152
123 154
123 155
122 155
121 155
120 155
120 156
119 156
119 157
118 157
118 158
118 159
118 160
118 161
118 162
118 163
117 163
117 164
116 164
116 165
115 165
114 165
113 165
112 165
112 166
113 166
113 167
113 168
113 169
113 170
113 171
113 172
113 173
113 174
113 175
113 176
113 177
114 177
115 177
115 178
116 178
116 179
116 180
116 181
116 182
116 183
116 184
116 185
116 186
115 186
114 186
113 186
112 186
111 186
110 186
109 186
123 151
123 150
123 149
123 148
123 147
122 147
152 414
152 415
152 413
152 412
152 411
152 410
153 410
153 409
153 408
153 407
154 407
154 406
154 405
155 405
155 404
155 403
156 403
151 415
151 416
150 416
150 417
149 417
149 418
148 418
148 419
148 420
147 420
147 421
148 421
148 422
148 423
148 424
148 425
148 426
148 427
148 428
148 429
148 430
149 430
150 430
151 430
152 430
153 430
154 430
155 430
156 430
157 430
108 433
108 432
108 434
107 434
107 435
106 435
106 436
105 436
104 436
104 437
103 437
102 437
101 437
100 437
99 437
98 437
98 438
97 438
97 439
96 439
96 440
96 441
95 441
95 442
94 442
94 443
94 444
94 445
94 446
94 447
94 448
94 449
95 449
95 450
96 450
96 451
96 452
96 453
96 454
96 455
96 456
96 457
96 458
95 458
95 459
94 459
94 460
93 460
93 461
92 461
92 462
92 463
91 463
91 464
91 465
90 465
90 466
89 466
89 467
88 467
88 468
87 468
86 468
86 469
85 469
84 469
83 469
83 470
82 470
81 470
81 471
81 472
81 473
81 474
80 474
80 475
79 475
79 476
79 477
79 478
78 478
77 478
76 478
75 478
74 478
73 478
72 478
71 478
70 478
108 431
109 431
109 430
110 430
111 430
112 430
113 430
113 429
114 429
114 428
114 427
114 426
115 426
115 425
115 424
115 423
116 423
116 422
117 422
117 421
118 421
118 420
119 420
120 420
120 419
121 419
121 418
122 418
122 417
122 416
123 416
123 415
124 415
124 414
125 414
125 413
126 413
126 412
126 411
127 411
128 411
129 411
130 411
131 411
131 412
132 412
132 413
133 413
133 412
134 412
135 412
135 411
135 410
136 410
136 409
136 408
137 408
137 407
136 407
136 406
136 405
136 404
136 403
135 403
135 402
134 402
134 401
135 401
136 401
136 400
137 400
138 400
139 400
139 399
140 399
141 399
141 398
142 398
69 190
70 190
68 190
67 190
66 190
65 190
64 190
64 189
64 188
63 188
63 187
63 186
62 186
71 190
72 190
73 190
74 190
75 190
76 190
77 190
78 190
79 190
80 190
81 190
82 190
82 191
83 191
84 191
115 116
116 116
115 115
115 114
114 114
114 113
114 112
114 111
114 110
113 110
113 109
113 108
112 108
112 107
112 106
112 105
112 104
112 103
112 102
112 101
112 100
113 100
113 99
114 99
115 99
115 98
114 98
113 98
113 97
112 97
111 97
110 97
109 97
108 97
107 97
106 97
105 97
104 97
103 97
102 97
101 97
100 97
99 97
98 97
97 97
97 96
96 96
95 96
95 95
94 95
93 95
92 95
91 95
90 95
89 95
88 95
116 117
116 118
117 118
117 119
117 120
117 121
118 121
118 122
119 122
119 123
120 123
121 123
122 123
123 123
124 123
124 124
125 124
126 124
127 124
128 124
129 124
130 124
130 125
129 125
129 126
129 127
129 128
129 129
129 130
128 130
128 131
127 131
127 132
126 132
125 132
124 132
123 132
122 132
121 132
120 132
119 132
118 132
117 132
117 133
117 134
117 135
117 136
117 137
117 138
117 139
116 139
116 140
117 140
117 141
118 141
118 142
119 142
120 142
120 143
120 144
121 144
121 145
121 146
122 146
338 285
338 286
338 284
338 283
337 283
337 282
336 282
336 281
335 281
335 280
334 280
333 280
333 279
332 279
338 287
338 288
338 289
338 290
338 291
339 291
339 292
340 292
340 293
280 248
280 249
279 248
279 247
279 246
278 246
278 245
277 245
277 244
276 244
275 244
275 243
274 243
274 244
273 244
273 245
272 245
272 246
271 246
271 247
271 248
270 248
269 248
268 248
267 248
266 248
265 248
264 248
264 249
263 249
263 250
262 250
262 251
261 251
261 252
260 252
260 253
260 254
260 255
260 256
260 257
260 258
259 258
259 259
258 259
257 259
256 259
255 259
254 259
253 259
252 259
251 259
251 260
251 261
251 262
251 263
250 263
249 263
249 264
248 264
247 264
280 250
281 250
282 250
283 250
284 250
285 250
286 250
287 250
288 250
288 251
289 251
290 251
290 250
291 250
291 249
291 248
292 248
293 248
294 248
295 248
296 248
297 248
298 248
298 247
298 246
299 246
171 3
170 3
171 4
172 4
172 5
173 5
173 6
174 6
175 6
176 6
177 6
178 6
178 7
179 7
179 6
180 6
180 5
180 4
180 3
180 2
180 1
181 1
182 1
183 1
184 1
185 1
186 1
187 1
188 1
188 0
189 0
190 0
191 0
192 0
193 0
194 0
195 0
196 0
197 0
198 0
199 0
200 0
200 1
200 2
201 2
202 2
203 2
204 2
205 2
206 2
207 2
208 2
209 2
210 2
211 2
212 2
213 2
213 3
214 3
214 4
215 4
215 5
216 5
217 5
218 5
219 5
219 6
220 6
221 6
222 6
223 6
224 6
225 6
225 5
226 5
227 5
228 5
229 5
230 5
230 4
231 4
231 3
232 3
232 2
233 2
234 2
234 3
235 3
235 4
235 5
236 5
236 6
236 7
237 7
237 8
238 8
238 9
239 9
240 9
240 10
241 10
242 10
242 11
243 11
244 11
244 12
245 12
246 12
246 13
246 14
246 15
247 15
247 16
248 16
249 16
250 16
251 16
251 17
252 17
252 18
252 19
252 20
253 20
253 21
254 21
255 21
255 20
256 20
256 19
257 19
258 19
258 18
259 18
260 18
260 17
261 17
261 18
261 19
261 20
261 21
261 22
261 23
261 24
262 24
262 25
263 25
264 25
264 26
265 26
265 27
265 28
266 28
266 29
266 30
267 30
267 31
267 32
267 33
267 34
268 34
268 35
268 36
269 36
269 37
270 37
271 37
272 37
272 36
273 36
273 35
273 34
274 34
274 33
274 32
274 31
274 30
275 30
275 29
276 29
277 29
277 30
278 30
278 31
278 32
279 32
280 32
281 32
282 32
283 32
284 32
285 32
285 31
285 30
285 29
285 28
285 27
285 26
284 26
284 25
284 24
284 23
284 22
284 21
285 21
286 21
287 21
288 21
289 21
290 21
291 21
291 20
292 20
292 19
293 19
293 18
294 18
295 18
295 17
296 17
296 16
297 16
298 16
298 15
299 15
299 14
300 14
300 13
301 13
302 13
303 13
303 12
304 12
304 11
305 11
169 3
168 3
168 2
167 2
167 1
166 1
166 0
165 0
164 0
163 0
162 0
161 0
160 0
159 0
158 0
157 0
156 0
155 0
154 0
153 0
152 0
151 0
150 0
149 0
148 0
147 0
146 0
145 0
144 0
143 0
143 1
142 1
141 1
140 1
140 2
140 3
139 3
139 4
139 5
394 103
394 102
394 104
394 105
394 106
394 107
393 107
392 107
392 108
391 108
390 108
390 109
389 109
388 109
387 109
386 109
386 110
385 110
385 111
384 111
384 112
383 112
383 113
382 113
381 113
380 113
379 113
378 113
377 113
376 113
376 112
375 112
375 111
374 111
373 111
372 111
371 111
370 111
369 111
368 111
367 111
367 112
366 112
394 101
394 100
393 100
392 100
392 99
391 99
391 98
391 97
391 96
391 95
391 94
391 93
391 92
391 91
391 90
391 89
391 88
391 87
390 87
390 86
390 85
390 84
390 83
390 82
390 81
390 80
390 79
390 78
390 77
391 77
392 77
392 76
393 76
393 75
394 75
394 74
394 73
394 72
395 72
395 71
395 70
396 70
396 69
397 69
397 68
397 67
398 67
399 67
399 66
400 66
401 66
401 65
401 64
401 63
401 62
401 61
402 61
403 61
404 61
404 60
405 60
406 60
407 60
408 60
408 59
409 59
409 58
409 57
410 57
411 57
411 56
412 56
413 56
413 55
135 18
134 18
136 18
137 18
138 18
138 17
139 17
139 16
140 16
140 15
141 15
141 14
141 13
141 12
141 11
141 10
141 9
141 8
141 7
140 7
140 6
140 5
133 18
132 18
132 17
132 16
131 16
131 15
130 15
130 14
129 14
128 14
127 14
126 14
125 14
124 14
123 14
123 15
122 15
121 15
121 16
120 16
120 17
120 18
120 19
120 20
119 20
118 20
118 21
117 21
116 21
116 22
116 23
115 23
115 24
114 24
114 25
395 129
395 130
395 128
395 127
395 126
395 125
395 124
395 123
394 123
394 124
393 124
393 125
392 125
391 125
390 125
389 125
389 126
388 126
387 126
387 125
386 125
386 124
385 124
385 123
385 122
384 122
384 121
383 121
382 121
381 121
380 121
379 121
379 120
378 120
378 119
378 118
377 118
377 117
377 116
377 115
377 114
395 131
395 132
395 133
395 134
395 135
395 136
395 137
395 138
395 139
394 139
394 140
393 140
393 141
393 142
393 143
393 144
393 145
393 146
393 147
393 148
394 148
395 148
395 149
396 149
397 149
397 150
397 151
397 152
397 153
397 154
397 155
397 156
398 156
399 156
400 156
401 156
402 156
403 156
404 156
404 155
405 155
406 155
406 154
407 154
408 154
409 154
410 154
411 154
412 154
413 154
413 155
413 156
414 156
414 157
414 158
415 158
415 159
415 160
416 160
416 161
417 161
417 162
418 162
418 163
419 163
419 164
420 164
421 164
421 165
421 166
422 166
422 165
423 165
423 164
423 163
424 163
424 162
425 162
425 161
425 160
425 159
425 158
426 158
426 159
427 159
427 160
428 160
429 160
430 160
431 160
431 161
432 161
432 162
433 162
434 162
434 163
434 164
435 164
435 165
435 166
436 166
436 167
436 168
437 168
437 169
438 169
438 170
439 170
439 171
439 172
440 172
440 173
440 174
441 174
441 175
441 176
441 177
441 178
441 179
441 180
440 180
440 181
440 182
440 183
440 184
440 185
440 186
440 187
439 187
439 188
438 188
438 189
437 189
437 190
436 190
436 191
436 192
436 193
436 194
436 195
436 196
436 197
435 197
434 197
433 197
433 198
433 199
432 199
432 200
432 201
431 201
431 202
432 202
433 202
434 202
435 202
436 202
437 202
438 202
439 202
440 202
441 202
442 202
443 202
444 202
445 202
446 202
447 202
448 202
449 202
449 201
450 201
450 202
450 203
450 204
450 205
451 205
451 206
452 206
453 206
454 206
455 206
456 206
457 206
458 206
458 207
459 207
459 208
459 209
459 210
459 211
459 212
459 213
459 214
459 215
459 216
459 217
458 217
457 217
456 217
455 217
455 218
456 218
457 218
458 218
459 218
459 219
460 219
460 220
461 220
461 221
462 221
462 222
463 222
464 222
465 222
466 222
467 222
467 223
468 223
468 224
469 224
469 225
470 225
470 226
470 227
471 227
471 228
472 228
472 229
472 230
473 230
473 231
474 231
474 232
475 232
475 233
476 233
476 234
477 234
477 235
478 235
479 235
480 235
481 235
482 235
483 235
484 235
485 235
485 236
486 236
486 237
487 237
487 238
488 238
488 239
489 239
489 240
490 240
490 241
491 241
491 242
492 242
493 242
493 243
494 243
495 243
496 243
497 243
498 243
499 243
500 243
500 244
500 245
500 246
500 247
500 248
501 248
502 248
502 249
503 249
504 249
505 249
506 249
506 248
506 247
507 247
507 246
508 246
508 245
509 245
388 417
388 416
387 417
387 418
386 418
385 418
384 418
383 418
382 418
382 419
381 419
380 419
380 420
380 421
380 422
380 423
380 424
380 425
380 426
379 426
379 427
378 427
378 428
377 428
377 429
376 429
376 430
375 430
374 430
374 431
373 431
372 431
372 432
371 432
370 432
369 432
368 432
367 432
366 432
365 432
364 432
363 432
362 432
361 432
360 432
359 432
358 432
357 432
356 432
356 433
355 433
355 434
355 435
355 436
355 437
355 438
355 439
355 440
354 440
353 440
352 440
351 440
350 440
350 441
349 441
349 442
348 442
348 443
347 443
347 442
346 442
345 442
344 442
343 442
342 442
341 442
340 442
339 442
339 441
338 441
337 441
336 441
335 441
334 441
333 441
333 442
333 443
332 443
332 444
332 445
331 445
331 446
330 446
329 446
328 446
327 446
326 446
325 446
324 446
323 446
322 446
322 447
321 447
320 447
320 448
319 448
318 448
317 448
316 448
315 448
315 449
314 449
314 450
388 415
388 414
388 413
388 412
388 411
388 410
388 409
388 408
388 407
388 406
387 406
387 405
387 404
387 403
387 402
387 401
387 400
387 399
387 398
177 85
178 85
177 84
176 84
176 83
176 82
175 82
175 81
174 81
174 80
174 79
174 78
174 77
174 76
175 76
175 75
174 75
173 75
172 75
172 76
171 76
171 77
170 77
170 78
169 78
168 78
168 79
167 79
167 80
166 80
166 81
165 81
165 82
164 82
163 82
162 82
161 82
160 82
159 82
158 82
157 82
157 83
156 83
155 83
155 84
154 84
153 84
152 84
152 85
151 85
151 86
150 86
150 87
149 87
149 88
149 89
148 89
148 90
147 90
147 91
146 91
146 92
146 93
146 94
146 95
145 95
144 95
144 96
143 96
143 97
142 97
142 98
141 98
140 98
140 99
139 99
138 99
138 100
137 100
137 101
136 101
135 101
134 101
133 101
133 102
132 102
131 102
131 103
130 103
129 103
128 103
127 103
126 103
126 104
126 105
125 105
125 104
125 103
125 102
125 101
125 100
125 99
124 99
123 99
123 98
122 98
122 97
121 97
120 97
119 97
118 97
117 97
117 98
116 98
178 86
179 86
179 87
179 88
179 89
179 90
179 91
179 92
179 93
179 94
179 95
320 292
319 292
321 292
322 292
323 292
324 292
325 292
325 293
325 294
326 294
326 295
326 296
327 296
327 297
328 297
329 297
329 298
330 298
330 299
331 299
332 299
333 299
334 299
335 299
336 299
336 298
337 298
337 297
338 297
338 296
339 296
339 295
339 294
340 294
318 292
317 292
316 292
315 292
314 292
313 292
312 292
311 292
310 292
309 292
309 291
309 290
308 290
308 289
308 288
307 288
307 287
307 286
306 286
306 285
305 285
305 284
304 284
304 283
304 282
303 282
302 282
301 282
300 282
299 282
298 282
297 282
296 282
295 282
294 282
293 282
292 282
291 282
291 283
290 283
289 283
289 284
288 284
287 284
286 284
285 284
284 284
283 284
282 284
282 283
281 283
280 283
279 283
278 283
277 283
277 284
276 284
276 285
276 286
275 286
275 287
275 288
275 289
275 290
275 291
275 292
275 293
275 294
275 295
275 296
275 297
276 297
276 298
277 298
277 299
278 299
279 299
279 300
278 300
278 301
277 301
277 302
277 303
276 303
276 304
276 305
275 305
275 306
274 306
273 306
272 306
271 306
270 306
269 306
268 306
267 306
266 306
265 306
265 307
264 307
263 307
263 308
262 308
262 309
261 309
261 310
260 310
260 311
259 311
259 312
258 312
257 312
256 312
256 313
255 313
254 313
254 314
253 314
253 315
252 315
252 316
328 325
329 325
328 324
327 324
326 324
325 324
324 324
323 324
323 323
322 323
321 323
321 322
320 322
319 322
329 326
329 327
329 328
330 328
330 329
329 329
329 330
328 330
327 330
327 331
326 331
326 332
325 332
325 333
324 333
323 333
323 334
323 335
322 335
322 336
321 336
321 337
320 337
320 338
319 338
319 339
319 340
319 341
319 342
319 343
318 343
317 343
316 343
315 343
314 343
314 344
314 345
314 346
314 347
314 348
314 349
313 349
313 350
312 350
311 350
311 349
310 349
309 349
309 348
308 348
307 348
307 347
306 347
305 347
304 347
303 347
302 347
301 347
300 347
300 348
299 348
299 349
299 350
298 350
298 349
297 349
296 349
295 349
294 349
293 349
292 349
291 349
291 348
240 105
239 105
241 105
241 106
242 106
243 106
243 107
244 107
245 107
245 108
246 108
246 109
247 109
247 110
247 111
248 111
248 112
249 112
250 112
250 113
251 113
252 113
252 114
252 115
252 116
252 117
252 118
253 118
253 119
254 119
238 105
238 104
237 104
237 103
236 103
235 103
234 103
233 103
233 104
232 104
232 105
231 105
230 105
229 105
228 105
227 105
226 105
225 105
225 104
224 104
224 103
223 103
222 103
221 103
220 103
219 103
218 103
217 103
216 103
215 103
215 104
215 105
215 106
214 106
214 107
213 107
212 107
211 107
210 107
209 107
208 107
207 107
206 107
206 108
206 109
205 109
205 110
204 110
203 110
203 111
202 111
201 111
200 111
200 112
199 112
199 113
198 113
198 114
197 114
197 115
196 115
195 115
195 116
194 116
193 116
192 116
192 117
191 117
191 118
191 119
191 120
191 121
191 122
190 122
190 123
189 123
189 124
188 124
188 125
188 126
188 127
188 128
188 129
187 129
187 130
186 130
185 130
185 131
184 131
183 131
182 131
181 131
181 132
180 132
180 133
180 134
180 135
179 135
179 136
180 136
180 137
180 138
180 139
180 140
180 141
180 142
179 142
178 142
177 142
176 142
175 142
174 142
173 142
172 142
171 142
170 142
169 142
168 142
168 143
169 143
169 144
169 145
169 146
169 147
169 148
170 148
170 149
169 149
169 150
168 150
168 151
168 152
168 153
168 154
168 155
168 156
168 157
168 158
168 159
167 159
167 160
167 161
167 162
167 163
167 164
167 165
167 166
167 167
166 167
165 167
164 167
164 168
163 168
163 169
163 170
162 170
161 170
161 171
160 171
159 171
159 172
158 172
158 173
158 174
157 174
157 175
156 175
155 175
155 176
154 176
154 177
153 177
153 176
152 176
152 175
152 174
151 174
151 173
150 173
150 172
149 172
148 172
147 172
146 172
145 172
145 173
144 173
143 173
143 174
142 174
141 174
140 174
139 174
138 174
138 173
137 173
136 173
135 173
134 173
133 173
132 173
131 173
130 173
129 173
128 173
127 173
126 173
125 173
125 174
124 174
124 175
123 175
123 176
122 176
121 176
120 176
120 177
119 177
118 177
118 178
117 178
117 179
269 126
268 126
270 126
270 127
270 128
270 129
271 129
271 130
271 131
272 131
272 132
272 133
272 134
272 135
273 135
273 136
273 137
274 137
274 138
274 139
274 140
274 141
275 141
275 142
276 142
277 142
277 143
278 143
279 143
279 144
280 144
280 145
281 145
281 146
281 147
281 148
281 149
282 149
282 150
283 150
283 151
284 151
267 126
266 126
266 125
265 125
265 124
265 123
264 123
263 123
263 122
262 122
261 122
260 122
260 121
259 121
258 121
258 120
257 120
256 120
255 120
255 119
345 280
346 280
345 281
344 281
343 281
342 281
341 281
340 281
339 281
338 281
337 281
346 279
346 278
347 278
348 278
348 277
349 277
350 277
350 276
351 276
351 275
351 274
352 274
352 273
352 272
353 272
353 271
354 271
355 271
356 271
357 271
358 271
359 271
360 271
361 271
362 271
302 188
301 188
303 188
304 188
305 188
306 188
307 188
308 188
308 189
309 189
310 189
311 189
312 189
313 189
314 189
315 189
316 189
316 188
300 188
299 188
298 188
297 188
296 188
295 188
294 188
293 188
292 188
292 187
291 187
291 186
290 186
290 185
290 184
290 183
289 183
289 182
289 181
288 181
288 180
288 179
287 179
287 178
286 178
286 177
287 177
287 176
287 175
287 174
287 173
287 172
287 171
287 170
287 169
287 168
287 167
287 166
287 165
288 165
288 164
287 164
287 163
286 163
285 163
285 162
284 162
283 162
283 161
282 161
282 160
282 159
282 158
282 157
282 156
282 155
282 154
282 153
282 152
283 152
454 495
454 496
454 494
454 493
454 492
454 491
455 491
455 490
455 489
455 488
455 487
455 486
455 485
455 484
455 483
455 482
454 482
453 482
453 481
452 481
452 480
452 479
452 478
452 477
451 477
451 476
450 476
454 497
454 498
454 499
454 500
454 501
454 502
454 503
455 503
456 503
456 504
457 504
457 505
458 505
458 506
459 506
459 507
460 507
460 508
461 508
461 509
461 510
462 510
462 511
430 492
430 491
430 493
430 494
430 495
430 496
429 496
429 497
429 498
430 498
430 499
430 500
431 500
431 501
431 502
432 502
432 503
433 503
433 504
433 505
434 505
434 506
435 506
436 506
437 506
438 506
439 506
439 507
440 507
441 507
442 507
442 508
443 508
443 507
444 507
444 506
444 505
445 505
445 504
445 503
445 502
445 501
445 500
446 500
446 501
446 502
447 502
448 502
448 503
449 503
450 503
451 503
451 504
452 504
453 504
454 504
455 504
430 490
430 489
430 488
430 487
430 486
430 485
430 484
430 483
430 482
430 481
430 480
430 479
430 478
430 477
431 477
432 477
432 476
433 476
433 475
434 475
434 474
434 473
434 472
434 471
434 470
434 469
434 468
433 468
433 467
433 466
433 465
432 465
432 464
431 464
431 463
430 463
429 463
429 462
428 462
427 462
427 461
426 461
425 461
425 460
424 460
424 459
423 459
423 458
423 457
423 456
423 455
422 455
421 455
421 456
421 457
421 458
421 459
421 460
421 461
420 461
420 462
419 462
419 463
418 463
418 464
417 464
417 465
417 466
416 466
416 467
416 468
415 468
414 468
414 469
413 469
413 470
412 470
412 471
411 471
411 472
410 472
410 473
409 473
408 473
407 473
406 473
406 474
405 474
405 475
404 475
404 476
403 476
403 477
402 477
402 478
401 478
401 479
400 479
399 479
398 479
397 479
396 479
396 480
395 480
395 481
395 482
395 483
395 484
395 485
394 485
394 486
394 487
394 488
394 489
393 489
393 490
393 491
392 491
392 492
391 492
390 492
389 492
388 492
387 492
387 493
386 493
386 494
386 495
386 496
386 497
386 498
386 499
386 500
387 500
387 501
387 502
388 502
388 503
389 503
389 504
389 505
388 505
388 506
387 506
387 507
386 507
386 508
386 509
386 510
386 511
385 511
384 511
383 511
382 511
381 511
380 511
379 511
378 511
377 511
376 511
375 511
374 511
374 510
374 509
374 508
373 508
373 507
372 507
371 507
370 507
369 507
368 507
367 507
366 507
366 506
365 506
364 506
363 506
362 506
362 507
361 507
360 507
359 507
359 508
358 508
357 508
356 508
355 508
354 508
354 509
353 509
353 510
353 511
352 511
351 511
350 511
349 511
348 511
347 511
346 511
345 511
345 510
344 510
343 510
342 510
341 510
340 510
339 510
338 510
337 510
336 510
335 510
334 510
333 510
332 510
331 510
330 510
329 510
328 510
327 510
327 511
326 511
325 511
325 510
324 510
324 509
323 509
323 508
323 507
323 506
323 505
323 504
323 503
323 502
323 501
323 500
322 500
322 499
321 499
321 498
321 497
320 497
320 496
319 496
318 496
318 495
317 495
