366 307
365 307
367 307
368 307
369 307
370 307
371 307
364 307
363 307
363 308
362 308
361 308
360 308
360 309
359 383
360 383
358 383
357 383
356 383
355 383
354 383
353 383
352 383
351 383
351 384
361 383
362 383
363 383
364 383
365 383
365 382
366 382
399 299
400 299
398 299
397 299
396 299
395 299
394 299
394 300
401 299
402 299
402 300
403 300
403 301
403 302
404 302
400 289
399 289
401 289
402 289
403 289
403 290
404 290
405 290
405 291
406 291
407 291
407 292
408 292
408 293
409 293
409 294
408 294
408 295
407 295
406 295
406 296
405 296
404 296
404 297
404 298
404 299
404 300
404 301
398 289
397 289
396 289
395 289
394 289
393 289
392 289
391 289
390 289
389 289
388 289
387 289
386 289
385 289
385 290
384 290
383 290
382 290
381 290
388 303
389 303
387 303
386 303
386 304
385 304
384 304
384 305
383 305
382 305
381 305
380 305
379 305
378 305
377 305
377 306
376 306
375 306
375 307
374 307
373 307
372 307
390 303
390 302
391 302
392 302
392 301
393 301
393 300
336 302
335 302
337 302
338 302
339 302
340 302
340 301
341 301
342 301
342 300
343 300
343 299
344 299
344 298
345 298
334 302
333 302
332 302
331 302
331 301
330 301
329 301
329 300
442 337
443 337
441 337
440 337
439 337
438 337
437 337
436 337
435 337
434 337
434 338
433 338
432 338
431 338
430 338
429 338
428 338
428 339
427 339
426 339
426 340
425 340
425 341
424 341
424 342
423 342
422 342
422 343
421 343
421 344
420 344
419 344
418 344
418 345
417 345
416 345
415 345
414 345
413 345
412 345
412 346
411 346
410 346
409 346
409 347
408 347
407 347
406 347
406 348
405 348
404 348
444 337
445 337
446 337
447 337
448 337
449 337
450 337
451 337
451 336
452 336
453 336
454 336
455 336
456 336
457 336
458 336
459 336
460 336
461 336
462 336
463 336
464 336
465 336
466 336
467 336
468 336
469 336
470 336
471 336
472 336
473 336
269 392
268 392
270 392
271 392
271 391
272 391
272 390
273 390
274 390
274 389
275 389
275 388
276 388
276 387
277 387
277 386
278 386
278 385
277 385
277 384
276 384
275 384
275 383
274 383
273 383
272 383
271 383
270 383
269 383
269 382
267 392
267 393
266 393
265 393
265 394
264 394
264 395
264 396
264 397
264 398
263 398
263 399
262 399
262 400
261 400
261 401
260 401
260 402
259 402
259 403
258 403
258 404
257 404
256 404
256 405
255 405
255 406
254 406
254 407
253 407
252 407
252 408
251 408
251 409
250 409
327 473
327 472
327 474
327 475
327 476
327 477
328 477
328 478
329 478
329 479
330 479
330 480
330 481
331 481
331 482
332 482
333 482
333 483
334 483
334 484
335 484
336 484
336 485
337 485
337 486
337 487
338 487
338 488
338 489
338 490
338 491
338 492
338 493
338 494
338 495
339 495
327 471
326 471
326 470
326 469
325 469
325 468
325 467
324 467
324 466
324 465
323 465
323 464
322 464
322 463
321 463
321 462
321 461
320 461
320 460
320 459
319 459
319 458
319 457
500 253
501 253
499 253
499 254
499 255
498 255
498 256
498 257
497 257
497 258
496 258
495 258
495 259
494 259
493 259
492 259
492 260
491 260
490 260
490 261
489 261
489 262
488 262
488 263
487 263
487 264
486 264
485 264
485 265
484 265
502 253
503 253
504 253
505 253
506 253
506 252
507 252
508 252
509 252
510 252
510 253
511 253
511 254
511 255
511 256
511 257
511 258
511 259
511 260
511 261
511 262
511 263
511 264
511 265
511 266
511 267
511 268
511 269
511 270
511 271
511 272
511 273
96 416
95 416
96 417
97 417
98 417
99 417
100 417
101 417
101 416
102 416
103 416
104 416
105 416
106 416
107 416
108 416
109 416
110 416
110 417
111 417
111 418
112 418
112 419
94 416
94 415
93 415
93 414
92 414
92 413
91 413
91 414
90 414
89 414
88 414
87 414
86 414
85 414
84 414
83 414
83 415
82 415
82 416
82 417
81 417
81 418
80 418
79 418
79 419
78 419
78 420
467 261
467 260
466 261
465 261
465 262
464 262
463 262
463 263
462 263
461 263
460 263
459 263
458 263
457 263
456 263
455 263
454 263
454 264
453 264
452 264
452 265
451 265
450 265
449 265
449 266
448 266
447 266
446 266
446 267
445 267
444 267
443 267
442 267
441 267
440 267
439 267
438 267
437 267
436 267
435 267
434 267
434 268
433 268
432 268
432 269
431 269
430 269
430 270
429 270
428 270
428 271
427 271
427 272
426 272
426 273
425 273
425 274
468 260
469 260
470 260
470 259
471 259
472 259
473 259
473 258
474 258
475 258
476 258
477 258
478 258
479 258
480 258
480 259
480 260
480 261
480 262
481 262
481 263
482 263
482 264
483 264
483 265
416 290
417 290
416 291
415 291
414 291
413 291
412 291
412 292
411 292
410 292
410 293
418 290
419 290
419 289
420 289
420 288
420 287
421 287
421 286
422 286
423 286
423 285
423 284
424 284
424 283
424 282
425 282
425 281
425 280
425 279
425 278
425 277
425 276
425 275
121 420
122 420
120 420
119 420
118 420
117 420
116 420
115 420
114 420
113 420
113 419
122 419
123 419
124 419
125 419
126 419
127 419
128 419
128 420
129 420
129 421
130 421
130 422
131 422
131 423
132 423
133 423
133 424
134 424
134 425
226 420
227 420
225 420
225 421
224 421
224 422
224 423
224 424
224 425
223 425
223 426
223 427
222 427
222 428
222 429
222 430
222 431
221 431
221 432
221 433
220 433
220 434
219 434
219 435
228 420
229 420
230 420
230 419
231 419
231 418
232 418
232 417
233 417
233 416
234 416
235 416
236 416
237 416
238 416
238 415
239 415
240 415
240 414
241 414
242 414
242 413
243 413
243 412
244 412
245 412
246 412
246 411
247 411
248 411
248 410
249 410
249 409
465 278
465 277
464 278
463 278
462 278
462 279
461 279
461 280
461 281
460 281
460 282
460 283
460 284
460 285
459 285
458 285
457 285
457 286
456 286
455 286
454 286
454 287
453 287
452 287
451 287
451 288
450 288
450 289
450 290
449 290
449 291
448 291
448 292
447 292
446 292
446 293
445 293
466 277
467 277
468 277
468 276
469 276
470 276
470 275
471 275
472 275
472 274
473 274
473 273
474 273
475 273
475 272
476 272
476 271
477 271
477 270
478 270
478 269
479 269
479 268
480 268
481 268
481 267
482 267
482 266
483 266
347 305
347 306
347 304
347 303
347 302
347 301
347 300
347 299
346 299
345 299
347 307
347 308
347 309
347 310
347 311
348 311
349 311
350 311
351 311
352 311
353 311
354 311
354 310
355 310
356 310
357 310
358 310
358 309
359 309
127 437
127 438
126 437
126 436
125 436
125 435
125 434
125 433
125 432
125 431
125 430
125 429
125 428
125 427
125 426
126 426
127 426
128 426
129 426
130 426
131 426
131 425
132 425
133 425
128 438
129 438
129 439
130 439
130 440
131 440
132 440
132 441
133 441
133 442
134 442
134 443
134 444
134 445
135 445
135 446
136 446
136 447
137 447
138 447
139 447
139 448
140 448
141 448
141 449
142 449
142 450
16 459
16 460
17 459
17 458
17 457
17 456
18 456
18 455
19 455
19 454
19 453
20 453
16 461
16 462
16 463
16 464
16 465
16 466
16 467
16 468
15 468
15 469
14 469
13 469
12 469
12 470
11 470
11 471
11 472
10 472
10 473
9 473
9 474
8 474
7 474
7 475
6 475
5 475
5 476
4 476
4 477
14 456
13 456
15 456
16 456
12 456
11 456
11 455
10 455
10 454
9 454
8 454
8 453
493 353
493 354
493 352
493 351
493 350
494 350
494 349
494 348
495 348
495 347
494 347
494 346
494 345
494 344
493 344
493 343
493 342
493 341
493 340
493 339
493 338
493 337
493 336
492 336
491 336
490 336
489 336
488 336
487 336
486 336
485 336
484 336
483 336
482 336
481 336
480 336
479 336
478 336
477 336
476 336
475 336
474 336
493 355
493 356
493 357
493 358
493 359
493 360
493 361
493 362
493 363
493 364
493 365
493 366
493 367
493 368
282 334
282 335
282 333
282 332
283 332
283 331
284 331
284 330
284 329
284 328
284 327
284 326
285 326
286 326
286 325
286 324
285 324
285 323
284 323
283 323
282 323
281 323
280 323
279 323
278 323
277 323
276 323
275 323
275 324
274 324
274 325
273 325
282 336
282 337
282 338
283 338
283 339
283 340
284 340
284 341
285 341
285 342
286 342
286 343
287 343
288 343
289 343
289 342
290 342
290 341
291 341
291 340
291 339
292 339
292 338
293 338
294 338
294 337
295 337
295 336
296 336
296 335
297 335
297 334
297 333
297 332
297 331
297 330
298 330
298 329
299 329
299 328
300 328
300 327
301 327
301 326
302 326
303 326
304 326
305 326
306 326
307 326
308 326
309 326
310 326
310 325
311 325
312 325
313 325
314 325
315 325
316 325
317 325
318 325
318 324
319 324
320 324
320 323
321 323
321 322
322 322
322 321
323 321
323 320
324 320
324 319
325 319
326 319
327 319
328 319
329 319
330 319
331 319
332 319
332 318
333 318
333 317
334 317
335 317
335 316
336 316
337 316
338 316
339 316
340 316
340 315
341 315
342 315
342 314
343 314
344 314
344 313
345 313
346 313
346 312
347 312
348 312
309 367
309 366
309 368
309 369
310 369
310 370
309 370
309 371
308 371
308 372
308 373
307 373
307 374
308 374
308 375
308 376
308 377
308 378
308 379
308 380
308 381
309 381
310 381
310 382
311 382
312 382
312 381
313 381
314 381
315 381
316 381
317 381
318 381
319 381
320 381
321 381
322 381
323 381
324 381
325 381
325 382
326 382
327 382
328 382
328 383
329 383
330 383
331 383
332 383
333 383
334 383
334 382
335 382
336 382
337 382
338 382
339 382
340 382
341 382
341 383
342 383
343 383
344 383
345 383
346 383
347 383
348 383
349 383
350 383
350 384
309 365
309 364
309 363
309 362
309 361
309 360
310 360
311 360
311 359
312 359
313 359
313 358
314 358
314 357
315 357
316 357
316 356
317 356
318 356
319 356
320 356
320 357
321 357
321 358
322 358
322 359
323 359
323 360
324 360
324 361
325 361
326 361
326 360
327 360
327 359
328 359
328 358
329 358
329 357
329 356
329 355
329 354
329 353
329 352
330 352
330 351
331 351
332 351
332 352
333 352
334 352
335 352
336 352
336 351
336 350
336 349
337 349
337 348
338 348
339 348
340 348
340 347
341 347
342 347
343 347
343 346
344 346
344 345
345 345
346 345
346 344
347 344
347 343
348 343
349 343
349 342
350 342
350 341
350 340
351 340
351 339
352 339
352 338
353 338
353 337
352 337
351 337
350 337
349 337
348 337
347 337
346 337
345 337
345 336
345 335
345 334
345 333
345 332
345 331
345 330
345 329
345 328
345 327
344 327
344 326
343 326
343 325
342 325
341 325
340 325
340 324
339 324
339 323
339 322
339 321
339 320
339 319
339 318
339 317
370 372
370 371
371 372
371 373
371 374
372 374
372 375
373 375
373 376
373 377
373 378
373 379
373 380
373 381
373 382
372 382
371 382
370 382
369 382
368 382
367 382
370 370
370 369
369 369
369 368
368 368
367 368
367 367
366 367
366 366
366 365
366 364
366 363
367 363
367 362
368 362
368 361
368 360
369 360
369 359
370 359
370 358
371 358
371 357
372 357
372 356
373 356
374 356
374 355
375 355
376 355
377 355
378 355
379 355
380 355
381 355
381 354
381 353
382 353
382 352
383 352
384 352
385 352
386 352
386 351
387 351
388 351
389 351
390 351
390 350
391 350
392 350
393 350
394 350
394 349
395 349
396 349
397 349
398 349
399 349
400 349
401 349
402 349
403 349
403 348
497 329
497 330
497 328
497 327
497 326
497 325
497 324
497 323
497 322
497 321
497 320
497 319
498 319
498 318
498 317
498 316
498 315
498 314
498 313
498 312
499 312
499 311
499 310
499 309
500 309
500 308
500 307
501 307
501 306
501 305
502 305
502 304
502 303
502 302
502 301
502 300
503 300
503 299
503 298
503 297
504 297
504 296
504 295
504 294
504 293
504 292
504 291
504 290
504 289
505 289
505 288
505 287
505 286
505 285
505 284
505 283
505 282
505 281
505 280
505 279
505 278
506 278
506 277
506 276
507 276
507 275
508 275
508 274
509 274
509 273
510 273
497 331
497 332
497 333
497 334
497 335
496 335
495 335
494 335
493 335
492 335
491 335
289 370
289 371
290 370
291 370
292 370
293 370
293 369
294 369
294 368
295 368
295 367
296 367
296 366
296 365
296 364
296 363
296 362
297 362
297 361
298 361
298 360
299 360
299 359
300 359
301 359
302 359
302 358
303 358
303 357
304 357
304 358
305 358
305 359
306 359
307 359
308 359
309 359
310 359
288 371
288 372
287 372
287 373
287 374
287 375
287 376
288 376
288 377
288 378
288 379
289 379
289 380
290 380
290 381
290 382
290 383
290 384
290 385
289 385
288 385
288 386
287 386
286 386
285 386
284 386
283 386
282 386
281 386
280 386
279 386
390 342
390 343
389 342
388 342
387 342
386 342
386 341
385 341
385 340
384 340
384 339
383 339
383 338
382 338
382 337
383 337
383 336
383 335
383 334
383 333
383 332
383 331
384 331
384 330
385 330
385 329
384 329
384 328
384 327
384 326
383 326
382 326
382 325
381 325
380 325
380 324
379 324
378 324
377 324
376 324
375 324
374 324
373 324
372 324
371 324
370 324
369 324
368 324
367 324
366 324
365 324
364 324
364 325
363 325
363 326
363 327
363 328
363 329
363 330
364 330
364 331
363 331
363 332
362 332
361 332
360 332
359 332
358 332
358 333
357 333
357 334
356 334
356 335
355 335
355 336
354 336
354 337
391 343
392 343
392 344
392 345
392 346
392 347
392 348
392 349
226 372
226 371
226 373
227 373
227 374
228 374
229 374
230 374
230 373
231 373
232 373
232 372
232 371
233 371
233 370
233 369
233 368
233 367
234 367
234 366
235 366
235 365
235 364
236 364
236 363
237 363
238 363
238 364
239 364
239 365
239 366
240 366
240 367
241 367
242 367
243 367
244 367
245 367
246 367
247 367
248 367
249 367
250 367
251 367
251 366
252 366
253 366
254 366
255 366
255 367
256 367
257 367
258 367
259 367
260 367
261 367
261 368
260 368
260 369
259 369
259 370
259 371
259 372
259 373
259 374
259 375
259 376
259 377
259 378
259 379
259 380
259 381
260 381
260 382
261 382
262 382
263 382
264 382
265 382
266 382
267 382
268 382
225 371
225 370
224 370
224 369
223 369
223 368
222 368
222 367
221 367
220 367
219 367
218 367
217 367
217 366
216 366
215 366
215 365
214 365
214 364
213 364
213 363
213 362
213 361
212 361
212 360
211 360
177 375
176 375
178 375
179 375
179 374
180 374
180 373
181 373
182 373
183 373
184 373
185 373
186 373
187 373
188 373
189 373
189 372
190 372
190 373
191 373
191 374
191 375
191 376
191 377
191 378
191 379
191 380
191 381
192 381
193 381
193 382
194 382
195 382
196 382
197 382
197 381
198 381
198 380
199 380
199 379
200 379
200 378
201 378
201 377
201 376
201 375
201 374
201 373
201 372
201 371
202 371
202 370
203 370
203 369
204 369
204 368
205 368
205 367
206 367
206 366
207 366
207 365
207 364
207 363
207 362
208 362
209 362
209 361
210 361
210 360
175 375
174 375
173 375
172 375
171 375
171 376
170 376
169 376
168 376
167 376
166 376
165 376
164 376
163 376
162 376
162 375
161 375
161 374
161 373
160 373
160 372
160 371
159 371
159 370
158 370
157 370
156 370
156 371
155 371
155 372
154 372
154 373
153 373
263 411
263 412
263 410
263 409
262 409
261 409
261 408
260 408
260 407
260 406
260 405
260 404
260 403
263 413
263 414
264 414
264 415
265 415
266 415
266 416
267 416
267 417
268 417
268 418
269 418
269 419
270 419
270 420
271 420
271 421
226 350
226 349
226 351
225 351
225 352
224 352
224 353
223 353
223 354
222 354
221 354
221 355
220 355
219 355
219 356
218 356
217 356
217 357
216 357
215 357
215 358
214 358
213 358
213 359
212 359
227 349
227 348
228 348
228 347
229 347
230 347
230 346
231 346
231 345
232 345
233 345
233 344
234 344
235 344
235 343
132 454
132 453
131 454
131 455
131 456
131 457
131 458
131 459
132 459
132 460
132 461
132 462
132 463
132 464
131 464
131 465
131 466
130 466
130 467
129 467
129 468
129 469
129 470
129 471
128 471
128 472
127 472
127 473
126 473
126 474
126 475
125 475
125 476
125 477
124 477
124 478
123 478
122 478
122 479
121 479
120 479
119 479
118 479
117 479
116 479
115 479
114 479
113 479
113 478
113 477
113 476
112 476
112 475
112 474
111 474
111 473
111 472
111 471
110 471
110 470
109 470
109 469
108 469
107 469
107 468
106 468
105 468
105 467
104 467
104 466
103 466
103 465
102 465
102 464
101 464
101 463
100 463
99 463
99 462
98 462
97 462
96 462
95 462
94 462
94 461
93 461
93 460
93 459
93 458
93 457
92 457
92 456
91 456
91 455
90 455
90 454
89 454
88 454
87 454
87 453
86 453
85 453
85 452
84 452
83 452
82 452
82 451
81 451
80 451
80 450
79 450
78 450
77 450
77 449
76 449
76 448
76 447
76 446
76 445
76 444
76 443
76 442
76 441
77 441
78 441
79 441
80 441
81 441
82 441
83 441
83 440
84 440
84 439
84 438
85 438
85 437
85 436
85 435
85 434
85 433
85 432
85 431
85 430
85 429
84 429
83 429
82 429
81 429
80 429
79 429
78 429
77 429
77 428
77 427
77 426
77 425
77 424
77 423
77 422
77 421
77 420
132 452
133 452
133 451
134 451
135 451
136 451
137 451
138 451
139 451
140 451
141 451
141 450
306 486
305 486
307 486
308 486
308 487
308 488
308 489
308 490
308 491
308 492
308 493
308 494
308 495
308 496
308 497
307 497
307 498
308 498
309 498
309 499
310 499
311 499
312 499
313 499
313 498
314 498
315 498
315 497
316 497
316 496
316 495
317 495
317 494
318 494
318 493
319 493
319 492
304 486
303 486
302 486
301 486
300 486
300 485
299 485
298 485
297 485
296 485
295 485
294 485
293 485
293 484
292 484
291 484
290 484
290 483
289 483
289 484
289 485
289 486
289 487
289 488
289 489
288 489
288 490
288 491
287 491
286 491
286 492
285 492
284 492
283 492
282 492
282 493
281 493
280 493
279 493
279 494
278 494
277 494
277 495
276 495
275 495
275 496
275 497
274 497
274 496
273 496
273 495
272 495
271 495
270 495
269 495
269 494
268 494
267 494
267 495
266 495
266 496
265 496
265 497
264 497
264 498
263 498
263 499
262 499
261 499
261 500
260 500
260 501
259 501
259 502
65 461
64 461
66 461
67 461
68 461
69 461
69 460
70 460
71 460
71 459
72 459
72 458
73 458
74 458
74 457
75 457
75 456
76 456
76 455
77 455
77 454
78 454
78 453
79 453
79 452
80 452
81 452
63 461
62 461
61 461
60 461
59 461
58 461
57 461
56 461
55 461
55 460
54 460
54 461
53 461
53 462
53 463
52 463
51 463
51 464
50 464
50 465
49 465
48 465
48 466
47 466
46 466
46 467
45 467
45 468
44 468
43 468
42 468
41 468
40 468
39 468
39 467
38 467
38 466
38 465
38 464
37 464
37 463
36 463
36 462
35 462
34 462
33 462
32 462
32 463
31 463
30 463
29 463
28 463
27 463
27 464
27 465
27 466
27 467
26 467
26 468
25 468
24 468
24 469
23 469
22 469
21 469
20 469
20 468
19 468
18 468
17 468
332 498
331 498
333 498
334 498
334 497
335 497
335 496
336 496
337 496
337 495
330 498
329 498
328 498
328 499
327 499
327 500
326 500
326 501
325 501
324 501
324 500
323 500
322 500
321 500
321 499
321 498
320 498
320 497
320 496
320 495
320 494
320 493
58 502
58 503
57 502
56 502
56 501
55 501
55 500
54 500
54 499
54 498
54 497
53 497
53 496
53 495
53 494
53 493
53 492
53 491
53 490
52 490
52 489
51 489
50 489
50 488
49 488
49 487
49 486
48 486
48 485
47 485
46 485
46 484
45 484
44 484
43 484
42 484
42 483
41 483
41 482
40 482
39 482
38 482
37 482
36 482
35 482
34 482
33 482
32 482
31 482
30 482
30 481
29 481
29 480
30 480
30 479
31 479
31 478
32 478
32 477
33 477
33 476
34 476
35 476
36 476
37 476
37 475
38 475
39 475
40 475
41 475
41 474
40 474
39 474
39 473
38 473
38 472
38 471
38 470
38 469
38 468
58 504
58 505
58 506
58 507
58 508
57 508
57 509
56 509
56 510
55 510
55 511
453 466
454 466
452 466
451 466
450 466
449 466
449 465
448 465
448 464
448 463
447 463
447 464
446 464
446 465
445 465
444 465
443 465
442 465
441 465
440 465
440 466
439 466
439 467
438 467
437 467
437 468
436 468
436 469
436 470
436 471
436 472
436 473
435 473
434 473
433 473
432 473
431 473
431 474
430 474
430 475
429 475
429 476
429 477
428 477
428 478
428 479
427 479
427 480
426 480
425 480
424 480
424 481
423 481
423 480
422 480
422 479
422 478
421 478
421 477
420 477
419 477
418 477
417 477
417 478
416 478
415 478
415 479
415 480
415 481
415 482
415 483
414 483
414 484
413 484
412 484
412 485
411 485
410 485
409 485
408 485
407 485
406 485
405 485
404 485
403 485
402 485
401 485
400 485
400 486
399 486
398 486
398 487
397 487
396 487
395 487
394 487
393 487
392 487
391 487
390 487
389 487
388 487
387 487
386 487
386 488
385 488
385 489
384 489
383 489
382 489
381 489
380 489
379 489
379 490
378 490
377 490
377 491
376 491
376 492
375 492
374 492
373 492
373 491
372 491
371 491
370 491
369 491
368 491
367 491
366 491
365 491
364 491
363 491
362 491
361 491
360 491
359 491
359 492
358 492
357 492
357 493
356 493
355 493
354 493
353 493
352 493
351 493
351 494
350 494
350 495
349 495
348 495
347 495
346 495
345 495
344 495
343 495
343 496
342 496
341 496
341 495
340 495
455 466
456 466
457 466
457 465
458 465
458 464
459 464
459 463
268 351
268 352
268 350
268 349
268 348
268 347
268 346
268 353
268 354
269 354
269 355
269 356
268 356
267 356
266 356
266 357
265 357
265 358
265 359
265 360
265 361
266 361
266 362
267 362
268 362
268 363
269 363
269 364
269 365
268 365
267 365
266 365
265 365
265 366
264 366
263 366
263 367
262 367
472 398
472 397
473 398
473 399
473 400
474 400
474 401
475 401
476 401
477 401
477 402
478 402
478 403
479 403
479 402
480 402
481 402
482 402
483 402
484 402
485 402
486 402
487 402
488 402
489 402
490 402
491 402
492 402
493 402
494 402
495 402
496 402
497 402
498 402
499 402
499 401
500 401
501 401
502 401
503 401
504 401
505 401
506 401
507 401
508 401
508 400
508 399
508 398
508 397
508 396
508 395
508 394
509 394
509 393
510 393
510 392
510 391
510 390
510 389
510 388
510 387
510 386
510 385
510 384
511 384
511 383
510 383
509 383
508 383
507 383
506 383
506 382
505 382
504 382
503 382
502 382
502 381
501 381
501 380
501 379
501 378
501 377
501 376
501 375
501 374
500 374
500 373
499 373
499 372
498 372
497 372
496 372
496 371
495 371
495 370
494 370
494 369
493 369
472 396
472 395
472 394
472 393
472 392
471 392
471 391
470 391
469 391
469 390
468 390
467 390
467 389
481 417
481 418
480 417
479 417
478 417
477 417
476 417
476 416
475 416
475 415
475 414
475 413
475 412
475 411
475 410
476 410
476 409
477 409
477 408
477 407
478 407
478 406
478 405
478 404
482 418
483 418
483 419
484 419
485 419
485 420
486 420
486 421
487 421
488 421
488 422
489 422
490 422
491 422
492 422
493 422
494 422
494 423
495 423
496 423
496 424
496 425
495 425
495 426
495 427
494 427
494 428
493 428
492 428
492 429
491 429
490 429
489 429
489 430
488 430
487 430
486 430
486 431
485 431
485 432
484 432
484 433
484 434
484 435
485 435
485 436
485 437
485 438
485 439
485 440
485 441
485 442
485 443
485 444
486 444
486 445
487 445
488 445
489 445
490 445
491 445
491 446
491 447
491 448
491 449
491 450
491 451
491 452
491 453
491 454
491 455
492 455
492 456
493 456
493 457
494 457
494 458
494 459
494 460
495 460
496 460
496 461
497 461
498 461
499 461
500 461
501 461
502 461
503 461
504 461
505 461
506 461
507 461
508 461
509 461
509 460
510 460
510 459
511 459
511 460
511 461
511 462
511 463
511 464
511 465
511 466
511 467
511 468
511 469
511 470
511 471
511 472
511 473
511 474
511 475
511 476
510 476
510 477
509 477
509 478
508 478
508 479
508 480
507 480
507 481
506 481
505 481
504 481
504 480
503 480
503 479
502 479
502 478
501 478
500 478
500 477
499 477
499 476
498 476
497 476
497 475
496 475
495 475
494 475
494 476
493 476
493 477
492 477
492 478
491 478
491 479
490 479
489 479
488 479
487 479
486 479
485 479
485 480
484 480
484 481
483 481
483 482
482 482
481 482
481 483
480 483
480 484
479 484
479 485
478 485
477 485
477 486
476 486
476 487
475 487
475 488
474 488
474 489
473 489
472 489
471 489
470 489
469 489
468 489
467 489
466 489
465 489
464 489
463 489
462 489
461 489
460 489
459 489
458 489
458 490
457 490
456 490
455 490
454 490
453 490
452 490
451 490
450 490
450 489
450 488
449 488
449 487
449 486
449 485
449 484
449 483
449 482
449 481
449 480
449 479
450 479
450 478
451 478
451 477
450 477
450 476
449 476
448 476
447 476
446 476
445 476
444 476
443 476
442 476
441 476
440 476
440 475
439 475
439 474
438 474
437 474
437 473
307 438
307 437
307 439
307 440
307 441
306 441
306 442
306 443
307 443
307 444
307 445
308 445
308 446
308 447
309 447
309 448
310 448
310 449
311 449
312 449
312 450
313 450
313 451
314 451
314 452
315 452
316 452
316 453
317 453
317 454
317 455
318 455
318 456
319 456
307 436
307 435
307 434
307 433
307 432
307 431
307 430
307 429
307 428
307 427
308 427
308 426
308 425
308 424
308 423
308 422
308 421
308 420
308 419
309 419
310 419
310 418
311 418
311 417
310 417
310 416
310 415
310 414
310 413
310 412
310 411
310 410
310 409
309 409
309 408
308 408
307 408
306 408
305 408
304 408
303 408
302 408
302 407
301 407
301 406
302 406
302 405
302 404
303 404
303 403
303 402
303 401
304 401
304 400
304 399
305 399
305 398
306 398
306 397
307 397
307 396
307 395
307 394
307 393
307 392
308 392
308 391
309 391
310 391
310 390
311 390
311 389
311 388
311 387
311 386
311 385
311 384
311 383
361 437
362 437
361 436
361 435
360 435
360 434
359 434
358 434
358 433
357 433
362 438
362 439
363 439
363 440
364 440
364 441
365 441
366 441
366 442
367 442
367 443
368 443
368 444
369 444
369 445
370 445
370 446
371 446
371 447
371 448
372 448
372 449
373 449
373 450
374 450
375 450
375 451
376 451
376 452
375 452
375 453
375 454
375 455
374 455
374 456
373 456
373 457
372 457
372 458
372 459
372 460
372 461
372 462
372 463
372 464
373 464
373 465
373 466
374 466
375 466
376 466
377 466
378 466
379 466
380 466
381 466
382 466
383 466
384 466
384 465
385 465
386 465
386 464
387 464
388 464
389 464
390 464
391 464
392 464
393 464
393 463
394 463
395 463
396 463
396 462
397 462
398 462
399 462
399 461
400 461
400 462
401 462
401 463
402 463
402 464
403 464
403 465
404 465
404 466
405 466
405 467
406 467
407 467
408 467
409 467
409 468
410 468
410 469
411 469
411 470
412 470
412 471
412 472
413 472
413 473
413 474
413 475
413 476
413 477
413 478
414 478
414 479
414 480
414 481
414 482
180 488
180 487
180 489
180 490
179 490
179 491
178 491
178 492
178 493
177 493
177 494
176 494
176 495
176 496
175 496
175 497
175 498
174 498
174 499
174 500
174 501
174 502
175 502
175 503
175 504
176 504
176 505
177 505
177 506
178 506
179 506
180 506
181 506
182 506
183 506
184 506
184 505
185 505
185 504
185 503
185 502
185 501
185 500
186 500
186 499
186 498
187 498
188 498
188 497
188 496
189 496
189 495
189 494
189 493
189 492
189 491
189 490
189 489
189 488
190 488
190 487
191 487
180 486
180 485
180 484
180 483
180 482
179 482
179 481
179 480
178 480
178 479
178 478
178 477
178 476
177 476
177 475
176 475
176 474
175 474
175 473
174 473
174 472
173 472
173 471
172 471
171 471
171 470
170 470
169 470
169 469
168 469
167 469
167 468
166 468
165 468
165 467
164 467
164 468
163 468
163 469
162 469
162 470
161 470
160 470
159 470
158 470
157 470
156 470
155 470
154 470
153 470
152 470
152 471
151 471
151 472
151 473
150 473
150 474
150 475
149 475
149 476
148 476
147 476
147 477
146 477
145 477
145 478
144 478
143 478
143 479
142 479
142 480
141 480
140 480
139 480
138 480
137 480
137 481
137 482
136 482
136 483
135 483
135 484
134 484
133 484
132 484
131 484
130 484
129 484
128 484
128 485
128 486
127 486
127 487
127 488
127 489
127 490
127 491
126 491
126 492
125 492
125 493
124 493
124 494
124 495
124 496
123 496
123 497
122 497
122 496
122 495
121 495
121 494
121 493
121 492
121 491
121 490
120 490
119 490
118 490
117 490
116 490
115 490
115 489
115 488
115 487
115 486
115 485
114 485
114 484
114 483
114 482
114 481
114 480
219 474
220 474
218 474
218 475
217 475
217 476
216 476
216 477
215 477
214 477
214 478
213 478
212 478
211 478
210 478
209 478
209 479
209 480
209 481
209 482
209 483
209 484
208 484
207 484
206 484
206 483
205 483
205 482
205 481
204 481
203 481
202 481
201 481
200 481
199 481
199 480
198 480
198 481
197 481
197 482
196 482
196 483
195 483
194 483
194 484
193 484
193 485
192 485
192 486
191 486
220 473
221 473
221 472
222 472
222 471
223 471
224 471
224 470
225 470
226 470
226 469
227 469
227 468
227 467
228 467
228 466
229 466
230 466
230 465
230 464
231 464
231 463
232 463
232 462
233 462
233 461
234 461
234 460
234 459
234 458
234 457
234 456
234 455
234 454
234 453
234 452
234 451
234 450
234 449
234 448
234 447
234 446
233 446
232 446
232 445
231 445
230 445
230 444
229 444
229 443
229 442
229 441
229 440
229 439
228 439
227 439
226 439
225 439
224 439
223 439
223 438
222 438
222 437
221 437
221 436
220 436
220 435
120 399
120 398
120 400
120 401
120 402
120 403
120 404
120 405
120 406
120 407
120 408
120 409
120 410
120 411
120 412
120 413
119 413
118 413
117 413
117 414
116 414
116 415
115 415
115 416
114 416
114 417
114 418
113 418
120 397
120 396
120 395
121 395
122 395
123 395
124 395
124 394
125 394
126 394
126 393
127 393
