136 262
136 263
136 261
136 260
136 259
136 258
136 257
136 256
136 255
136 254
136 253
136 252
136 251
136 250
136 249
136 248
136 247
136 246
136 245
136 244
136 243
136 242
136 241
136 240
136 239
136 238
136 237
136 236
136 235
136 234
136 233
136 232
136 231
136 230
136 229
136 228
136 227
136 226
136 225
136 224
136 223
136 222
136 221
136 220
136 219
136 218
136 217
136 216
136 215
136 214
136 213
136 212
136 211
136 210
136 209
136 208
136 207
136 206
136 205
136 204
136 203
136 202
136 201
136 200
136 199
136 198
136 197
136 196
136 195
136 194
136 193
136 192
136 191
136 190
136 189
136 188
136 187
136 186
136 185
136 184
136 183
136 182
136 181
136 180
136 179
136 178
136 177
136 176
136 175
136 174
136 173
136 172
136 171
136 170
136 169
136 168
136 167
136 166
136 165
136 164
136 163
136 162
136 161
136 160
136 159
136 158
136 157
136 156
136 155
136 154
136 153
136 152
136 151
136 150
136 149
136 148
136 147
136 146
136 145
136 144
136 143
136 142
136 141
136 140
136 139
136 138
136 137
136 136
137 136
138 136
139 136
140 136
141 136
142 136
143 136
144 136
145 136
146 136
147 136
148 136
149 136
150 136
151 136
152 136
153 136
154 136
155 136
156 136
157 136
158 136
159 136
160 136
161 136
162 136
163 136
164 136
165 136
166 136
167 136
168 136
169 136
170 136
171 136
172 136
173 136
174 136
175 136
176 136
177 136
178 136
179 136
180 136
181 136
182 136
183 136
184 136
184 137
184 138
184 139
184 140
184 141
184 142
184 143
184 144
184 145
184 146
184 147
184 148
184 149
184 150
184 151
184 152
184 153
184 154
184 155
184 156
184 157
184 158
184 159
184 160
184 161
184 162
184 163
184 164
184 165
184 166
184 167
184 168
184 169
184 170
184 171
184 172
184 173
184 174
184 175
184 176
184 177
184 178
184 179
184 180
184 181
184 182
184 183
184 184
184 185
184 186
184 187
184 188
184 189
184 190
184 191
184 192
184 193
184 194
184 195
184 196
184 197
184 198
184 199
184 200
185 200
186 200
187 200
188 200
189 200
190 200
191 200
192 200
193 200
194 200
195 200
196 200
197 200
198 200
199 200
200 200
201 200
202 200
203 200
204 200
205 200
206 200
207 200
208 200
209 200
210 200
211 200
212 200
213 200
214 200
215 200
216 200
217 200
218 200
219 200
220 200
221 200
222 200
223 200
224 200
225 200
226 200
227 200
228 200
229 200
230 200
231 200
232 200
233 200
234 200
235 200
236 200
237 200
238 200
239 200
240 200
241 200
242 200
243 200
244 200
245 200
246 200
247 200
248 200
249 200
250 200
251 200
252 200
253 200
254 200
255 200
256 200
257 200
258 200
259 200
260 200
261 200
262 200
263 200
264 200
265 200
266 200
267 200
268 200
269 200
270 200
271 200
272 200
273 200
274 200
275 200
276 200
277 200
278 200
279 200
280 200
281 200
282 200
283 200
284 200
285 200
286 200
287 200
288 200
289 200
290 200
291 200
292 200
293 200
294 200
295 200
296 200
296 199
296 198
296 197
296 196
296 195
296 194
296 193
296 192
296 191
296 190
296 189
296 188
296 187
296 186
296 185
296 184
297 184
298 184
299 184
300 184
301 184
302 184
303 184
304 184
305 184
306 184
307 184
308 184
309 184
310 184
311 184
312 184
313 184
314 184
315 184
316 184
317 184
318 184
319 184
320 184
321 184
322 184
323 184
324 184
325 184
326 184
327 184
328 184
328 183
328 182
328 181
328 180
329 180
330 180
331 180
332 180
333 180
334 180
335 180
336 180
337 180
338 180
339 180
340 180
341 180
342 180
343 180
344 180
345 180
346 180
347 180
348 180
349 180
350 180
351 180
352 180
353 180
354 180
355 180
356 180
357 180
358 180
359 180
360 180
361 180
362 180
363 180
364 180
365 180
366 180
367 180
368 180
369 180
370 180
371 180
372 180
373 180
374 180
375 180
376 180
377 180
378 180
379 180
380 180
381 180
382 180
383 180
384 180
385 180
386 180
387 180
388 180
389 180
390 180
391 180
392 180
393 180
394 180
395 180
396 180
397 180
398 180
399 180
400 180
401 180
402 180
403 180
404 180
405 180
406 180
407 180
408 180
408 179
408 178
408 177
408 176
408 175
408 174
408 173
408 172
408 171
408 170
408 169
408 168
409 168
410 168
411 168
412 168
412 167
412 166
412 165
412 164
412 163
412 162
412 161
412 160
413 160
414 160
415 160
416 160
417 160
417 159
418 159
419 159
420 159
421 159
421 160
422 160
423 160
424 160
425 160
426 160
426 161
427 161
427 162
428 162
429 162
429 163
430 163
431 163
431 164
432 164
432 165
432 166
432 167
432 168
432 169
432 170
432 171
433 171
433 170
433 169
434 169
435 169
435 168
436 168
437 168
438 168
439 168
440 168
441 168
442 168
443 168
444 168
445 168
446 168
447 168
448 168
449 168
450 168
451 168
451 169
452 169
453 169
454 169
455 169
455 170
456 170
456 169
457 169
457 168
458 168
458 167
459 167
459 166
459 165
459 164
460 164
460 163
460 162
460 161
460 160
460 159
460 158
460 157
460 156
460 155
460 154
460 153
460 152
460 151
460 150
461 150
461 149
136 264
137 264
138 264
139 264
140 264
141 264
142 264
143 264
144 264
145 264
146 264
147 264
148 264
149 264
150 264
151 264
152 264
153 264
154 264
155 264
156 264
157 264
158 264
159 264
160 264
161 264
162 264
163 264
164 264
165 264
166 264
167 264
168 264
169 264
170 264
171 264
172 264
173 264
174 264
175 264
176 264
177 264
178 264
179 264
180 264
181 264
182 264
183 264
184 264
185 264
186 264
187 264
188 264
189 264
190 264
191 264
192 264
193 264
194 264
195 264
196 264
197 264
198 264
199 264
200 264
201 264
202 264
203 264
204 264
205 264
206 264
207 264
208 264
209 264
210 264
211 264
212 264
213 264
214 264
215 264
216 264
217 264
218 264
219 264
220 264
221 264
222 264
223 264
224 264
225 264
226 264
227 264
228 264
229 264
230 264
231 264
232 264
233 264
234 264
235 264
236 264
237 264
238 264
239 264
240 264
241 264
242 264
243 264
244 264
245 264
246 264
247 264
248 264
248 265
248 266
248 267
248 268
248 269
248 270
248 271
248 272
248 273
248 274
248 275
248 276
248 277
248 278
248 279
248 280
248 281
248 282
248 283
248 284
248 285
248 286
248 287
248 288
248 289
248 290
248 291
248 292
248 293
248 294
248 295
248 296
248 297
248 298
248 299
248 300
248 301
248 302
248 303
248 304
248 305
248 306
248 307
248 308
248 309
248 310
248 311
248 312
248 313
248 314
248 315
248 316
248 317
248 318
248 319
248 320
248 321
248 322
248 323
248 324
248 325
248 326
248 327
248 328
248 329
248 330
248 331
248 332
248 333
248 334
248 335
248 336
248 337
248 338
248 339
248 340
248 341
248 342
248 343
248 344
248 345
248 346
248 347
248 348
248 349
248 350
248 351
248 352
248 353
248 354
248 355
248 356
248 357
248 358
248 359
248 360
248 361
248 362
248 363
248 364
248 365
248 366
248 367
248 368
248 369
248 370
248 371
248 372
248 373
248 374
248 375
248 376
248 377
248 378
248 379
248 380
248 381
248 382
248 383
248 384
248 385
248 386
248 387
248 388
248 389
248 390
248 391
248 392
248 393
248 394
248 395
248 396
248 397
248 398
248 399
248 400
248 401
248 402
248 403
248 404
248 405
248 406
248 407
248 408
249 408
250 408
251 408
252 408
253 408
254 408
255 408
256 408
257 408
258 408
259 408
260 408
261 408
262 408
263 408
264 408
265 408
266 408
266 407
266 406
267 406
268 406
268 405
268 404
269 404
270 404
271 404
272 404
273 404
274 404
274 403
274 402
275 402
276 402
276 401
276 400
276 399
277 399
278 399
279 399
280 399
280 398
281 398
282 398
283 398
284 398
284 399
285 399
286 399
287 399
288 399
289 399
290 399
291 399
292 399
293 399
294 399
295 399
296 399
297 399
298 399
299 399
300 399
301 399
302 399
303 399
304 399
305 399
306 399
307 399
308 399
308 400
308 401
309 401
310 401
311 401
312 401
313 401
314 401
314 402
315 402
316 402
316 403
316 404
316 405
316 406
315 406
314 406
314 407
314 408
314 409
314 410
314 411
315 411
316 411
317 411
317 412
317 413
317 414
317 415
318 415
318 416
318 417
318 418
319 418
319 419
319 420
319 421
320 421
320 422
320 423
320 424
321 424
322 424
322 425
323 425
324 425
325 425
326 425
327 425
328 425
329 425
329 426
330 426
331 426
332 426
333 426
334 426
335 426
336 426
337 426
338 426
339 426
340 426
341 426
342 426
342 425
342 424
343 424
344 424
344 423
344 422
344 421
344 420
344 419
344 418
344 417
344 416
344 415
344 414
344 413
343 413
