387 221
386 221
387 220
388 220
389 220
389 219
390 219
390 218
391 218
392 218
392 217
393 217
394 217
394 216
386 222
385 222
385 223
384 223
383 223
383 224
382 224
381 224
380 224
380 225
379 225
378 225
378 226
377 226
277 345
277 346
278 345
278 344
279 344
279 343
280 343
280 342
281 342
281 341
282 341
283 341
283 340
284 340
284 339
285 339
285 338
286 338
276 346
275 346
275 347
274 347
274 348
273 348
273 349
272 349
272 350
271 350
270 350
270 351
269 351
268 351
267 351
267 352
266 352
266 353
265 353
391 228
390 228
392 228
393 228
393 229
394 229
395 229
395 230
396 230
396 231
397 231
397 232
389 228
388 228
387 228
386 228
385 228
384 228
383 228
382 228
381 228
380 228
379 228
379 227
378 227
243 365
242 365
244 365
245 365
245 364
246 364
246 363
247 363
247 362
248 362
248 361
249 361
249 360
250 360
251 360
252 360
252 359
253 359
254 359
255 359
256 359
257 359
257 358
258 358
258 357
259 357
260 357
260 356
261 356
261 355
262 355
263 355
263 354
264 354
265 354
242 366
241 366
240 366
240 367
239 367
239 368
238 368
237 368
237 369
236 369
196 497
195 497
197 497
197 498
198 498
199 498
199 499
200 499
200 500
201 500
202 500
203 500
204 500
205 500
206 500
207 500
208 500
209 500
210 500
211 500
212 500
212 499
213 499
213 498
194 497
193 497
192 497
191 497
190 497
189 497
188 497
188 498
187 498
187 499
406 217
405 217
407 217
408 217
409 217
410 217
411 217
412 217
413 217
413 216
414 216
415 216
416 216
417 216
418 216
419 216
420 216
421 216
404 217
403 217
402 217
401 217
400 217
399 217
398 217
397 217
396 217
395 217
395 216
313 328
314 328
312 328
311 328
310 328
309 328
309 329
308 329
315 328
316 328
317 328
317 327
318 327
318 326
319 326
319 325
320 325
328 258
328 259
328 257
328 256
328 255
328 254
328 253
328 252
327 252
327 251
326 251
326 250
328 260
328 261
328 262
328 263
328 264
328 265
328 266
169 353
170 353
169 354
169 355
168 355
168 356
167 356
167 357
166 357
166 358
166 359
165 359
165 360
170 352
171 352
171 351
171 350
172 350
172 349
173 349
173 348
174 348
175 348
176 348
177 348
178 348
179 348
180 348
181 348
182 348
182 347
183 347
184 347
184 346
227 399
227 398
227 400
227 401
227 402
227 403
228 403
229 403
230 403
231 403
232 403
233 403
234 403
234 404
235 404
235 405
235 406
236 406
236 407
236 408
236 409
236 410
236 411
235 411
234 411
234 412
233 412
232 412
231 412
230 412
230 413
229 413
228 413
228 414
227 414
226 414
226 415
225 415
225 416
225 417
224 417
224 418
223 418
223 419
223 420
223 421
223 422
223 423
223 424
223 425
223 426
224 426
225 426
226 426
227 426
228 426
229 426
229 427
230 427
231 427
231 428
227 397
227 396
226 396
226 395
227 395
227 394
228 394
228 393
228 392
229 392
229 391
230 391
231 391
231 390
230 390
230 389
229 389
229 388
229 387
229 386
229 385
229 384
229 383
229 382
230 382
230 381
231 381
231 380
232 380
232 379
233 379
233 378
234 378
234 377
234 376
234 375
234 374
234 373
234 372
234 371
235 371
235 370
236 370
278 355
278 354
278 356
278 357
279 357
279 358
280 358
281 358
282 358
283 358
284 358
285 358
286 358
287 358
288 358
289 358
278 353
278 352
278 351
277 351
277 350
276 350
275 350
274 350
274 349
258 437
258 438
258 436
258 435
259 435
259 434
259 433
260 433
260 432
260 431
260 430
260 429
260 428
260 427
260 426
260 425
259 425
258 425
257 425
257 424
256 424
255 424
255 423
254 423
253 423
252 423
251 423
250 423
249 423
249 422
248 422
248 421
249 421
249 420
250 420
251 420
251 419
252 419
253 419
253 418
253 417
254 417
254 416
255 416
255 415
255 414
255 413
256 413
256 412
257 412
257 411
258 411
258 410
257 410
256 410
255 410
255 409
254 409
254 408
253 408
253 407
252 407
252 406
251 406
251 405
250 405
250 404
249 404
249 405
248 405
248 406
248 407
248 408
248 409
248 410
248 411
247 411
247 410
246 410
246 409
245 409
244 409
243 409
242 409
241 409
241 410
240 410
240 411
239 411
238 411
238 410
237 410
258 439
258 440
258 441
258 442
258 443
259 443
259 444
260 444
382 238
382 237
382 239
382 240
382 241
382 242
382 243
382 244
382 245
382 246
382 247
382 248
382 249
381 249
381 250
380 250
380 251
379 251
379 252
378 252
382 236
382 235
382 234
382 233
382 232
382 231
382 230
381 230
381 229
380 229
185 470
185 471
185 469
185 468
185 467
186 467
186 466
186 465
187 465
187 464
188 464
188 463
188 462
188 461
188 460
188 459
189 459
189 458
189 457
190 457
190 456
191 456
191 457
192 457
193 457
194 457
195 457
195 456
195 455
195 454
195 453
195 452
195 451
195 450
195 449
195 448
195 447
195 446
195 445
195 444
196 444
197 444
197 443
198 443
198 442
199 442
199 441
200 441
200 440
201 440
202 440
202 439
203 439
204 439
204 438
205 438
205 437
206 437
206 436
207 436
207 435
208 435
208 434
208 433
209 433
209 432
209 431
209 430
209 429
209 428
209 427
210 427
210 428
211 428
212 428
213 428
214 428
215 428
216 428
216 429
217 429
217 428
217 427
217 426
217 425
218 425
218 424
219 424
220 424
221 424
222 424
222 425
185 472
185 473
184 473
184 474
184 475
183 475
183 476
182 476
181 476
181 477
181 478
182 478
183 478
184 478
184 479
185 479
185 480
186 480
187 480
187 481
188 481
188 482
188 483
188 484
188 485
188 486
188 487
188 488
188 489
187 489
187 490
186 490
186 491
185 491
185 492
186 492
186 493
186 494
186 495
186 496
186 497
186 498
186 499
332 254
331 254
333 254
334 254
335 254
336 254
336 253
337 253
337 252
338 252
338 251
339 251
340 251
340 250
341 250
342 250
343 250
344 250
345 250
346 250
347 250
348 250
349 250
349 249
349 248
349 247
349 246
349 245
350 245
350 244
350 243
351 243
351 242
352 242
352 241
352 240
353 240
353 239
354 239
354 238
355 238
355 237
355 236
356 236
356 235
357 235
357 234
358 234
358 233
358 232
359 232
359 231
360 231
361 231
362 231
362 230
363 230
364 230
365 230
365 229
366 229
366 228
367 228
368 228
368 227
369 227
370 227
371 227
372 227
373 227
374 227
375 227
376 227
377 227
330 254
329 254
176 402
176 401
176 403
175 403
175 404
175 405
175 406
174 406
174 407
175 407
175 408
176 408
177 408
178 408
179 408
180 408
180 409
181 409
182 409
182 410
183 410
183 411
183 412
183 413
183 414
184 414
184 415
185 415
186 415
187 415
188 415
189 415
189 414
190 414
191 414
192 414
192 415
193 415
193 416
193 417
194 417
195 417
195 418
196 418
197 418
198 418
198 419
199 419
200 419
201 419
202 419
203 419
203 418
204 418
204 419
205 419
205 420
206 420
206 421
206 422
206 423
206 424
206 425
205 425
205 426
206 426
207 426
208 426
209 426
176 400
176 399
176 398
176 397
175 397
175 396
174 396
173 396
172 396
171 396
170 396
170 395
169 395
169 394
169 393
169 392
169 391
168 391
167 391
167 390
166 390
165 390
164 390
164 391
163 391
163 392
162 392
162 393
162 394
161 394
161 395
160 395
160 396
159 396
159 397
158 397
158 398
158 399
157 399
157 400
157 401
157 402
157 403
157 404
157 405
157 406
157 407
158 407
158 408
159 408
159 409
337 481
336 481
338 481
339 481
340 481
341 481
342 481
343 481
335 481
334 481
333 481
333 480
332 480
331 480
330 480
329 480
329 479
328 479
328 478
327 478
327 479
326 479
326 480
325 480
324 480
323 480
323 481
322 481
322 482
321 482
321 483
320 483
319 483
319 484
318 484
317 484
317 485
316 485
316 486
315 486
315 487
314 487
313 487
313 488
312 488
312 489
311 489
311 490
310 490
310 491
309 491
309 492
308 492
307 492
306 492
305 492
304 492
303 492
303 493
302 493
302 494
301 494
301 495
300 495
300 496
299 496
299 497
298 497
298 498
297 498
296 498
295 498
294 498
293 498
292 498
291 498
291 497
290 497
290 498
289 498
288 498
287 498
286 498
285 498
284 498
283 498
282 498
282 497
283 497
283 496
283 495
284 495
284 494
284 493
284 492
284 491
284 490
285 490
285 489
285 488
285 487
285 486
285 485
284 485
283 485
283 484
282 484
281 484
280 484
280 483
279 483
278 483
278 482
278 481
279 481
280 481
280 480
281 480
281 479
282 479
282 478
282 477
282 476
282 475
282 474
282 473
282 472
282 471
282 470
281 470
281 469
280 469
280 468
279 468
279 467
278 467
278 466
277 466
276 466
276 465
276 464
276 463
276 462
275 462
274 462
274 463
273 463
273 464
272 464
271 464
270 464
270 465
269 465
268 465
267 465
266 465
265 465
265 464
265 463
265 462
265 461
265 460
265 459
264 459
229 361
229 360
229 362
229 363
229 364
229 365
229 366
230 366
231 366
231 367
232 367
233 367
234 367
234 368
235 368
235 369
229 359
229 358
229 357
229 356
230 356
230 355
230 354
231 354
232 354
232 353
231 353
230 353
230 352
229 352
229 351
229 350
228 350
228 349
228 348
228 347
228 346
227 346
227 345
227 344
226 344
226 343
226 342
226 341
226 340
226 339
226 338
226 337
226 336
226 335
227 335
227 334
227 333
228 333
228 332
228 331
229 331
229 330
230 330
230 329
230 328
231 328
165 450
166 450
164 450
163 450
163 451
163 452
162 452
162 451
162 450
161 450
161 449
160 449
160 448
159 448
159 447
158 447
158 446
158 445
158 444
158 443
157 443
156 443
155 443
154 443
154 444
153 444
152 444
151 444
150 444
149 444
148 444
147 444
147 443
147 442
147 441
147 440
147 439
148 439
148 438
149 438
149 437
149 436
149 435
149 434
149 433
149 432
149 431
149 430
148 430
148 429
148 428
148 427
148 426
147 426
147 425
146 425
146 424
145 424
167 450
167 451
168 451
168 452
169 452
169 453
169 454
170 454
170 453
171 453
171 452
171 451
172 451
173 451
174 451
175 451
176 451
176 450
177 450
177 449
178 449
178 448
178 447
178 446
178 445
178 444
179 444
179 443
180 443
180 442
181 442
181 441
182 441
182 440
183 440
184 440
185 440
185 441
186 441
186 442
186 443
186 444
187 444
187 445
188 445
189 445
190 445
191 445
192 445
193 445
194 445
500 218
501 218
499 218
498 218
497 218
496 218
495 218
495 219
494 219
502 218
502 217
503 217
504 217
505 217
506 217
507 217
508 217
508 216
508 215
508 214
509 214
509 213
510 213
510 212
511 212
511 211
282 377
282 376
283 377
283 378
284 378
284 379
285 379
286 379
287 379
288 379
289 379
290 379
290 380
289 380
288 380
288 381
288 382
288 383
288 384
288 385
288 386
288 387
288 388
289 388
289 389
290 389
290 390
291 390
291 391
292 391
292 392
293 392
293 393
294 393
295 393
296 393
297 393
298 393
299 393
299 394
300 394
301 394
301 395
281 376
280 376
279 376
279 375
279 374
278 374
278 373
277 373
277 372
276 372
276 371
275 371
274 371
273 371
272 371
271 371
270 371
269 371
269 372
268 372
267 372
266 372
265 372
264 372
263 372
262 372
261 372
260 372
259 372
258 372
257 372
256 372
256 371
255 371
254 371
254 370
253 370
252 370
251 370
250 370
250 369
249 369
249 368
249 367
249 366
249 365
249 364
249 363
249 362
258 459
259 459
257 459
256 459
256 458
255 458
254 458
253 458
253 459
252 459
251 459
250 459
249 459
248 459
247 459
246 459
246 460
245 460
245 461
244 461
244 462
244 463
243 463
242 463
241 463
241 464
241 465
241 466
241 467
240 467
240 468
239 468
239 469
238 469
237 469
237 468
237 467
237 466
237 465
237 464
237 463
237 462
237 461
237 460
237 459
236 459
236 458
235 458
235 457
234 457
233 457
232 457
231 457
231 456
230 456
230 455
229 455
229 454
229 453
229 452
229 451
228 451
228 450
228 449
227 449
226 449
225 449
224 449
223 449
222 449
222 448
222 447
222 446
221 446
221 445
221 444
220 444
219 444
219 443
218 443
217 443
216 443
215 443
214 443
214 442
213 442
212 442
211 442
210 442
209 442
209 441
208 441
207 441
207 440
207 439
207 438
207 437
260 459
261 459
262 459
263 459
335 440
336 440
334 440
333 440
332 440
331 440
330 440
329 440
329 439
328 439
327 439
327 440
327 441
326 441
325 441
325 442
324 442
323 442
322 442
321 442
321 443
320 443
320 444
320 445
319 445
318 445
318 446
317 446
316 446
315 446
315 447
315 448
314 448
314 449
313 449
312 449
312 450
311 450
310 450
310 451
309 451
308 451
308 452
307 452
307 453
306 453
306 454
305 454
305 455
337 440
338 440
338 441
339 441
339 442
340 442
340 443
341 443
341 444
341 445
341 446
341 447
341 448
341 449
342 449
342 450
343 450
343 451
343 452
343 453
343 454
343 455
343 456
343 457
343 458
343 459
343 460
343 461
343 462
343 463
344 463
344 464
345 464
345 465
346 465
347 465
347 466
347 467
347 468
346 468
346 469
346 470
346 471
345 471
345 472
345 473
345 474
345 475
345 476
345 477
345 478
345 479
344 479
344 480
343 480
374 470
375 470
373 470
373 469
372 469
371 469
371 468
370 468
370 467
370 466
370 465
370 464
370 463
370 462
370 461
370 460
370 459
370 458
369 458
369 459
368 459
368 460
367 460
366 460
365 460
365 461
364 461
364 462
363 462
363 463
362 463
362 464
362 465
362 466
361 466
360 466
359 466
358 466
357 466
356 466
356 467
355 467
354 467
353 467
353 468
352 468
351 468
350 468
349 468
349 467
348 467
348 466
375 471
376 471
376 472
377 472
377 473
378 473
378 474
379 474
379 475
380 475
380 474
381 474
382 474
383 474
383 473
384 473
384 472
385 472
385 471
385 470
385 469
385 468
386 468
386 467
387 467
388 467
389 467
390 467
391 467
392 467
392 466
392 465
392 464
393 464
393 463
394 463
394 462
393 462
393 461
393 460
392 460
392 459
391 459
391 458
391 457
390 457
390 456
390 455
389 455
389 454
389 453
389 452
389 451
389 450
390 450
390 449
390 448
391 448
391 447
392 447
392 446
393 446
459 305
459 306
459 304
459 303
459 302
459 301
459 300
459 299
459 298
459 297
459 296
459 295
460 295
461 295
462 295
462 294
461 294
460 294
459 294
458 294
457 294
456 294
455 294
454 294
453 294
452 294
452 295
459 307
460 307
460 308
460 309
460 310
460 311
461 311
461 312
461 313
462 313
462 314
462 315
463 315
463 316
464 316
464 317
465 317
465 318
466 318
466 319
466 320
466 321
466 322
466 323
466 324
466 325
465 325
465 324
464 324
463 324
462 324
461 324
460 324
460 325
460 326
460 327
460 328
460 329
460 330
460 331
459 331
459 332
459 333
460 333
460 334
460 335
460 336
461 336
461 337
461 338
461 339
461 340
462 340
462 341
463 341
463 342
464 342
464 343
465 343
466 343
467 343
468 343
469 343
470 343
470 342
470 341
471 341
471 340
472 340
472 339
473 339
473 338
474 338
308 420
307 420
309 420
310 420
311 420
312 420
312 421
313 421
314 421
314 422
313 422
312 422
312 423
311 423
311 424
310 424
310 425
310 426
310 427
309 427
309 428
308 428
308 429
309 429
309 430
309 431
309 432
309 433
309 434
309 435
310 435
310 436
311 436
311 437
312 437
312 438
313 438
313 439
313 440
313 441
313 442
314 442
314 443
314 444
314 445
314 446
314 447
306 420
306 419
305 419
304 419
303 419
302 419
302 418
301 418
301 417
300 417
300 416
300 415
300 414
300 413
299 413
299 414
298 414
297 414
296 414
295 414
294 414
294 415
293 415
292 415
291 415
290 415
289 415
288 415
288 414
287 414
286 414
285 414
284 414
283 414
282 414
282 413
282 412
281 412
281 413
280 413
279 413
278 413
277 413
276 413
276 412
275 412
275 411
275 410
274 410
274 411
274 412
274 413
274 414
274 415
274 416
274 417
274 418
274 419
274 420
273 420
273 419
272 419
271 419
270 419
269 419
268 419
268 420
267 420
267 421
266 421
266 422
266 423
265 423
264 423
263 423
262 423
261 423
260 423
259 423
258 423
257 423
256 423
373 435
373 436
372 435
372 434
371 434
370 434
370 433
370 432
369 432
369 431
369 430
369 429
369 428
369 427
369 426
369 425
368 425
368 424
367 424
367 423
366 423
366 422
365 422
365 421
365 420
365 419
365 418
365 417
365 416
364 416
363 416
362 416
361 416
360 416
359 416
358 416
357 416
356 416
355 416
354 416
353 416
353 417
373 437
373 438
373 439
374 439
375 439
376 439
376 440
377 440
377 441
376 441
375 441
374 441
373 441
372 441
371 441
371 442
370 442
369 442
368 442
367 442
367 443
366 443
366 444
366 445
365 445
364 445
364 446
364 447
363 447
363 448
362 448
362 449
361 449
361 450
361 451
361 452
361 453
361 454
361 455
362 455
362 456
362 457
363 457
364 457
364 458
365 458
366 458
367 458
368 458
392 487
391 487
392 486
392 485
392 484
392 483
392 482
392 481
392 480
392 479
391 479
391 478
391 477
392 477
392 476
393 476
393 475
394 475
395 475
396 475
397 475
397 474
396 474
396 473
395 473
395 472
395 471
395 470
394 470
394 469
393 469
393 468
392 468
391 488
391 489
390 489
390 490
389 490
388 490
388 491
387 491
387 492
386 492
385 492
384 492
383 492
382 492
381 492
380 492
380 493
379 493
379 492
378 492
378 491
377 491
377 490
376 490
376 489
376 488
375 488
374 488
373 488
372 488
371 488
370 488
369 488
368 488
368 487
368 486
368 485
368 484
367 484
367 483
367 482
366 482
366 481
366 480
365 480
365 479
365 478
365 477
365 476
364 476
364 475
363 475
362 475
361 475
360 475
359 475
358 475
358 476
357 476
357 477
356 477
356 478
355 478
355 479
354 479
354 480
353 480
352 480
351 480
350 480
349 480
348 480
347 480
346 480
345 480
301 330
302 330
301 331
300 331
299 331
299 332
298 332
297 332
296 332
296 333
295 333
294 333
294 334
293 334
293 335
292 335
291 335
291 336
290 336
289 336
288 336
288 337
287 337
286 337
303 330
304 330
305 330
306 330
307 330
307 329
351 302
351 303
351 301
351 300
351 299
351 298
350 298
349 298
349 299
348 299
347 299
346 299
345 299
344 299
343 299
342 299
341 299
340 299
340 300
351 304
351 305
351 306
351 307
351 308
352 308
352 309
352 310
352 311
352 312
352 313
352 314
352 315
353 315
353 316
353 317
353 318
353 319
353 320
352 320
351 320
350 320
349 320
348 320
347 320
346 320
345 320
344 320
344 319
343 319
343 318
342 318
342 317
341 317
341 316
415 206
416 206
415 207
414 207
414 208
414 209
414 210
414 211
414 212
414 213
414 214
414 215
416 205
417 205
418 205
419 205
420 205
421 205
422 205
422 204
422 203
422 202
423 202
423 201
424 201
424 200
425 200
426 200
427 200
428 200
429 200
429 199
430 199
431 199
431 198
432 198
432 197
433 197
433 196
433 195
434 195
187 360
187 359
187 361
188 361
188 362
189 362
190 362
191 362
192 362
193 362
194 362
194 361
195 361
196 361
196 362
196 363
196 364
196 365
196 366
196 367
196 368
195 368
195 369
194 369
194 370
193 370
192 370
191 370
190 370
189 370
188 370
187 370
186 370
185 370
184 370
183 370
182 370
181 370
181 371
180 371
179 371
179 372
178 372
178 373
177 373
177 374
177 375
176 375
175 375
175 376
175 377
175 378
175 379
175 380
175 381
175 382
175 383
175 384
175 385
175 386
175 387
175 388
174 388
173 388
172 388
172 389
171 389
170 389
170 390
169 390
168 390
187 358
187 357
187 356
187 355
187 354
187 353
187 352
187 351
187 350
187 349
186 349
186 348
185 348
185 347
342 361
342 362
342 360
341 360
341 359
341 358
340 358
340 357
341 357
341 356
342 356
342 355
343 355
344 355
345 355
345 354
346 354
347 354
348 354
349 354
350 354
351 354
352 354
353 354
354 354
355 354
356 354
357 354
358 354
359 354
360 354
360 353
361 353
362 353
363 353
364 353
364 352
365 352
366 352
366 351
367 351
367 350
367 349
367 348
367 347
367 346
368 346
368 345
369 345
369 344
369 343
369 342
369 341
369 340
369 339
369 338
369 337
369 336
369 335
368 335
368 334
367 334
366 334
365 334
364 334
363 334
362 334
362 333
361 333
361 332
361 331
361 330
360 330
359 330
358 330
357 330
357 329
356 329
356 328
355 328
355 327
355 326
355 325
355 324
355 323
354 323
354 322
353 322
353 321
342 363
342 364
343 364
343 365
344 365
344 366
345 366
346 366
347 366
348 366
349 366
349 367
350 367
350 368
351 368
351 369
351 370
351 371
351 372
351 373
351 374
350 374
350 375
349 375
349 376
348 376
347 376
346 376
345 376
345 377
345 378
345 379
345 380
345 381
345 382
346 382
346 383
347 383
347 384
348 384
349 384
350 384
351 384
352 384
352 383
353 383
353 382
354 382
355 382
355 383
355 384
356 384
356 385
357 385
357 386
357 387
358 387
358 388
359 388
360 388
360 389
361 389
361 390
360 390
359 390
358 390
357 390
356 390
356 391
355 391
354 391
353 391
352 391
352 392
351 392
351 393
350 393
350 394
349 394
349 395
348 395
348 396
348 397
347 397
347 398
347 399
347 400
347 401
347 402
347 403
347 404
348 404
349 404
350 404
351 404
352 404
352 405
353 405
353 406
354 406
355 406
356 406
357 406
358 406
359 406
359 405
360 405
361 405
361 406
362 406
362 407
363 407
364 407
365 407
366 407
367 407
368 407
369 407
370 407
371 407
371 408
371 409
371 410
371 411
370 411
370 412
369 412
369 413
368 413
368 414
367 414
367 415
366 415
366 416
442 327
443 327
442 326
441 326
440 326
439 326
438 326
437 326
436 326
436 327
435 327
435 328
434 328
433 328
433 329
433 330
432 330
432 331
431 331
430 331
429 331
428 331
427 331
426 331
426 332
425 332
425 333
444 327
445 327
446 327
447 327
448 327
448 328
449 328
449 329
450 329
451 329
452 329
453 329
453 330
454 330
454 331
455 331
456 331
457 331
458 331
458 332
429 345
430 345
428 345
428 344
427 344
426 344
425 344
425 345
424 345
424 346
424 347
423 347
423 348
422 348
422 349
421 349
421 350
420 350
420 351
420 352
419 352
419 353
418 353
418 354
417 354
431 345
432 345
432 346
432 347
432 348
432 349
433 349
433 350
434 350
434 349
435 349
435 348
436 348
436 347
436 346
436 345
436 344
437 344
437 343
437 342
437 341
437 340
436 340
436 339
436 338
436 337
435 337
435 336
435 335
434 335
434 334
434 333
433 333
433 332
432 332
329 388
329 387
328 388
327 388
327 389
326 389
326 390
326 391
325 391
325 392
325 393
325 394
325 395
326 395
326 396
326 397
326 398
326 399
326 400
325 400
325 401
325 402
324 402
324 403
323 403
323 404
322 404
322 405
322 406
322 407
322 408
322 409
322 410
322 411
322 412
321 412
321 413
321 414
321 415
321 416
320 416
319 416
318 416
317 416
316 416
316 417
316 418
316 419
316 420
315 420
315 421
330 387
330 386
330 385
330 384
331 384
331 383
331 382
331 381
331 380
332 380
333 380
334 380
335 380
336 380
337 380
338 380
339 380
340 380
341 380
341 379
342 379
342 378
343 378
343 377
344 377
294 434
295 434
293 434
292 434
291 434
290 434
290 435
291 435
291 436
291 437
292 437
292 438
292 439
292 440
292 441
292 442
292 443
292 444
291 444
290 444
290 445
289 445
289 446
288 446
287 446
287 447
286 447
285 447
284 447
284 448
283 448
282 448
282 449
281 449
280 449
280 450
279 450
279 451
279 452
279 453
279 454
279 455
279 456
279 457
279 458
278 458
278 459
277 459
277 460
276 460
276 461
275 461
296 434
297 434
298 434
299 434
300 434
301 434
301 435
302 435
302 436
303 436
303 437
304 437
305 437
306 437
307 437
308 437
309 437
309 436
503 433
503 434
503 432
503 431
503 430
503 429
502 429
502 428
502 427
501 427
501 426
501 425
501 424
501 423
501 422
501 421
501 420
502 420
502 419
502 418
501 418
501 417
500 417
499 417
499 416
498 416
497 416
496 416
495 416
494 416
493 416
492 416
491 416
491 415
491 414
491 413
491 412
492 412
492 411
493 411
493 410
493 409
493 408
493 407
493 406
493 405
493 404
493 403
493 402
492 402
492 401
492 400
492 399
491 399
491 398
491 397
491 396
490 396
490 395
490 394
490 393
491 393
492 393
493 393
494 393
495 393
496 393
497 393
498 393
499 393
499 392
500 392
501 392
502 392
503 392
504 392
505 392
506 392
507 392
508 392
509 392
510 392
511 392
503 435
503 436
502 436
502 437
503 437
504 437
505 437
506 437
507 437
508 437
508 438
509 438
510 438
510 439
484 223
483 223
485 223
486 223
487 223
487 222
488 222
488 221
489 221
490 221
491 221
492 221
493 221
493 220
494 220
482 223
481 223
481 224
480 224
480 225
480 226
479 226
479 227
479 228
479 229
479 230
478 230
478 231
477 231
476 231
475 231
474 231
473 231
472 231
471 231
470 231
469 231
468 231
467 231
466 231
466 230
466 229
466 228
466 227
466 226
466 225
466 224
466 223
466 222
466 221
466 220
466 219
467 219
467 218
468 218
468 217
468 216
469 216
464 370
463 370
464 371
464 372
465 372
466 372
467 372
468 372
469 372
470 372
471 372
471 373
471 374
471 375
471 376
471 377
471 378
471 379
471 380
471 381
472 381
472 382
472 383
472 384
472 385
472 386
472 387
472 388
473 388
473 389
473 390
473 391
473 392
473 393
473 394
473 395
473 396
473 397
473 398
473 399
473 400
474 400
474 401
475 401
475 402
476 402
476 403
477 403
478 403
479 403
480 403
481 403
482 403
482 404
483 404
484 404
485 404
486 404
487 404
488 404
489 404
490 404
491 404
492 404
492 403
463 369
463 368
463 367
463 366
463 365
464 365
464 364
464 363
465 363
465 362
465 361
466 361
466 360
465 360
465 359
465 358
465 357
465 356
465 355
465 354
465 353
466 353
466 352
466 351
466 350
466 349
466 348
466 347
466 346
466 345
466 344
465 344
483 335
482 335
484 335
485 335
485 334
486 334
486 333
486 332
486 331
486 330
486 329
487 329
487 328
488 328
488 327
489 327
490 327
491 327
492 327
492 326
493 326
494 326
494 325
495 325
495 324
496 324
496 323
497 323
498 323
499 323
499 324
499 325
499 326
499 327
499 328
499 329
499 330
499 331
499 332
499 333
500 333
500 334
500 335
501 335
501 336
502 336
502 337
502 338
502 339
502 340
502 341
503 341
504 341
504 342
505 342
506 342
506 343
482 336
481 336
481 337
480 337
479 337
478 337
477 337
476 337
475 337
474 337
369 292
370 292
368 292
367 292
366 292
365 292
364 292
363 292
362 292
362 293
362 294
362 295
362 296
362 297
361 297
361 298
360 298
359 298
358 298
357 298
356 298
355 298
354 298
353 298
352 298
371 292
372 292
373 292
374 292
375 292
375 293
375 294
376 294
376 293
376 292
376 291
376 290
376 289
376 288
376 287
375 287
375 286
374 286
374 285
373 285
373 284
372 284
372 283
372 282
372 281
372 280
372 279
371 279
371 278
371 277
371 276
371 275
371 274
371 273
372 273
372 272
372 271
373 271
373 270
373 269
372 269
372 268
372 267
372 266
372 265
372 264
371 264
371 263
371 262
371 261
371 260
371 259
371 258
372 258
372 257
373 257
373 256
374 256
374 255
375 255
375 254
376 254
376 253
377 253
378 253
498 348
498 349
498 347
499 347
499 346
500 346
500 345
501 345
502 345
502 344
503 344
504 344
505 344
505 343
498 350
498 351
498 352
498 353
498 354
499 354
499 355
499 356
499 357
499 358
500 358
501 358
501 359
502 359
503 359
504 359
504 360
505 360
505 361
506 361
506 362
507 362
507 363
508 363
508 364
508 365
508 366
508 367
508 368
508 369
508 370
508 371
507 371
507 372
507 373
506 373
506 374
506 375
506 376
506 377
506 378
506 379
506 380
506 381
505 381
505 382
505 383
506 383
507 383
507 384
508 384
509 384
510 384
510 385
510 386
510 387
510 388
510 389
510 390
510 391
511 391
422 264
422 263
421 264
420 264
419 264
418 264
417 264
416 264
416 263
415 263
415 262
414 262
414 261
413 261
413 260
413 259
412 259
412 258
411 258
411 257
410 257
409 257
409 256
408 256
423 263
424 263
424 262
425 262
425 261
425 260
425 259
425 258
425 257
425 256
426 256
427 256
428 256
429 256
430 256
431 256
432 256
432 257
433 257
433 258
434 258
434 259
434 260
435 260
435 261
435 262
435 263
435 264
435 265
435 266
435 267
435 268
435 269
435 270
434 270
434 271
434 272
433 272
432 272
432 273
433 273
433 274
433 275
434 275
434 276
435 276
436 276
437 276
438 276
438 277
439 277
439 278
439 279
439 280
440 280
440 281
441 281
441 282
442 282
442 283
443 283
443 284
444 284
444 285
445 285
446 285
447 285
448 285
448 286
449 286
449 287
449 288
449 289
449 290
449 291
449 292
449 293
449 294
450 294
451 294
389 336
389 335
389 337
389 338
389 339
389 340
389 341
389 342
390 342
390 343
391 343
391 342
392 342
392 341
393 341
394 341
395 341
396 341
397 341
397 340
398 340
388 335
388 334
388 333
388 332
388 331
388 330
389 330
389 329
389 328
390 328
390 327
391 327
391 326
391 325
392 325
392 324
393 324
393 323
393 322
393 321
392 321
392 320
392 319
391 319
391 318
391 317
392 317
393 317
393 316
394 316
395 316
395 315
396 315
397 315
397 314
397 313
398 313
398 312
398 311
398 310
398 309
398 308
398 307
398 306
399 306
400 306
401 306
402 306
403 306
404 306
405 306
405 307
406 307
406 308
407 308
407 309
407 310
407 311
407 312
407 313
407 314
407 315
408 315
409 315
409 316
410 316
411 316
412 316
413 316
414 316
414 317
415 317
416 317
416 318
416 319
416 320
416 321
416 322
416 323
416 324
416 325
417 325
417 326
418 326
418 327
419 327
419 328
420 328
421 328
421 329
422 329
422 330
423 330
423 331
424 331
424 332
479 294
479 295
480 294
480 293
480 292
481 292
481 291
481 290
481 289
481 288
481 287
482 287
482 286
482 285
483 285
483 284
483 283
484 283
484 282
485 282
485 281
486 281
487 281
487 280
487 279
487 278
487 277
487 276
487 275
487 274
487 273
487 272
487 271
487 270
487 269
487 268
487 267
487 266
487 265
487 264
487 263
486 263
486 262
486 261
486 260
486 259
486 258
486 257
485 257
485 256
484 256
483 256
483 255
482 255
482 254
481 254
481 253
481 252
480 252
480 251
479 251
479 250
478 250
478 249
477 249
476 249
476 248
475 248
474 248
473 248
472 248
471 248
470 248
470 247
470 246
470 245
470 244
470 243
470 242
470 241
469 241
468 241
467 241
467 240
467 239
467 238
467 237
467 236
467 235
467 234
466 234
466 233
466 232
465 232
465 231
478 295
478 296
477 296
477 297
477 298
476 298
476 299
475 299
474 299
474 300
473 300
472 300
472 299
471 299
471 298
470 298
469 298
468 298
467 298
466 298
465 298
465 297
464 297
464 296
464 295
463 295
485 436
485 435
486 436
486 437
487 437
487 438
488 438
488 439
489 439
489 440
490 440
490 441
491 441
492 441
493 441
494 441
495 441
496 441
497 441
498 441
498 440
499 440
499 439
500 439
500 438
501 438
501 437
485 434
485 433
485 432
485 431
485 430
485 429
485 428
485 427
485 426
486 426
486 425
487 425
487 424
487 423
487 422
487 421
487 420
487 419
487 418
487 417
487 416
487 415
488 415
488 416
489 416
490 416
383 343
384 343
383 344
382 344
381 344
380 344
379 344
378 344
378 343
377 343
377 342
376 342
375 342
374 342
373 342
372 342
371 342
371 343
370 343
370 344
385 343
386 343
387 343
388 343
389 343
277 281
276 281
278 281
279 281
279 280
280 280
281 280
281 279
275 281
274 281
273 281
272 281
272 282
271 282
427 243
427 244
427 242
427 241
427 240
427 239
426 239
426 238
426 237
426 236
426 235
425 235
425 234
427 245
427 246
427 247
427 248
427 249
426 249
425 249
424 249
423 249
422 249
422 250
421 250
421 251
421 252
421 253
421 254
421 255
421 256
422 256
423 256
424 256
460 401
461 401
460 402
459 402
458 402
458 403
457 403
457 404
456 404
456 405
456 406
455 406
455 407
461 400
461 399
462 399
462 398
463 398
463 397
463 396
463 395
463 394
464 394
464 393
465 393
466 393
466 392
467 392
468 392
468 391
469 391
470 391
470 390
471 390
471 389
472 389
508 451
508 452
507 451
507 450
506 450
506 449
506 448
505 448
505 447
504 447
504 446
503 446
502 446
501 446
500 446
499 446
499 447
498 447
498 446
498 445
498 444
498 443
498 442
509 452
510 452
510 453
511 453
511 454
511 455
511 456
511 457
511 458
511 459
511 460
510 460
510 461
509 461
424 227
424 228
424 226
424 225
424 224
424 223
424 222
423 222
423 221
422 221
422 220
422 219
421 219
421 218
421 217
424 229
424 230
424 231
424 232
424 233
424 234
421 474
422 474
420 474
419 474
418 474
417 474
416 474
415 474
415 473
414 473
414 472
413 472
413 471
413 470
412 470
411 470
411 469
410 469
409 469
408 469
408 468
407 468
406 468
405 468
404 468
404 467
403 467
402 467
401 467
400 467
399 467
398 467
398 466
397 466
397 465
397 464
396 464
395 464
395 463
423 474
424 474
425 474
426 474
427 474
428 474
429 474
430 474
430 473
431 473
431 472
431 471
432 471
432 470
432 469
433 469
433 468
434 468
434 467
435 467
436 467
437 467
438 467
439 467
440 467
440 466
441 466
441 467
442 467
442 468
442 469
443 469
443 470
443 471
444 471
444 472
444 473
444 474
445 474
445 475
445 476
445 477
445 478
445 479
446 479
446 480
446 481
446 482
446 483
446 484
446 485
446 486
446 487
445 487
445 488
444 488
443 488
442 488
441 488
440 488
440 489
439 489
439 490
438 490
438 491
437 491
436 491
435 491
434 491
433 491
432 491
431 491
431 492
430 492
430 493
430 494
429 494
429 495
429 496
428 496
428 497
428 498
427 498
427 497
426 497
425 497
424 497
423 497
422 497
421 497
420 497
419 497
419 498
418 498
417 498
417 499
416 499
416 500
416 501
415 501
415 502
415 503
414 503
414 504
414 505
414 506
414 507
414 508
413 508
413 507
413 506
413 505
413 504
413 503
412 503
412 502
411 502
410 502
409 502
408 502
408 501
407 501
407 500
406 500
406 499
406 498
405 498
405 497
405 496
405 495
404 495
404 494
403 494
403 495
402 495
402 496
401 496
400 496
400 497
399 497
399 498
398 498
397 498
396 498
395 498
394 498
394 499
394 500
393 500
393 499
393 498
393 497
393 496
393 495
394 495
394 494
394 493
394 492
393 492
393 491
392 491
391 491
390 491
389 491
266 287
265 287
267 287
268 287
268 286
268 285
269 285
269 284
269 283
270 283
270 282
264 287
263 287
262 287
261 287
260 287
260 288
259 288
259 289
258 289
257 289
257 290
256 290
255 290
255 291
255 292
254 292
254 293
253 293
253 294
252 294
252 295
251 295
251 296
250 296
249 296
248 296
247 296
246 296
245 296
244 296
243 296
243 297
242 297
241 297
241 298
240 298
240 299
240 300
240 301
240 302
241 302
241 303
240 303
240 304
239 304
239 305
239 306
239 307
239 308
239 309
239 310
239 311
239 312
239 313
239 314
238 314
238 315
237 315
237 316
236 316
236 317
236 318
235 318
235 319
235 320
234 320
234 321
234 322
233 322
233 323
233 324
232 324
232 325
232 326
232 327
231 327
483 504
484 504
482 504
481 504
480 504
479 504
478 504
477 504
476 504
475 504
474 504
473 504
472 504
471 504
470 504
469 504
468 504
468 503
467 503
467 502
467 501
466 501
466 500
466 499
465 499
465 498
464 498
463 498
462 498
461 498
460 498
460 497
459 497
458 497
458 496
457 496
456 496
456 495
455 495
455 494
454 494
453 494
453 493
452 493
452 492
452 491
452 490
451 490
450 490
449 490
448 490
448 489
447 489
447 488
446 488
485 504
486 504
487 504
488 504
489 504
490 504
491 504
492 504
493 504
493 503
494 503
494 502
493 502
492 502
492 501
492 500
492 499
492 498
492 497
492 496
492 495
491 495
491 494
490 494
489 494
488 494
487 494
487 493
487 492
487 491
487 490
487 489
487 488
488 488
489 488
490 488
491 488
491 487
492 487
493 487
493 486
494 486
494 485
495 485
496 485
497 485
498 485
499 485
500 485
501 485
502 485
503 485
504 485
505 485
506 485
507 485
508 485
509 485
510 485
511 485
511 484
511 483
511 482
511 481
511 480
511 479
511 478
511 477
511 476
511 475
511 474
511 473
511 472
510 472
509 472
509 471
508 471
507 471
507 470
506 470
506 469
505 469
505 468
505 467
505 466
505 465
506 465
506 464
506 463
507 463
507 462
508 462
508 461
50 511
49 511
51 511
52 511
53 511
54 511
55 511
56 511
57 511
58 511
59 511
60 511
61 511
62 511
63 511
64 511
65 511
66 511
67 511
68 511
69 511
70 511
71 511
72 511
73 511
74 511
75 511
76 511
77 511
77 510
78 510
78 509
78 508
79 508
79 507
80 507
80 506
81 506
81 505
82 505
82 504
83 504
83 503
83 502
83 501
83 500
84 500
84 499
84 498
85 498
85 497
85 496
85 495
85 494
85 493
85 492
85 491
85 490
84 490
84 489
83 489
83 488
83 487
83 486
83 485
84 485
85 485
85 484
86 484
87 484
88 484
89 484
90 484
91 484
91 483
91 482
91 481
91 480
92 480
92 479
93 479
93 478
93 477
94 477
94 476
94 475
95 475
96 475
97 475
98 475
99 475
100 475
101 475
101 474
102 474
103 474
104 474
105 474
106 474
106 475
107 475
107 476
107 477
108 477
108 478
109 478
109 477
110 477
110 476
111 476
112 476
113 476
113 475
114 475
114 474
114 473
115 473
115 472
116 472
116 471
116 470
116 469
116 468
116 467
116 466
117 466
117 465
118 465
118 464
119 464
120 464
121 464
122 464
122 463
123 463
124 463
125 463
125 462
126 462
127 462
127 463
128 463
129 463
129 464
130 464
130 465
131 465
132 465
132 466
133 466
134 466
134 467
135 467
135 468
135 469
135 470
135 471
136 471
136 472
137 472
137 473
138 473
139 473
139 474
140 474
141 474
141 475
142 475
143 475
143 476
144 476
145 476
146 476
147 476
148 476
149 476
150 476
150 477
151 477
151 478
151 479
151 480
152 480
152 481
152 482
153 482
153 483
154 483
155 483
156 483
156 484
157 484
157 485
158 485
158 484
159 484
159 483
159 482
159 481
160 481
160 480
160 479
160 478
160 477
160 476
160 475
161 475
161 476
161 477
161 478
162 478
163 478
164 478
165 478
166 478
166 479
167 479
167 480
167 481
168 481
168 482
169 482
169 483
169 484
169 485
170 485
170 486
170 487
171 487
171 488
172 488
172 489
173 489
174 489
174 490
175 490
176 490
176 489
177 489
178 489
179 489
180 489
181 489
182 489
183 489
183 490
184 490
184 491
48 511
47 511
46 511
45 511
44 511
43 511
43 510
42 510
42 509
