23 22 21 20 19 18 1 0 2 3 4 5 6 7 8 9 10 11 12 13 14 15 16 17 59 
59 58 57 56 55 54 53 52 51 50 49 48 47 46 45 44 43 42 41 40 39 38 37 25 24 26 27 28 29 30 31 32 33 34 35 36 4659 4658 4657 4656 4655 4654 4653 4652 4651 4650 4649 4648 4647 4646 4645 4644 4643 4642 4641 4640 4639 4638 4637 4636 4635 4634 4633 
59 1314 1313 1312 1311 1310 1309 1308 1307 1306 1305 1304 1303 1302 1301 1299 1300 1315 1316 1317 1318 1319 1320 1321 1322 1323 1324 1325 1326 1327 1328 1329 
77 76 75 74 73 72 71 70 69 68 67 66 65 64 63 62 60 61 87 88 89 90 91 92 93 94 95 96 97 98 99 100 250 249 248 247 246 245 244 243 242 241 240 239 238 237 236 235 233 234 251 252 253 254 255 256 257 258 259 260 457 456 455 454 453 452 451 442 441 443 444 445 446 447 448 449 450 188 
77 78 79 80 81 82 83 84 85 86 
77 973 972 971 970 969 968 967 966 965 964 963 962 961 960 959 958 957 956 955 954 953 952 951 950 949 948 947 946 945 944 943 942 941 940 939 938 937 936 935 934 933 932 931 930 929 928 927 926 925 924 923 922 921 920 919 918 917 916 915 914 913 912 911 910 909 908 907 906 905 904 903 902 901 900 899 898 
127 126 125 124 123 122 121 120 119 118 117 116 115 114 113 112 111 110 109 108 107 106 105 104 103 101 102 140 141 142 143 144 145 146 
127 128 129 130 131 132 133 134 135 136 137 138 
127 1798 1797 1796 1795 1794 1793 1792 1791 1790 1789 1788 1787 1786 1785 1784 1783 1782 1781 1780 1779 1778 1777 1776 1775 1774 1773 1772 1771 1769 1770 1799 1800 1801 1802 1803 1804 1805 1806 1807 1808 1809 1810 1811 1812 1813 1814 
138 139 
138 2657 2656 2655 2654 2653 2652 2651 2650 2649 2648 2647 2646 2645 2644 2643 2642 2641 2640 2639 2638 2637 2636 2635 2634 2633 2632 2631 2630 2629 2628 2627 2626 2625 2624 2623 2622 2621 2620 2619 2618 2617 2616 2615 2614 2613 2612 2611 2610 2609 2608 2607 2606 2605 2604 2603 2602 2601 2600 2599 
188 187 186 185 184 183 182 181 180 179 178 177 176 175 174 173 172 171 170 169 168 167 166 165 164 163 162 161 160 159 158 157 156 155 154 153 152 151 150 149 147 148 201 202 203 204 205 206 207 208 209 210 211 212 213 214 215 216 217 218 219 220 221 222 223 224 225 226 227 228 229 230 231 232 2102 2101 2100 2099 2098 2097 2096 2095 2094 2093 2092 2091 2090 2089 2088 2087 2086 2085 2084 2083 2082 2081 2080 2079 2078 2077 2076 2075 2074 2073 2072 2071 2070 2069 2068 2067 2066 2065 2064 2063 2062 2060 2061 2103 2104 2105 2106 2107 2108 2109 2110 2111 2112 2113 2114 2115 2116 2117 2118 2119 2120 2121 2122 2123 2124 2125 2126 2127 2128 2129 2130 2131 2132 2133 2134 2135 2136 2137 2138 2139 2140 2141 2142 2143 2144 2145 2146 2147 2148 2149 2150 2151 2152 2153 2154 2155 2156 2157 2158 2159 
188 189 190 191 192 193 194 195 196 197 198 199 200 554 553 552 551 550 549 548 547 546 545 544 543 542 541 540 539 538 537 536 535 534 533 532 531 530 529 528 527 526 525 524 523 522 521 520 519 518 517 516 515 514 513 512 511 510 509 508 507 505 506 555 556 557 558 559 560 561 562 563 564 363 362 361 360 359 358 357 356 355 354 
283 282 281 280 279 278 277 276 275 274 273 272 271 270 269 268 267 266 265 264 263 261 262 298 299 300 301 302 303 304 305 306 307 308 309 310 311 312 313 314 315 316 317 318 319 320 321 322 323 324 325 326 327 328 329 330 331 332 333 334 335 336 337 338 339 340 341 342 343 344 345 346 347 348 349 350 351 352 353 354 
283 284 285 286 287 288 289 290 291 292 293 294 295 296 297 
283 751 750 749 748 747 746 745 744 743 742 741 740 739 738 737 736 735 734 733 732 731 730 729 728 727 726 725 724 723 722 721 720 719 718 717 716 715 714 713 712 711 710 709 708 707 706 705 704 703 702 701 700 699 698 697 696 695 694 693 692 691 690 689 688 687 686 685 684 683 682 681 680 679 678 677 676 675 674 659 658 660 661 662 663 664 665 666 667 668 669 670 671 672 673 379 
354 1702 1701 1700 1699 1698 1697 1696 1695 1694 1693 1692 1691 1690 1689 1688 1687 1686 1685 1684 1683 1681 1682 1703 1704 1705 1706 1707 1708 1709 1710 1711 1712 1713 1714 1715 1716 1717 1718 1719 1720 1721 1722 1723 1724 1725 1726 1727 1728 1729 1730 1731 1732 1733 1734 1735 1736 1737 1738 1739 1740 1741 1742 1743 1744 1745 1746 1747 1748 1749 1750 1751 1752 1753 1754 1755 1756 1757 1758 1759 1760 1761 1762 1763 1764 1765 1766 1767 1768 1067 
379 378 377 376 375 374 373 372 371 370 369 368 367 366 364 365 433 434 435 436 437 
379 380 381 382 383 384 385 386 387 388 389 390 391 392 393 394 395 396 397 398 399 400 401 402 403 404 405 406 407 408 409 410 411 412 413 414 415 416 417 418 419 420 421 422 423 424 425 426 427 428 429 430 431 
431 432 504 503 502 501 500 499 498 497 496 495 494 493 492 491 490 489 488 487 486 485 484 483 482 481 480 479 478 477 476 475 474 473 472 471 459 458 460 461 462 463 464 465 466 467 468 469 
431 1462 1461 1460 1459 1458 1457 1456 1455 1454 1453 1452 1451 1450 1449 1448 1447 1446 1445 1444 1443 1442 1441 1440 1439 1438 1437 1436 1435 1434 1433 1432 1431 1430 1429 1428 1427 1426 1425 1424 1423 1422 1421 1420 1419 1418 1417 1416 1415 1414 1413 1412 1411 1410 1409 1408 1407 1406 1405 1404 1403 1402 1401 1400 1399 1398 1397 1396 1395 1394 1393 1392 1391 1390 1389 1388 1387 1386 1385 1384 1383 1382 1381 1380 1379 1378 1377 1376 1375 1374 1373 1372 1371 1370 1369 1368 1367 1366 1365 1364 1363 1362 1361 1360 1359 1358 1357 1356 1355 1354 1353 1352 1351 1350 1349 1348 1347 1346 1345 1344 1343 1342 1341 1340 1339 1338 1337 1336 1335 1334 1333 1332 1330 1331 1463 1464 1465 1466 1467 1468 1469 1470 1471 1472 1473 1474 1475 1476 1477 1478 1479 1480 1481 1482 1483 1484 1485 1486 1487 1488 1489 1490 1491 1492 1493 1494 1495 1496 1497 1208 
437 438 439 440 
437 778 777 776 775 774 773 772 771 770 769 768 767 766 753 752 754 755 756 757 758 759 760 761 762 763 764 765 583 
469 470 
469 810 809 808 807 806 805 804 803 802 801 800 799 798 797 796 795 794 793 792 780 779 781 782 783 784 785 786 787 788 789 790 791 2532 2531 2530 2529 2528 2527 2526 2525 2524 2523 2522 2521 2520 2519 2518 2517 2516 2515 2514 2513 2512 2511 2510 2509 2508 2507 2506 2505 2504 2503 2502 2501 2500 2499 2498 2497 2496 2495 2494 2493 2492 2491 2490 2489 2488 2487 2486 
573 572 571 570 569 568 567 565 566 609 610 611 612 613 614 615 616 617 618 619 620 621 622 623 624 625 626 
573 574 575 576 577 578 579 580 581 582 583 
573 858 857 856 855 854 853 852 851 850 849 848 847 846 845 844 843 842 841 840 839 838 837 836 835 834 833 832 831 830 829 828 827 826 825 824 823 822 812 811 813 814 815 816 817 818 819 820 821 2188 2187 2186 2185 2184 2183 2182 2181 2180 2161 2160 2162 2163 2164 2165 2166 2167 2168 2169 2170 2171 2172 2173 2174 2175 2176 2177 2178 2179 2001 
583 584 585 586 587 588 589 590 591 592 593 594 595 596 597 598 599 600 601 602 603 604 605 606 607 608 639 
639 638 637 636 635 634 633 632 631 630 629 627 628 640 641 642 643 644 645 646 647 648 649 650 651 652 653 654 655 656 
639 2454 2453 2452 2451 2450 2449 2448 2447 2446 2445 2444 2443 2442 2441 2440 2439 2438 2437 2436 2435 2434 2433 2432 2431 2429 2430 2455 2456 2457 2458 2459 2460 2461 2462 2463 2464 2465 2466 2467 2468 2469 2470 2471 
656 657 
656 1187 1186 1185 1184 1183 1182 1181 1180 1179 1178 1177 1176 1175 1174 1173 1172 1171 1170 1169 1168 1167 1166 1165 1164 1163 1162 1161 1160 1159 1158 1157 1156 1155 1085 1084 1086 1087 1088 1089 1090 1091 1092 1093 1094 1095 1096 1097 1098 1099 1100 1101 1102 1103 1104 1105 1106 1107 1108 1109 1110 1111 
898 897 896 895 894 893 892 891 890 889 888 887 886 885 884 883 882 881 880 879 878 877 876 875 874 873 872 871 870 869 868 867 866 865 864 863 862 861 859 860 974 975 976 977 
898 1274 1273 1272 1271 1270 1269 1268 1267 1266 1265 1264 1263 1262 1261 1260 1259 1258 1257 1256 1255 1254 1253 1252 1251 1250 1249 1248 1247 1246 1245 1244 1243 1242 1241 1240 1239 1238 1237 1236 1235 1234 1233 1232 1231 1230 1229 1228 1227 1226 1225 1224 1223 1222 1221 1220 1219 1218 1217 1216 1215 1214 1212 1213 1275 1276 1277 1278 1279 1280 1281 1282 1283 1284 1285 1286 1287 1288 1289 1290 1291 1292 1293 1294 1295 1296 1297 1298 1204 
977 978 979 980 981 982 983 984 985 986 987 988 989 990 991 992 993 994 995 996 997 998 999 1000 1001 1002 1003 1004 
977 1921 1920 1919 1918 1917 1916 1915 1914 1913 1912 1911 1910 1909 1908 1907 1906 1905 1904 1903 1902 1901 1900 1899 1898 1897 1896 1895 1894 1893 1892 1891 1890 1889 1888 1887 1886 1885 1884 1883 1882 1881 1880 1879 1878 1877 1876 1875 1874 1873 1872 1871 1870 1869 1868 1867 1866 1865 1864 1863 1862 1861 1860 1859 1858 1857 1856 1855 1854 1853 1852 1851 1850 1849 1848 1847 1846 1845 1844 1843 1842 1841 1840 1839 1838 1837 1836 1835 1833 1834 1922 1923 1924 1925 1926 
1043 1042 1041 1040 1039 1038 1037 1036 1035 1034 1033 1032 1031 1030 1029 1028 1027 1026 1025 1024 1023 1022 1021 1020 1019 1018 1017 1016 1015 1014 1013 1012 1011 1010 1009 1008 1007 1005 1006 1044 1045 1046 1047 1048 1049 1050 1051 1052 1053 1054 1055 1056 1057 1058 1059 1060 1061 1062 1063 1064 1065 1066 1067 
1067 1068 1069 1070 1071 1072 1073 1074 1075 1076 1077 1078 1079 1080 1081 1082 1083 
1111 1112 1113 1114 1115 1116 1117 1118 1119 1120 1121 1122 1123 1124 1125 1126 1127 1128 1129 1130 1131 1132 1133 1134 1135 1136 1137 
1111 4103 4102 4101 4100 4099 4098 4097 4096 4095 4094 4093 4092 4091 4090 4089 4088 4087 4086 4085 4084 4083 4082 4081 4080 4079 4078 4077 4076 4075 4074 4073 4072 4071 4070 4069 4068 4067 4066 4065 4064 4063 4062 4061 4060 
1137 1138 1139 1140 1141 1142 1143 1144 1145 1146 1147 1148 1149 1150 1151 1152 1153 1154 
1137 1655 1654 1653 1652 1651 1650 1649 1648 1647 1646 1645 1644 1643 1642 1641 1640 1639 1638 1637 1636 1635 1634 1633 1632 1631 1630 1629 1628 1627 1626 1625 1624 1623 1622 1621 1620 1619 1618 1617 1616 1615 1614 1613 1612 1611 1610 1609 1608 1607 1606 1605 1604 1603 1602 1601 1600 1599 1598 1597 1596 1595 1594 1593 1592 1591 1590 1589 1588 1587 1586 1585 1584 1583 1582 1581 1580 1579 1578 1577 1576 1575 1574 1573 1572 1571 1570 1569 1568 1567 1566 1565 1564 1563 1561 1562 1656 1657 1658 1659 1660 1661 1662 1663 1664 1665 1666 1667 1668 1669 1670 1671 1672 1673 1674 1675 1676 1677 1678 1679 
1204 1203 1202 1201 1200 1199 1198 1197 1196 1195 1194 1193 1192 1191 1190 1188 1189 1205 1206 1207 1208 
1204 3161 3160 3159 3158 3157 3156 3155 3154 3153 3152 3151 3150 3149 3148 3147 3146 3145 3144 3143 3142 3141 3140 3139 3138 3137 3136 3135 3134 3133 3132 3131 3130 3129 3128 3127 3126 3125 3124 3122 3123 3162 3163 3164 3165 3166 3167 3168 3169 3170 3171 3172 3173 3174 3175 3176 3177 3178 3179 3180 3181 3182 3183 3184 3185 3186 3187 3188 3189 3190 3191 3192 3193 3194 3195 3196 3197 3198 3199 3200 3201 3202 3203 3204 3205 3206 3207 3208 3209 3210 3211 3212 3213 3214 3215 3216 3217 3218 3219 3220 3221 
1208 1209 1210 1211 
1526 1525 1524 1523 1522 1521 1520 1519 1518 1517 1516 1515 1514 1513 1512 1511 1510 1509 1508 1507 1506 1505 1504 1503 1502 1501 1500 1498 1499 1553 1554 1555 1556 1557 1558 1559 1560 
1526 1527 1528 1529 1530 1531 1532 1533 1534 1535 1536 1537 1538 1539 1540 1541 1542 1543 1544 1545 1546 1547 1548 1549 1550 1551 1552 6492 6491 6490 6489 6488 6487 6486 6485 6484 6483 6482 6481 6480 6479 6478 6477 6476 6475 6474 6473 6472 6471 6470 6469 6468 6467 6466 6465 6464 6463 6462 6461 6460 6459 6458 6457 6456 6455 6454 6453 6452 6451 6450 6449 6448 6447 6446 6445 6444 6443 6442 6441 6440 6439 6438 6437 6436 6435 6434 6433 6432 6431 6430 6429 6428 6427 6426 6425 6424 6423 6422 6421 6420 6419 6418 6417 6416 6415 6414 6413 6412 6411 6410 6409 6408 6407 6406 6405 6404 6403 
1526 5888 5887 5886 5885 5884 5883 5882 5881 5880 5879 5878 5877 5876 5875 5874 5873 5872 5871 5870 5869 5868 5867 5866 5864 5865 5889 5890 5891 5892 5893 5894 5895 5896 5897 5898 5899 5900 5901 5902 5903 5904 5905 5906 5907 5908 5909 5910 5911 4829 
1560 3121 3120 3119 3118 3117 3116 3115 3114 3113 3112 3111 3110 3109 3108 3107 3106 3105 3104 3103 3102 3101 3100 3099 3098 3097 3096 3095 3094 3093 3092 3091 3090 3089 3088 3087 3086 3085 3084 3083 3082 3081 3080 3079 3078 3077 3076 3075 3074 3073 3072 3071 3070 3069 3068 3067 3066 3065 3064 3063 3062 3061 3060 3059 3058 3057 3056 3055 3054 3053 3052 3051 3050 3049 3048 3047 3046 3045 3044 3043 3042 3041 3040 3039 3038 3037 3036 3035 3034 
1560 4580 4579 4578 4577 4576 4575 4574 4573 4572 4571 4570 4569 4568 4567 4566 4565 4564 4563 4562 4561 4560 4559 4558 4557 4556 4555 4554 4553 4552 4551 4550 4549 4548 4547 4546 4545 4544 4543 4542 4541 
1679 1680 
1679 5177 5176 5175 5174 5173 5172 5171 5170 5169 5168 5167 5166 5165 5164 5163 5162 5161 5160 5159 5158 5157 5156 5155 5154 5153 5152 5151 5150 5149 5148 5147 5146 5145 5144 5143 5142 5141 5140 5139 5138 5137 5136 5135 5134 5133 5132 5131 5130 5129 5128 5127 5126 5125 5124 5123 5122 5121 5120 5119 5118 5117 5116 5115 5114 5113 5112 5111 5110 5109 5108 5107 5106 5105 5088 5087 5089 5090 5091 5092 5093 5094 5095 5096 5097 5098 5099 5100 5101 5102 5103 
1814 1815 1816 1817 1818 1819 1820 1821 1822 1823 1824 1825 1826 1827 1828 1829 1830 1831 1832 
1814 2309 2308 2307 2306 2305 2304 2303 2302 2301 2300 2299 2298 2297 2296 2295 2294 2293 2292 2291 2290 
1926 1927 1928 1929 1930 1931 1932 1933 1934 1935 1936 1937 1938 1939 1940 1941 1942 1943 1944 1945 1946 1947 
1926 3290 3289 3288 3287 3286 3285 3284 3283 3282 3281 3280 3279 3278 3277 3276 3275 3274 3273 3272 3271 3270 3269 3268 3267 3266 3265 3264 3263 3262 3261 3260 3259 3258 3257 3256 3255 3254 3253 3252 3251 3250 3249 3248 3247 3246 3245 3244 3243 3242 3241 3240 3239 3238 3237 3236 3235 3223 3222 3224 3225 3226 3227 3228 3229 3230 3231 3232 3233 3234 4383 4382 4381 4380 4379 4378 4377 4376 4375 
2001 2000 1999 1998 1997 1996 1995 1994 1993 1992 1991 1990 1989 1988 1987 1986 1985 1984 1983 1982 1981 1980 1979 1978 1977 1976 1975 1974 1973 1972 1971 1970 1969 1968 1967 1966 1965 1964 1963 1962 1961 1960 1959 1958 1957 1956 1955 1954 1953 1952 1951 1950 1948 1949 2010 2011 2012 2013 2014 2015 2016 2017 2018 2019 2020 2021 2022 2023 2024 2025 2026 2027 2028 2029 2030 2031 2032 2033 2034 2035 2036 2037 2038 2039 
2001 2002 2003 2004 2005 2006 2007 2008 2009 
2039 2040 2041 2042 2043 2044 2045 2046 2047 2048 2049 2050 2051 2052 2053 2054 2055 2056 2057 2058 2059 2804 2803 2802 2801 2800 2799 2798 2797 2796 2795 2794 2793 2792 2791 2790 2789 2788 2787 2786 2785 2784 2783 2782 2781 2780 2779 2778 2777 2776 2775 2774 2773 2772 2771 2770 2769 2768 2767 2766 2765 2764 2763 2762 2761 2760 2759 2758 2757 2756 2755 2754 2753 2752 2751 2750 2749 2748 2747 2746 2745 2744 2743 2742 2741 2740 2739 2738 2737 2736 2735 2734 2733 2732 2731 2730 2729 2728 2727 2726 2725 2724 2723 2722 2721 2720 2719 2718 2717 2716 2715 2714 2713 2712 2711 2710 2709 2708 2707 2706 2705 2704 2703 2702 2700 2701 2805 2806 2807 2808 2809 2810 2811 2812 2813 2814 2815 2816 2817 2818 2819 2820 2821 2822 2823 2824 2825 2826 2827 2828 2829 2830 2831 2832 2833 2834 2835 2836 2837 2838 2839 2840 2841 
2039 2934 2933 2932 2931 2930 2929 2928 2927 2926 2925 2924 2923 2922 2921 2920 2919 2918 2917 2916 2915 2914 2913 2912 2911 2910 2909 2908 2907 
2290 2289 2288 2287 2286 2285 2284 2283 2282 2281 2280 2279 2278 2277 2276 2275 2274 2273 2272 2271 2270 2269 2268 2267 2266 2265 2264 2263 2262 2261 2260 2259 2258 2257 2256 2255 2254 2253 2252 2251 2250 2249 2248 2247 2246 2245 2244 2243 2242 2241 2240 2239 2238 2237 2236 2235 2234 2233 2232 2231 2230 2229 2228 2227 2226 2225 2224 2223 2222 2221 2220 2219 2218 2217 2216 2215 2214 2213 2212 2211 2210 2209 2208 2207 2206 2205 2204 2203 2202 2201 2200 2199 2198 2197 2196 2195 2194 2193 2192 2191 2189 2190 2310 2311 2312 2313 2314 2315 2316 
2290 2980 2979 2978 2977 2976 2975 2974 2973 2972 2971 2970 2969 2968 2967 2966 2965 2964 2963 2962 2961 2960 2959 2958 2957 2956 2955 2954 2953 2952 2951 2950 2949 2948 2947 2945 2946 2981 2982 2983 2984 2985 2986 2987 2988 2989 2990 2991 2486 
2316 2317 2318 2319 2320 2321 2322 2323 2324 2325 2326 2327 2328 2329 2330 2331 2332 2333 2334 2335 2336 2337 2338 2339 2340 2341 2342 2343 2344 2345 2346 
2316 3552 3551 3550 3549 3548 3547 3546 3545 3544 3543 3542 3541 3540 3539 3538 3537 3536 3535 3534 3533 3532 3531 3530 3529 3528 3527 3526 3525 3524 3523 3522 3521 3520 3519 3518 3517 3516 3515 3514 3513 3512 3511 3510 3509 3508 3507 3506 3505 3504 3503 3502 3501 3500 3499 3498 3497 3496 3495 3494 3493 3492 3491 3490 3489 3488 3487 3486 3485 3484 3483 3482 3481 3480 3479 3478 3477 3476 3475 3474 3473 3472 3471 3470 3469 3468 3467 3466 3465 3464 3463 3462 3461 3460 3459 3458 3457 3456 3455 3454 3453 3452 3451 3450 3449 3448 3447 3446 3445 3444 3443 3442 3441 3440 3439 3438 3437 3436 3435 3434 3433 3432 3431 3430 3429 3428 3427 3426 3425 3424 3423 3422 3421 3420 3419 3418 3417 3416 3415 3414 3413 3412 3411 3410 3409 3408 3407 3406 3405 3404 3403 3402 3401 3400 3399 3398 3397 3396 3395 3393 3394 3553 3554 3555 3556 3557 3558 3559 3560 3561 3562 3563 3564 3565 3566 3567 3568 3569 3570 3571 3572 3573 3574 3575 3576 3577 3578 3579 3580 3581 3582 3583 3584 3585 3586 3587 3588 3589 3590 3591 3592 3593 3594 3595 3596 3597 3598 3599 3600 3601 3602 3603 3604 3605 
2346 2347 2348 2349 2350 2351 2352 2353 2354 2355 2356 2357 2358 2359 2360 2361 2362 2363 2364 2365 2366 2367 2368 2369 2370 2371 2372 2373 2374 2375 2376 2377 2378 2379 2380 2381 2382 2383 2384 2385 2386 2387 2388 2389 2390 2391 2392 2393 2394 2395 2396 
2346 3656 3655 3654 3653 3652 3651 3650 3649 3648 3647 3646 3645 3644 3643 3642 3641 3640 3639 3638 3637 3636 3635 3634 3633 3632 3631 3630 3629 3628 3627 3626 3625 3624 3622 3623 3657 3658 3659 3660 3661 3662 3663 3664 3665 3666 3667 3668 3669 3670 3671 3672 3673 3674 3675 3676 3677 3678 3679 3680 3681 3682 3683 3684 3685 3686 3687 3688 3689 3690 3691 3692 3693 3694 3695 3696 3697 3698 3699 3700 3701 3702 3703 3704 3705 3706 3707 3708 3709 3710 3711 3712 
2396 2397 2398 2399 2400 2401 2402 2403 2404 2405 2406 2407 2408 2409 2410 2411 2412 2413 2414 2415 2416 2417 2418 2419 2420 2421 2422 2423 2424 2425 2426 2427 2428 
2396 3340 3339 3338 3337 3336 3335 3334 3333 3332 3331 3330 3329 3328 3327 3326 3325 3324 3323 3322 3321 3320 3319 
2486 2485 2484 2483 2482 2481 2480 2479 2478 2477 2476 2475 2474 2472 2473 2533 2534 2535 2536 2537 2538 2539 2540 2541 2542 2543 
2599 2598 2597 2596 2595 2545 2544 2546 2547 2548 2549 2550 2551 2552 2553 2554 2555 2556 2557 2558 2559 2560 2561 2562 2563 2564 2565 2566 2567 2568 2569 2570 2571 2572 2573 2574 2575 2576 2577 2578 2579 2580 2581 2582 2583 2584 2585 2586 2587 2588 2589 2590 2591 2592 2593 2594 4727 4726 4725 4724 4723 4722 4721 4720 4719 4718 4717 4716 4715 4714 4713 4712 4711 4710 4709 4708 4707 4706 4705 4704 4703 4702 4701 4700 4699 4698 4697 4696 4695 4694 4693 4692 4691 4690 4689 4688 4687 4686 4685 4684 4683 
2599 4922 4921 4920 4919 4918 4917 4916 4915 4914 4913 4912 4911 4910 4909 4908 4907 4906 4905 4904 4903 4902 4900 4901 4923 4924 4925 4926 4927 4928 4929 4930 4931 4932 4933 4934 4935 4936 4937 4938 4939 4940 4941 4942 4943 4944 4945 4946 4947 4948 4949 4950 4951 4952 4953 4954 4955 4956 4957 4958 4959 4960 4961 4962 4963 4964 4965 4966 
2673 2672 2671 2670 2669 2668 2667 2666 2665 2664 2663 2662 2661 2660 2658 2659 2688 2689 2690 2691 2692 2693 2694 2695 2696 2697 2698 2699 6380 6379 6378 6377 6376 6375 6374 6373 6372 6371 6370 6369 6368 6367 6366 6365 6364 6363 6362 6361 6360 6359 6358 6357 6356 6355 6354 6353 6352 6351 6350 6349 6348 6347 6346 6345 6344 6343 6342 6341 6340 6339 6338 6337 6336 6335 6334 6333 6332 6331 6330 6329 6328 6327 6326 6325 6324 6323 6322 6321 6320 6319 6318 6317 6316 6315 6314 6313 6312 6311 6310 6309 6308 6307 6306 6305 6304 6303 6302 6301 6300 6299 6298 6297 6296 6295 6294 6293 6292 
2673 2674 2675 2676 2677 2678 2679 2680 2681 2682 2683 2684 2685 2686 2687 
2673 3895 3894 3893 3892 3891 3890 3889 3814 3813 3815 3816 3817 3818 3819 3820 3821 3822 3823 3824 3825 3826 3827 3828 3829 3830 3831 3832 3833 3834 3835 3836 3837 3838 3839 3840 3841 3842 3843 3844 3845 3846 3847 3848 3849 3850 3851 3852 3853 3854 3855 3856 3857 3858 3859 3860 3861 3862 3863 3864 3865 3866 3867 3868 3869 3870 3871 3872 3873 3874 3875 3876 3877 3878 3879 3880 3881 3882 3883 3884 3885 3886 3887 3888 9248 9247 9246 9245 9244 9243 9242 9241 9240 9239 9238 9237 9236 9235 9234 9233 9232 9231 9230 9229 9228 9227 9226 9225 9224 9223 9222 9221 9220 9219 9218 9217 9161 9160 9162 9163 9164 9165 9166 9167 9168 9169 9170 9171 9172 9173 9174 9175 9176 9177 9178 9179 9180 9181 
2907 2906 2905 2904 2903 2902 2901 2900 2899 2898 2897 2896 2895 2894 2893 2892 2891 2890 2889 2888 2887 2886 2885 2884 2883 2882 2881 2880 2879 2878 2877 2876 2875 2874 2873 2872 2871 2870 2869 2868 2867 2866 2865 2864 2863 2862 2861 2860 2859 2858 2857 2856 2855 2854 2853 2852 2851 2850 2849 2848 2847 2846 2845 2844 2842 2843 2935 2936 2937 2938 2939 2940 2941 2942 2943 2944 
2907 8086 8085 8084 8083 8082 8081 8080 8079 8078 8077 8076 8075 8074 8073 8072 8071 8070 8069 8068 8067 8066 8065 8064 8063 8062 8061 8060 8059 8058 8057 8056 8055 8054 8053 8052 8051 8050 8049 8048 8047 8046 8045 8044 8043 8042 8041 8040 8039 8038 8037 8036 8035 8034 8033 8032 8031 8030 8029 8028 8027 8026 8025 8024 8023 8022 8021 8020 8019 8018 8017 8016 8015 8014 8013 8012 8011 8010 8009 8008 8007 8006 8005 8004 8003 8002 8001 8000 7999 7998 7997 7996 7995 7994 7993 7992 7991 7990 7989 7988 7987 7986 7985 7984 7983 7982 7981 7980 7979 7978 7977 7976 7975 7974 7973 7972 7971 7970 7969 7968 7967 7966 7965 7964 7911 7910 7912 7913 7914 7915 7916 7917 7918 7919 7920 7921 7922 7923 7924 7925 7926 7927 7928 7929 7930 7931 7932 7933 7934 7935 7936 7937 7938 7939 7940 7941 7942 7943 7944 7945 7946 7947 7948 7949 7950 7951 7952 7953 7954 7955 7956 7957 7958 7959 7960 7961 7962 7963 5532 5531 
3007 3006 3005 3004 3003 3002 3001 3000 2999 2998 2997 2996 2995 2994 2992 2993 3008 3009 3010 3011 3012 3013 3014 3015 3016 3017 3018 3019 3020 3021 3022 3023 3024 3025 3026 3027 3028 3029 3030 3031 3032 3033 3034 
3034 3729 3728 3727 3726 3725 3724 3723 3722 3721 3720 3719 3718 3717 3716 3715 3714 3713 3712 
3319 3318 3317 3316 3315 3314 3313 3312 3311 3310 3309 3308 3307 3306 3305 3304 3303 3302 3301 3300 3299 3298 3297 3296 3295 3294 3293 3291 3292 3341 3342 3343 3344 3345 3346 3347 3348 3349 
3319 4255 4254 4253 4252 4251 4250 4249 4248 4247 4246 4245 4244 4243 4242 4241 4240 4239 4238 4237 4236 4235 4234 4233 4232 4231 4230 4229 4228 4227 4226 4225 4224 4223 4222 4221 4220 4219 4218 4217 4216 4215 4214 4213 4186 4185 4187 4188 4189 4190 4191 4192 4193 4194 4195 4196 4197 4198 4199 4200 4201 4202 4203 4204 4205 4206 4207 4208 4209 4210 4211 4212 10114 10113 10112 10111 10110 10109 10108 10107 10106 10105 10104 10103 10102 10101 10100 10099 10098 10097 10096 10095 10094 10093 10092 10091 10090 10089 10088 10087 10086 10085 10084 10083 10082 10081 10080 10079 10078 10077 10076 10075 10074 10073 10072 10071 10070 10069 10068 10067 10066 10065 10064 10063 10062 10061 10060 10059 10058 10057 10056 10055 10054 10053 10052 10051 10050 10049 10048 10047 10046 10045 10044 10043 10042 10041 10040 10039 10038 10037 10036 10035 10034 10033 10032 10031 10030 10029 10028 10027 10026 10025 10024 10023 10022 10021 10020 10019 10018 10017 10016 10015 10014 10013 10012 10011 10010 10009 10008 10007 10006 10005 10004 10003 10002 10001 10000 9999 9998 9997 9996 9995 9994 9993 9992 9991 9990 9989 9988 9987 9986 9985 9984 9983 9982 9981 9980 9979 9978 9977 9976 9975 9974 9973 9972 9971 9970 9969 9968 9967 9966 9965 9964 9963 9962 9961 9960 9959 9958 9957 9956 9954 9955 10115 10116 10117 10118 10119 10120 10121 10122 10123 10124 10125 10126 10127 10128 10129 10130 10131 10132 10133 10134 10135 10136 10137 10138 10139 10140 10141 10142 10143 10144 10145 10146 10147 10148 10149 10150 10151 10152 10153 10154 10155 10156 10157 10158 10159 10160 10161 10162 10163 10164 10165 10166 10167 10168 10169 9181 
3377 3376 3375 3374 3373 3372 3371 3370 3369 3368 3367 3366 3365 3364 3363 3362 3361 3360 3359 3358 3357 3356 3355 3354 3353 3352 3350 3351 3385 3386 3387 3388 3389 3390 3391 
3377 3378 3379 3380 3381 3382 3383 3384 3812 3811 3810 3809 3808 3807 3806 3805 3804 3803 3802 3801 3800 3799 3798 3797 3796 3795 3794 3793 3792 3791 3790 3789 3788 3787 3786 3785 3784 3783 3782 3781 3780 3779 3778 3777 3776 3775 3774 3773 3772 3771 3770 3769 3768 3767 3766 3765 3764 3763 3762 3761 3760 3759 3758 3757 3756 3755 3754 3753 3731 3730 3732 3733 3734 3735 3736 3737 3738 3739 3740 3741 3742 3743 3744 3745 3746 3747 3748 3749 3750 3751 
3377 5017 5016 5015 5014 5013 5012 5011 5010 5009 5008 5007 5006 5005 5004 5003 5002 5001 5000 4999 4997 4998 5018 5019 5020 5021 5022 5023 5024 5025 5026 5027 5028 5029 
3391 3392 
3391 4783 4782 4781 4780 4779 4778 4777 4776 4775 4774 4773 4772 4771 4770 4769 4768 4767 4766 4765 4764 4763 4762 4761 4760 4759 4758 4757 4756 4754 4755 4784 4785 4786 4787 4788 4789 4790 4791 4792 4793 4794 4795 4796 4797 6516 6515 6514 6513 6512 6511 6510 6509 6508 6507 6506 6505 6504 
3605 3606 3607 3608 3609 3610 3611 3612 3613 3614 3615 3616 3617 3618 3619 3620 3621 3990 3989 3988 3987 3986 3985 3984 3983 3982 3981 3980 3979 3978 3977 3976 3975 3974 3973 3972 3971 3970 3969 3968 3967 3966 3965 3964 3963 3962 3961 3960 3959 3958 3957 3956 3897 3896 3898 3899 3900 3901 3902 3903 3904 3905 3906 3907 3908 3909 3910 3911 3912 3913 3914 3915 3916 3917 3918 3919 3920 3921 3922 3923 3924 3925 3926 3927 3928 3929 3930 3931 3932 3933 3934 3935 3936 3937 3938 3939 3940 3941 3942 3943 3944 3945 3946 3947 3948 3949 3950 3951 3952 3953 3954 3955 
3605 5471 5470 5469 5468 5467 5466 5465 5464 5463 5462 5461 5460 5459 5458 5457 5456 5455 5454 5453 5452 5451 5450 5449 5448 5447 5446 5445 5444 5443 5442 5441 5440 5439 5438 5437 5436 5435 5434 5433 5432 5431 5303 5302 5304 5305 5306 5307 5308 5309 5310 5311 5312 5313 5314 5315 5316 5317 5318 5319 5320 5321 5322 5323 5324 5325 5326 5327 5328 5329 5330 5331 5332 5333 5334 5335 5336 5337 5338 5339 5340 5341 5342 5343 5344 5345 5346 5347 5348 5349 5350 5351 5352 5353 5354 5355 5356 5357 5358 5359 5360 5361 5362 5363 5364 5365 5366 5367 5368 5369 5370 5371 5372 5373 5374 5375 5376 5377 5378 5379 
3712 4899 4898 4897 4896 4895 4894 4893 4892 4891 4890 4889 4888 4887 4886 4885 4884 4883 4882 4881 4880 4879 4878 4877 4876 4875 4874 4873 4872 4871 4870 4869 4868 4867 4866 4865 4864 4863 4799 4798 4800 4801 4802 4803 4804 4805 4806 4807 4808 4809 4810 4811 4812 4813 4814 4815 4816 4817 4818 4819 4820 4821 4822 4823 4824 4825 4826 4827 4828 4829 
3751 3752 
3751 7533 7532 7531 7530 7529 7527 7528 7534 7535 7536 7537 7538 7539 7540 7541 6164 
3955 4014 4013 4012 4011 4010 4009 4008 4007 4006 4005 4004 4003 4002 4001 4000 3999 3998 3997 3996 3995 3994 3993 3991 3992 4015 4016 4017 4018 4019 4020 4021 4022 4023 4024 4025 4026 4027 4028 4029 4030 4031 4032 
3955 6716 6715 6714 6713 6712 6711 6710 6709 6708 6707 6706 6705 6704 6703 6702 6701 6700 6699 6698 6697 6696 6695 6694 6693 6692 6691 6690 6689 6688 6687 6686 6685 6684 6683 6682 6681 6680 6679 6678 6677 6676 6675 6674 6673 6672 6671 6670 6669 6668 6667 6666 6665 6664 6663 6662 6661 6660 6659 6658 6657 6656 6655 6627 6626 6628 6629 6630 6631 6632 6633 6634 
4032 4033 7477 7476 7475 7474 7473 7472 7471 7470 7469 7468 7467 7466 7465 7464 7463 7462 7461 7460 7459 7458 7457 7456 7455 7454 7453 7452 7451 7450 7449 7448 7447 7446 7445 7444 7443 7442 7441 7440 7439 7438 7437 7436 7435 7434 7433 7431 7432 7478 7479 7480 7481 7482 7483 7484 7485 7486 7487 7488 7489 7490 7491 7492 7493 7494 
4032 7630 7629 7628 7627 7626 7625 7624 7623 7622 7621 7620 7619 7618 7617 7616 7615 7614 7613 7612 7611 7610 7609 7608 7607 7606 7605 7604 7603 7602 7601 7600 7599 7598 7597 7596 7595 7594 
4048 4047 4046 4045 4044 4043 4042 4041 4040 4039 4038 4037 4036 4034 4035 4052 4053 4054 4055 4056 4057 4058 4059 4060 
4048 4049 4050 4051 4753 4752 4751 4750 4749 4748 4747 4746 4745 4744 4743 4742 4741 4740 4739 4738 4737 4736 4735 4734 4733 4732 4731 4730 4729 4728 4669 4668 4670 4671 4672 4673 4674 4675 4676 4677 4678 4679 
4048 4131 4130 4129 4128 4127 4126 4125 4124 4123 4122 4121 4120 4119 4118 4117 4116 4115 4114 4105 4104 4106 4107 4108 4109 4110 4111 4112 4113 
4060 4184 4183 4182 4181 4180 4179 4178 4177 4176 4175 4174 4173 4172 4171 4170 4169 4168 4167 4166 4165 4164 4163 4162 4161 4160 4159 4158 4157 4156 4155 4133 4132 4134 4135 4136 4137 4138 4139 4140 4141 4142 
4142 4143 4144 4145 4146 4147 4148 4149 4150 4151 4152 4153 4154 
4142 4608 4607 4606 4605 4604 4603 4602 4601 4600 4599 4598 4597 4582 4581 4583 4584 4585 4586 4587 4588 4589 4590 4591 4592 4593 4594 4595 4596 5045 5044 5043 5042 5041 5040 5039 5038 5037 5036 5035 5034 5033 5032 5030 5031 5046 5047 5048 5049 
4375 4374 4373 4372 4371 4370 4369 4368 4367 4366 4365 4364 4363 4362 4361 4360 4359 4358 4357 4356 4355 4354 4353 4352 4351 4350 4349 4348 4347 4346 4345 4344 4343 4342 4341 4340 4339 4338 4337 4336 4335 4334 4333 4332 4331 4330 4329 4328 4327 4326 4325 4324 4323 4322 4321 4320 4319 4318 4317 4316 4315 4314 4313 4312 4311 4310 4309 4308 4307 4306 4305 4304 4303 4302 4301 4300 4299 4298 4297 4296 4295 4294 4293 4292 4291 4290 4289 4288 4287 4286 4285 4284 4283 4282 4281 4280 4279 4278 4277 4276 4275 4274 4273 4272 4271 4270 4269 4268 4267 4266 4265 4264 4263 4262 4261 4260 4259 4258 4256 4257 4384 4385 4386 4387 4388 4389 4390 4391 4392 4393 4394 4395 4396 4397 4398 4399 4400 4401 4402 4403 4404 4405 4406 4407 4408 4409 4410 4411 4412 4413 4414 4415 4416 4417 4418 4419 4420 4421 4422 4423 4424 4425 4426 4427 4428 4429 4430 4431 4432 4433 4434 4435 4436 4437 4438 4439 4440 4441 4442 4443 
4375 5258 5257 5256 5255 5254 5253 5252 5251 5250 5249 5248 5247 5246 5245 5244 5243 5242 5241 5240 5239 5238 5237 5236 5235 5234 5233 5232 5231 5230 5229 5228 5227 5226 5225 5224 5223 5222 5221 5220 5219 5218 5217 5216 5215 5214 5213 5212 5211 5210 5209 5208 5207 5206 5205 5204 5203 5202 5201 5200 5199 5198 5197 5196 5195 5194 5193 5192 5191 5190 5189 5188 5187 5186 5185 5184 5183 5182 5181 5180 5178 5179 5259 5260 5261 5262 5263 5264 5265 5266 5267 5268 5269 5270 5271 5272 5273 5274 5275 5276 5277 5278 5279 5280 5281 5282 5283 5284 5285 5286 5287 5288 5289 5290 5291 5292 5293 5294 5295 5296 5297 5298 5299 5300 5301 4541 
4443 4444 4445 4446 4447 4448 
4443 6841 6840 6839 6838 6837 6836 6835 6834 6833 6832 6831 6830 6829 6828 6827 6826 6825 6824 6823 6822 6821 6820 6819 6818 6817 6816 6815 6814 6813 6812 6811 6810 6809 6808 6807 6806 6805 6804 6803 6802 6801 6800 6799 6798 6797 6796 6795 6794 6793 6792 6791 6790 6789 6788 6787 6786 6785 6784 6783 6782 6781 6780 6779 6778 6777 6776 6775 6774 6773 6772 6771 6770 6769 6768 6767 6766 6765 
4448 4449 4450 4451 4452 4453 4454 4455 4456 4457 4458 4459 4460 4461 4462 4463 4464 4465 4466 4467 4468 4469 4470 4471 4472 4473 4474 4475 4476 4477 4478 4479 4480 4481 4482 4483 4484 4485 4486 4487 4488 4489 4490 4491 4492 4493 4494 4495 4496 4497 4498 4499 4500 4501 4502 4503 4504 4505 4506 4507 4508 4509 4510 4511 4512 4513 4514 4515 4516 4517 4518 4519 4520 4521 4522 4523 
4448 8940 8939 8938 8937 8936 8935 8934 8933 8932 8931 8930 8929 8928 8927 8926 8925 8924 8923 8922 8921 8920 8919 8918 8917 8916 8915 8914 8913 8912 8911 8910 8909 8908 8907 8906 8905 8904 8903 8902 8901 8900 8899 8898 8897 8896 8895 8894 8893 8892 8891 8890 8889 8888 8887 8886 8885 8884 8883 8882 8881 8880 8879 8878 8876 8877 8941 8942 8943 8944 8945 8946 8947 8948 8949 8950 8951 8952 8953 8954 8955 8956 8957 8958 8959 8960 8961 8962 8963 8964 8965 8966 8967 8968 8969 8970 8971 8972 8973 8974 8975 8976 8977 8978 8979 8980 8981 8982 8983 8984 8985 8986 8987 8988 8989 8990 8991 8992 8993 8994 8995 8996 8997 8998 8999 9000 9001 6403 
4523 4524 4525 4526 4527 4528 4529 4530 4531 4532 4533 4534 4535 4536 4537 4538 4539 4540 4541 
4523 7112 7111 7110 7109 7108 7107 7106 7105 7104 7103 7102 7101 7100 7099 7098 7097 7096 7095 7094 7093 7092 7091 7090 7089 7079 7078 7080 7081 7082 7083 7084 7085 7086 7087 7088 
4633 4632 4631 4630 4629 4628 4627 4626 4625 4624 4623 4622 4621 4620 4619 4618 4617 4616 4615 4614 4613 4612 4611 4609 4610 4660 4661 4662 4663 4664 4665 4666 4667 
4633 6849 6848 6847 6846 6845 6844 6843 6842 6718 6717 6719 6720 6721 6722 6723 6724 6725 6726 6727 6728 6729 6730 6731 6732 6733 6734 6735 6736 6737 6738 6739 6740 6741 6742 6743 6744 6745 6746 6747 6748 6749 6750 6751 6752 6753 6754 6755 6756 6757 6758 6759 6760 6761 6762 6763 6764 6765 
4679 4680 4681 4682 4683 
4679 6611 6610 6609 6608 6607 6606 6605 6604 6602 6603 6612 6613 6614 6615 6616 6617 6618 6619 6620 6621 6622 6623 6624 6625 
4683 9159 9158 9157 9156 9155 9154 9153 9152 9151 9150 9149 9148 9147 9146 9145 9144 9143 9142 9141 9140 9139 9138 9137 9136 9135 9134 9133 9132 9131 9130 9129 9128 9127 9126 9125 9124 9123 9122 9121 9120 9119 9118 9117 9116 9115 9114 9113 9112 9111 9110 9109 9108 9083 9082 9084 9085 9086 9087 9088 9089 9090 9091 9092 9093 9094 9095 9096 9097 9098 9099 9100 9101 9102 9103 9104 9105 9106 9107 5049 
4829 4830 4831 4832 4833 4834 4835 4836 4837 4838 4839 4840 4841 4842 4843 4844 4845 4846 4847 4848 4849 4850 4851 4852 4853 4854 4855 4856 4857 4858 4859 4860 4861 4862 
4974 4973 4972 4971 4970 4969 4967 4968 4975 4976 4977 4978 4979 
4979 4980 4981 4982 4983 4984 4985 4986 4987 4988 4989 4990 4991 4992 4993 4994 4995 
4979 6095 6094 6093 6092 6033 6032 6034 6035 6036 6037 6038 6039 6040 6041 6042 6043 6044 6045 6046 6047 6048 6049 6050 6051 6052 6053 6054 6055 6056 6057 6058 6059 6060 6061 6062 6063 6064 6065 6066 6067 6068 6069 6070 6071 6072 6073 6074 6075 6076 6077 6078 6079 6080 6081 6082 6083 6084 6085 6086 6087 6088 
4995 4996 
4995 5994 5993 5992 5991 5990 5989 5988 5987 5986 5985 5984 5983 5982 5981 5980 5979 5978 5977 5976 5975 5974 5973 5972 5971 5970 5969 5968 5967 5966 5965 5964 5963 5962 5961 5960 5959 5958 5957 5956 5955 5954 5953 5952 5951 5950 5949 5948 5947 5946 5945 5944 5943 5942 5941 5940 5939 5938 5937 5936 5935 5934 5933 5932 5931 5930 5929 5928 5927 5926 5925 5924 5923 5922 5921 5920 5919 5918 5917 5916 5915 5914 5912 5913 5995 5996 5997 5998 5999 6000 6001 6002 6003 6004 6005 6006 6007 6008 6009 6010 6011 6012 6013 6014 6015 6016 6017 6018 6019 6020 6021 6022 6023 6024 6025 6026 6027 6028 6029 6030 6031 5497 
5049 5050 5051 5052 5053 5054 5055 5056 5057 5058 5059 5060 5061 5062 5063 5064 5065 5066 5067 5068 5069 5070 5071 5072 5073 5074 
5074 5075 5076 5077 5078 5079 5080 5081 5082 5083 5084 5085 5086 7716 7715 7714 7713 7712 7711 7710 7709 7708 7707 7706 7705 7704 7703 7702 7700 7701 7717 7718 7719 7720 7721 7722 7723 7724 7725 7726 7727 7728 7729 7730 7731 7732 7733 7734 6088 
5074 9081 9080 9079 9078 9077 9076 9075 9074 9073 9072 9071 9070 9069 9068 9067 9066 9065 9064 9063 9062 9061 9060 9059 9058 9057 9056 9055 9054 9053 9052 9051 9050 9049 9048 9047 9046 9045 9044 9043 9042 9041 9040 9039 9038 9037 9036 9035 9034 9033 9032 9031 9030 9029 9028 9027 9026 9025 9024 9023 9003 9002 9004 9005 9006 9007 9008 9009 9010 9011 9012 9013 9014 9015 9016 9017 9018 9019 9020 9021 9022 9587 9586 9585 9584 9583 9582 9581 9580 9579 9578 9577 9576 9575 9574 9548 9547 9549 9550 9551 9552 9553 9554 9555 9556 9557 9558 9559 9560 9561 9562 9563 9564 9565 9566 9567 9568 9569 9570 9571 9572 9573 8680 8679 8678 8677 8676 8675 8674 8673 8672 8671 8670 8669 8668 8667 8666 8665 8664 8663 8662 8661 8660 8659 8658 8657 8656 8655 8654 8653 8652 8650 8651 8681 8682 8683 8684 8685 8686 8687 8688 8689 8690 8691 8692 8693 8694 8695 8696 8697 8698 8699 8700 8701 8702 8703 8704 8705 8706 8707 8708 8709 8710 8711 8712 8713 8714 8715 8716 8717 8718 8719 8720 8721 8722 8723 8724 8725 8726 8727 8728 8729 8730 8731 8732 8733 8734 8735 8736 8737 8738 8739 8740 8741 8742 8743 8744 8745 8746 8747 8748 8749 8750 8751 8752 8753 7505 
5103 5104 
5103 5551 5550 5549 5548 5547 5546 5545 5544 5543 5542 5541 5540 5539 5538 5537 5536 5535 5534 5533 5473 5472 5474 5475 5476 5477 5478 5479 5480 5481 5482 5483 5484 5485 5486 5487 5488 5489 5490 5491 5492 5493 5494 5495 5496 5497 
5379 5380 5381 5382 5383 5384 5385 5386 5387 5388 5389 5390 5391 5392 5393 5394 5395 5396 5397 5398 5399 5400 5401 5402 5403 5404 5405 5406 5407 5408 5409 5410 5411 5412 5413 5414 5415 5416 5417 5418 5419 5420 5421 5422 5423 5424 5425 5426 5427 5428 5429 5430 
5379 8537 8536 8535 8534 8533 8532 8531 8530 8529 8528 8527 8526 8525 8524 8523 8522 8521 8520 8519 8518 8517 8516 8515 8514 8513 8512 8511 8510 8509 8508 8507 8506 8505 8504 8503 8502 8501 8500 8499 8498 8497 8496 8495 8494 8493 8492 8491 8490 8489 8488 8487 8486 8485 8484 8483 8482 8481 8480 8479 8478 8477 8476 8475 8474 8473 8472 8471 8470 8469 8468 8467 8466 8465 8464 8463 8462 8461 8460 8459 8458 8457 8456 8455 8454 8453 8452 8450 8451 8538 8539 8540 8541 8542 8543 8544 8545 8546 8547 8548 8549 8550 8551 8552 8553 8554 8555 8556 8557 8558 8559 8560 8561 8562 8563 8564 8565 8566 8567 8568 8569 8570 8571 8572 8573 8574 8575 8576 8577 8578 8579 8580 8581 8582 
5497 5498 5499 5500 5501 5502 5503 5504 5505 
5505 5506 5507 5508 5509 5510 5511 5512 5513 5514 5515 5516 5517 5518 5519 5520 5521 5522 5523 5524 5525 5526 5527 5528 5529 5530 5531 
5505 6944 6943 6942 6941 6940 6939 6938 6937 6936 6935 6934 6933 6932 6931 6930 6929 6928 6927 6926 6925 6924 6923 6922 6921 6920 6919 6918 6917 6916 6915 6914 6913 6912 6911 6910 6909 6908 6907 6906 6905 6904 6903 6902 6901 6900 6899 6898 6897 6896 6895 6894 6893 6892 6891 6890 6889 6888 6887 6886 6885 6884 6883 6882 6881 6880 6879 6878 6877 6876 6875 6874 6873 6872 6871 6870 6869 6868 6867 6866 6865 6864 6863 6862 6861 6860 6859 6858 6857 6856 6855 6854 6853 6852 6850 6851 6945 6946 6947 6948 6949 6950 6951 6952 6953 6954 6955 6956 6957 6958 6959 6960 6961 6962 6963 6964 6965 6966 6967 6968 6969 6970 6971 6972 6973 6974 6975 6976 6977 6978 6979 
5531 7157 7156 7155 7154 7153 7152 7151 7150 7149 7148 7147 7146 7145 7144 7143 7142 7141 7140 7139 7138 7137 7136 7135 7134 7133 7132 7131 7130 7129 7128 7127 7126 7125 7124 7123 7122 7121 7120 7119 7118 7117 7116 7115 7113 7114 7158 7159 7160 7161 7162 7163 7164 7165 7166 7167 7168 7169 7170 7171 7172 7173 7174 7175 7176 7177 7178 7179 7180 7181 7182 7183 7184 7185 7186 7187 7188 7189 7190 7191 7192 7193 7194 7195 7196 7197 7198 7199 7200 7201 7202 7203 7204 
5607 5606 5605 5604 5603 5602 5601 5600 5599 5598 5597 5596 5595 5594 5593 5592 5591 5590 5589 5588 5587 5586 5585 5584 5583 5582 5581 5580 5579 5578 5577 5576 5575 5574 5573 5572 5571 5570 5569 5568 5567 5566 5565 5564 5563 5562 5561 5560 5559 5558 5557 5556 5555 5554 5552 5553 5608 5609 5610 5611 5612 5613 5614 5615 5616 5617 5618 5619 5620 5621 5622 5623 5624 5625 5626 5627 5628 5629 5630 5631 5632 
5632 5633 5634 5635 5636 5637 5638 5639 5640 5641 5642 5643 5644 5645 5646 5647 5648 5649 5650 5651 5652 5653 5654 5655 5656 5657 5658 5659 5660 5661 5662 5663 5664 5665 5666 5667 5668 5669 5670 5671 5672 5673 5674 5675 5676 5677 5678 5679 5680 5681 5682 5683 5684 5685 5686 5687 5688 5689 5690 5691 5692 5693 5694 5695 5696 5697 5698 5699 5700 5701 5702 5703 5704 5705 5706 5707 5708 5709 5710 5711 5712 5713 5714 5715 5716 
5632 6091 6090 6089 6088 
5716 5717 5718 5719 
5716 8341 8340 8339 8338 8337 8336 8335 8334 8333 8332 8331 8330 8329 8328 8327 8326 8325 8324 8323 8322 8321 8320 8319 8318 8317 8316 8315 8314 8313 8312 8311 8310 8309 8308 8307 8306 8305 8304 8303 8302 8301 8300 8299 8298 8297 8296 8294 8295 8342 8343 8344 8345 8346 8347 8348 8349 8350 8351 8352 8353 8354 8355 8356 8357 8358 8359 8360 8361 8362 8363 8364 8365 8366 8367 8368 8369 8370 8371 7901 7900 7899 7898 7897 7896 7895 7894 7893 7892 7891 7890 7889 7888 7887 7886 7885 7884 7882 7883 7902 7903 7904 7905 7906 7907 7908 7909 
5719 5720 5721 5722 5723 5724 5725 5726 5727 
5719 7055 7054 7053 7052 7051 7050 7049 7048 7047 7046 7045 7044 7043 7042 7041 7040 7039 7038 
5732 5731 5730 5728 5729 5822 5823 5824 5825 5826 5827 5828 5829 5830 5831 5832 5833 5834 5835 5836 5837 5838 5839 
5732 5733 5734 5735 5736 5737 5738 5739 5740 5741 5742 5743 5744 5745 5746 5747 5748 5749 5750 5751 5752 5753 5754 5755 5756 5757 5758 5759 5760 5761 5762 5763 5764 5765 5766 5767 5768 5769 5770 5771 5772 5773 5774 5775 5776 5777 5778 5779 5780 5781 5782 5783 5784 5785 5786 5787 5788 5789 5790 5791 5792 5793 5794 5795 5796 5797 5798 5799 5800 5801 5802 5803 5804 5805 5806 5807 5808 5809 5810 5811 5812 5813 5814 5815 5816 5817 5818 5819 5820 
5732 8172 8171 8170 8169 8168 8167 8166 8165 8164 8163 8162 8161 8160 8159 8158 8157 8156 8155 8154 8153 8152 8151 8150 8149 8148 8147 8146 8145 8144 8143 8142 8141 8140 8139 8138 8137 8136 8135 8134 8133 8132 8131 8130 8129 8128 8127 8126 8125 8124 8123 8122 8121 8120 8119 8118 8117 8116 8115 8114 8113 8112 8111 8110 8109 8108 8107 8106 8088 8087 8089 8090 8091 8092 8093 8094 8095 8096 8097 8098 8099 8100 8101 8102 8103 8104 8105 7831 
5820 5821 6282 6281 6280 6279 6278 6277 6276 6275 6274 6273 6272 6271 6270 6269 6268 
5820 6569 6568 6567 6566 6565 6564 6563 6562 6561 6560 6559 6558 6557 6556 6555 6554 6553 6552 6551 6550 6549 6548 6546 6547 6570 6571 6572 6573 6574 6575 6576 6577 6578 6579 6580 6581 6582 6583 6584 6585 6586 6587 6588 6589 6590 6591 6592 6593 6594 6595 6596 6597 6598 6599 6600 6601 
5839 5840 5841 5842 5843 5844 5845 5846 5847 5848 5849 5850 5851 5852 5853 5854 5855 5856 5857 5858 5859 5860 5861 5862 5863 
5839 9832 9831 9830 9829 9828 9827 9826 9825 9824 9823 9822 9821 9820 9819 9818 9817 9816 9815 9814 9813 9812 9811 9810 9809 9808 9807 9806 9805 9804 9803 9802 9801 9800 9799 9798 9797 9796 9795 9794 9793 9792 9791 9790 9789 9788 9787 9786 9785 9784 9783 9782 9781 9780 9779 9778 9777 9776 9775 9774 9773 9772 9771 9770 9769 9768 9767 9766 9765 9764 9763 9762 9761 9760 9759 9758 9757 9756 9755 9754 9753 9752 9751 9750 9749 9747 9748 9833 9834 9835 9836 9837 9838 9839 9840 9841 9842 9843 9844 9845 9846 9847 9848 9849 9850 9851 9852 9853 9854 9855 9856 9857 9858 9859 9860 9861 9862 9863 9864 9865 9866 9867 9868 9869 9870 9871 9872 9873 9874 9875 9876 9877 9878 9879 9880 9881 9882 9883 9884 9885 9886 9887 9888 9889 9890 9891 9892 9893 9894 9895 9896 9897 9898 9899 9900 9901 9902 9903 9904 9905 9906 9907 9908 9909 9910 9911 9912 9913 9914 9915 9916 9917 9918 9919 9920 9921 9922 9923 9924 7831 
6164 6163 6162 6161 6160 6159 6158 6157 6156 6155 6154 6153 6152 6151 6150 6149 6148 6147 6146 6145 6144 6143 6142 6141 6140 6139 6138 6137 6136 6135 6134 6133 6132 6131 6130 6129 6128 6127 6126 6125 6124 6123 6122 6121 6120 6119 6118 6117 6116 6115 6114 6113 6112 6111 6110 6109 6108 6107 6106 6105 6104 6103 6102 6101 6100 6099 6098 6096 6097 6165 6166 6167 6168 6169 6170 6171 6172 6173 6174 6175 6176 6177 6178 6179 6180 6181 6182 6183 6184 6185 6186 6187 6188 6189 6190 6191 6192 6193 6194 6195 6196 6197 6198 
6164 7805 7804 7803 7802 7801 7800 7799 7798 7797 7796 7795 7794 7793 7792 7791 7790 7789 7788 7787 7786 7785 7784 7783 7782 7781 7780 7779 7778 7777 7776 7775 7774 7773 7772 7771 7770 7769 7768 7767 7766 7765 7764 7763 7762 7761 7760 7759 7758 7757 7756 7755 7754 7753 7752 7751 7750 7749 7748 7736 7735 7737 7738 7739 7740 7741 7742 7743 7744 7745 7746 7747 7038 
6198 6199 6200 6201 6202 6203 6204 6205 6206 6207 6208 6209 6210 6211 6212 6213 6214 6215 6216 6217 6218 6219 6220 6221 6222 6223 6224 6225 6226 6227 6228 6229 6230 6231 
6198 7875 7874 7873 7872 7871 7870 7869 7868 7867 7866 7865 7864 7863 7862 7861 7860 7859 7858 7857 7856 7855 7854 7853 7851 7852 7876 7877 7878 7879 7880 7881 7274 
6268 6267 6266 6265 6264 6263 6262 6261 6260 6259 6258 6257 6256 6255 6254 6253 6252 6251 6250 6249 6248 6247 6246 6245 6244 6243 6233 6232 6234 6235 6236 6237 6238 6239 6240 6241 6242 9694 9693 9692 9691 9690 9689 9688 9687 9686 9685 9684 9683 9682 9681 9680 9679 9678 9639 9638 9640 9641 9642 9643 9644 9645 9646 9647 9648 9649 9650 9651 9652 9653 9654 9655 9656 9657 9658 9659 9660 9661 9662 9663 9664 9665 9666 9667 9668 9669 9670 9671 9672 9673 9674 9675 9676 9677 
6268 8219 8218 8217 8216 8215 8214 8213 8212 8211 8210 8209 8208 8174 8173 8175 8176 8177 8178 8179 8180 8181 8182 8183 8184 8185 8186 8187 8188 8189 8190 8191 8192 8193 8194 8195 8196 8197 8198 8199 8200 8201 8202 8203 8204 8205 8206 8207 7909 
6292 6291 6290 6289 6288 6287 6286 6285 6283 6284 6381 6382 6383 6384 6385 6386 6387 6388 6389 6390 6391 6392 6393 6394 6395 6396 6397 6398 6399 6400 6401 6402 6403 
6292 7430 7429 7428 7427 7426 7425 7424 7423 7422 7421 7420 7419 7418 7417 7416 7415 7414 7413 7412 7411 7410 7409 7408 7407 7406 7405 7404 7403 7402 7401 7400 7399 7398 7397 7396 7395 7394 7393 7392 7391 7390 7389 7388 7387 7386 7385 7384 7383 7382 7369 7368 7370 7371 7372 7373 7374 7375 7376 7377 7378 7379 7380 
6504 6503 6502 6501 6500 6499 6498 6497 6496 6495 6493 6494 6517 6518 6519 6520 6521 6522 6523 6524 6525 6526 6527 6528 6529 6530 6531 6532 6533 6534 6535 6536 6537 6538 6539 6540 6541 6542 6543 6544 6545 
6504 8449 8448 8447 8446 8445 8444 8443 8442 8441 8440 8439 8438 8437 8436 8435 8434 8407 8406 8408 8409 8410 8411 8412 8413 8414 8415 8416 8417 8418 8419 8420 8421 8422 8423 8424 8425 8426 8427 8428 8429 8430 8431 8432 8433 
6634 6635 6636 6637 6638 6639 6640 6641 6642 6643 6644 6645 6646 6647 6648 6649 6650 6651 6652 6653 6654 7009 7008 7007 7006 7005 7004 7003 6992 6991 6993 6994 6995 6996 6997 6998 6999 7000 7001 7002 
6634 7699 7698 7697 7696 7695 7694 7693 7692 7691 7690 7689 7688 7687 7686 7685 7684 7683 7682 7681 7680 7679 7678 7677 7676 7675 7674 7673 7672 7671 7670 7669 
6765 8269 8268 8267 8266 8265 8264 8263 8262 8261 8260 8259 8258 8257 8256 8255 8254 8253 8252 8251 8250 8249 8248 8247 8246 8245 8244 8243 8242 8241 8240 8239 8238 8237 8236 8235 8234 8233 8232 8231 8230 8229 8228 8227 8226 8225 8224 8223 8222 8220 8221 8270 8271 8272 8273 8274 8275 8276 8277 8278 8279 8280 8281 8282 8283 8284 8285 8286 8287 8288 8289 8290 8291 8292 8293 7380 
6979 6980 6981 6982 6983 6984 6985 6986 6987 6988 6989 6990 7301 7300 7299 7298 7297 7296 7295 7294 7293 7292 7291 7290 7289 7288 7287 7286 7285 7284 7283 7282 7281 7280 7279 7278 7277 7276 7275 7274 
6979 7077 7076 7075 7074 7073 7072 7071 7070 7069 7068 7067 7066 7065 7064 7063 7062 7061 7060 7059 7058 7057 7056 7011 7010 7012 7013 7014 7015 7016 7017 7018 7019 7020 7021 7022 7023 7024 7025 7026 7027 7028 7029 7030 7031 7032 7033 7034 7035 7036 7037 7038 
7204 7205 7206 7207 7208 7209 7210 7211 7212 7213 7214 7215 7216 7217 7218 7219 7220 7221 7222 7223 7224 7225 7226 7227 7228 7229 7230 7231 7232 7233 
7204 7242 7241 7240 7239 7238 7237 7236 7234 7235 7243 7244 7245 7246 7247 7248 7249 7250 7251 7252 7253 7254 7255 7256 7257 7258 7259 7260 7261 7262 7263 7264 7265 7266 7267 7268 7269 7270 7271 7272 7273 7274 
7349 7348 7347 7346 7345 7344 7343 7342 7341 7340 7339 7338 7337 7336 7335 7334 7333 7332 7331 7330 7329 7328 7327 7326 7325 7324 7323 7322 7321 7320 7319 7318 7303 7302 7304 7305 7306 7307 7308 7309 7310 7311 7312 7313 7314 7315 7316 7317 7818 7817 7816 7815 7814 7813 7812 7811 7810 7809 7808 7806 7807 7819 7820 7821 7822 7823 7824 7825 7826 7827 7828 7829 7830 7831 
7349 7350 7351 7352 7353 7354 7355 7356 7357 7358 7359 7360 7361 7362 7363 7364 7365 7366 7367 7514 7513 7512 7511 7510 7509 7508 7507 7506 7505 
7349 7591 7590 7589 7588 7587 7586 7585 7584 7583 7582 7581 7580 7579 7578 7577 7576 7575 7574 7573 7572 7571 7570 7569 7568 7567 7566 7565 7564 7563 7562 7561 7560 7559 7558 7557 7556 7555 7554 7553 7552 7551 7550 7549 7548 7547 7546 7545 7544 7542 7543 7592 7593 7594 
7380 7381 
7505 7504 7503 7502 7501 7500 7499 7498 7497 7495 7496 7515 7516 7517 7518 7519 7520 7521 7522 7523 7524 7525 7526 9414 9413 9412 9411 9410 9409 9408 9407 9406 9405 9404 9403 9402 9401 9400 9399 9398 9397 9396 9395 9394 9393 9392 9391 9390 9389 9388 9387 9386 9385 9384 9383 9382 9381 9380 9379 9378 9377 9376 9375 9374 9373 9372 9371 9370 9369 9368 9367 9366 9365 9364 9363 9362 9361 9360 9359 9358 9357 9356 9355 9354 9353 9352 9351 9350 9349 9348 9347 9346 9345 9343 9344 9415 9416 9417 9418 9419 9420 9421 9422 9423 9424 9425 9426 9427 9428 9429 9430 9431 9432 9433 9434 9435 9436 9437 9438 9439 9440 8404 
7594 7642 7641 7640 7639 7638 7637 7636 7635 7634 7633 7631 7632 7643 7644 7645 7646 7647 7648 7649 7650 7651 7652 7653 7654 7655 7656 7657 7658 7659 7660 7661 7662 7663 7664 7665 7666 7667 7668 7669 
7669 8875 8874 8873 8872 8871 8870 8869 8868 8867 8866 8865 8864 8863 8862 8861 8860 8859 8858 8857 8856 8855 8854 8853 8852 8851 8850 8849 8848 8847 8846 8845 8844 8843 8842 8841 8840 8839 8838 8837 8836 8835 8834 8833 8832 8831 8830 8829 8828 8827 8826 8825 8824 8823 8822 8821 8820 8819 8818 8817 8816 8815 8814 8813 8812 8811 8810 8809 8808 8807 8806 8805 8804 8803 8802 8801 8800 8799 8798 8797 8796 8795 8794 8793 8792 8791 8790 8789 8788 8787 8786 8785 8784 8783 8782 8781 8780 8755 8754 8756 8757 8758 8759 8760 8761 8762 8763 8764 8765 8766 8767 8768 8769 8770 8771 8772 8773 8774 8775 8776 8777 8778 8779 
7831 7832 7833 7834 7835 7836 7837 7838 7839 7840 7841 7842 7843 7844 7845 7846 7847 7848 7849 7850 9637 9636 9635 9634 9633 9632 9631 9630 9629 9628 9627 9626 9625 9624 9623 9622 9621 9620 9619 9618 9617 9616 9615 9614 9613 9612 9611 9610 9609 9608 9607 9606 9605 9589 9588 9590 9591 9592 9593 9594 9595 9596 9597 9598 9599 9600 9601 9602 9603 9604 
7909 8384 8383 8382 8381 8380 8379 8378 8377 8376 8375 8374 8372 8373 8385 8386 8387 8388 8389 8390 8391 8392 8393 8394 8395 8396 8397 8398 8399 8400 8401 8402 8403 8404 
8404 8405 
8582 8583 8584 8585 8586 8587 8588 8589 8590 8591 8592 8593 8594 8595 8596 8597 8598 8599 8600 8601 8602 8603 8604 8605 8606 8607 8608 8609 8610 8611 8612 8613 8614 8615 8616 8617 8618 8619 8620 8621 8622 8623 8624 8625 8626 8627 8628 8629 8630 8631 8632 8633 8634 8635 8636 8637 8638 8639 8640 8641 8642 8643 8644 8645 8646 8647 8648 8649 
8582 9342 9341 9340 9339 9338 9337 9336 9335 9334 9333 9332 9331 9330 9329 9328 9327 9326 9325 9324 9323 9322 9321 9320 9319 9318 9317 9316 9315 9314 9313 9312 9311 9310 9309 9308 9307 9306 9305 9304 9303 9302 9301 9300 9299 9298 9297 9296 9295 9294 9293 9292 9291 9290 9289 9288 9287 9286 9285 9284 
9181 9182 9183 9184 9185 9186 9187 9188 9189 9190 9191 9192 9193 9194 9195 9196 9197 9198 9199 9200 9201 9202 9203 9204 9205 9206 9207 9208 9209 9210 9211 9212 9213 9214 9215 9216 
9284 9283 9282 9281 9280 9279 9278 9277 9276 9275 9274 9250 9249 9251 9252 9253 9254 9255 9256 9257 9258 9259 9260 9261 9262 9263 9264 9265 9266 9267 9268 9269 9270 9271 9272 9273 10246 10245 10244 10243 10242 10241 10240 10239 10238 10237 10236 10235 10234 10233 10232 10231 10230 10229 10228 10227 10226 10225 10224 10223 10222 10221 10220 10219 10218 10217 10216 10215 10214 10213 10212 10211 10210 10209 10208 10207 10206 10205 10204 10203 10202 10201 10200 10199 10198 10197 10196 10195 10194 10193 10192 10191 10190 10171 10170 10172 10173 10174 10175 10176 10177 10178 10179 10180 10181 10182 10183 10184 10185 10186 10187 10188 10189 
9284 9533 9532 9531 9530 9529 9528 9527 9526 9525 9524 9523 9522 9521 9520 9519 9518 9517 9516 9515 9514 9513 9512 9511 9510 9509 9508 9507 9506 9505 9504 9503 9502 9501 9500 9499 9498 9497 9496 9495 9494 9493 9492 9491 9490 9489 9488 9487 9486 9485 9484 9483 9482 9481 9480 9479 9478 9477 9476 9475 9474 9473 9472 9471 9470 9469 9468 9467 9466 9465 9464 9463 9462 9461 9460 9459 
9459 9458 9457 9456 9455 9454 9453 9452 9451 9450 9449 9448 9447 9446 9445 9444 9443 9441 9442 9534 9535 9536 9537 9538 9539 9540 9541 9542 9543 9544 9545 9546 
9459 9746 9745 9744 9743 9742 9741 9740 9739 9738 9737 9736 9735 9734 9733 9732 9731 9730 9729 9728 9727 9726 9725 9724 9723 9722 9721 9720 9719 9718 9717 9716 9715 9714 9713 9712 9711 9710 9696 9695 9697 9698 9699 9700 9701 9702 9703 9704 9705 9706 9707 9708 
9708 9709 
9708 9935 9934 9933 9932 9931 9930 9929 9928 9927 9925 9926 9936 9937 9938 9939 9940 9941 9942 9943 9944 9945 9946 9947 9948 9949 9950 9951 9952 9953 
