21 7
21 6
21 8
21 9
21 10
21 11
21 12
21 13
21 14
21 15
20 15
20 16
20 17
20 18
19 18
19 19
19 20
18 20
21 5
21 4
21 3
21 2
21 1
21 0
7 34
7 33
7 35
7 36
7 37
6 37
6 38
6 39
5 39
5 40
5 41
4 41
4 42
7 32
7 31
7 30
8 30
8 29
9 29
9 28
9 27
10 27
10 26
11 26
11 25
12 25
12 24
13 24
13 23
14 23
15 23
16 23
16 22
17 22
17 21
18 21
341 20
341 21
340 20
339 20
338 20
337 20
336 20
335 20
334 20
333 20
332 20
331 20
330 20
329 20
328 20
328 19
327 19
327 18
327 17
328 17
328 16
328 15
328 14
329 14
329 13
330 13
330 12
342 21
343 21
343 22
344 22
345 22
345 23
346 23
346 24
347 24
348 24
348 25
349 25
349 26
350 26
276 197
277 197
275 197
275 198
274 198
274 199
274 200
273 200
273 201
272 201
272 202
271 202
270 202
270 201
269 201
268 201
267 201
266 201
265 201
264 201
263 201
262 201
262 202
261 202
261 203
260 203
260 204
260 205
260 206
260 207
260 208
260 209
261 209
261 210
262 210
263 210
263 211
264 211
265 211
278 197
279 197
280 197
280 196
281 196
282 196
282 195
401 5
401 6
401 4
401 3
401 2
400 2
400 1
400 0
399 0
398 0
397 0
396 0
395 0
395 1
394 1
394 2
394 3
394 4
393 4
393 5
392 5
391 5
390 5
389 5
388 5
387 5
387 6
386 6
386 7
385 7
385 8
385 9
384 9
384 10
383 10
382 10
382 11
381 11
381 12
381 13
381 14
381 15
381 16
381 17
381 18
381 19
381 20
381 21
381 22
381 23
382 23
382 24
383 24
384 24
401 7
402 7
402 8
403 8
404 8
405 8
406 8
407 8
408 8
409 8
410 8
411 8
412 8
413 8
413 7
414 7
415 7
416 7
417 7
418 7
419 7
420 7
421 7
422 7
423 7
424 7
425 7
426 7
426 6
427 6
428 6
428 5
359 18
359 17
358 18
358 19
358 20
357 20
357 21
356 21
356 22
355 22
354 22
353 22
353 23
352 23
352 24
351 24
351 25
350 25
360 17
361 17
361 16
362 16
362 15
363 15
363 14
364 14
364 13
365 13
391 97
391 96
391 98
391 99
390 99
390 100
389 100
389 101
388 101
388 102
387 102
386 102
385 102
384 102
383 102
382 102
381 102
381 101
380 101
379 101
378 101
377 101
376 101
376 100
376 99
376 98
376 97
376 96
376 95
376 94
375 94
374 94
373 94
373 93
372 93
372 92
371 92
391 95
391 94
391 93
391 92
392 92
392 91
392 90
393 90
393 89
394 89
395 89
395 88
396 88
397 88
397 87
398 87
399 87
399 86
400 86
401 86
402 86
403 86
404 86
405 86
405 87
406 87
406 86
406 85
406 84
406 83
406 82
406 81
406 80
406 79
407 79
407 78
407 77
408 77
408 76
408 75
407 75
406 75
406 74
406 73
406 72
406 71
406 70
406 69
406 68
406 67
406 66
406 65
406 64
406 63
407 63
408 63
408 62
407 62
406 62
405 62
404 62
404 61
403 61
403 60
403 59
402 59
335 151
335 152
335 150
335 149
335 148
334 148
333 148
333 147
332 147
332 146
332 145
332 144
332 143
331 143
330 143
330 142
329 142
328 142
327 142
326 142
325 142
324 142
323 142
323 141
323 140
323 139
322 139
322 140
322 141
322 142
322 143
321 143
321 144
321 145
321 146
321 147
321 148
320 148
320 149
319 149
318 149
317 149
316 149
315 149
314 149
314 148
313 148
312 148
312 147
311 147
311 146
310 146
310 145
309 145
309 144
308 144
308 143
307 143
306 143
305 143
305 142
304 142
303 142
303 141
302 141
302 140
301 140
301 139
300 139
335 153
335 154
335 155
335 156
335 157
335 158
334 158
334 159
372 15
371 15
373 15
374 15
375 15
376 15
377 15
378 15
379 15
380 15
370 15
369 15
368 15
367 15
367 14
366 14
366 13
277 126
278 126
276 126
275 126
274 126
273 126
272 126
271 126
270 126
269 126
269 127
268 127
268 128
279 126
280 126
280 127
281 127
282 127
282 128
283 128
284 128
284 129
285 129
286 129
287 129
288 129
289 129
289 130
290 130
290 131
291 131
292 131
292 132
293 132
293 133
293 134
293 135
294 135
295 135
295 136
296 136
297 136
297 137
298 137
298 138
299 138
299 139
399 50
400 50
398 50
397 50
396 50
395 50
394 50
393 50
392 50
391 50
391 49
390 49
390 48
389 48
389 47
389 46
388 46
388 45
387 45
387 44
387 43
387 42
386 42
386 41
386 40
385 40
385 39
385 38
384 38
384 37
383 37
382 37
381 37
380 37
380 36
380 35
380 34
380 33
380 32
380 31
380 30
380 29
380 28
380 27
380 26
381 26
381 25
382 25
383 25
384 25
400 51
401 51
401 52
401 53
401 54
401 55
401 56
401 57
402 57
402 58
362 149
362 148
362 150
362 151
362 152
363 152
363 153
363 154
363 155
363 156
362 156
362 157
361 157
360 157
359 157
359 158
358 158
358 159
357 159
357 160
358 160
358 161
358 162
358 163
358 164
358 165
359 165
359 166
359 167
360 167
360 168
360 169
361 169
361 170
361 171
361 172
360 172
359 172
358 172
357 172
356 172
356 173
355 173
354 173
362 147
362 146
361 146
361 145
361 144
361 143
361 142
361 141
361 140
361 139
361 138
362 138
362 137
363 137
363 136
364 136
364 135
365 135
363 176
363 177
363 175
362 175
361 175
360 175
359 175
358 175
357 175
356 175
356 174
355 174
354 174
363 178
363 179
363 180
364 180
365 180
365 181
366 181
367 181
368 181
368 182
369 182
369 183
370 183
370 184
370 185
371 185
371 186
372 186
338 135
338 134
338 136
338 137
338 138
337 138
336 138
335 138
334 138
334 139
333 139
333 140
333 141
332 141
332 142
331 142
338 133
338 132
339 132
339 131
340 131
340 130
340 129
341 129
342 129
343 129
343 128
342 128
342 127
342 126
342 125
342 124
342 123
342 122
342 121
341 121
341 120
340 120
340 119
340 118
340 117
340 116
340 115
340 114
340 113
340 112
341 112
341 111
342 111
342 110
343 110
343 109
344 109
344 108
345 108
345 107
346 107
346 106
347 106
348 106
349 106
349 105
350 105
350 104
351 104
352 104
353 104
354 104
355 104
356 104
357 104
358 104
358 105
359 105
359 104
359 103
360 103
360 102
360 101
361 101
362 101
363 101
364 101
365 101
366 101
367 101
368 101
369 101
370 101
371 101
372 101
373 101
374 101
375 101
348 155
347 155
349 155
350 155
350 156
351 156
352 156
352 157
353 157
353 158
354 158
355 158
356 158
356 159
346 155
345 155
344 155
343 155
342 155
341 155
340 155
339 155
338 155
338 156
337 156
336 156
336 157
259 125
259 124
259 126
259 127
259 128
258 128
258 129
258 130
258 131
258 132
257 132
257 133
256 133
259 123
259 122
260 122
260 121
261 121
261 120
262 120
263 120
264 120
264 121
265 121
266 121
266 122
266 123
266 124
266 125
267 125
267 126
267 127
384 169
383 169
385 169
386 169
387 169
387 168
388 168
389 168
389 167
390 167
390 166
383 170
382 170
381 170
381 171
380 171
379 171
378 171
377 171
376 171
376 170
376 169
376 168
375 168
375 167
375 166
374 166
374 165
373 165
373 164
373 163
372 163
372 162
372 161
372 160
371 160
371 159
371 158
370 158
370 157
369 157
369 156
368 156
368 155
367 155
366 155
365 155
364 155
278 27
278 26
278 28
278 29
278 30
279 30
280 30
280 31
281 31
281 32
282 32
283 32
283 33
283 34
284 34
284 35
285 35
285 36
285 37
285 38
285 39
285 40
286 40
286 41
287 41
287 42
288 42
289 42
290 42
290 43
290 44
290 45
290 46
290 47
291 47
291 48
292 48
293 48
293 49
293 50
294 50
294 51
295 51
296 51
297 51
298 51
298 52
299 52
300 52
300 51
300 50
301 50
301 49
301 48
301 47
301 46
300 46
300 45
300 44
300 43
301 43
301 42
301 41
302 41
302 40
303 40
304 40
305 40
306 40
306 41
307 41
307 42
308 42
309 42
310 42
311 42
312 42
313 42
314 42
315 42
315 41
315 40
315 39
316 39
316 38
317 38
318 38
318 37
319 37
320 37
321 37
322 37
322 36
323 36
323 35
323 34
323 33
323 32
323 31
323 30
323 29
323 28
323 27
323 26
323 25
323 24
323 23
323 22
323 21
323 20
324 20
325 20
325 19
326 19
326 18
278 25
278 24
279 24
279 23
280 23
280 22
281 22
281 21
282 21
283 21
284 21
284 20
284 19
284 18
284 17
284 16
285 16
285 15
285 14
285 13
285 12
285 11
285 10
285 9
285 8
285 7
285 6
285 5
284 5
284 4
284 3
482 28
481 28
483 28
483 27
483 26
484 26
484 25
484 24
484 23
485 23
486 23
487 23
488 23
489 23
490 23
491 23
491 22
491 21
492 21
492 20
493 20
493 19
494 19
494 18
495 18
496 18
497 18
498 18
499 18
499 19
500 19
501 19
502 19
503 19
504 19
504 20
505 20
505 21
506 21
480 28
479 28
478 28
477 28
476 28
475 28
475 29
475 30
475 31
475 32
475 33
474 33
474 34
473 34
473 35
472 35
472 36
472 37
472 38
472 39
471 39
471 40
470 40
470 41
471 41
472 41
473 41
474 41
475 41
476 41
477 41
478 41
479 41
480 41
481 41
481 42
482 42
482 43
482 44
483 44
355 201
355 200
355 202
355 203
356 203
356 204
356 205
356 206
356 207
356 208
356 209
357 209
358 209
358 210
359 210
360 210
360 211
361 211
361 212
362 212
362 213
363 213
364 213
364 214
365 214
365 215
366 215
367 215
368 215
369 215
370 215
371 215
372 215
373 215
374 215
374 214
375 214
375 213
376 213
376 212
376 211
376 210
376 209
377 209
377 208
377 207
378 207
379 207
379 206
380 206
381 206
382 206
382 205
383 205
383 204
383 203
383 202
383 201
383 200
384 200
384 199
384 198
385 198
385 197
385 196
385 195
385 194
385 193
386 193
386 192
387 192
355 199
355 198
355 197
355 196
355 195
355 194
355 193
355 192
355 191
356 191
356 190
357 190
357 189
358 189
359 189
360 189
361 189
362 189
362 190
362 191
363 191
363 190
363 189
363 188
364 188
364 187
365 187
366 187
367 187
368 187
369 187
370 187
371 187
258 100
259 100
257 100
256 100
255 100
254 100
253 100
252 100
251 100
251 99
251 98
251 97
251 96
251 95
251 94
251 93
251 92
260 100
261 100
262 100
263 100
263 101
264 101
264 102
256 71
255 71
257 71
258 71
258 70
259 70
260 70
261 70
262 70
262 69
263 69
263 68
263 67
263 66
263 65
263 64
263 63
264 63
265 63
266 63
266 64
267 64
267 65
268 65
269 65
270 65
271 65
272 65
273 65
274 65
275 65
275 64
275 63
276 63
276 62
277 62
278 62
279 62
280 62
281 62
282 62
283 62
284 62
285 62
286 62
287 62
288 62
289 62
290 62
291 62
292 62
293 62
293 61
293 60
293 59
293 58
293 57
293 56
293 55
293 54
293 53
293 52
293 51
255 72
254 72
254 73
253 73
253 74
253 75
253 76
253 77
253 78
253 79
253 80
253 81
253 82
253 83
253 84
253 85
253 86
253 87
253 88
253 89
253 90
253 91
253 92
252 92
30 24
31 24
29 24
28 24
27 24
27 23
26 23
25 23
25 22
24 22
23 22
22 22
21 22
20 22
19 22
19 21
32 24
33 24
34 24
35 24
36 24
36 25
37 25
37 26
37 27
38 27
38 28
39 28
39 29
40 29
40 30
286 86
285 86
287 86
288 86
289 86
290 86
290 85
290 84
291 84
292 84
293 84
293 83
294 83
294 84
295 84
295 85
295 86
296 86
297 86
298 86
299 86
300 86
301 86
302 86
303 86
304 86
304 85
305 85
306 85
306 86
307 86
308 86
309 86
310 86
311 86
312 86
313 86
314 86
314 87
314 88
313 88
313 89
313 90
314 90
314 91
314 92
314 93
314 94
314 95
314 96
315 96
315 97
316 97
316 98
315 98
314 98
313 98
312 98
311 98
310 98
310 99
309 99
309 100
308 100
308 101
308 102
308 103
308 104
308 105
308 106
308 107
308 108
308 109
308 110
309 110
310 110
311 110
312 110
313 110
314 110
315 110
316 110
317 110
317 111
317 112
318 112
319 112
319 113
320 113
320 114
319 114
318 114
317 114
317 115
316 115
315 115
315 116
315 117
315 118
314 118
314 119
314 120
314 121
314 122
314 123
313 123
313 124
313 125
312 125
312 126
312 127
311 127
311 128
310 128
310 129
310 130
310 131
310 132
310 133
309 133
309 134
308 134
308 135
307 135
306 135
305 135
304 135
304 136
303 136
302 136
302 137
301 137
301 138
284 86
284 87
283 87
282 87
282 88
281 88
281 89
280 89
280 90
279 90
278 90
277 90
276 90
275 90
274 90
273 90
272 90
272 91
271 91
270 91
269 91
269 92
268 92
268 93
267 93
266 93
266 94
265 94
264 94
264 95
263 95
263 96
263 97
263 98
263 99
147 127
147 126
147 128
146 128
146 129
145 129
145 128
144 128
143 128
142 128
141 128
140 128
140 129
139 129
138 129
138 130
137 130
136 130
136 131
135 131
135 132
134 132
134 133
133 133
133 134
132 134
132 135
131 135
131 136
130 136
130 137
129 137
129 138
128 138
127 138
126 138
125 138
124 138
123 138
122 138
121 138
120 138
119 138
118 138
117 138
117 137
117 136
116 136
116 135
115 135
115 134
114 134
113 134
113 133
112 133
147 125
147 124
148 124
148 123
149 123
150 123
150 122
151 122
435 209
436 209
434 209
433 209
432 209
431 209
430 209
429 209
428 209
427 209
427 210
426 210
425 210
425 211
424 211
423 211
423 212
422 212
422 213
422 214
421 214
421 213
420 213
420 212
419 212
418 212
417 212
416 212
416 211
417 211
418 211
418 210
418 209
418 208
418 207
418 206
418 205
418 204
418 203
417 203
417 202
417 201
416 201
416 200
416 199
416 198
415 198
415 197
414 197
414 196
413 196
413 195
412 195
411 195
410 195
410 196
409 196
409 197
408 197
408 198
407 198
407 197
406 197
405 197
404 197
404 196
403 196
402 196
401 196
400 196
400 197
399 197
399 198
398 198
398 199
398 200
398 201
398 202
398 203
398 204
398 205
397 205
396 205
395 205
394 205
393 205
392 205
391 205
390 205
389 205
388 205
387 205
386 205
385 205
384 205
437 209
438 209
439 209
439 208
439 207
440 207
441 207
441 206
442 206
442 205
441 205
441 204
440 204
440 203
440 202
440 201
440 200
440 199
440 198
440 197
440 196
441 196
441 195
442 195
442 194
428 63
429 63
427 63
426 63
425 63
424 63
423 63
422 63
421 63
420 63
419 63
418 63
418 62
417 62
416 62
415 62
414 62
413 62
412 62
411 62
410 62
409 62
430 63
431 63
432 63
433 63
434 63
435 63
436 63
436 62
437 62
437 61
438 61
438 60
439 60
439 59
440 59
440 58
441 58
441 57
442 57
443 57
443 56
444 56
444 55
444 54
445 54
445 53
446 53
446 52
447 52
447 51
448 51
449 51
449 50
450 50
451 50
452 50
453 50
454 50
455 50
456 50
456 49
457 49
457 50
458 50
459 50
460 50
461 50
461 51
462 51
463 51
463 50
463 49
464 49
465 49
465 48
466 48
467 48
468 48
469 48
469 47
469 46
469 45
469 44
469 43
469 42
470 42
242 195
242 194
242 196
242 197
242 198
243 198
243 197
244 197
245 197
246 197
247 197
248 197
249 197
249 198
249 199
250 199
250 200
250 201
251 201
251 202
251 203
252 203
252 204
253 204
254 204
255 204
256 204
257 204
258 204
259 204
242 193
242 192
242 191
242 190
243 190
243 189
244 189
244 188
245 188
246 188
246 187
247 187
248 187
248 186
249 186
249 185
250 185
250 184
251 184
252 184
253 184
254 184
254 183
255 183
255 182
256 182
256 181
257 181
257 180
257 179
257 178
257 177
258 177
258 176
225 19
224 19
225 20
226 20
227 20
228 20
229 20
230 20
231 20
232 20
233 20
234 20
234 21
235 21
236 21
237 21
238 21
239 21
240 21
241 21
242 21
243 21
244 21
245 21
246 21
247 21
248 21
249 21
249 20
249 19
249 18
250 18
250 19
250 20
250 21
250 22
250 23
251 23
251 24
252 24
252 25
252 26
252 27
252 28
252 29
253 29
253 28
253 27
254 27
255 27
256 27
257 27
258 27
259 27
260 27
261 27
261 26
261 25
261 24
261 23
262 23
262 22
262 21
262 20
262 19
262 18
262 17
263 17
263 18
264 18
265 18
266 18
267 18
268 18
268 19
269 19
269 20
270 20
270 21
271 21
271 22
272 22
272 23
273 23
274 23
275 23
276 23
277 23
278 23
223 19
222 19
221 19
220 19
219 19
219 18
220 18
220 17
220 16
221 16
221 15
220 15
219 15
218 15
217 15
217 14
216 14
216 13
216 12
216 11
215 11
215 10
214 10
214 9
213 9
213 8
432 166
433 166
431 166
430 166
429 166
429 165
428 165
428 164
428 163
428 162
427 162
427 161
426 161
426 160
425 160
425 161
424 161
424 162
423 162
422 162
422 163
422 164
422 165
422 166
422 167
422 168
422 169
422 170
422 171
421 171
420 171
419 171
418 171
417 171
417 170
416 170
416 169
416 168
416 167
416 166
415 166
415 165
415 164
415 163
414 163
414 162
414 161
414 160
414 159
413 159
413 158
412 158
411 158
411 157
411 156
412 156
412 155
412 154
412 153
412 152
412 151
412 150
434 166
435 166
436 166
437 166
438 166
438 167
439 167
440 167
441 167
442 167
443 167
444 167
445 167
446 167
447 167
447 166
448 166
448 165
448 164
449 164
449 163
450 163
450 162
450 161
450 160
450 159
450 158
451 158
451 157
451 156
450 156
450 155
450 154
450 153
450 152
449 152
448 152
448 151
447 151
447 150
448 150
448 149
448 148
449 148
450 148
450 147
451 147
452 147
452 146
453 146
447 8
448 8
446 8
445 8
445 9
444 9
444 10
444 11
443 11
443 12
443 13
442 13
441 13
440 13
440 12
439 12
439 11
439 10
439 9
439 8
439 7
438 7
438 6
438 5
438 4
437 4
437 3
437 2
436 2
436 1
435 1
435 0
434 0
433 0
433 1
432 1
432 2
431 2
431 3
430 3
430 4
429 4
429 5
449 8
450 8
450 7
451 7
452 7
452 6
453 6
453 5
454 5
454 4
455 4
455 3
456 3
456 2
456 1
456 0
457 0
458 0
459 0
460 0
461 0
462 0
462 1
463 1
463 2
463 3
463 4
463 5
463 6
463 7
464 7
464 8
464 9
464 10
464 11
464 12
464 13
464 14
465 14
465 15
466 15
467 15
468 15
469 15
469 14
470 14
471 14
471 13
472 13
473 13
474 13
475 13
476 13
477 13
478 13
479 13
480 13
397 162
397 163
398 162
399 162
400 162
400 161
401 161
402 161
403 161
404 161
405 161
406 161
407 161
407 160
408 160
408 159
409 159
409 158
410 158
410 157
396 163
395 163
395 164
394 164
393 164
393 165
392 165
391 165
391 166
187 225
186 225
188 225
188 224
188 223
189 223
189 222
189 221
190 221
190 220
190 219
191 219
191 218
192 218
192 217
193 217
194 217
195 217
196 217
197 217
197 216
198 216
198 215
198 214
199 214
199 213
200 213
200 212
201 212
201 211
201 210
201 209
202 209
202 208
203 208
204 208
205 208
206 208
207 208
207 207
208 207
208 206
209 206
209 205
210 205
211 205
212 205
213 205
213 204
213 203
213 202
214 202
214 201
215 201
215 200
216 200
216 199
217 199
217 198
217 197
217 196
217 195
217 194
217 193
217 192
217 191
217 190
218 190
218 189
218 188
219 188
220 188
221 188
222 188
223 188
224 188
225 188
225 187
226 187
226 188
227 188
228 188
229 188
229 189
230 189
230 190
230 191
230 192
231 192
231 191
231 190
232 190
232 189
232 188
233 188
233 187
233 186
233 185
233 184
233 183
233 182
233 181
234 181
235 181
236 181
237 181
238 181
239 181
240 181
241 181
242 181
243 181
244 181
245 181
245 182
246 182
246 183
246 184
247 184
247 185
248 185
185 225
184 225
183 225
182 225
181 225
181 226
180 226
180 225
180 224
179 224
179 223
178 223
177 223
176 223
175 223
174 223
173 223
172 223
172 222
171 222
170 222
170 221
169 221
168 221
167 221
167 220
166 220
166 219
166 218
166 217
165 217
165 216
164 216
164 215
163 215
163 214
163 213
162 213
162 214
161 214
161 215
160 215
160 216
159 216
159 217
159 218
159 219
159 220
159 221
159 222
159 223
159 224
158 224
158 225
158 226
158 227
158 228
158 229
159 229
159 230
159 231
160 231
160 232
160 233
160 234
160 235
160 236
160 237
161 237
161 238
162 238
162 239
162 240
161 240
161 241
160 241
160 242
159 242
158 242
158 243
157 243
156 243
155 243
154 243
153 243
152 243
151 243
151 244
151 245
151 246
151 247
151 248
151 249
151 250
150 250
150 251
150 252
150 253
150 254
150 255
150 256
150 257
151 257
152 257
153 257
154 257
155 257
156 257
157 257
157 256
158 256
159 256
160 256
161 256
162 256
162 255
163 255
164 255
164 254
338 183
338 184
338 182
339 182
339 181
339 180
340 180
340 179
341 179
342 179
343 179
344 179
345 179
345 178
346 178
347 178
348 178
349 178
349 177
350 177
350 176
351 176
351 175
352 175
352 174
353 174
337 184
337 185
336 185
336 186
335 186
335 187
334 187
334 188
333 188
333 189
332 189
331 189
330 189
329 189
328 189
327 189
326 189
223 156
222 156
224 156
225 156
226 156
226 155
227 155
228 155
228 156
229 156
230 156
231 156
232 156
233 156
233 157
234 157
234 156
234 155
235 155
235 154
235 153
236 153
236 152
237 152
237 151
237 150
237 149
237 148
237 147
237 146
238 146
239 146
240 146
241 146
242 146
243 146
244 146
245 146
246 146
246 145
247 145
247 144
248 144
248 143
248 142
248 141
248 140
248 139
248 138
249 138
249 137
250 137
250 136
251 136
251 135
252 135
253 135
254 135
254 134
255 134
256 134
221 156
220 156
219 156
218 156
217 156
217 155
216 155
216 154
215 154
215 153
214 153
269 245
268 245
269 244
270 244
270 243
271 243
272 243
273 243
273 242
274 242
274 241
275 241
276 241
277 241
278 241
278 242
279 242
279 243
280 243
280 244
281 244
282 244
282 245
283 245
284 245
284 246
285 246
286 246
287 246
288 246
289 246
290 246
291 246
291 247
292 247
292 246
293 246
293 245
294 245
295 245
296 245
297 245
298 245
299 245
300 245
301 245
302 245
303 245
304 245
305 245
306 245
268 246
268 247
268 248
268 249
267 249
266 249
266 248
265 248
264 248
263 248
263 247
262 247
261 247
261 246
260 246
259 246
259 245
259 244
258 244
258 243
258 242
258 241
258 240
258 239
259 239
259 238
259 237
259 236
259 235
259 234
259 233
259 232
259 231
259 230
259 229
259 228
259 227
259 226
260 226
260 225
260 224
260 223
259 223
259 222
258 222
258 221
257 221
257 220
257 219
257 218
258 218
258 217
259 217
259 216
259 215
260 215
260 214
260 213
261 213
262 213
262 212
263 212
264 212
0 183
0 182
0 184
0 185
0 186
1 186
1 187
2 187
2 188
3 188
3 189
4 189
4 190
5 190
5 191
6 191
6 190
7 190
7 189
8 189
9 189
10 189
10 188
11 188
11 187
12 187
12 186
13 186
13 185
14 185
0 181
0 180
0 179
0 178
0 177
0 176
0 175
0 174
0 173
0 172
0 171
0 170
492 103
493 103
491 103
490 103
489 103
489 104
488 104
488 105
487 105
487 106
486 106
486 107
485 107
485 108
485 109
484 109
484 110
484 111
484 112
484 113
484 114
484 115
484 116
484 117
484 118
483 118
482 118
481 118
480 118
479 118
478 118
477 118
476 118
475 118
475 117
474 117
474 118
474 119
473 119
472 119
472 120
471 120
470 120
470 121
469 121
468 121
468 122
468 123
467 123
467 124
467 125
466 125
466 126
465 126
465 127
464 127
464 128
463 128
462 128
462 129
461 129
461 130
460 130
460 131
459 131
459 132
460 132
461 132
462 132
462 133
463 133
463 134
464 134
464 135
465 135
465 136
466 136
466 137
466 138
466 139
466 140
466 141
466 142
466 143
466 144
466 145
465 145
465 146
464 146
463 146
463 147
462 147
462 148
461 148
460 148
460 149
459 149
458 149
457 149
456 149
456 148
455 148
455 147
454 147
454 146
494 103
495 103
495 104
496 104
497 104
497 105
498 105
498 106
498 107
499 107
499 108
499 109
500 109
501 109
501 108
501 107
501 106
501 105
502 105
502 104
503 104
503 103
504 103
504 102
505 102
505 103
506 103
507 103
508 103
509 103
509 104
509 105
509 106
510 106
510 107
510 108
511 108
501 172
501 173
500 172
500 171
499 171
499 170
498 170
498 169
497 169
497 168
497 167
497 166
497 165
497 164
497 163
497 162
497 161
497 160
497 159
497 158
497 157
497 156
496 156
496 157
495 157
495 158
494 158
494 159
493 159
492 159
491 159
491 160
490 160
489 160
489 161
488 161
488 162
487 162
487 163
486 163
486 164
485 164
485 165
485 166
484 166
483 166
482 166
481 166
480 166
479 166
479 167
478 167
477 167
477 168
476 168
475 168
474 168
473 168
472 168
471 168
471 167
470 167
469 167
468 167
468 166
467 166
467 165
466 165
465 165
465 164
464 164
463 164
462 164
461 164
460 164
460 163
459 163
459 162
458 162
458 161
458 160
458 159
458 158
457 158
457 157
457 156
456 156
456 155
455 155
454 155
453 155
452 155
452 156
502 173
502 174
503 174
503 175
503 176
503 177
504 177
504 178
505 178
505 179
228 165
229 165
227 165
226 165
225 165
224 165
223 165
223 166
222 166
222 167
222 168
221 168
221 169
221 170
221 171
221 172
221 173
221 174
221 175
222 175
222 176
223 176
224 176
224 177
225 177
225 178
226 178
227 178
228 178
229 178
230 178
231 178
231 179
232 179
232 180
233 180
230 165
231 165
232 165
232 164
232 163
232 162
232 161
232 160
232 159
232 158
233 158
209 140
209 141
209 139
209 138
209 137
209 136
209 135
209 134
209 133
209 132
209 131
209 130
209 129
209 128
208 128
208 127
209 142
209 143
208 143
208 144
207 144
206 144
205 144
205 145
204 145
204 146
204 147
203 147
203 148
203 149
202 149
202 150
201 150
201 151
200 151
200 152
199 152
198 152
197 152
196 152
195 152
194 152
193 152
193 151
193 150
193 149
193 148
193 147
193 146
193 145
193 144
193 143
192 143
192 142
192 141
193 141
193 140
193 139
193 138
193 137
193 136
193 135
194 135
194 134
195 134
195 133
195 132
195 131
195 130
195 129
194 129
194 128
194 127
193 127
193 126
193 125
192 125
191 125
191 124
190 124
189 124
189 123
188 123
188 122
188 121
187 121
186 121
186 122
186 123
185 123
185 124
184 124
183 124
182 124
181 124
180 124
179 124
179 123
178 123
177 123
176 123
176 122
175 122
174 122
173 122
172 122
171 122
170 122
169 122
168 122
168 123
167 123
166 123
166 124
165 124
165 123
164 123
163 123
163 122
162 122
161 122
160 122
159 122
158 122
157 122
156 122
155 122
154 122
153 122
152 122
232 76
232 75
232 77
232 78
232 79
232 80
231 80
231 81
231 82
232 82
232 83
232 84
232 85
232 86
232 87
232 88
232 89
233 89
234 89
235 89
236 89
237 89
238 89
239 89
239 90
240 90
241 90
241 89
242 89
243 89
244 89
245 89
246 89
247 89
248 89
248 90
249 90
249 91
250 91
250 92
232 74
232 73
232 72
232 71
232 70
233 70
234 70
234 69
233 69
232 69
231 69
230 69
229 69
228 69
227 69
226 69
225 69
224 69
224 68
224 67
224 66
223 66
222 66
221 66
221 65
220 65
219 65
218 65
218 64
217 64
217 63
217 62
217 61
217 60
217 59
216 59
216 58
215 58
214 58
213 58
212 58
211 58
210 58
209 58
208 58
207 58
206 58
205 58
205 59
204 59
204 60
203 60
203 61
202 61
201 61
200 61
200 62
199 62
198 62
198 63
186 26
187 26
185 26
185 27
184 27
183 27
182 27
181 27
180 27
179 27
178 27
177 27
176 27
187 25
188 25
188 24
189 24
189 23
189 22
189 21
190 21
191 21
192 21
193 21
194 21
195 21
195 20
196 20
196 19
197 19
197 18
197 17
198 17
199 17
200 17
201 17
202 17
203 17
204 17
204 18
205 18
205 19
206 19
207 19
207 20
207 21
207 22
207 23
207 24
207 25
208 25
208 26
209 26
210 26
211 26
212 26
213 26
214 26
214 25
215 25
215 24
215 23
216 23
216 22
217 22
217 21
217 20
218 20
218 19
128 255
128 256
127 255
127 254
127 253
127 252
127 251
127 250
127 249
127 248
127 247
128 247
128 246
129 246
129 245
130 245
130 244
131 244
132 244
133 244
134 244
135 244
135 243
136 243
137 243
137 242
138 242
138 241
139 241
139 242
140 242
140 243
141 243
141 244
141 245
142 245
142 246
143 246
144 246
145 246
145 245
146 245
146 244
147 244
147 243
148 243
148 242
149 242
150 242
150 243
128 257
128 258
128 259
128 260
128 261
128 262
129 262
129 263
130 263
492 438
493 438
491 438
490 438
489 438
489 439
488 439
487 439
487 440
486 440
485 440
485 441
484 441
484 442
483 442
483 443
483 444
482 444
482 445
481 445
480 445
480 446
479 446
478 446
477 446
476 446
475 446
474 446
474 445
474 444
474 443
474 442
474 441
474 440
474 439
494 438
495 438
496 438
497 438
498 438
499 438
499 437
499 436
212 295
211 295
212 294
213 294
213 293
213 292
214 292
214 291
214 290
215 290
215 289
214 289
214 288
214 287
214 286
214 285
214 284
214 283
215 283
216 283
217 283
218 283
218 282
218 281
219 281
219 280
219 279
219 278
220 278
220 277
221 277
221 276
221 275
222 275
222 274
222 273
222 272
222 271
222 270
222 269
222 268
222 267
222 266
222 265
222 264
221 264
221 263
220 263
220 262
219 262
219 261
219 260
218 260
218 259
218 258
218 257
218 256
217 256
217 255
217 254
217 253
217 252
217 251
217 250
217 249
217 248
218 248
218 247
219 247
219 246
220 246
220 245
221 245
221 244
222 244
222 243
221 243
220 243
220 242
219 242
218 242
217 242
216 242
215 242
214 242
214 241
213 241
213 240
212 240
212 239
211 239
211 238
211 237
210 237
209 237
208 237
207 237
206 237
205 237
205 236
204 236
203 236
203 235
202 235
201 235
201 234
200 234
200 233
200 232
199 232
199 231
198 231
197 231
196 231
195 231
195 230
194 230
194 231
193 231
193 232
193 233
193 234
193 235
193 236
192 236
192 237
191 237
191 238
190 238
190 239
190 240
189 240
189 241
188 241
187 241
187 242
186 242
185 242
184 242
183 242
182 242
181 242
181 241
180 241
180 240
180 239
179 239
179 238
179 237
179 236
179 235
179 234
179 233
179 232
179 231
179 230
179 229
180 229
180 228
180 227
211 296
210 296
209 296
209 297
208 297
208 298
207 298
206 298
206 299
205 299
205 300
206 300
206 301
206 302
206 303
206 304
206 305
205 305
205 306
204 306
203 306
202 306
201 306
201 305
200 305
200 304
200 303
199 303
199 302
198 302
197 302
197 301
196 301
196 300
195 300
195 299
195 298
195 297
194 297
194 298
194 299
193 299
193 300
192 300
191 300
190 300
190 301
189 301
188 301
187 301
186 301
185 301
184 301
184 302
185 302
186 302
186 303
187 303
187 304
187 305
187 306
187 307
187 308
187 309
187 310
187 311
187 312
187 313
187 314
172 190
173 190
172 191
172 192
172 193
171 193
171 194
170 194
170 195
170 196
170 197
170 198
170 199
170 200
170 201
171 201
171 202
171 203
171 204
171 205
171 206
171 207
171 208
170 208
170 209
169 209
168 209
167 209
166 209
166 210
165 210
164 210
164 211
164 212
163 212
173 189
173 188
174 188
175 188
175 187
176 187
176 186
177 186
177 185
177 184
178 184
178 183
178 182
179 182
180 182
180 181
181 181
182 181
182 180
182 179
182 178
182 177
183 177
183 178
183 179
184 179
184 180
185 180
186 180
186 181
187 181
187 182
188 182
188 181
189 181
189 180
190 180
190 179
190 178
190 177
190 176
190 175
190 174
191 174
191 173
191 172
192 172
192 171
192 170
192 169
192 168
192 167
192 166
192 165
193 165
193 164
194 164
194 163
195 163
195 162
196 162
196 161
196 160
196 159
196 158
196 157
196 156
195 156
195 155
195 154
194 154
194 153
193 153
447 438
448 438
446 438
446 437
445 437
444 437
444 436
445 436
445 435
445 434
445 433
445 432
445 431
444 431
444 430
443 430
442 430
441 430
440 430
439 430
438 430
438 429
437 429
449 438
450 438
451 438
451 439
451 440
452 440
452 441
452 442
453 442
453 443
454 443
454 444
455 444
455 445
456 445
456 446
457 446
458 446
459 446
460 446
461 446
461 447
461 448
462 448
462 449
462 450
463 450
463 451
463 452
463 453
463 454
463 455
464 455
464 456
465 456
466 456
467 456
467 455
468 455
469 455
469 454
469 453
469 452
469 451
469 450
469 449
469 448
469 447
469 446
470 446
470 445
470 444
471 444
471 443
471 442
472 442
472 441
473 441
473 440
473 439
9 197
9 196
9 198
9 199
9 200
9 201
9 202
9 203
8 203
8 204
8 205
7 205
7 206
7 207
7 208
6 208
5 208
5 209
4 209
4 210
3 210
3 211
2 211
2 212
1 212
0 212
0 213
1 213
2 213
2 214
2 215
3 215
3 216
3 217
3 218
4 218
4 219
4 220
5 220
5 221
5 222
6 222
6 223
7 223
7 224
8 224
9 224
9 225
9 226
9 227
9 228
9 229
9 230
9 231
8 231
8 232
9 232
9 233
9 234
9 235
9 236
9 237
9 238
9 239
9 240
9 241
9 242
9 243
10 243
10 244
11 244
11 245
12 245
12 246
13 246
13 247
9 195
8 195
8 194
8 193
7 193
7 192
6 192
201 337
201 336
201 338
201 339
201 340
201 341
200 341
200 342
199 342
199 343
199 344
199 345
198 345
198 346
198 347
197 347
196 347
196 348
195 348
194 348
194 349
193 349
192 349
191 349
190 349
190 350
189 350
189 351
188 351
188 350
187 350
186 350
185 350
184 350
183 350
182 350
181 350
180 350
179 350
179 351
178 351
178 352
178 353
178 354
177 354
177 355
178 355
178 356
178 357
178 358
178 359
178 360
178 361
178 362
178 363
179 363
180 363
181 363
182 363
183 363
201 335
201 334
201 333
201 332
201 331
201 330
200 330
199 330
199 329
198 329
198 328
198 327
197 327
197 326
197 325
196 325
196 324
196 323
196 322
196 321
196 320
196 319
196 318
195 318
194 318
193 318
193 317
192 317
192 316
191 316
190 316
190 315
189 315
188 315
188 314
202 359
203 359
201 359
200 359
199 359
198 359
197 359
196 359
195 359
194 359
194 360
193 360
192 360
191 360
190 360
189 360
188 360
188 361
187 361
186 361
186 362
185 362
185 363
184 363
204 359
205 359
206 359
206 360
207 360
207 361
208 361
208 362
209 362
210 362
211 362
212 362
212 363
213 363
213 364
214 364
215 364
215 365
216 365
344 244
345 244
343 244
343 245
342 245
342 246
341 246
340 246
340 247
339 247
338 247
337 247
336 247
335 247
334 247
333 247
333 246
332 246
345 243
346 243
346 242
347 242
347 241
348 241
349 241
350 241
351 241
351 240
351 239
351 238
352 238
352 237
352 236
352 235
353 235
353 234
353 233
354 233
354 232
355 232
355 231
356 231
356 230
357 230
357 229
358 229
359 229
359 228
360 228
361 228
362 228
362 227
363 227
363 226
364 226
364 225
365 225
366 225
366 224
367 224
367 223
368 223
368 222
368 221
368 220
368 219
368 218
368 217
368 216
367 216
347 254
346 254
347 255
347 256
347 257
347 258
347 259
347 260
347 261
347 262
346 253
345 253
345 252
344 252
344 251
343 251
343 250
342 250
342 249
341 249
341 248
340 248
339 248
338 248
337 248
336 248
335 248
334 248
361 263
361 262
361 264
361 265
362 265
362 266
362 267
362 268
363 268
364 268
364 269
365 269
366 269
367 269
368 269
369 269
370 269
371 269
372 269
373 269
374 269
374 268
375 268
361 261
361 260
361 259
361 258
360 258
360 257
360 256
360 255
360 254
360 253
359 253
358 253
358 252
357 252
357 251
357 250
357 249
357 248
357 247
356 247
356 246
355 246
355 245
354 245
353 245
353 244
353 243
352 243
352 242
351 242
129 220
130 220
129 219
128 219
128 218
127 218
127 217
126 217
126 216
125 216
124 216
124 215
123 215
123 214
122 214
121 214
121 213
120 213
119 213
118 213
118 214
117 214
116 214
116 215
115 215
115 216
114 216
114 217
131 220
132 220
133 220
134 220
134 221
135 221
135 222
136 222
136 223
137 223
137 224
138 224
138 225
139 225
139 226
139 227
140 227
140 228
140 229
141 229
141 230
141 231
142 231
143 231
144 231
145 231
146 231
146 232
146 233
145 233
144 233
143 233
143 234
142 234
141 234
141 235
140 235
140 236
140 237
139 237
139 238
139 239
139 240
110 14
110 15
111 14
111 13
112 13
113 13
113 12
114 12
114 11
114 10
115 10
115 9
116 9
116 8
117 8
117 7
118 7
118 6
119 6
120 6
120 5
121 5
122 5
123 5
123 4
124 4
125 4
125 3
126 3
126 2
127 2
128 2
128 1
129 1
129 0
130 0
130 1
131 1
132 1
133 1
134 1
135 1
136 1
136 2
137 2
137 3
138 3
138 4
139 4
139 5
140 5
140 6
141 6
142 6
143 6
144 6
145 6
146 6
147 6
148 6
149 6
150 6
151 6
151 5
152 5
153 5
153 4
154 4
154 3
155 3
155 2
156 2
156 1
156 0
157 0
157 1
158 1
158 2
159 2
159 3
160 3
160 4
160 5
160 6
160 7
160 8
160 9
160 10
161 10
161 11
161 12
162 12
162 13
162 14
163 14
163 15
164 15
164 16
164 17
164 18
164 19
163 19
163 20
164 20
164 21
164 22
164 23
165 23
165 24
165 25
166 25
166 26
166 27
167 27
167 28
168 28
168 29
169 29
169 30
170 30
171 30
172 30
173 30
174 30
174 29
175 29
175 28
176 28
110 16
109 16
109 17
109 18
108 18
108 19
108 20
108 21
108 22
108 23
108 24
109 24
109 25
109 26
109 27
109 28
109 29
109 30
109 31
109 32
109 33
109 34
108 34
108 35
107 35
107 36
106 36
105 36
104 36
104 37
103 37
102 37
101 37
100 37
99 37
98 37
98 38
97 38
97 39
96 39
96 40
96 41
95 41
95 42
95 43
95 44
95 45
95 46
95 47
95 48
96 48
96 49
97 49
97 50
96 50
96 51
95 51
95 52
95 53
94 53
94 54
94 55
94 56
94 57
94 58
94 59
94 60
94 61
95 61
95 62
95 63
96 63
96 64
96 65
97 65
98 65
99 65
100 65
101 65
102 65
103 65
103 66
102 66
102 67
101 67
101 68
100 68
100 69
100 70
100 71
101 71
101 72
101 73
101 74
101 75
101 76
101 77
102 77
102 78
103 78
104 78
105 78
106 78
107 78
108 78
109 78
110 78
111 78
112 78
113 78
114 78
115 78
116 78
116 77
117 77
117 76
118 76
119 76
120 76
121 76
122 76
122 77
123 77
123 78
123 79
123 80
123 81
124 81
124 82
125 82
126 82
126 83
126 84
127 84
127 85
127 86
127 87
127 88
126 88
126 89
127 89
128 89
129 89
130 89
131 89
131 90
132 90
133 90
133 91
134 91
134 92
134 93
135 93
135 94
135 95
136 95
136 96
137 96
137 97
137 98
137 99
137 100
137 101
137 102
137 103
137 104
137 105
137 106
137 107
138 107
138 108
139 108
139 109
140 109
140 110
141 110
141 111
142 111
142 112
142 113
143 113
143 114
143 115
143 116
143 117
143 118
144 118
145 118
145 119
146 119
147 119
148 119
148 120
149 120
149 121
150 121
151 121
365 280
365 279
365 281
365 282
365 283
365 284
366 284
366 285
366 286
366 287
366 288
366 289
366 290
366 291
366 292
367 292
365 278
365 277
365 276
364 276
364 275
364 274
363 274
363 273
363 272
363 271
363 270
363 269
4 72
4 73
4 71
4 70
3 70
2 70
1 70
1 69
0 69
0 68
0 67
0 66
0 65
0 64
0 63
1 63
2 63
3 63
4 63
5 63
6 63
7 63
8 63
9 63
10 63
10 62
10 61
10 60
10 59
10 58
10 57
10 56
10 55
10 54
9 54
9 53
9 52
8 52
8 51
7 51
7 50
6 50
6 49
5 49
5 48
5 47
4 47
4 46
4 45
4 44
4 43
4 74
4 75
4 76
4 77
4 78
4 79
4 80
3 80
319 261
319 260
319 262
319 263
319 264
319 265
319 266
319 267
319 268
319 269
318 269
318 270
318 271
317 271
317 272
316 272
315 272
314 272
313 272
312 272
311 272
310 272
309 272
308 272
308 271
308 270
308 269
308 268
308 267
308 266
308 265
309 265
309 264
310 264
310 263
311 263
311 262
312 262
312 261
312 260
312 259
312 258
311 258
311 257
311 256
311 255
311 254
311 253
310 253
310 252
309 252
308 252
308 251
307 251
307 250
307 249
307 248
307 247
307 246
307 245
319 259
319 258
319 257
319 256
320 256
320 255
321 255
321 254
321 253
322 253
322 252
322 251
322 250
323 250
323 249
324 249
324 248
324 247
324 246
325 246
326 246
327 246
328 246
329 246
330 246
331 246
504 451
504 452
504 450
504 449
504 448
505 448
505 447
506 447
507 447
507 446
508 446
508 445
509 445
509 444
509 443
509 442
509 441
509 440
509 439
509 438
509 437
508 437
507 437
506 437
505 437
504 437
503 437
502 437
501 437
500 437
504 453
504 454
504 455
505 455
505 456
506 456
506 457
507 457
507 458
507 459
507 460
507 461
506 461
506 462
167 169
168 169
166 169
165 169
164 169
163 169
163 168
162 168
162 167
162 166
161 166
161 165
160 165
160 164
159 164
159 163
159 162
158 162
157 162
156 162
155 162
154 162
154 163
153 163
152 163
152 164
151 164
151 165
150 165
150 166
150 167
149 167
149 168
149 169
149 170
148 170
148 171
148 172
147 172
147 173
146 173
146 174
145 174
145 173
144 173
143 173
142 173
141 173
140 173
139 173
138 173
137 173
137 172
136 172
135 172
134 172
133 172
132 172
131 172
130 172
129 172
129 171
128 171
128 170
127 170
169 169
170 169
171 169
172 169
172 168
173 168
173 167
174 167
174 166
175 166
175 165
175 164
176 164
176 163
177 163
177 162
177 161
178 161
178 160
179 160
180 160
181 160
182 160
183 160
183 161
184 161
184 162
185 162
185 163
186 163
186 164
187 164
188 164
189 164
190 164
191 164
192 164
255 259
255 260
255 258
255 257
255 256
255 255
255 254
256 254
257 254
258 254
259 254
260 254
261 254
262 254
262 253
263 253
263 252
264 252
264 251
265 251
265 250
266 250
267 250
255 261
255 262
256 262
256 263
257 263
257 264
258 264
258 265
259 265
260 265
261 265
261 266
262 266
262 267
261 267
261 268
260 268
259 268
259 269
258 269
258 270
257 270
257 271
256 271
256 272
255 272
255 273
254 273
254 274
253 274
253 275
252 275
252 276
251 276
251 277
250 277
250 278
250 279
250 280
250 281
250 282
250 283
250 284
250 285
403 290
404 290
402 290
401 290
400 290
399 290
399 289
398 289
405 290
406 290
407 290
407 289
408 289
408 288
409 288
409 287
409 286
410 286
410 285
410 284
410 283
410 282
410 281
410 280
410 279
409 279
409 278
408 278
408 277
407 277
491 449
491 450
490 449
490 448
489 448
488 448
487 448
486 448
485 448
484 448
483 448
482 448
481 448
480 448
479 448
478 448
477 448
476 448
476 447
475 447
474 447
491 451
491 452
491 453
491 454
491 455
491 456
491 457
491 458
491 459
492 459
492 460
493 460
357 297
356 297
357 296
358 296
359 296
359 295
359 294
360 294
361 294
362 294
363 294
364 294
365 294
366 294
366 293
367 293
356 298
355 298
355 299
355 300
355 301
355 302
356 302
357 302
357 303
358 303
359 303
360 303
361 303
361 304
362 304
362 305
363 305
363 306
363 307
363 308
363 309
363 310
363 311
363 312
363 313
362 313
362 314
361 314
361 315
362 315
363 315
364 315
365 315
366 315
367 315
368 315
369 315
370 315
371 315
372 315
373 315
452 250
452 249
453 250
454 250
455 250
456 250
457 250
458 250
459 250
459 249
460 249
460 248
461 248
461 247
462 247
462 246
463 246
463 245
451 249
450 249
450 248
449 248
449 247
449 246
449 245
448 245
448 244
448 243
449 243
449 242
449 241
450 241
450 240
450 239
450 238
451 238
451 237
451 236
451 235
451 234
451 233
451 232
451 231
451 230
451 229
451 228
451 227
451 226
451 225
451 224
452 224
452 223
453 223
453 222
453 221
453 220
452 220
452 219
452 218
452 217
452 216
452 215
452 214
452 213
452 212
451 212
451 211
450 211
450 210
450 209
450 208
450 207
450 206
450 205
450 204
450 203
450 202
449 202
449 201
449 200
448 200
447 200
447 199
446 199
445 199
445 198
445 197
444 197
444 196
443 196
443 195
157 75
157 76
157 74
157 73
158 73
158 72
159 72
159 71
159 70
160 70
160 69
160 68
161 68
161 67
161 66
160 66
160 65
160 64
160 63
160 62
159 62
159 61
158 61
157 61
157 60
156 60
156 59
155 59
155 58
155 57
155 56
155 55
155 54
155 53
155 52
154 52
153 52
152 52
151 52
151 51
150 51
150 50
151 50
152 50
153 50
154 50
155 50
155 49
156 49
156 48
156 47
157 47
157 46
157 45
157 44
157 43
157 42
157 41
158 41
158 40
159 40
160 40
160 39
161 39
162 39
162 38
163 38
164 38
164 37
165 37
165 36
166 36
166 35
166 34
166 33
167 33
167 32
168 32
169 32
169 31
170 31
157 77
157 78
157 79
157 80
156 80
155 80
154 80
153 80
152 80
151 80
151 81
152 81
152 82
152 83
152 84
152 85
153 85
153 86
153 87
152 87
152 88
151 88
151 89
150 89
150 90
150 91
150 92
150 93
149 93
149 94
148 94
148 95
147 95
146 95
145 95
144 95
143 95
143 96
142 96
141 96
140 96
139 96
138 96
158 310
158 309
157 310
156 310
156 311
155 311
155 312
154 312
154 313
154 314
154 315
154 316
154 317
155 317
155 318
155 319
156 319
156 320
157 320
158 320
158 321
159 321
159 322
158 322
157 322
156 322
155 322
154 322
153 322
152 322
152 323
151 323
151 324
151 325
150 325
150 326
149 326
149 327
149 328
149 329
149 330
149 331
149 332
150 332
150 333
151 333
151 334
151 335
150 335
150 336
149 336
149 337
148 337
148 338
147 338
147 339
146 339
146 340
145 340
144 340
143 340
142 340
141 340
140 340
139 340
138 340
138 339
138 338
137 338
137 337
136 337
136 336
135 336
135 335
134 335
134 334
133 334
132 334
132 333
131 333
131 332
130 332
130 331
129 331
129 330
129 329
129 328
129 327
129 326
129 325
129 324
129 323
129 322
129 321
130 321
130 320
130 319
131 319
131 318
130 318
130 317
129 317
129 316
129 315
128 315
128 314
127 314
127 313
126 313
125 313
125 312
124 312
124 311
124 310
124 309
124 308
123 308
123 307
122 307
121 307
120 307
119 307
118 307
117 307
116 307
115 307
114 307
114 308
113 308
159 309
160 309
161 309
161 308
162 308
162 307
162 306
163 306
163 305
163 304
164 304
164 303
165 303
165 302
166 302
166 301
167 301
167 300
168 300
168 299
169 299
169 298
170 298
171 298
171 297
172 297
173 297
174 297
175 297
176 297
177 297
178 297
179 297
180 297
181 297
181 298
182 298
182 299
182 300
183 300
183 301
470 258
469 258
471 258
472 258
473 258
473 259
474 259
474 260
475 260
476 260
476 261
476 262
477 262
477 263
477 264
478 264
478 265
478 266
478 267
478 268
478 269
478 270
478 271
478 272
479 272
479 273
480 273
480 274
481 274
481 275
482 275
482 276
482 277
483 277
484 277
484 276
485 276
485 275
486 275
487 275
488 275
489 275
489 274
490 274
491 274
492 274
493 274
494 274
495 274
496 274
496 273
497 273
497 272
497 271
498 271
498 270
498 269
499 269
499 268
500 268
500 267
468 258
467 258
466 258
465 258
464 258
463 258
462 258
462 257
462 256
463 256
463 255
463 254
463 253
463 252
463 251
463 250
463 249
463 248
463 247
382 338
382 337
382 339
381 339
381 340
380 340
380 341
379 341
379 342
378 342
378 343
378 344
378 345
378 346
377 346
377 347
377 348
377 349
377 350
377 351
377 352
376 352
375 352
374 352
373 352
372 352
371 352
370 352
369 352
368 352
368 353
368 354
369 354
370 354
371 354
372 354
372 355
372 356
372 357
372 358
372 359
372 360
372 361
372 362
372 363
371 363
371 364
370 364
369 364
368 364
367 364
366 364
365 364
364 364
363 364
363 365
383 337
383 336
384 336
385 336
386 336
387 336
388 336
388 335
389 335
389 334
390 334
390 333
391 333
391 332
392 332
392 331
392 330
392 329
392 328
392 327
392 326
392 325
392 324
392 323
392 322
393 322
393 323
393 324
394 324
394 325
395 325
395 326
396 326
396 327
397 327
398 327
398 328
399 328
399 329
400 329
401 329
401 330
402 330
402 329
403 329
404 329
405 329
406 329
407 329
408 329
409 329
410 329
410 330
411 330
412 330
412 331
413 331
413 332
413 333
414 333
414 334
414 335
413 335
413 336
412 336
412 337
411 337
411 338
411 339
411 340
410 340
410 341
410 342
409 342
409 343
408 343
408 344
407 344
407 345
407 346
407 347
407 348
407 349
407 350
407 351
407 352
407 353
407 354
407 355
408 355
408 356
409 356
409 357
409 358
409 359
409 360
409 361
410 361
410 362
411 362
411 363
411 364
411 365
411 366
411 367
411 368
411 369
411 370
411 371
411 372
412 372
412 373
412 374
412 375
412 376
412 377
411 377
411 378
411 379
410 379
297 470
297 471
298 470
299 470
300 470
301 470
302 470
302 471
303 471
304 471
305 471
305 472
306 472
306 473
307 473
307 472
308 472
309 472
310 472
310 471
311 471
312 471
313 471
313 470
314 470
314 469
315 469
315 468
316 468
316 467
317 467
317 466
318 466
318 465
319 465
320 465
321 465
321 464
322 464
322 463
323 463
323 462
323 461
324 461
324 460
324 459
324 458
325 458
325 457
325 456
326 456
326 455
326 454
327 454
327 453
327 452
328 452
329 452
329 451
330 451
330 450
331 450
331 449
332 449
333 449
334 449
335 449
336 449
337 449
337 450
338 450
338 451
339 451
339 452
339 453
340 453
340 454
340 455
341 455
341 456
342 456
342 457
343 457
343 458
344 458
345 458
346 458
347 458
348 458
349 458
350 458
351 458
352 458
353 458
296 471
296 472
295 472
295 473
294 473
294 474
293 474
293 475
292 475
292 476
291 476
291 477
291 478
291 479
291 480
291 481
290 481
290 482
291 482
291 483
291 484
292 484
292 485
293 485
293 486
293 487
293 488
293 489
293 490
293 491
293 492
293 493
293 494
293 495
294 495
295 495
296 495
297 495
298 495
299 495
300 495
300 494
141 150
141 151
141 149
141 148
141 147
140 147
140 146
140 145
139 145
138 145
138 144
137 144
137 143
136 143
136 142
136 141
135 141
135 140
134 140
134 139
133 139
133 138
132 138
132 137
131 137
141 152
141 153
141 154
142 154
143 154
143 155
144 155
145 155
145 156
146 156
147 156
147 157
148 157
148 158
148 159
148 160
148 161
148 162
148 163
148 164
148 165
149 165
149 166
454 275
455 275
453 275
452 275
452 276
452 277
452 278
452 279
451 279
451 280
450 280
450 281
450 282
450 283
449 283
449 282
449 281
449 280
449 279
449 278
448 278
448 277
447 277
446 277
446 276
445 276
444 276
443 276
443 275
442 275
442 276
441 276
440 276
439 276
438 276
437 276
437 277
436 277
436 278
435 278
434 278
434 279
433 279
433 280
432 280
432 281
431 281
431 280
430 280
429 280
428 280
427 280
426 280
425 280
425 279
424 279
424 278
423 278
423 277
422 277
422 276
422 275
421 275
421 274
420 274
419 274
418 274
417 274
417 273
416 273
416 272
415 272
415 273
415 274
414 274
414 275
413 275
412 275
411 275
411 276
410 276
409 276
409 277
456 275
457 275
458 275
459 275
460 275
460 274
461 274
461 275
461 276
461 277
461 278
461 279
461 280
462 280
463 280
464 280
465 280
465 279
466 279
467 279
467 278
468 278
468 277
469 277
470 277
470 276
471 276
471 275
471 274
472 274
472 273
473 273
474 273
475 273
476 273
477 273
478 273
408 295
408 294
408 296
408 297
408 298
408 299
408 300
409 300
409 301
410 301
411 301
411 302
412 302
412 303
412 304
411 304
411 305
411 306
411 307
411 308
411 309
410 309
410 310
409 310
409 311
408 311
408 312
407 312
407 313
406 313
405 313
404 313
403 313
402 313
401 313
400 313
400 312
399 312
399 311
398 311
397 311
396 311
396 310
395 310
395 311
395 312
394 312
394 313
394 314
393 314
392 314
392 315
391 315
391 316
391 317
391 318
391 319
391 320
392 320
392 321
408 293
408 292
408 291
408 290
465 381
466 381
464 381
463 381
462 381
461 381
460 381
460 382
459 382
459 383
458 383
458 384
458 385
458 386
458 387
458 388
458 389
458 390
458 391
458 392
458 393
457 393
456 393
455 393
454 393
453 393
452 393
451 393
451 394
451 395
451 396
450 396
450 397
450 398
449 398
449 399
448 399
447 399
447 400
446 400
446 401
446 402
446 403
446 404
445 404
445 405
445 406
444 406
444 407
443 407
443 408
442 408
442 409
442 410
442 411
442 412
441 412
441 413
441 414
440 414
440 415
439 415
438 415
437 415
436 415
435 415
435 416
434 416
434 417
466 380
467 380
467 379
467 378
468 378
468 377
469 377
469 376
470 376
471 376
471 375
472 375
472 374
473 374
473 373
474 373
475 373
475 372
476 372
476 371
477 371
477 370
478 370
479 370
480 370
481 370
482 370
483 370
483 369
484 369
485 369
486 369
487 369
487 368
488 368
489 368
489 367
490 367
490 366
491 366
491 367
492 367
492 368
493 368
493 369
494 369
494 370
494 371
494 372
494 373
495 373
495 374
496 374
496 375
497 375
497 376
498 376
499 376
500 376
501 376
502 376
503 376
504 376
504 375
505 375
505 374
506 374
374 455
373 455
375 455
376 455
377 455
378 455
379 455
380 455
381 455
381 454
382 454
372 455
371 455
370 455
369 455
369 454
369 453
369 452
369 451
369 450
369 449
369 448
368 448
368 447
368 446
367 446
366 446
365 446
364 446
363 446
362 446
361 446
360 446
359 446
358 446
357 446
356 446
356 447
356 448
356 449
356 450
356 451
356 452
356 453
356 454
356 455
356 456
355 456
355 457
354 457
354 458
43 136
43 137
42 136
42 135
41 135
40 135
39 135
38 135
37 135
36 135
36 136
36 137
35 137
35 138
35 139
35 140
35 141
35 142
35 143
35 144
35 145
35 146
35 147
36 147
36 148
37 148
37 149
38 149
38 150
38 151
38 152
38 153
38 154
38 155
38 156
37 156
36 156
35 156
34 156
34 155
33 155
33 156
32 156
32 157
32 158
32 159
31 159
31 160
30 160
29 160
28 160
27 160
26 160
26 159
25 159
24 159
24 158
23 158
22 158
22 157
21 157
21 156
20 156
20 157
19 157
18 157
17 157
17 158
16 158
15 158
15 159
14 159
13 159
13 160
12 160
12 161
11 161
11 162
10 162
9 162
8 162
7 162
6 162
5 162
4 162
4 161
3 161
3 162
3 163
3 164
3 165
3 166
3 167
3 168
2 168
2 169
1 169
1 170
44 137
45 137
45 138
46 138
46 139
47 139
48 139
49 139
50 139
50 138
51 138
51 137
52 137
53 137
54 137
55 137
56 137
57 137
58 137
59 137
59 136
59 135
59 134
60 134
60 135
60 136
61 136
61 137
61 138
61 139
61 140
61 141
62 141
62 142
62 143
63 143
63 144
63 145
63 146
63 147
63 148
63 149
64 149
65 149
66 149
67 149
67 150
68 150
69 150
70 150
70 151
71 151
71 152
72 152
73 152
74 152
75 152
76 152
76 151
77 151
77 150
77 149
77 148
77 147
77 146
77 145
78 145
79 145
79 144
80 144
81 144
81 143
82 143
82 142
83 142
83 141
84 141
85 141
86 141
87 141
88 141
89 141
90 141
91 141
91 140
92 140
93 140
94 140
95 140
96 140
97 140
98 140
99 140
100 140
101 140
102 140
103 140
103 139
103 138
104 138
104 137
105 137
105 136
106 136
106 135
107 135
108 135
109 135
110 135
110 134
111 134
111 133
500 479
499 479
501 479
502 479
502 478
502 477
502 476
502 475
502 474
502 473
502 472
503 472
503 471
504 471
504 470
505 470
506 470
506 469
506 468
506 467
506 466
506 465
506 464
506 463
499 480
498 480
497 480
497 481
496 481
495 481
495 482
494 482
494 483
493 483
492 483
491 483
490 483
489 483
488 483
487 483
486 483
485 483
484 483
483 483
482 483
482 484
481 484
480 484
479 484
479 485
478 485
477 485
476 485
354 473
354 474
354 472
354 471
353 471
352 471
352 470
351 470
351 469
351 468
351 467
351 466
350 466
350 465
349 465
349 464
350 464
350 463
350 462
350 461
350 460
351 460
351 459
352 459
354 475
355 475
355 476
355 477
356 477
356 478
357 478
358 478
359 478
359 479
360 479
361 479
361 480
361 481
362 481
362 482
361 482
361 483
361 484
360 484
360 485
359 485
359 486
358 486
358 487
358 488
358 489
357 489
357 490
357 491
356 491
356 492
327 270
328 270
326 270
325 270
324 270
323 270
322 270
321 270
320 270
319 270
329 270
330 270
331 270
332 270
333 270
334 270
335 270
335 271
335 272
336 272
336 273
336 274
337 274
337 275
176 398
176 397
176 399
176 400
177 400
177 401
177 402
177 403
177 404
177 405
176 405
176 406
176 407
175 407
175 408
174 408
174 409
173 409
173 410
172 410
172 411
171 411
171 412
170 412
170 413
170 414
170 415
169 415
169 416
176 396
176 395
175 395
175 394
174 394
174 393
173 393
173 392
173 391
173 390
173 389
173 388
172 388
172 387
171 387
170 387
170 386
169 386
169 385
169 384
169 383
168 383
168 382
168 381
168 380
167 380
167 379
167 378
167 377
167 376
167 375
167 374
167 373
167 372
167 371
167 370
166 370
165 370
165 369
166 369
167 369
168 369
168 368
169 368
170 368
171 368
172 368
173 368
173 367
174 367
175 367
176 367
176 366
177 366
178 366
178 365
179 365
180 365
181 365
181 364
182 364
183 364
17 66
16 66
18 66
19 66
20 66
21 66
21 65
22 65
23 65
23 64
24 64
24 63
25 63
25 62
26 62
26 61
27 61
27 60
28 60
28 59
29 59
29 58
30 58
30 57
31 57
31 56
32 56
32 55
32 54
33 54
33 55
33 56
33 57
34 57
34 58
34 59
34 60
35 60
35 61
36 61
36 62
36 63
37 63
37 64
38 64
38 65
39 65
39 66
40 66
41 66
41 65
42 65
43 65
43 64
44 64
45 64
46 64
47 64
48 64
48 65
49 65
50 65
51 65
52 65
53 65
54 65
54 64
55 64
55 63
56 63
57 63
57 62
58 62
58 61
59 61
59 60
60 60
60 59
61 59
61 58
61 57
61 56
61 55
61 54
62 54
62 53
63 53
63 54
64 54
65 54
66 54
66 55
67 55
68 55
69 55
70 55
70 56
71 56
72 56
73 56
74 56
75 56
76 56
76 55
77 55
77 56
78 56
79 56
80 56
80 55
81 55
81 54
82 54
82 53
83 53
84 53
85 53
86 53
87 53
88 53
89 53
90 53
91 53
92 53
93 53
15 66
14 66
13 66
12 66
12 65
11 65
11 64
10 64
441 321
441 322
441 320
440 320
440 319
440 318
440 317
440 316
440 315
440 314
441 314
441 313
442 313
443 313
444 313
445 313
446 313
447 313
447 312
448 312
449 312
449 311
450 311
450 310
451 310
452 310
453 310
454 310
454 309
455 309
455 308
456 308
457 308
458 308
459 308
459 309
460 309
461 309
461 310
462 310
463 310
463 311
464 311
465 311
466 311
467 311
468 311
469 311
470 311
470 310
470 309
471 309
471 308
472 308
472 307
472 306
472 305
472 304
472 303
472 302
472 301
472 300
472 299
472 298
472 297
472 296
472 295
472 294
472 293
472 292
473 292
473 291
474 291
475 291
476 291
477 291
478 291
478 290
479 290
479 289
480 289
481 289
481 288
482 288
482 287
483 287
483 286
483 285
483 284
483 283
483 282
483 281
483 280
483 279
483 278
441 323
441 324
441 325
440 325
439 325
439 326
438 326
437 326
437 327
438 327
438 328
439 328
440 328
440 329
441 329
441 330
442 330
442 331
443 331
443 332
444 332
444 333
445 333
445 334
446 334
447 334
448 334
449 334
449 335
449 336
448 336
448 337
448 338
448 339
448 340
448 341
449 341
450 341
451 341
452 341
453 341
454 341
455 341
456 341
457 341
458 341
167 423
168 423
166 423
166 424
165 424
164 424
163 424
162 424
161 424
161 425
160 425
159 425
168 422
168 421
168 420
168 419
168 418
168 417
169 417
433 349
433 348
432 349
432 350
431 350
431 351
430 351
430 352
430 353
430 354
430 355
429 355
429 356
428 356
428 357
427 357
426 357
426 358
425 358
425 359
424 359
423 359
423 360
423 361
423 362
423 363
423 364
423 365
423 366
422 366
422 367
421 367
420 367
420 368
419 368
419 369
418 369
418 370
417 370
417 371
416 371
416 372
415 372
414 372
413 372
413 373
434 348
434 347
435 347
435 346
435 345
436 345
436 344
437 344
437 343
438 343
439 343
439 342
440 342
441 342
441 341
442 341
442 340
443 340
444 340
445 340
446 340
447 340
118 107
118 106
117 107
117 108
117 109
116 109
116 110
115 110
115 111
114 111
114 112
118 105
118 104
119 104
119 103
120 103
121 103
121 102
122 102
122 101
122 100
123 100
123 99
123 98
123 97
123 96
123 95
123 94
123 93
124 93
124 92
124 91
125 91
125 90
126 90
490 298
490 299
490 297
490 296
490 295
491 295
492 295
493 295
494 295
495 295
495 294
496 294
496 293
497 293
497 292
497 291
498 291
498 290
499 290
499 289
500 289
500 288
501 288
502 288
502 287
502 286
502 285
502 284
502 283
502 282
501 282
501 281
501 280
501 279
501 278
501 277
501 276
501 275
501 274
501 273
501 272
501 271
501 270
501 269
501 268
490 300
490 301
490 302
490 303
489 303
489 304
489 305
488 305
488 306
488 307
488 308
488 309
487 309
487 310
487 311
486 311
486 312
485 312
484 312
484 313
484 314
485 314
485 315
485 316
485 317
485 318
485 319
484 319
484 320
484 321
484 322
484 323
484 324
484 325
485 325
485 326
486 326
487 326
488 326
488 327
489 327
489 328
489 329
489 330
490 330
490 331
491 331
492 331
493 331
494 331
495 331
495 330
496 330
496 329
497 329
497 328
498 328
498 327
499 327
499 326
500 326
500 325
500 324
501 324
501 323
501 322
501 321
501 320
501 319
501 318
501 317
501 316
501 315
501 314
501 313
501 312
488 336
487 336
488 335
489 335
489 334
490 334
490 333
490 332
491 332
487 337
487 338
486 338
486 339
486 340
485 340
485 341
484 341
484 342
483 342
483 343
482 343
481 343
481 344
480 344
480 345
479 345
478 345
477 345
477 346
476 346
475 346
475 347
474 347
474 348
473 348
473 349
472 349
472 350
472 351
471 351
471 352
470 352
470 353
469 353
469 354
468 354
467 354
466 354
465 354
464 354
464 353
463 353
463 352
463 351
462 351
462 350
461 350
461 349
460 349
460 348
460 347
460 346
460 345
460 344
460 343
459 343
459 342
458 342
252 413
252 412
252 414
252 415
252 416
252 417
253 417
254 417
255 417
255 418
256 418
257 418
257 419
258 419
258 420
259 420
252 411
252 410
252 409
252 408
252 407
251 407
251 406
250 406
250 405
251 405
251 404
251 403
251 402
251 401
251 400
251 399
251 398
251 397
252 397
252 396
253 396
253 395
253 394
253 393
253 392
253 391
253 390
253 389
253 388
254 388
255 388
255 387
256 387
256 386
257 386
257 385
258 385
258 384
258 383
258 382
258 381
259 381
260 381
261 381
262 381
263 381
263 380
263 379
264 379
264 378
21 107
21 108
20 107
20 106
19 106
18 106
17 106
16 106
15 106
14 106
13 106
12 106
12 105
11 105
21 109
21 110
22 110
22 111
22 112
23 112
23 113
24 113
24 114
25 114
26 114
26 115
27 115
27 116
26 116
26 117
25 117
25 118
24 118
24 119
24 120
24 121
24 122
24 123
24 124
24 125
24 126
24 127
24 128
25 128
26 128
27 128
28 128
29 128
30 128
30 127
31 127
32 127
33 127
34 127
35 127
35 128
36 128
36 129
36 130
36 131
36 132
36 133
36 134
238 341
239 341
237 341
236 341
235 341
234 341
233 341
232 341
231 341
231 342
230 342
230 343
230 344
230 345
230 346
230 347
229 347
229 348
228 348
228 349
227 349
227 350
226 350
226 351
226 352
226 353
225 353
225 354
225 355
225 356
225 357
225 358
225 359
225 360
224 360
224 361
224 362
224 363
223 363
223 364
222 364
221 364
220 364
219 364
218 364
217 364
217 365
240 341
241 341
242 341
243 341
243 342
244 342
245 342
246 342
246 343
247 343
248 343
249 343
250 343
251 343
252 343
253 343
254 343
277 378
277 379
277 377
276 377
276 376
275 376
275 375
274 375
273 375
272 375
271 375
270 375
269 375
268 375
267 375
267 376
266 376
265 376
265 377
264 377
277 380
277 381
277 382
277 383
277 384
278 384
278 385
279 385
279 386
280 386
280 387
281 387
438 423
438 422
438 424
438 425
438 426
438 427
438 428
438 421
438 420
438 419
437 419
436 419
436 418
435 418
434 418
224 395
223 395
225 395
226 395
226 396
227 396
227 397
228 397
228 398
229 398
230 398
230 399
231 399
232 399
232 398
233 398
233 397
234 397
234 396
235 396
236 396
237 396
238 396
239 396
240 396
241 396
241 395
242 395
242 394
242 393
242 392
242 391
242 390
242 389
243 389
244 389
244 388
245 388
245 387
246 387
247 387
247 386
248 386
249 386
250 386
251 386
252 386
253 386
253 387
254 387
222 395
221 395
220 395
220 394
221 394
221 393
221 392
221 391
221 390
221 389
221 388
220 388
220 387
219 387
219 386
218 386
217 386
217 385
216 385
216 384
216 383
216 382
216 381
216 380
216 379
216 378
216 377
215 377
215 376
215 375
215 374
215 373
215 372
215 371
215 370
215 369
215 368
215 367
215 366
211 395
210 395
212 395
212 396
213 396
214 396
215 396
216 396
217 396
218 396
218 395
219 395
209 395
208 395
207 395
207 394
206 394
205 394
205 393
204 393
203 393
202 393
202 394
202 395
201 395
201 396
200 396
200 397
199 397
199 398
198 398
198 399
197 399
197 400
196 400
195 400
194 400
194 401
193 401
193 400
192 400
192 399
192 398
192 397
192 396
191 396
191 395
190 395
189 395
188 395
187 395
186 395
186 396
185 396
184 396
184 397
183 397
183 398
182 398
181 398
181 399
180 399
180 400
180 401
179 401
179 402
178 402
178 403
178 404
383 309
383 308
382 309
382 310
381 310
381 311
380 311
379 311
378 311
377 311
377 312
377 313
376 313
376 314
375 314
374 314
374 315
384 308
385 308
385 309
386 309
386 310
387 310
387 311
387 312
388 312
388 313
388 314
389 314
389 315
390 315
390 316
390 317
390 318
390 319
425 376
426 376
425 375
424 375
424 374
424 373
424 372
424 371
424 370
424 369
424 368
424 367
423 367
426 377
427 377
427 378
427 379
427 380
427 381
427 382
427 383
427 384
426 384
425 384
425 385
424 385
424 386
424 387
424 388
424 389
424 390
424 391
424 392
423 392
423 393
422 393
422 394
422 395
422 396
422 397
422 398
422 399
423 399
423 400
424 400
424 401
424 402
424 403
424 404
424 405
424 406
424 407
424 408
424 409
424 410
424 411
425 411
425 412
425 413
426 413
426 414
427 414
428 414
428 415
429 415
430 415
431 415
432 415
432 416
433 416
433 417
263 428
263 429
263 427
263 426
262 426
262 425
261 425
261 424
261 423
260 423
260 422
260 421
259 421
263 430
263 431
263 432
262 432
262 433
262 434
261 434
261 435
261 436
260 436
260 437
259 437
259 438
258 438
257 438
256 438
255 438
254 438
253 438
252 438
252 439
251 439
250 439
249 439
249 438
249 437
249 436
249 435
249 434
249 433
249 432
248 432
472 359
472 358
473 359
473 360
474 360
475 360
476 360
477 360
478 360
479 360
479 361
480 361
480 362
481 362
481 363
481 364
482 364
482 365
482 366
483 366
483 367
484 367
484 368
485 368
486 368
471 358
471 357
471 356
471 355
471 354
471 353
365 412
364 412
366 412
367 412
368 412
369 412
370 412
371 412
372 412
373 412
373 411
374 411
374 410
374 409
375 409
375 408
376 408
376 407
377 407
377 406
363 412
362 412
361 412
360 412
359 412
358 412
357 412
356 412
505 233
504 233
506 233
507 233
507 234
508 234
508 235
509 235
509 236
509 237
509 238
509 239
509 240
509 241
510 241
510 242
511 242
511 243
511 244
510 244
510 245
510 246
509 246
509 247
508 247
508 248
507 248
507 249
506 249
506 250
505 250
505 251
504 251
504 252
505 252
505 253
505 254
505 255
505 256
505 257
505 258
505 259
505 260
505 261
505 262
505 263
505 264
505 265
505 266
505 267
504 267
503 267
502 267
501 267
503 233
502 233
502 232
501 232
501 231
501 230
501 229
500 229
500 228
500 227
500 226
499 226
499 225
498 225
497 225
496 225
495 225
494 225
493 225
492 225
491 225
490 225
489 225
489 224
489 223
490 223
490 222
490 221
490 220
490 219
490 218
490 217
490 216
490 215
490 214
489 214
489 213
488 213
487 213
487 212
486 212
485 212
485 211
484 211
483 211
482 211
481 211
480 211
479 211
478 211
477 211
476 211
475 211
474 211
474 210
474 209
473 209
473 208
473 207
473 206
472 206
472 205
472 204
471 204
471 203
471 202
470 202
470 201
470 200
469 200
468 200
467 200
466 200
466 199
466 198
466 197
466 196
466 195
466 194
466 193
466 192
467 192
467 191
468 191
468 190
468 189
468 188
468 187
468 186
469 186
469 185
470 185
470 184
470 183
470 182
470 181
470 180
470 179
470 178
471 178
472 178
473 178
474 178
474 177
473 177
472 177
471 177
470 177
470 176
469 176
468 176
468 175
467 175
466 175
466 174
466 173
466 172
466 171
467 171
467 170
467 169
467 168
467 167
271 444
272 444
271 443
270 443
270 442
269 442
269 441
268 441
267 441
267 440
266 440
265 440
264 440
263 440
262 440
261 440
261 439
260 439
260 438
272 445
272 446
273 446
273 447
274 447
275 447
275 448
276 448
277 448
278 448
279 448
280 448
281 448
282 448
282 449
283 449
283 450
284 450
285 450
286 450
287 450
288 450
289 450
290 450
291 450
292 450
293 450
294 450
295 450
296 450
296 451
297 451
297 452
298 452
299 452
300 452
300 453
301 453
301 454
302 454
302 455
303 455
303 456
304 456
304 457
304 458
304 459
303 459
303 460
303 461
302 461
302 462
301 462
300 462
299 462
299 463
298 463
297 463
297 464
297 465
297 466
297 467
297 468
298 468
298 469
299 469
300 469
352 436
352 437
352 435
352 434
352 433
353 433
353 432
354 432
354 431
354 430
355 430
355 429
356 429
356 428
357 428
357 427
357 426
357 425
358 425
358 424
358 423
359 423
359 422
358 422
358 421
357 421
357 420
356 420
356 419
356 418
356 417
356 416
356 415
356 414
356 413
352 438
352 439
352 440
352 441
352 442
352 443
353 443
353 444
354 444
354 445
355 445
355 446
23 90
23 91
23 89
23 88
23 87
23 86
23 85
23 84
23 83
23 82
22 82
22 81
22 80
23 80
24 80
25 80
26 80
27 80
28 80
28 79
29 79
30 79
30 78
31 78
31 77
32 77
32 76
33 76
34 76
35 76
36 76
37 76
38 76
39 76
40 76
41 76
42 76
42 75
43 75
43 74
43 73
43 72
42 72
42 71
41 71
41 70
41 69
41 68
41 67
40 67
23 92
23 93
23 94
22 94
22 95
21 95
21 96
21 97
20 97
20 98
19 98
18 98
17 98
17 99
16 99
16 100
15 100
15 101
15 102
15 103
14 103
14 104
13 104
13 105
385 386
384 386
386 386
387 386
387 385
388 385
388 384
388 383
389 383
389 382
389 381
390 381
390 380
390 379
391 379
391 378
391 377
391 376
391 375
391 374
391 373
391 372
392 372
392 371
392 370
393 370
393 369
394 369
394 368
395 368
396 368
397 368
398 368
399 368
400 368
401 368
402 368
403 368
403 369
404 369
405 369
406 369
407 369
408 369
409 369
409 370
410 370
410 371
383 386
383 387
382 387
382 388
382 389
382 390
382 391
381 391
380 391
379 391
378 391
378 392
379 392
380 392
380 393
380 394
380 395
380 396
380 397
380 398
380 399
380 400
380 401
380 402
380 403
380 404
379 404
379 405
378 405
378 406
347 409
347 410
348 409
349 409
350 409
351 409
352 409
353 409
353 410
354 410
354 411
355 411
355 412
346 410
345 410
344 410
344 411
343 411
342 411
341 411
340 411
339 411
338 411
337 411
337 412
337 413
336 413
336 414
335 414
335 415
334 415
334 416
333 416
333 417
511 482
511 481
511 483
511 484
511 485
511 486
511 487
511 488
511 489
511 490
511 491
511 492
511 493
511 494
511 495
511 496
511 497
510 497
509 497
508 497
507 497
507 496
506 496
506 495
505 495
505 494
504 494
504 493
511 480
511 479
511 478
511 477
511 476
510 476
509 476
508 476
507 476
506 476
505 476
505 475
505 474
504 474
504 473
503 473
91 380
90 380
92 380
92 379
93 379
94 379
94 378
95 378
96 378
97 378
98 378
98 377
99 377
99 376
100 376
100 375
101 375
101 374
101 373
101 372
101 371
102 371
102 370
103 370
104 370
104 369
105 369
105 368
106 368
106 367
107 367
107 366
108 366
108 365
108 364
109 364
109 363
109 362
110 362
110 361
110 360
110 359
110 358
110 357
110 356
111 356
111 355
112 355
113 355
114 355
115 355
115 354
116 354
117 354
117 353
117 352
118 352
118 351
119 351
120 351
121 351
122 351
123 351
124 351
124 350
125 350
125 349
126 349
126 348
127 348
127 347
128 347
128 346
128 345
128 344
128 343
128 342
129 342
129 341
130 341
130 340
131 340
131 339
132 339
132 338
132 337
132 336
132 335
89 380
88 380
88 381
87 381
87 382
87 383
87 384
87 385
86 385
86 386
86 387
86 388
85 388
85 387
85 386
85 385
85 384
85 383
85 382
85 381
84 381
83 381
83 380
82 380
81 380
81 379
80 379
79 379
78 379
77 379
76 379
76 378
75 378
75 377
74 377
74 376
73 376
72 376
71 376
71 377
70 377
69 377
69 378
68 378
68 379
67 379
66 379
65 379
64 379
64 380
63 380
63 379
63 378
63 377
63 376
62 376
62 375
61 375
61 374
60 374
60 373
59 373
59 372
58 372
57 372
57 371
57 370
57 369
58 369
58 368
59 368
59 367
59 366
60 366
60 365
61 365
61 364
61 363
61 362
61 361
61 360
62 360
63 360
63 359
64 359
64 358
64 357
65 357
65 356
65 355
66 355
66 354
66 353
67 353
67 352
67 351
67 350
68 350
68 349
69 349
69 348
69 347
70 347
70 346
71 346
72 346
73 346
73 345
74 345
74 344
75 344
75 343
300 333
299 333
301 333
302 333
302 332
302 331
303 331
304 331
304 330
305 330
305 331
305 332
305 333
305 334
305 335
305 336
305 337
306 337
306 338
307 338
307 339
307 340
307 341
307 342
307 343
307 344
307 345
307 346
307 347
308 347
308 348
298 333
297 333
296 333
295 333
295 334
294 334
294 335
293 335
292 335
292 336
291 336
291 337
290 337
290 338
290 339
289 339
289 340
289 341
288 341
288 342
288 343
288 344
287 344
287 345
286 345
286 346
286 347
286 348
286 349
286 350
285 350
285 351
286 351
286 352
287 352
287 353
287 354
287 355
287 356
287 357
287 358
286 358
286 359
285 359
284 359
284 360
283 360
283 361
282 361
282 362
281 362
280 362
280 363
279 363
279 364
279 365
279 366
279 367
279 368
279 369
279 370
279 371
279 372
278 372
278 373
277 373
277 374
276 374
275 374
274 374
273 374
272 374
271 374
177 461
176 461
178 461
178 462
178 463
178 464
178 465
177 465
177 466
177 467
176 467
176 468
176 469
176 470
176 471
176 472
175 472
175 473
175 474
174 474
174 475
174 476
174 477
174 478
173 478
173 479
175 461
174 461
173 461
173 460
172 460
171 460
171 459
170 459
170 458
170 457
170 456
170 455
170 454
170 453
170 452
170 451
170 450
170 449
170 448
170 447
171 447
171 446
171 445
172 445
172 444
172 443
173 443
173 442
173 441
174 441
174 440
174 439
175 439
176 439
176 438
177 438
177 437
177 436
178 436
178 435
178 434
179 434
179 433
179 432
179 431
180 431
180 430
181 430
181 429
181 428
182 428
182 427
183 427
183 426
184 426
184 425
185 425
186 425
187 425
188 425
189 425
190 425
191 425
191 424
192 424
192 423
192 422
192 421
192 420
192 419
192 418
192 417
192 416
192 415
192 414
192 413
192 412
191 412
191 411
190 411
190 410
189 410
189 409
188 409
188 408
188 407
188 406
189 406
189 405
189 404
190 404
190 403
191 403
191 402
192 402
193 402
81 99
81 100
81 98
81 97
81 96
81 95
81 94
81 93
82 93
82 92
81 92
81 91
81 90
81 89
81 88
81 87
81 86
81 85
80 85
80 84
80 83
79 83
79 82
79 81
78 81
78 80
79 80
79 79
79 78
79 77
79 76
79 75
79 74
80 74
80 75
81 75
82 75
83 75
84 75
85 75
86 75
86 74
87 74
87 73
87 72
87 71
87 70
87 69
87 68
87 67
87 66
87 65
87 64
87 63
88 63
88 62
89 62
89 61
89 60
90 60
90 59
91 59
91 58
92 58
93 58
81 101
81 102
81 103
81 104
81 105
81 106
81 107
82 107
82 108
83 108
83 109
83 110
83 111
82 111
82 112
82 113
82 114
81 114
81 115
80 115
79 115
78 115
77 115
76 115
75 115
75 114
74 114
74 115
73 115
73 116
72 116
72 117
71 117
71 118
70 118
69 118
69 119
68 119
68 120
67 120
66 120
66 121
65 121
65 122
64 122
63 122
63 123
62 123
61 123
61 124
60 124
59 124
59 125
59 126
59 127
59 128
59 129
59 130
59 131
59 132
59 133
336 341
337 341
336 342
336 343
335 343
335 344
334 344
333 344
333 345
332 345
331 345
330 345
329 345
328 345
328 346
327 346
327 347
327 348
327 349
327 350
326 350
337 340
337 339
338 339
338 338
338 337
339 337
339 336
339 335
340 335
341 335
341 334
342 334
342 335
343 335
344 335
344 336
345 336
346 336
347 336
348 336
349 336
350 336
351 336
352 336
352 337
353 337
353 336
354 336
354 335
355 335
355 334
355 333
356 333
356 332
356 331
355 331
355 330
355 329
355 328
355 327
355 326
355 325
355 324
354 324
354 323
354 322
354 321
354 320
354 319
354 318
354 317
355 317
356 317
357 317
358 317
359 317
359 316
360 316
360 315
335 301
334 301
336 301
337 301
338 301
339 301
340 301
341 301
342 301
343 301
344 301
345 301
345 302
346 302
346 301
347 301
347 300
347 299
348 299
349 299
350 299
351 299
352 299
353 299
354 299
354 300
333 301
332 301
332 300
331 300
331 299
331 298
330 298
330 297
329 297
329 296
328 296
328 295
327 295
326 295
326 294
325 294
324 294
324 293
323 293
322 293
321 293
320 293
319 293
318 293
317 293
316 293
315 293
315 294
314 294
314 293
314 292
314 291
314 290
314 289
314 288
314 287
314 286
314 285
314 284
314 283
314 282
314 281
314 280
314 279
314 278
314 277
314 276
314 275
314 274
314 273
315 273
316 273
24 270
24 269
24 271
25 271
25 272
26 272
26 273
26 274
26 275
25 275
25 276
25 277
24 277
24 278
23 278
23 279
23 280
23 281
23 282
23 283
23 284
23 285
22 285
21 285
20 285
19 285
18 285
17 285
17 286
16 286
16 287
16 288
16 289
16 290
16 291
16 292
16 293
15 293
15 294
14 294
14 295
14 296
14 297
14 298
14 299
14 300
14 301
14 302
13 302
12 302
11 302
10 302
9 302
8 302
7 302
7 303
6 303
24 268
24 267
24 266
24 265
24 264
23 264
22 264
22 263
21 263
21 262
21 261
21 260
21 259
21 258
21 257
20 257
19 257
19 256
18 256
18 255
18 254
18 253
18 252
18 251
17 251
16 251
16 250
15 250
15 249
14 249
14 248
14 247
49 409
50 409
48 409
47 409
46 409
45 409
44 409
43 409
42 409
41 409
41 410
40 410
39 410
39 411
38 411
37 411
36 411
35 411
34 411
34 410
34 409
33 409
33 408
33 407
32 407
51 409
52 409
53 409
54 409
55 409
56 409
57 409
58 409
59 409
59 410
60 410
61 410
62 410
62 409
63 409
63 408
64 408
64 407
65 407
65 406
65 405
66 405
66 404
67 404
67 403
68 403
69 403
70 403
70 402
69 402
68 402
67 402
66 402
65 402
64 402
64 401
64 400
64 399
63 399
63 398
63 397
62 397
62 396
62 395
62 394
62 393
62 392
62 391
62 390
62 389
63 389
64 389
65 389
66 389
67 389
68 389
69 389
69 388
69 387
69 386
69 385
70 385
70 384
70 383
69 383
69 382
68 382
68 381
68 380
325 396
325 397
325 395
325 394
325 393
325 392
325 391
325 390
324 390
324 391
323 391
322 391
321 391
320 391
320 392
319 392
318 392
318 393
317 393
316 393
315 393
314 393
313 393
312 393
311 393
310 393
309 393
308 393
307 393
306 393
305 393
304 393
303 393
302 393
302 394
301 394
301 395
300 395
300 396
300 397
299 397
299 398
298 398
297 398
297 399
296 399
295 399
294 399
293 399
293 398
293 397
293 396
293 395
293 394
293 393
293 392
292 392
291 392
291 391
290 391
289 391
289 390
288 390
287 390
286 390
286 389
285 389
285 388
284 388
283 388
283 387
282 387
325 398
325 399
325 400
325 401
325 402
326 402
326 403
326 404
326 405
326 406
327 406
327 407
328 407
328 408
329 408
329 409
329 410
329 411
330 411
330 412
330 413
331 413
331 414
331 415
332 415
332 416
29 461
28 461
29 460
30 460
31 460
32 460
33 460
34 460
35 460
36 460
36 461
37 461
38 461
39 461
40 461
40 462
41 462
41 463
42 463
42 462
42 461
42 460
42 459
42 458
42 457
42 456
42 455
42 454
42 453
42 452
42 451
42 450
42 449
43 449
43 448
43 447
43 446
43 445
44 445
44 446
45 446
45 447
46 447
47 447
48 447
49 447
49 446
50 446
50 445
51 445
51 444
51 443
52 443
52 442
52 441
53 441
53 440
53 439
54 439
54 438
54 437
54 436
54 435
55 435
55 434
55 433
55 432
55 431
55 430
55 429
55 428
55 427
55 426
55 425
56 425
56 424
57 424
57 423
57 422
57 421
57 420
57 419
57 418
58 418
58 417
58 416
58 415
58 414
59 414
59 413
59 412
59 411
60 411
28 462
28 463
27 463
27 464
27 465
26 465
26 466
26 467
26 468
26 469
25 469
25 470
25 471
316 350
316 349
316 351
316 352
316 353
316 354
316 355
316 356
316 357
316 358
315 358
315 357
315 356
315 355
315 354
315 353
315 352
314 352
314 351
313 351
312 351
311 351
311 350
310 350
309 350
309 349
308 349
317 349
317 348
318 348
318 347
319 347
320 347
321 347
322 347
323 347
324 347
325 347
326 347
326 348
326 349
231 434
231 435
231 433
231 432
230 432
230 431
229 431
229 430
229 429
228 429
228 428
228 427
228 426
228 425
227 425
227 424
226 424
231 436
231 437
232 437
232 438
232 439
233 439
233 440
233 441
233 442
234 442
234 441
234 440
235 440
235 439
236 439
236 438
237 438
237 437
238 437
239 437
240 437
240 436
241 436
242 436
243 436
244 436
244 435
245 435
245 434
246 434
246 433
247 433
247 432
391 464
390 464
392 464
392 465
393 465
394 465
394 466
395 466
396 466
396 467
395 467
395 468
395 469
395 470
395 471
395 472
395 473
395 474
395 475
395 476
395 477
395 478
396 478
397 478
398 478
398 479
399 479
400 479
401 479
402 479
403 479
403 480
403 481
403 482
403 483
403 484
403 485
403 486
403 487
404 487
390 463
389 463
389 462
388 462
388 461
388 460
387 460
387 459
387 458
387 457
386 457
386 456
385 456
385 455
384 455
383 455
383 454
66 458
65 458
67 458
68 458
68 459
69 459
70 459
71 459
72 459
73 459
74 459
75 459
75 460
76 460
76 461
65 457
64 457
64 456
63 456
63 455
63 454
62 454
62 453
61 453
61 454
61 455
60 455
60 456
59 456
59 457
58 457
57 457
56 457
55 457
54 457
53 457
52 457
51 457
51 458
50 458
49 458
49 459
48 459
47 459
47 460
47 461
46 461
46 462
45 462
44 462
44 463
43 463
251 490
251 489
252 490
253 490
253 491
254 491
254 492
255 492
255 493
256 493
256 494
257 494
257 495
258 495
259 495
259 496
260 496
261 496
261 497
262 497
263 497
263 498
264 498
265 498
266 498
266 499
266 500
266 501
266 502
266 503
267 503
267 504
267 505
267 506
267 507
268 507
269 507
270 507
270 506
271 506
271 505
272 505
272 504
272 503
273 503
273 502
274 502
275 502
275 501
276 501
277 501
277 500
278 500
278 499
279 499
279 498
279 497
279 496
280 496
280 495
281 495
281 494
281 493
281 492
281 491
281 490
281 489
281 488
280 488
280 487
279 487
279 486
280 486
281 486
282 486
283 486
284 486
285 486
286 486
287 486
288 486
289 486
290 486
290 485
290 484
290 483
250 489
249 489
248 489
248 488
247 488
247 487
246 487
246 486
246 485
245 485
245 484
245 483
245 482
245 481
245 480
245 479
245 478
245 477
245 476
244 476
243 476
243 475
242 475
241 475
241 474
240 474
240 473
241 473
241 472
242 472
242 471
243 471
243 470
244 470
245 470
246 470
247 470
248 470
248 469
249 469
250 469
251 469
252 469
253 469
254 469
255 469
255 468
256 468
256 467
257 467
258 467
259 467
260 467
260 466
260 465
260 464
261 464
261 463
261 462
261 461
262 461
262 460
262 459
263 459
263 458
262 458
262 457
262 456
262 455
262 454
261 454
261 453
261 452
260 452
259 452
259 451
258 451
257 451
257 450
257 449
257 448
257 447
257 446
258 446
258 445
258 444
259 444
259 443
259 442
259 441
259 440
259 439
75 451
75 450
75 452
76 452
76 453
76 454
76 455
76 456
76 457
76 458
76 459
74 450
74 449
74 448
74 447
73 447
73 446
72 446
72 445
72 444
73 444
73 443
74 443
74 442
75 442
75 441
76 441
76 440
77 440
61 284
60 284
62 284
63 284
63 285
64 285
64 286
65 286
66 286
66 287
67 287
68 287
69 287
70 287
71 287
72 287
73 287
74 287
75 287
76 287
77 287
77 286
78 286
79 286
80 286
81 286
82 286
83 286
83 287
84 287
84 288
85 288
86 288
87 288
88 288
88 289
89 289
90 289
90 290
91 290
91 291
92 291
93 291
94 291
95 291
96 291
97 291
98 291
99 291
100 291
100 290
100 289
100 288
100 287
100 286
100 285
100 284
99 284
99 283
99 282
98 282
98 281
97 281
97 280
96 280
96 279
97 279
97 278
98 278
99 278
100 278
100 277
101 277
101 276
101 275
101 274
102 274
102 273
102 272
102 271
101 271
101 270
100 270
100 269
99 269
99 268
99 267
99 266
99 265
99 264
99 263
98 263
98 262
97 262
97 261
96 261
96 260
95 260
95 259
95 258
95 257
95 256
95 255
95 254
95 253
96 253
97 253
98 253
98 252
99 252
99 251
100 251
100 250
101 250
101 249
101 248
101 247
101 246
101 245
101 244
102 244
102 243
103 243
104 243
105 243
106 243
107 243
108 243
108 242
109 242
109 241
109 240
109 239
109 238
109 237
109 236
109 235
109 234
110 234
110 233
110 232
110 231
110 230
111 230
111 229
111 228
112 228
112 227
112 226
111 226
111 225
111 224
111 223
111 222
111 221
111 220
112 220
112 219
112 218
113 218
113 217
59 284
58 284
57 284
57 283
56 283
56 284
56 285
55 285
55 286
54 286
53 286
53 287
53 288
52 288
52 289
51 289
51 290
50 290
49 290
48 290
47 290
46 290
46 291
45 291
45 292
44 292
43 292
42 292
41 292
40 292
40 291
39 291
39 290
38 290
38 289
37 289
37 288
36 288
35 288
34 288
33 288
32 288
31 288
30 288
29 288
28 288
27 288
26 288
25 288
25 289
24 289
24 288
24 287
24 286
23 286
3 435
3 434
2 435
2 436
1 436
1 437
0 437
0 438
0 439
0 440
0 441
0 442
0 443
0 444
0 445
0 446
1 446
2 446
2 447
3 447
4 434
4 433
4 432
5 432
5 431
6 431
6 430
6 429
6 428
6 427
5 427
5 426
6 426
7 426
8 426
9 426
10 426
11 426
11 425
12 425
12 424
13 424
13 423
14 423
15 423
15 422
16 422
17 422
17 421
18 421
19 421
19 420
20 420
20 419
21 419
21 418
22 418
22 417
22 416
23 416
23 415
24 415
24 414
25 414
25 413
26 413
27 413
28 413
28 412
29 412
29 411
30 411
30 410
30 409
31 409
31 408
32 408
