152 53
152 54
153 53
153 52
154 52
154 51
155 51
155 50
155 49
156 49
156 48
156 47
157 47
157 46
158 46
158 45
159 45
159 44
160 44
160 43
161 43
162 43
162 42
151 54
150 54
150 55
149 55
149 56
148 56
148 57
312 3
313 3
311 3
311 2
310 2
309 2
309 1
314 3
315 3
315 4
316 4
316 5
317 5
25 90
24 90
26 90
27 90
28 90
29 90
29 91
30 91
31 91
32 91
33 91
33 92
34 92
35 92
36 92
23 90
22 90
21 90
20 90
19 90
19 91
18 91
127 68
127 69
128 68
129 68
129 67
130 67
130 66
131 66
131 65
132 65
132 64
126 69
125 69
124 69
123 69
123 70
122 70
121 70
120 70
119 70
119 71
118 71
117 71
116 71
115 71
114 71
114 72
113 72
112 72
111 72
110 72
110 73
109 73
108 73
107 73
106 73
105 73
105 74
104 74
103 74
102 74
102 75
101 75
100 75
100 76
99 76
98 76
164 66
165 66
164 67
163 67
162 67
162 68
161 68
161 69
160 69
160 70
159 70
159 69
158 69
157 69
156 69
155 69
154 69
153 69
152 69
166 66
167 66
168 66
169 66
170 66
171 66
171 65
172 65
142 59
141 59
143 59
144 59
145 59
146 59
147 59
147 58
148 58
140 59
140 60
139 60
139 61
138 61
138 62
137 62
136 62
135 62
134 62
134 63
133 63
133 64
179 25
179 24
178 25
178 26
177 26
177 27
176 27
175 27
175 28
174 28
174 29
173 29
173 30
173 31
172 31
172 32
172 33
171 33
171 34
170 34
170 35
169 35
168 35
168 36
167 36
167 37
166 37
165 37
165 38
164 38
164 39
164 40
163 40
163 41
162 41
179 23
179 22
179 21
179 20
180 20
177 61
177 60
176 61
176 62
175 62
175 63
174 63
174 64
173 64
173 65
178 60
178 59
179 59
179 58
180 58
180 57
181 57
181 56
181 55
181 54
181 53
181 52
181 51
182 51
182 50
41 99
41 100
41 98
42 98
42 97
43 97
43 96
42 96
41 96
41 95
40 95
40 94
39 94
38 94
38 93
37 93
36 93
41 101
41 102
41 103
41 104
41 105
41 106
40 106
52 95
53 95
51 95
50 95
49 95
49 96
48 96
47 96
46 96
46 97
45 97
44 97
54 95
55 95
56 95
57 95
58 95
59 95
60 95
60 94
61 94
61 93
62 93
63 93
63 92
64 92
64 91
65 91
66 91
66 90
67 90
68 90
68 89
69 89
70 89
70 88
71 88
71 87
72 87
73 87
73 86
74 86
74 85
75 85
76 85
76 84
77 84
78 84
78 83
79 83
80 83
80 82
81 82
81 81
82 81
83 81
83 80
84 80
85 80
86 80
86 79
87 79
88 79
89 79
89 78
90 78
91 78
91 77
92 77
93 77
94 77
95 77
96 77
97 77
97 76
147 63
147 64
147 62
147 61
147 60
147 65
147 66
148 66
148 67
149 67
150 67
150 68
151 68
152 68
54 48
55 48
53 48
52 48
52 49
51 49
51 50
50 50
50 49
49 49
49 48
48 48
47 48
46 48
45 48
44 48
43 48
42 48
41 48
40 48
56 48
57 48
58 48
59 48
59 47
60 47
60 46
61 46
476 243
475 243
477 243
478 243
479 243
480 243
481 243
482 243
483 243
484 243
485 243
486 243
487 243
488 243
474 243
473 243
472 243
471 243
470 243
470 242
469 242
98 129
97 129
98 130
98 131
98 132
99 132
99 133
100 133
101 133
102 133
103 133
104 133
104 132
105 132
106 132
106 131
107 131
107 130
108 130
108 129
97 128
97 127
96 127
96 126
96 125
96 124
95 124
95 123
95 122
75 76
74 76
76 76
77 76
78 76
79 76
80 76
80 77
80 78
80 79
80 80
80 81
73 76
72 76
71 76
70 76
69 76
68 76
68 75
67 75
66 75
66 74
129 74
129 73
129 75
130 75
130 76
131 76
131 77
132 77
133 77
133 78
134 78
134 79
135 79
129 72
129 71
129 70
129 69
56 61
57 61
55 61
54 61
53 61
53 60
52 60
52 59
51 59
50 59
50 58
49 58
49 57
49 56
49 55
49 54
50 54
50 53
50 52
50 51
58 61
58 62
59 62
59 63
60 63
60 64
60 65
60 66
60 67
61 67
61 68
61 69
62 69
62 70
63 70
63 71
63 72
64 72
64 73
65 73
65 74
4 99
4 98
4 100
4 101
3 101
3 102
2 102
2 103
1 103
0 103
0 104
5 98
5 97
5 96
5 95
5 94
5 93
5 92
5 91
6 91
6 90
6 89
7 89
8 89
8 90
9 90
9 91
10 91
11 91
12 91
13 91
14 91
15 91
16 91
17 91
28 435
28 436
28 434
28 433
28 432
28 431
27 431
27 430
27 429
27 428
26 428
26 427
25 427
24 427
23 427
22 427
21 427
21 428
20 428
20 429
19 429
28 437
28 438
28 439
29 439
29 440
29 441
30 441
30 442
30 443
31 443
31 444
32 444
32 445
33 445
34 445
35 445
35 446
36 446
37 446
38 446
38 447
39 447
40 447
40 446
41 446
41 445
42 445
42 444
42 443
42 442
42 441
42 440
42 439
42 438
42 437
43 437
43 436
43 435
43 434
43 433
43 432
43 431
43 430
44 430
44 431
45 431
45 432
46 432
46 433
46 434
47 434
47 435
47 436
48 436
48 437
48 438
49 438
49 439
50 439
51 439
51 440
52 440
53 440
54 440
55 440
56 440
57 440
58 440
59 440
60 440
60 439
61 439
61 438
62 438
62 437
62 436
63 436
64 436
64 435
65 435
66 435
66 434
65 434
64 434
64 433
63 433
63 432
63 431
63 430
63 429
63 428
62 428
62 427
61 427
61 426
103 490
102 490
104 490
105 490
106 490
107 490
107 491
108 491
108 492
101 490
100 490
99 490
98 490
97 490
96 490
96 489
97 489
97 488
97 487
97 486
97 485
97 484
96 484
96 483
95 483
95 482
94 482
94 481
94 480
93 480
93 479
93 478
93 477
94 477
94 476
94 475
95 475
95 474
95 473
95 472
95 471
95 470
95 469
96 469
96 468
97 468
97 467
98 467
99 467
100 467
101 467
102 467
103 467
104 467
104 466
104 465
104 464
104 463
104 462
104 461
104 460
104 459
104 458
104 457
104 456
104 455
104 454
103 454
103 453
103 452
103 451
103 450
102 450
102 449
103 449
103 448
104 448
104 447
105 447
105 446
106 446
106 445
107 445
107 444
108 444
108 443
109 443
67 450
68 450
66 450
65 450
64 450
63 450
63 451
63 452
63 453
63 454
62 454
62 453
62 452
62 451
62 450
62 449
62 448
62 447
61 447
61 446
60 446
60 445
60 444
60 443
60 442
60 441
69 450
70 450
71 450
72 450
73 450
74 450
74 449
75 449
75 448
76 448
76 447
76 446
77 446
77 445
77 444
78 444
78 443
78 442
79 442
80 442
80 443
81 443
81 444
82 444
83 444
83 445
84 445
84 446
85 446
86 446
87 446
88 446
89 446
90 446
91 446
92 446
93 446
94 446
95 446
96 446
96 447
97 447
98 447
99 447
100 447
100 448
101 448
101 449
61 346
62 346
60 346
59 346
58 346
58 347
57 347
57 348
57 349
56 349
56 350
55 350
55 351
55 352
55 353
55 354
55 355
55 356
55 357
54 357
53 357
53 358
52 358
51 358
50 358
50 359
49 359
49 358
48 358
47 358
47 357
46 357
46 356
45 356
44 356
44 355
43 355
43 354
42 354
41 354
41 353
40 353
39 353
38 353
38 352
37 352
37 351
37 350
37 349
36 349
36 348
36 347
35 347
34 347
33 347
32 347
31 347
30 347
29 347
28 347
28 346
27 346
26 346
26 345
25 345
25 344
24 344
23 344
23 343
63 346
64 346
64 345
65 345
66 345
67 345
68 345
69 345
69 344
70 344
70 345
71 345
71 346
71 347
72 347
72 348
73 348
73 349
73 350
74 350
75 350
76 350
76 351
77 351
78 351
78 352
79 352
79 353
80 353
80 354
81 354
81 355
81 356
81 357
81 358
81 359
82 359
82 360
83 360
83 361
83 362
84 362
84 363
85 363
85 364
85 365
85 366
85 367
85 368
85 369
85 370
84 370
84 371
83 371
83 372
82 372
82 373
81 373
80 373
80 374
79 374
79 375
78 375
78 376
77 376
77 377
76 377
76 378
76 379
76 380
75 380
74 380
74 381
73 381
72 381
72 382
71 382
71 383
71 384
71 385
70 385
70 386
69 386
68 386
67 386
66 386
66 385
66 384
66 383
65 383
65 382
65 381
64 381
64 380
64 379
63 379
63 378
62 378
61 378
61 377
60 377
59 377
59 378
58 378
57 378
57 379
56 379
55 379
54 379
53 379
52 379
51 379
51 380
50 380
50 381
49 381
48 381
48 382
47 382
46 382
45 382
45 383
44 383
44 382
43 382
43 381
43 380
42 380
42 379
41 379
41 378
40 378
40 377
39 377
39 376
38 376
37 376
37 375
36 375
35 375
35 374
34 374
33 374
33 373
32 373
32 372
31 372
30 372
30 371
29 371
28 371
28 370
27 370
26 370
25 370
24 370
23 370
23 371
22 371
21 371
20 371
20 372
19 372
19 373
18 373
18 374
17 374
16 374
16 375
17 375
17 376
18 376
18 377
19 377
19 378
20 378
20 379
20 380
21 380
21 381
22 381
22 382
22 383
23 383
82 413
82 414
81 413
80 413
80 412
79 412
78 412
77 412
76 412
75 412
74 412
73 412
73 413
72 413
71 413
70 413
69 413
68 413
67 413
66 413
66 412
65 412
65 411
64 411
64 410
63 410
63 409
62 409
62 408
62 407
62 406
62 405
61 405
61 404
61 403
60 403
60 402
59 402
58 402
58 401
57 401
57 400
56 400
56 399
57 399
58 399
59 399
60 399
61 399
62 399
62 398
63 398
64 398
64 397
65 397
65 396
65 395
66 395
66 394
66 393
66 392
66 391
66 390
66 389
66 388
66 387
67 387
83 414
84 414
85 414
85 415
86 415
87 415
87 416
88 416
88 417
89 417
89 418
89 419
89 420
89 421
89 422
89 423
89 424
89 425
89 426
90 426
90 427
90 428
91 428
91 429
91 430
91 431
91 432
91 433
91 434
91 435
91 436
92 436
92 437
93 437
93 438
93 439
93 440
93 441
93 442
93 443
93 444
94 444
94 445
95 445
65 366
66 366
64 366
63 366
62 366
62 365
61 365
61 364
60 364
60 363
60 362
59 362
59 361
59 360
58 360
58 359
58 358
57 358
57 357
56 357
67 366
68 366
69 366
69 365
70 365
71 365
71 364
72 364
73 364
73 363
74 363
74 362
74 361
74 360
74 359
74 358
74 357
74 356
74 355
74 354
74 353
75 353
76 353
77 353
78 353
157 13
156 13
158 13
158 14
159 14
159 15
160 15
161 15
161 16
162 16
163 16
164 16
165 16
166 16
167 16
167 17
168 17
169 17
169 18
170 18
170 19
170 20
171 20
171 21
171 22
171 23
171 24
171 25
171 26
172 26
173 26
173 27
174 27
155 13
154 13
153 13
152 13
152 14
151 14
151 15
150 15
150 16
126 79
127 79
126 80
125 80
125 81
125 82
124 82
124 83
128 79
129 79
130 79
131 79
132 79
133 79
299 471
300 471
298 471
298 470
297 470
296 470
295 470
295 471
294 471
294 472
293 472
293 473
292 473
291 473
291 474
290 474
290 475
301 471
302 471
303 471
303 470
304 470
304 469
304 468
305 468
305 467
305 466
306 466
306 465
306 464
306 463
306 462
306 461
306 460
306 459
306 458
306 457
305 457
304 457
303 457
302 457
302 456
301 456
300 456
299 456
298 456
297 456
296 456
295 456
294 456
293 456
293 457
292 457
291 457
291 458
290 458
289 458
288 458
287 458
286 458
285 458
284 458
48 410
48 409
48 411
48 412
47 412
47 413
47 414
46 414
46 415
46 416
45 416
45 417
44 417
44 418
43 418
43 419
42 419
41 419
40 419
39 419
39 420
39 421
39 422
39 423
39 424
39 425
40 425
40 426
41 426
41 427
41 428
42 428
42 429
43 429
48 408
48 407
49 407
50 407
51 407
52 407
52 406
53 406
53 405
54 405
54 404
55 404
55 403
55 402
55 401
55 400
288 323
289 323
287 323
287 322
286 322
286 321
286 320
286 319
286 318
286 317
285 317
285 316
285 315
285 314
285 313
285 312
285 311
285 310
285 309
285 308
289 324
290 324
291 324
292 324
293 324
293 325
294 325
295 325
295 326
294 326
294 327
293 327
293 328
293 329
293 330
294 330
294 331
295 331
295 332
296 332
296 333
297 333
298 333
298 334
299 334
299 335
300 335
300 336
301 336
302 336
302 335
303 335
303 334
304 334
304 333
305 333
305 332
306 332
306 331
307 331
47 325
47 324
48 325
48 326
49 326
49 327
50 327
50 328
51 328
51 329
52 329
52 330
52 331
53 331
53 332
53 333
54 333
54 334
54 335
53 335
53 336
53 337
53 338
53 339
53 340
53 341
53 342
54 342
54 343
55 343
56 343
56 344
57 344
57 345
58 345
47 323
46 323
46 322
45 322
44 322
43 322
42 322
41 322
40 322
40 321
40 320
40 319
40 318
40 317
40 316
40 315
40 314
40 313
40 312
40 311
40 310
40 309
40 308
40 307
40 306
39 306
39 305
38 305
38 304
37 304
37 303
36 303
35 303
34 303
33 303
33 304
32 304
31 304
31 305
30 305
29 305
28 305
28 304
27 304
26 304
26 303
25 303
25 302
25 301
25 300
25 299
25 298
26 298
26 297
27 297
27 296
28 296
29 296
29 295
30 295
30 294
31 294
31 293
32 293
33 293
34 293
34 292
35 292
35 291
36 291
36 290
37 290
38 290
39 290
40 290
41 290
42 290
43 290
44 290
44 291
45 291
46 291
46 292
47 292
47 293
48 293
49 293
49 294
50 294
50 295
51 295
52 295
52 296
53 296
53 297
54 297
55 297
56 297
57 297
58 297
59 297
60 297
61 297
62 297
63 297
63 296
64 296
65 296
65 297
66 297
66 298
66 299
66 300
66 301
66 302
67 302
67 303
66 303
66 304
66 305
66 306
66 307
66 308
66 309
66 310
67 310
67 311
68 311
68 312
69 312
69 313
70 313
70 314
70 315
71 315
71 316
71 317
72 317
72 318
73 318
73 319
73 320
74 320
74 321
74 322
75 322
75 323
76 323
76 324
76 325
76 326
76 327
76 328
76 329
76 330
77 330
77 331
77 332
78 332
78 333
79 333
79 334
80 334
80 335
81 335
81 336
81 337
81 338
81 339
81 340
81 341
81 342
80 342
80 343
79 343
79 344
79 345
78 345
78 346
78 347
78 348
78 349
78 350
339 18
339 17
339 19
339 20
339 21
339 22
339 23
339 24
338 24
337 24
336 24
335 24
334 24
333 24
332 24
332 23
331 23
339 16
339 15
339 14
339 13
338 13
338 12
337 12
337 11
336 11
335 11
334 11
333 11
332 11
331 11
330 11
329 11
329 10
328 10
327 10
326 10
326 9
325 9
324 9
324 8
323 8
323 7
322 7
321 7
320 7
319 7
319 6
318 6
317 6
121 285
122 285
120 285
119 285
118 285
117 285
116 285
115 285
114 285
113 285
113 284
112 284
111 284
110 284
109 284
108 284
107 284
107 285
106 285
106 286
105 286
105 287
105 288
105 289
105 290
105 291
104 291
104 292
103 292
103 293
102 293
102 294
102 295
102 296
102 297
102 298
102 299
102 300
102 301
101 301
101 302
100 302
100 303
99 303
99 304
98 304
98 305
98 306
98 307
98 308
97 308
96 308
95 308
94 308
93 308
92 308
92 309
92 310
92 311
92 312
93 312
93 313
94 313
95 313
95 314
96 314
96 315
97 315
97 316
97 317
97 318
97 319
97 320
97 321
97 322
97 323
96 323
96 324
95 324
95 325
94 325
93 325
92 325
91 325
91 326
92 326
92 327
92 328
92 329
92 330
92 331
92 332
92 333
92 334
92 335
91 335
91 336
90 336
89 336
88 336
88 337
87 337
86 337
86 338
85 338
85 339
85 340
84 340
83 340
82 340
82 341
123 285
124 285
125 285
126 285
127 285
128 285
129 285
130 285
131 285
132 285
132 286
133 286
133 287
134 287
134 288
135 288
136 288
136 289
137 289
138 289
138 290
139 290
140 290
140 291
141 291
142 291
143 291
143 292
144 292
145 292
145 293
146 293
146 294
146 295
147 295
147 296
147 297
147 298
147 299
147 300
147 301
147 302
147 303
147 304
147 305
147 306
146 306
146 307
146 308
145 308
144 308
143 308
142 308
141 308
140 308
139 308
138 308
137 308
136 308
135 308
134 308
134 307
133 307
132 307
132 306
131 306
130 306
129 306
128 306
127 306
126 306
125 306
125 305
124 305
124 304
123 304
123 303
123 302
122 302
122 301
121 301
121 300
120 300
120 299
120 298
119 298
119 297
118 297
118 296
117 296
116 296
116 297
115 297
114 297
113 297
112 297
111 297
110 297
110 296
109 296
109 295
109 294
108 294
108 293
107 293
106 293
105 293
104 293
17 313
17 314
17 312
18 312
19 312
19 311
20 311
20 310
20 309
20 308
20 307
20 306
21 306
21 305
22 305
23 305
24 305
25 305
26 305
17 315
17 316
17 317
17 318
17 319
17 320
17 321
17 322
17 323
17 324
17 325
18 325
18 326
18 327
19 327
19 328
20 328
20 329
20 330
21 330
22 330
22 331
23 331
23 332
23 333
23 334
23 335
23 336
23 337
23 338
23 339
23 340
23 341
23 342
72 104
72 105
72 103
72 102
71 102
71 101
70 101
69 101
68 101
68 100
67 100
66 100
66 99
65 99
65 98
64 98
63 98
63 97
63 96
62 96
62 95
61 95
72 106
72 107
72 108
72 109
73 109
74 109
74 110
75 110
76 110
76 111
77 111
78 111
79 111
80 111
80 112
81 112
81 113
81 114
82 114
82 115
83 115
84 115
84 116
85 116
86 116
86 117
87 117
87 118
88 118
88 119
89 119
90 119
91 119
92 119
92 120
93 120
93 121
94 121
94 122
182 446
181 446
183 446
184 446
185 446
185 447
186 447
186 448
187 448
188 448
188 449
189 449
189 450
190 450
190 451
191 451
192 451
192 450
193 450
194 450
195 450
196 450
197 450
198 450
198 451
199 451
200 451
201 451
202 451
203 451
204 451
204 452
205 452
205 453
205 454
205 455
205 456
206 456
206 457
207 457
207 456
208 456
209 456
209 455
210 455
210 454
210 453
210 452
210 451
211 451
211 450
211 449
211 448
211 447
212 447
212 446
213 446
213 445
214 445
214 444
215 444
215 443
216 443
216 442
216 441
216 440
216 439
216 438
215 438
215 437
215 436
215 435
215 434
215 433
215 432
215 431
215 430
215 429
216 429
216 428
215 428
215 427
215 426
215 425
215 424
215 423
215 422
215 421
215 420
215 419
215 418
215 417
216 417
217 417
218 417
218 416
217 416
217 415
216 415
216 414
216 413
216 412
216 411
215 411
215 410
214 410
214 409
213 409
212 409
211 409
210 409
209 409
208 409
207 409
206 409
205 409
204 409
203 409
202 409
202 410
201 410
201 411
201 412
200 412
200 413
200 414
199 414
199 415
198 415
197 415
197 414
196 414
196 413
195 413
194 413
193 413
192 413
191 413
190 413
189 413
188 413
187 413
186 413
185 413
184 413
183 413
182 413
181 413
181 412
180 412
179 412
179 413
178 413
177 413
176 413
175 413
174 413
173 413
172 413
171 413
171 412
171 411
170 411
170 410
170 409
170 408
170 407
169 407
169 406
169 405
169 404
168 404
168 403
167 403
166 403
165 403
164 403
163 403
162 403
161 403
160 403
159 403
158 403
157 403
156 403
155 403
154 403
153 403
153 402
153 401
153 400
153 399
154 399
154 398
155 398
155 397
156 397
156 396
156 395
157 395
157 394
157 393
158 393
158 392
159 392
160 392
160 391
161 391
162 391
163 391
164 391
165 391
166 391
167 391
168 391
169 391
169 390
169 389
170 389
170 388
169 388
169 387
169 386
169 385
169 384
169 383
170 383
170 382
171 382
171 381
172 381
173 381
174 381
174 380
173 380
172 380
171 380
170 380
169 380
168 380
168 379
168 378
168 377
168 376
168 375
168 374
167 374
167 373
167 372
166 372
166 371
165 371
165 370
164 370
164 369
163 369
162 369
162 368
161 368
161 367
161 366
160 366
159 366
158 366
158 365
157 365
157 364
156 364
156 363
156 362
156 361
156 360
155 360
155 359
155 358
156 358
156 357
157 357
157 356
156 356
156 355
155 355
155 354
154 354
154 353
154 352
154 351
154 350
154 349
153 349
153 348
152 348
152 347
151 347
151 346
150 346
149 346
148 346
148 345
147 345
147 344
147 343
147 342
147 341
147 340
147 339
147 338
147 337
147 336
147 335
147 334
147 333
148 333
148 332
149 332
150 332
150 331
151 331
152 331
152 330
153 330
153 329
153 328
154 328
154 327
155 327
155 326
156 326
156 325
157 325
157 324
158 324
159 324
159 323
180 446
179 446
178 446
178 447
177 447
177 448
176 448
175 448
175 449
174 449
173 449
173 450
172 450
171 450
170 450
169 450
168 450
167 450
166 450
165 450
164 450
163 450
163 449
162 449
161 449
161 450
161 451
161 452
160 452
160 453
159 453
158 453
157 453
156 453
155 453
155 454
154 454
153 454
153 455
154 455
154 456
155 456
155 457
155 458
155 459
155 460
155 461
154 461
153 461
153 462
152 462
152 463
152 464
152 465
152 466
152 467
152 468
152 469
152 470
152 471
151 471
150 471
150 470
149 470
148 470
147 470
146 470
145 470
144 470
143 470
142 470
141 470
140 470
139 470
138 470
138 469
138 468
138 467
137 467
137 466
137 465
136 465
136 464
135 464
135 463
134 463
134 462
133 462
133 461
132 461
131 461
131 460
130 460
129 460
129 459
128 459
127 459
127 458
126 458
125 458
125 457
125 456
124 456
124 455
123 455
123 454
122 454
122 453
122 452
123 452
123 451
123 450
123 449
123 448
124 448
125 448
125 447
124 447
123 447
123 446
122 446
121 446
121 445
120 445
120 444
119 444
118 444
117 444
116 444
115 444
114 444
113 444
112 444
111 444
110 444
110 443
28 488
29 488
27 488
26 488
25 488
25 489
24 489
24 490
23 490
22 490
21 490
20 490
19 490
19 491
18 491
18 492
17 492
17 491
16 491
16 490
15 490
15 489
15 488
15 487
15 486
15 485
15 484
15 483
14 483
14 482
13 482
13 481
13 480
12 480
12 479
12 478
13 478
13 477
14 477
14 476
13 476
12 476
11 476
11 475
10 475
10 474
9 474
9 473
8 473
8 472
8 471
8 470
8 469
8 468
8 467
8 466
8 465
8 464
9 464
9 463
10 463
10 462
11 462
11 461
11 460
12 460
12 459
13 459
13 458
14 458
15 458
16 458
17 458
17 457
17 456
17 455
17 454
18 454
18 453
17 453
17 452
16 452
15 452
15 451
14 451
13 451
13 450
12 450
11 450
11 449
11 448
11 447
11 446
11 445
12 445
13 445
14 445
15 445
16 445
17 445
18 445
18 444
18 443
18 442
18 441
19 441
19 440
18 440
18 439
18 438
18 437
18 436
18 435
18 434
18 433
18 432
18 431
18 430
19 430
30 488
31 488
32 488
33 488
33 489
34 489
35 489
35 490
36 490
37 490
38 490
39 490
40 490
41 490
42 490
43 490
43 489
44 489
45 489
45 488
46 488
47 488
47 487
48 487
48 486
49 486
49 485
49 484
49 483
49 482
49 481
50 481
50 480
49 480
49 479
48 479
48 478
48 477
48 476
49 476
49 475
49 474
50 474
50 473
51 473
52 473
52 472
53 472
53 471
54 471
55 471
55 470
55 469
55 468
55 467
55 466
55 465
55 464
55 463
56 463
57 463
57 462
58 462
58 461
59 461
59 460
59 459
60 459
60 458
60 457
61 457
61 456
62 456
62 455
116 480
116 479
116 481
116 482
116 483
116 484
116 485
115 485
115 486
115 487
114 487
114 488
114 489
113 489
112 489
112 490
111 490
110 490
110 491
109 491
109 492
117 479
117 478
117 477
118 477
118 476
119 476
119 475
120 475
120 474
120 473
120 472
121 472
121 471
121 470
122 470
122 469
122 468
122 467
122 466
122 465
122 464
122 463
122 462
122 461
122 460
122 459
123 459
124 459
125 459
126 459
288 381
288 382
288 380
288 379
288 378
288 377
288 376
288 375
288 374
288 373
289 373
290 373
291 373
292 373
292 374
293 374
293 373
294 373
295 373
295 372
295 371
296 371
296 370
297 370
298 370
299 370
299 369
300 369
301 369
301 368
302 368
303 368
304 368
305 368
306 368
307 368
307 367
307 366
307 365
307 364
307 363
307 362
307 361
307 360
307 359
307 358
308 358
308 357
308 356
308 355
309 355
309 354
309 353
309 352
309 351
309 350
309 349
309 348
308 348
308 347
308 346
307 346
307 345
307 344
307 343
307 342
307 341
307 340
307 339
307 338
306 338
305 338
305 337
304 337
303 337
303 336
288 383
288 384
288 385
288 386
288 387
288 388
287 388
287 389
286 389
286 390
285 390
285 391
285 392
285 393
285 394
285 395
285 396
285 397
285 398
285 399
285 400
286 400
286 401
286 402
286 403
287 403
287 404
288 404
289 404
289 405
288 405
287 405
286 405
285 405
285 406
284 406
284 407
283 407
283 408
282 408
281 408
281 409
280 409
280 410
279 410
278 410
278 411
278 412
278 413
278 414
278 415
278 416
278 417
278 418
278 419
278 420
278 421
278 422
278 423
278 424
278 425
278 426
278 427
278 428
278 429
277 429
277 430
277 431
276 431
276 432
275 432
275 433
275 434
274 434
274 435
273 435
273 436
273 437
273 438
273 439
273 440
273 441
274 441
275 441
275 442
276 442
277 442
277 443
278 443
278 444
279 444
279 445
279 446
280 446
280 447
280 448
280 449
280 450
280 451
280 452
280 453
280 454
280 455
281 455
281 456
282 456
282 457
283 457
284 457
224 259
223 259
225 259
226 259
226 258
227 258
228 258
228 257
229 257
230 257
231 257
232 257
233 257
234 257
235 257
236 257
236 258
237 258
238 258
238 259
239 259
239 260
239 261
240 261
240 262
241 262
241 263
242 263
242 264
242 265
242 266
242 267
242 268
242 269
242 270
241 270
240 270
240 271
239 271
238 271
237 271
237 272
236 272
235 272
235 273
234 273
234 274
233 274
233 275
233 276
233 277
233 278
233 279
233 280
233 281
232 281
231 281
231 282
230 282
229 282
228 282
227 282
226 282
225 282
224 282
224 283
224 284
224 285
224 286
224 287
224 288
224 289
224 290
224 291
223 291
223 292
222 292
221 292
221 293
220 293
220 294
219 294
219 295
218 295
218 296
217 296
217 297
216 297
216 298
215 298
215 299
214 299
214 300
214 301
214 302
214 303
214 304
213 304
213 305
212 305
211 305
210 305
209 305
209 306
208 306
207 306
206 306
205 306
204 306
203 306
203 307
202 307
201 307
201 308
200 308
200 309
199 309
198 309
197 309
196 309
195 309
194 309
193 309
192 309
192 310
191 310
190 310
189 310
188 310
187 310
187 309
186 309
186 308
185 308
185 307
185 306
185 305
185 304
184 304
184 305
184 306
184 307
184 308
184 309
184 310
184 311
184 312
183 312
183 313
183 314
183 315
183 316
183 317
183 318
182 318
181 318
180 318
180 319
179 319
178 319
178 320
179 320
179 321
179 322
180 322
181 322
181 323
182 323
182 324
183 324
183 325
184 325
184 326
184 327
185 327
185 328
185 329
185 330
185 331
185 332
185 333
186 333
186 334
187 334
188 334
188 335
189 335
189 336
190 336
190 337
190 338
191 338
191 339
191 340
191 341
191 342
192 342
193 342
193 343
194 343
195 343
195 344
195 345
196 345
196 346
196 347
197 347
197 348
197 349
198 349
198 350
199 350
199 351
198 351
198 352
197 352
197 353
196 353
195 353
194 353
194 354
193 354
192 354
191 354
190 354
189 354
188 354
187 354
186 354
186 353
185 353
185 352
184 352
184 351
184 350
184 349
184 348
184 347
183 347
182 347
181 347
180 347
179 347
179 348
178 348
178 349
177 349
177 350
176 350
175 350
174 350
173 350
172 350
171 350
170 350
169 350
169 351
170 351
170 352
170 353
170 354
170 355
170 356
171 356
171 357
171 358
170 358
170 359
170 360
169 360
168 360
167 360
166 360
166 359
165 359
164 359
164 358
163 358
162 358
161 358
160 358
159 358
159 357
158 357
222 259
221 259
220 259
219 259
219 260
218 260
218 259
218 258
218 257
218 256
218 255
218 254
217 254
217 253
216 253
215 253
214 253
213 253
212 253
211 253
210 253
209 253
208 253
208 254
207 254
207 255
206 255
205 255
204 255
203 255
202 255
201 255
200 255
199 255
199 256
198 256
198 257
198 258
198 259
198 260
197 260
197 261
197 262
196 262
195 262
194 262
193 262
192 262
191 262
190 262
190 263
190 264
190 265
190 266
190 267
190 268
190 269
190 270
190 271
189 271
189 272
189 273
188 273
188 274
187 274
186 274
186 275
185 275
185 276
184 276
184 277
183 277
182 277
181 277
180 277
179 277
178 277
177 277
177 278
177 279
177 280
177 281
177 282
176 282
176 283
176 284
177 284
177 285
177 286
177 287
177 288
178 288
178 289
178 290
179 290
179 291
180 291
180 292
180 293
180 294
180 295
181 295
181 296
181 297
181 298
181 299
181 300
181 301
182 301
182 302
183 302
183 303
184 303
248 319
247 319
249 319
250 319
251 319
252 319
252 320
253 320
253 321
254 321
255 321
255 322
256 322
256 323
256 324
257 324
258 324
258 325
259 325
260 325
261 325
262 325
263 325
264 325
265 325
266 325
266 326
267 326
267 327
268 327
269 327
269 328
270 328
270 329
271 329
271 330
272 330
272 331
272 332
272 333
273 333
273 332
273 331
273 330
274 330
275 330
276 330
276 329
277 329
277 328
278 328
278 327
279 327
279 326
280 326
280 325
281 325
281 324
282 324
282 323
282 322
283 322
283 321
284 321
284 320
284 319
285 319
285 318
246 319
245 319
244 319
244 320
243 320
243 321
243 322
243 323
243 324
243 325
243 326
243 327
243 328
243 329
243 330
243 331
243 332
243 333
243 334
243 335
243 336
242 336
242 337
242 338
241 338
241 339
240 339
240 340
240 341
240 342
240 343
240 344
240 345
240 346
241 346
241 347
241 348
241 349
241 350
241 351
241 352
241 353
240 353
240 354
240 355
240 356
240 357
240 358
240 359
240 360
240 361
241 361
241 362
240 362
239 362
238 362
237 362
236 362
235 362
234 362
234 361
233 361
233 360
232 360
232 359
231 359
231 358
230 358
230 357
229 357
229 356
228 356
228 355
227 355
227 354
227 353
227 352
227 351
227 350
227 349
227 348
274 303
274 304
274 302
273 302
273 301
273 300
272 300
272 299
271 299
270 299
269 299
268 299
267 299
266 299
265 299
264 299
263 299
263 298
263 297
263 296
262 296
262 295
261 295
261 294
260 294
259 294
259 295
258 295
258 296
257 296
257 297
256 297
255 297
254 297
253 297
252 297
251 297
251 298
250 298
250 299
249 299
248 299
248 300
247 300
246 300
245 300
244 300
243 300
243 301
242 301
242 302
241 302
240 302
239 302
238 302
237 302
236 302
235 302
234 302
233 302
233 301
232 301
232 300
231 300
231 299
230 299
230 298
229 298
229 297
228 297
228 296
227 296
226 296
226 295
225 295
225 294
224 294
224 293
224 292
274 305
274 306
274 307
275 307
275 308
276 308
277 308
278 308
279 308
280 308
281 308
282 308
283 308
284 308
271 379
272 379
270 379
269 379
269 378
268 378
268 377
269 377
269 376
269 375
269 374
269 373
269 372
268 372
268 371
268 370
268 369
267 369
266 369
265 369
264 369
263 369
262 369
261 369
260 369
259 369
258 369
258 370
258 371
257 371
257 370
256 370
256 369
255 369
254 369
253 369
252 369
251 369
250 369
249 369
248 369
247 369
247 368
246 368
246 367
245 367
244 367
243 367
242 367
242 366
241 366
241 365
241 364
241 363
273 379
273 380
274 380
274 381
275 381
275 382
275 383
275 384
275 385
276 385
276 386
277 386
277 387
278 387
279 387
279 388
280 388
281 388
282 388
283 388
284 388
284 389
285 389
381 237
382 237
380 237
380 238
379 238
378 238
377 238
377 239
377 240
377 241
377 242
378 242
378 243
378 244
379 244
379 245
379 246
379 247
380 247
380 248
381 248
381 249
382 249
383 249
384 249
385 249
385 250
385 251
384 251
384 252
384 253
383 253
383 254
382 254
382 255
381 255
381 256
380 256
380 257
379 257
379 258
379 259
378 259
377 259
376 259
375 259
374 259
373 259
373 258
372 258
372 257
371 257
370 257
369 257
369 258
369 259
369 260
369 261
369 262
369 263
370 263
370 264
371 264
371 265
372 265
373 265
374 265
374 266
375 266
375 267
376 267
377 267
377 268
378 268
379 268
380 268
381 268
381 269
382 269
382 270
383 270
383 271
384 271
385 271
386 271
387 271
387 272
388 272
388 273
389 273
389 274
389 275
389 276
389 277
389 278
389 279
389 280
389 281
389 282
388 282
383 237
384 237
385 237
385 236
386 236
387 236
387 235
388 235
388 234
140 392
141 392
139 392
139 391
138 391
137 391
136 391
135 391
134 391
133 391
132 391
131 391
130 391
130 390
130 389
130 388
130 387
130 386
130 385
130 384
130 383
129 383
129 382
128 382
127 382
127 383
126 383
125 383
125 384
124 384
123 384
122 384
122 385
121 385
120 385
119 385
118 385
117 385
116 385
116 386
115 386
115 387
115 388
115 389
114 389
114 390
113 390
113 391
113 392
112 392
111 392
111 391
110 391
109 391
109 390
108 390
108 389
108 388
108 387
107 387
107 386
106 386
105 386
104 386
103 386
102 386
101 386
100 386
100 387
100 388
100 389
100 390
100 391
100 392
99 392
99 391
98 391
97 391
96 391
95 391
94 391
93 391
93 390
92 390
91 390
91 391
90 391
90 392
90 393
89 393
89 394
89 395
89 396
89 397
89 398
88 398
88 397
88 396
87 396
86 396
85 396
84 396
83 396
82 396
81 396
80 396
79 396
78 396
78 395
79 395
79 394
79 393
79 392
79 391
79 390
79 389
78 389
78 388
77 388
76 388
75 388
74 388
74 387
73 387
72 387
72 386
71 386
141 393
142 393
143 393
144 393
145 393
146 393
147 393
148 393
149 393
149 394
150 394
150 395
150 396
151 396
151 397
151 398
152 398
152 399
421 373
422 373
420 373
419 373
418 373
417 373
417 374
416 374
416 375
416 376
416 377
416 378
416 379
416 380
416 381
416 382
417 382
417 383
417 384
417 385
418 385
418 386
418 387
419 387
419 388
419 389
420 389
420 390
421 390
421 391
422 391
422 392
423 392
424 392
425 392
426 392
427 392
428 392
429 392
430 392
431 392
431 393
431 394
431 395
431 396
431 397
431 398
431 399
432 399
432 400
433 400
434 400
435 400
435 401
436 401
437 401
438 401
439 401
440 401
440 402
441 402
441 403
442 403
443 403
444 403
445 403
446 403
446 404
446 405
446 406
446 407
446 408
446 409
446 410
445 410
445 411
444 411
443 411
442 411
441 411
440 411
440 410
439 410
438 410
437 410
436 410
435 410
434 410
434 411
434 412
433 412
433 413
432 413
432 414
431 414
423 373
423 372
423 371
424 371
424 370
425 370
425 369
426 369
427 369
427 368
428 368
428 367
428 366
429 366
429 365
430 365
430 364
431 364
431 363
432 363
432 364
432 365
432 366
432 367
432 368
432 369
432 370
432 371
432 372
432 373
432 374
432 375
432 376
432 377
432 378
432 379
432 380
433 380
433 381
433 382
434 382
434 383
434 384
435 384
435 385
435 386
435 387
435 388
434 388
434 389
433 389
433 390
432 390
432 391
431 391
167 309
167 310
167 308
167 307
167 306
167 305
166 305
165 305
165 304
164 304
164 303
165 303
165 302
166 302
167 302
168 302
169 302
170 302
171 302
172 302
173 302
174 302
174 301
174 300
174 299
174 298
174 297
174 296
173 296
173 295
173 294
173 293
174 293
174 292
175 292
176 292
177 292
177 291
178 291
167 311
167 312
167 313
167 314
167 315
167 316
168 316
168 317
169 317
169 318
170 318
171 318
171 319
172 319
173 319
174 319
175 319
176 319
177 319
294 68
295 68
293 68
292 68
291 68
290 68
289 68
289 69
288 69
288 70
296 68
297 68
298 68
299 68
300 68
301 68
302 68
426 432
427 432
426 433
425 433
425 434
425 435
424 435
424 436
423 436
423 437
422 437
421 437
420 437
419 437
418 437
417 437
416 437
416 438
415 438
414 438
413 438
413 439
412 439
411 439
410 439
409 439
408 439
408 438
407 438
406 438
405 438
405 437
404 437
404 436
403 436
428 432
429 432
430 432
430 431
430 430
430 429
430 428
430 427
430 426
431 426
431 425
431 424
430 424
430 423
430 422
430 421
430 420
430 419
430 418
430 417
430 416
430 415
431 415
175 459
174 459
176 459
176 460
177 460
177 461
178 461
179 461
179 462
180 462
181 462
182 462
183 462
184 462
185 462
186 462
187 462
187 461
188 461
188 460
189 460
189 459
189 458
190 458
190 457
191 457
191 456
191 455
191 454
191 453
191 452
173 459
172 459
171 459
170 459
169 459
168 459
167 459
167 458
167 457
167 456
167 455
167 454
167 453
167 452
166 452
166 451
165 451
18 280
18 281
19 280
19 279
20 279
20 278
20 277
21 277
21 276
22 276
23 276
24 276
25 276
26 276
27 276
28 276
28 277
29 277
29 278
30 278
30 279
31 279
32 279
32 280
33 280
33 281
34 281
34 282
35 282
36 282
36 283
37 283
38 283
38 284
38 285
38 286
38 287
38 288
38 289
37 289
18 282
18 283
18 284
18 285
17 285
17 286
17 287
17 288
17 289
17 290
17 291
17 292
17 293
17 294
17 295
17 296
17 297
18 297
19 297
19 298
20 298
21 298
22 298
23 298
24 298
404 291
404 292
404 290
404 289
404 288
404 287
404 286
403 286
402 286
401 286
401 287
400 287
400 286
399 286
399 285
398 285
397 285
397 284
396 284
396 283
396 282
395 282
394 282
393 282
392 282
391 282
390 282
405 292
405 293
406 293
406 294
407 294
407 295
408 295
408 296
408 297
409 297
409 298
409 299
410 299
411 299
411 300
412 300
413 300
414 300
415 300
416 300
417 300
418 300
419 300
419 299
420 299
420 298
421 298
421 297
422 297
422 296
422 295
423 295
423 294
424 294
424 293
425 293
425 292
425 291
425 290
425 289
426 289
426 288
426 287
426 286
426 285
426 284
426 283
426 282
426 281
426 280
426 279
427 279
428 279
428 278
428 277
429 277
429 276
430 276
430 275
429 275
428 275
427 275
427 274
427 273
426 273
426 272
426 271
425 271
425 270
425 269
424 269
424 268
424 267
424 266
424 265
424 264
424 263
423 263
422 263
421 263
421 262
420 262
420 261
419 261
419 260
418 260
418 259
417 259
416 259
416 258
415 258
415 257
414 257
413 257
413 258
412 258
411 258
410 258
410 259
409 259
408 259
407 259
406 259
405 259
404 259
403 259
402 259
401 259
401 260
400 260
400 261
400 262
399 262
399 263
398 263
397 263
397 264
396 264
396 265
396 266
396 267
396 268
396 269
395 269
395 270
394 270
393 270
392 270
391 270
391 271
390 271
389 271
389 272
396 248
395 248
397 248
398 248
398 249
399 249
399 250
400 250
400 251
401 251
401 252
401 253
401 254
401 255
401 256
401 257
401 258
402 258
394 248
393 248
392 248
391 248
390 248
389 248
388 248
387 248
387 249
386 249
386 250
78 282
79 282
77 282
77 283
77 284
77 285
76 285
76 286
76 287
76 288
77 288
77 289
77 290
77 291
77 292
77 293
77 294
76 294
76 295
76 296
75 296
75 297
74 297
73 297
73 298
72 298
71 298
71 299
70 299
70 300
69 300
69 301
69 302
68 302
80 282
81 282
81 281
82 281
83 281
84 281
85 281
86 281
87 281
88 281
89 281
90 281
90 282
91 282
91 283
92 283
93 283
94 283
95 283
96 283
96 282
97 282
97 281
97 280
98 280
98 279
99 279
100 279
101 279
101 280
102 280
102 281
103 281
103 282
104 282
104 283
104 284
105 284
105 285
119 257
119 258
119 256
119 255
119 254
119 253
119 252
119 251
119 250
118 250
118 249
117 249
117 248
117 247
116 247
116 246
116 245
115 245
115 244
114 244
113 244
113 243
113 242
113 241
113 240
113 239
113 238
114 238
114 237
114 236
115 236
115 235
116 235
116 234
116 233
116 232
116 231
116 230
116 229
116 228
116 227
116 226
117 226
117 225
118 225
119 259
119 260
119 261
119 262
120 262
120 263
120 264
121 264
121 265
121 266
121 267
121 268
120 268
120 269
119 269
118 269
118 270
117 270
116 270
115 270
115 271
114 271
113 271
112 271
111 271
110 271
109 271
109 272
108 272
107 272
106 272
105 272
105 273
104 273
104 274
104 275
104 276
105 276
105 277
105 278
105 279
105 280
105 281
105 282
105 283
320 393
320 392
320 394
319 394
319 395
319 396
318 396
318 397
317 397
316 397
316 398
317 398
317 399
318 399
319 399
319 400
320 400
321 400
321 401
322 401
322 402
322 403
323 403
324 403
325 403
326 403
327 403
328 403
329 403
329 404
329 405
329 406
330 406
330 407
331 407
332 407
333 407
334 407
334 408
333 408
333 409
333 410
333 411
333 412
333 413
333 414
333 415
333 416
333 417
333 418
334 418
335 418
336 418
337 418
338 418
338 419
339 419
339 420
340 420
341 420
342 420
343 420
343 421
344 421
345 421
346 421
346 422
347 422
347 423
348 423
348 424
349 424
349 425
350 425
350 426
351 426
352 426
353 426
354 426
355 426
356 426
357 426
358 426
359 426
360 426
361 426
362 426
362 427
363 427
364 427
365 427
365 428
366 428
367 428
368 428
369 428
370 428
371 428
372 428
373 428
374 428
375 428
376 428
377 428
378 428
379 428
380 428
381 428
381 429
382 429
382 430
383 430
384 430
384 431
385 431
386 431
387 431
388 431
388 432
389 432
390 432
391 432
392 432
392 433
393 433
394 433
394 434
395 434
396 434
397 434
398 434
399 434
400 434
401 434
401 435
402 435
403 435
320 391
320 390
320 389
320 388
320 387
321 387
321 386
321 385
321 384
320 384
320 383
320 382
320 381
319 381
319 380
318 380
317 380
316 380
315 380
314 380
313 380
312 380
311 380
311 379
311 378
311 377
311 376
311 375
311 374
311 373
311 372
311 371
310 371
310 370
309 370
309 369
308 369
308 368
250 314
250 315
250 313
250 312
250 311
250 310
250 309
250 308
249 308
249 307
248 307
248 306
248 305
248 304
248 303
248 302
248 301
250 316
250 317
250 318
251 318
340 308
340 309
340 307
339 307
338 307
338 306
337 306
337 305
336 305
335 305
335 304
334 304
334 303
333 303
332 303
331 303
330 303
329 303
328 303
328 302
328 301
328 300
328 299
328 298
328 297
328 296
328 295
328 294
327 294
327 293
327 292
326 292
326 291
326 290
326 289
326 288
325 288
325 289
325 290
324 290
323 290
322 290
321 290
320 290
320 289
319 289
318 289
317 289
316 289
315 289
314 289
313 289
312 289
311 289
310 289
309 289
308 289
307 289
306 289
305 289
305 290
304 290
304 291
303 291
302 291
302 292
301 292
300 292
299 292
298 292
297 292
296 292
295 292
294 292
293 292
292 292
291 292
290 292
289 292
289 291
288 291
288 290
287 290
287 289
286 289
285 289
285 288
284 288
284 287
284 286
283 286
283 285
282 285
282 284
281 284
281 283
280 283
280 282
279 282
279 281
278 281
278 280
277 280
277 281
276 281
275 281
275 282
274 282
273 282
273 283
272 283
272 284
271 284
271 285
270 285
270 286
269 286
269 287
268 287
267 287
266 287
265 287
264 287
263 287
262 287
261 287
261 288
260 288
260 289
259 289
259 290
260 290
260 291
260 292
260 293
341 309
341 310
342 310
342 311
343 311
344 311
344 312
345 312
346 312
347 312
348 312
348 311
349 311
350 311
351 311
351 312
351 313
352 313
352 314
353 314
353 315
354 315
354 316
355 316
355 317
355 318
355 319
355 320
355 321
354 321
354 322
353 322
353 323
352 323
351 323
350 323
349 323
349 324
348 324
348 325
347 325
347 326
347 327
346 327
345 327
344 327
343 327
342 327
341 327
340 327
339 327
339 326
338 326
338 325
337 325
86 178
86 179
86 177
86 176
87 176
87 175
87 174
87 173
88 173
89 173
89 172
90 172
90 171
91 171
91 170
92 170
92 169
93 169
93 168
94 168
94 167
95 167
95 166
95 165
96 165
96 164
97 164
97 163
98 163
98 162
99 162
100 162
101 162
102 162
103 162
103 161
103 160
102 160
101 160
101 159
100 159
100 158
99 158
99 157
98 157
98 156
98 155
98 154
98 153
98 152
98 151
98 150
98 149
98 148
98 147
98 146
98 145
98 144
98 143
98 142
98 141
98 140
98 139
98 138
98 137
98 136
98 135
99 135
99 134
100 134
101 134
86 180
86 181
86 182
86 183
85 183
85 184
84 184
84 185
83 185
82 185
82 186
72 164
71 164
73 164
74 164
75 164
76 164
77 164
77 163
78 163
78 162
78 161
79 161
79 160
80 160
81 160
82 160
83 160
84 160
84 161
85 161
85 162
86 162
86 163
87 163
88 163
88 164
88 165
89 165
89 166
89 167
89 168
90 168
90 169
91 169
70 164
69 164
68 164
68 163
68 162
67 162
67 161
67 160
67 159
67 158
68 158
68 157
69 157
69 156
69 155
69 154
69 153
70 153
70 152
69 152
69 151
68 151
68 150
67 150
67 149
67 148
66 148
66 147
65 147
65 146
64 146
63 146
62 146
61 146
61 147
60 147
60 148
59 148
58 148
58 149
58 150
57 150
56 150
55 150
54 150
53 150
52 150
51 150
51 149
51 148
51 147
50 147
50 146
49 146
49 145
48 145
47 145
46 145
46 146
45 146
45 147
44 147
44 148
44 149
44 150
44 151
44 152
44 153
44 154
44 155
45 155
45 156
45 157
46 157
46 158
47 158
47 159
47 160
47 161
47 162
47 163
46 163
46 164
45 164
45 165
44 165
44 166
43 166
43 167
42 167
42 168
43 168
43 169
43 170
44 170
44 171
44 172
44 173
44 174
45 174
45 175
44 175
43 175
42 175
41 175
40 175
40 176
39 176
38 176
37 176
37 177
36 177
35 177
35 178
36 178
36 179
37 179
37 180
37 181
37 182
37 183
36 183
35 183
34 183
34 184
33 184
33 185
32 185
32 186
31 186
31 187
31 188
30 188
30 189
29 189
29 190
243 240
243 239
242 240
242 241
241 241
241 242
240 242
239 242
238 242
237 242
237 243
236 243
235 243
235 244
234 244
233 244
232 244
231 244
231 245
231 246
231 247
231 248
230 248
229 248
228 248
227 248
227 249
226 249
226 250
225 250
225 251
225 252
226 252
226 253
226 254
226 255
226 256
227 256
227 257
244 239
245 239
246 239
246 240
247 240
248 240
248 241
249 241
250 241
250 240
251 240
251 239
252 239
252 238
253 238
254 238
255 238
256 238
257 238
258 238
259 238
260 238
261 238
261 237
262 237
262 236
263 236
264 236
264 237
264 238
265 238
265 239
266 239
266 240
266 241
266 242
266 243
266 244
266 245
266 246
267 246
267 247
267 248
267 249
267 250
267 251
267 252
267 253
266 253
266 254
266 255
265 255
265 256
265 257
264 257
264 258
264 259
264 260
264 261
264 262
264 263
263 263
263 264
263 265
262 265
262 266
262 267
263 267
263 268
263 269
263 270
263 271
263 272
263 273
262 273
262 274
262 275
262 276
261 276
261 277
260 277
259 277
258 277
257 277
256 277
255 277
254 277
253 277
252 277
251 277
251 276
250 276
250 275
249 275
248 275
248 274
248 273
247 273
247 272
246 272
246 271
245 271
244 271
243 271
242 271
241 271
16 361
16 360
16 362
16 363
16 364
16 365
15 365
15 366
15 367
16 367
16 368
16 369
17 369
17 370
17 371
17 372
17 373
16 359
16 358
16 357
17 357
18 357
18 356
18 355
18 354
17 354
17 353
17 352
16 352
16 351
15 351
14 351
13 351
12 351
11 351
10 351
10 350
10 349
9 349
9 348
9 347
9 346
9 345
9 344
10 344
10 343
11 343
11 342
11 341
11 340
11 339
11 338
11 337
11 336
11 335
11 334
10 334
10 333
9 333
9 332
9 331
8 331
7 331
6 331
5 331
4 331
3 331
2 331
1 331
0 331
0 330
1 330
1 329
2 329
2 328
2 327
2 326
3 326
3 325
3 324
4 324
4 323
4 322
5 322
6 322
6 323
7 323
7 324
8 324
8 325
9 325
10 325
11 325
12 325
13 325
14 325
15 325
16 325
16 324
271 66
272 66
270 66
269 66
268 66
267 66
266 66
265 66
264 66
264 65
264 64
264 63
264 62
265 62
265 61
265 60
266 60
273 66
274 66
275 66
276 66
277 66
277 65
278 65
278 66
279 66
279 67
279 68
279 69
279 70
279 71
280 71
280 72
281 72
282 72
283 72
284 72
285 72
286 72
287 72
287 71
288 71
334 293
333 293
335 293
335 292
336 292
336 291
337 291
338 291
338 290
339 290
340 290
341 290
342 290
343 290
344 290
345 290
346 290
346 291
347 291
347 292
348 292
348 291
349 291
350 291
351 291
351 290
352 290
352 289
353 289
353 288
353 287
354 287
354 286
355 286
355 285
355 284
355 283
355 282
355 281
354 281
353 281
352 281
351 281
351 280
352 280
352 279
352 278
352 277
352 276
352 275
352 274
352 273
352 272
351 272
351 271
350 271
350 270
349 270
349 269
348 269
347 269
346 269
345 269
344 269
343 269
342 269
341 269
340 269
339 269
339 270
338 270
338 271
337 271
332 293
331 293
330 293
329 293
328 293
324 433
325 433
323 433
322 433
321 433
320 433
319 433
318 433
317 433
317 432
316 432
316 431
315 431
315 430
314 430
313 430
313 429
312 429
311 429
310 429
309 429
308 429
308 428
307 428
306 428
305 428
304 428
303 428
302 428
301 428
301 429
300 429
299 429
298 429
298 430
297 430
296 430
296 431
295 431
294 431
293 431
293 432
292 432
291 432
291 431
290 431
290 430
289 430
289 429
288 429
288 428
287 428
287 429
287 430
286 430
286 431
285 431
284 431
283 431
282 431
281 431
280 431
279 431
278 431
278 430
325 432
326 432
327 432
327 431
328 431
328 430
329 430
330 430
330 429
331 429
331 428
331 427
331 426
331 425
331 424
331 423
331 422
331 421
331 420
331 419
332 419
332 418
157 428
156 428
158 428
159 428
160 428
161 428
161 429
162 429
163 429
163 428
164 428
165 428
165 427
166 427
166 426
167 426
167 425
167 424
167 423
167 422
167 421
167 420
167 419
168 419
168 418
169 418
169 417
170 417
170 416
170 415
171 415
171 414
172 414
155 428
154 428
153 428
152 428
152 427
151 427
151 426
150 426
150 427
149 427
149 428
148 428
147 428
147 429
146 429
146 430
145 430
145 431
145 432
145 433
144 433
144 434
144 435
143 435
143 436
144 436
144 437
145 437
146 437
146 438
147 438
147 439
148 439
148 440
148 441
149 441
149 442
149 443
150 443
150 444
150 445
150 446
150 447
150 448
150 449
150 450
150 451
150 452
151 452
151 453
152 453
152 454
326 53
326 52
326 54
326 55
325 55
325 56
324 56
323 56
322 56
321 56
320 56
320 57
319 57
319 58
318 58
318 59
318 60
318 61
318 62
317 62
316 62
315 62
314 62
313 62
312 62
311 62
310 62
309 62
308 62
307 62
307 63
306 63
306 64
305 64
305 65
304 65
304 66
303 66
303 67
302 67
326 51
327 51
327 50
327 49
328 49
329 49
330 49
331 49
332 49
332 48
332 47
332 46
332 45
332 44
332 43
333 43
334 43
334 42
335 42
336 42
337 42
338 42
339 42
340 42
341 42
342 42
149 323
150 323
149 322
149 321
148 321
147 321
146 321
145 321
144 321
143 321
143 320
142 320
142 319
142 318
142 317
142 316
142 315
141 315
141 314
140 314
140 313
140 312
140 311
140 310
140 309
150 324
150 325
150 326
150 327
150 328
150 329
150 330
40 240
41 240
40 241
40 242
40 243
40 244
39 244
39 245
39 246
39 247
39 248
40 248
40 249
40 250
41 250
41 251
42 251
42 252
43 252
43 253
44 253
45 253
45 254
46 254
47 254
47 255
48 255
49 255
50 255
50 254
51 254
51 253
52 253
52 252
53 252
53 251
54 251
54 250
55 250
55 249
56 249
56 248
57 248
57 247
58 247
59 247
60 247
61 247
62 247
63 247
63 246
64 246
64 245
65 245
65 244
66 244
66 243
67 243
67 242
67 241
67 240
67 239
67 238
67 237
68 237
69 237
69 238
70 238
70 239
70 240
71 240
71 241
72 241
72 242
73 242
73 243
74 243
74 244
75 244
75 245
75 246
75 247
76 247
77 247
78 247
79 247
80 247
80 248
81 248
82 248
83 248
83 249
84 249
84 250
84 251
84 252
84 253
85 253
86 253
86 254
87 254
87 255
88 255
88 256
88 257
89 257
90 257
91 257
92 257
93 257
93 256
94 256
95 256
96 256
97 256
98 256
99 256
100 256
100 257
101 257
101 258
101 259
102 259
102 260
103 260
103 259
103 258
103 257
103 256
104 256
105 256
106 256
107 256
108 256
108 255
107 255
106 255
106 254
106 253
106 252
106 251
106 250
106 249
106 248
107 248
107 247
108 247
108 246
109 246
109 245
109 244
109 243
109 242
108 242
108 241
108 240
109 240
110 240
111 240
112 240
41 239
42 239
42 238
43 238
43 237
44 237
44 236
44 235
45 235
45 234
46 234
46 233
47 233
48 233
49 233
50 233
51 233
52 233
53 233
54 233
55 233
55 234
56 234
57 234
58 234
59 234
60 234
61 234
62 234
63 234
64 234
65 234
66 234
67 234
67 235
68 235
68 236
230 453
230 452
231 453
231 454
231 455
231 456
231 457
231 458
230 458
229 458
229 459
228 459
228 460
228 461
227 461
226 461
225 461
225 462
224 462
224 463
223 463
223 464
222 464
221 464
220 464
219 464
218 464
217 464
216 464
216 463
215 463
215 462
215 461
214 461
214 460
213 460
212 460
212 459
211 459
211 458
210 458
209 458
208 458
208 457
229 452
228 452
228 451
228 450
227 450
227 449
227 448
226 448
226 447
225 447
225 446
225 445
224 445
224 444
223 444
222 444
221 444
220 444
219 444
219 443
218 443
218 442
217 442
217 441
217 440
333 35
333 36
333 34
333 33
334 33
334 32
334 31
334 30
334 29
334 28
334 27
334 26
334 25
333 25
333 37
333 38
333 39
333 40
333 41
334 41
255 49
256 49
254 49
253 49
252 49
252 50
251 50
251 51
251 52
251 53
251 54
251 55
252 55
252 56
253 56
253 57
254 57
254 58
254 59
254 60
255 60
255 61
255 62
256 62
257 62
258 62
259 62
260 62
261 62
262 62
263 62
257 49
258 49
259 49
259 48
260 48
260 47
261 47
261 46
261 45
261 44
261 43
260 43
260 42
259 42
259 41
258 41
258 40
257 40
257 39
257 38
257 37
257 36
256 36
256 35
467 279
467 278
468 279
468 280
469 280
470 280
470 281
471 281
471 282
471 283
471 284
472 284
472 285
473 285
473 286
474 286
466 278
465 278
465 277
464 277
464 276
463 276
462 276
462 275
461 275
461 274
460 274
459 274
459 275
458 275
458 276
457 276
457 277
456 277
456 278
456 279
456 280
456 281
456 282
456 283
456 284
456 285
456 286
456 287
456 288
456 289
457 289
457 290
456 290
455 290
455 291
454 291
453 291
453 292
452 292
451 292
451 291
450 291
449 291
448 291
447 291
446 291
445 291
444 291
443 291
442 291
441 291
441 290
440 290
439 290
439 291
439 292
439 293
438 293
437 293
436 293
435 293
434 293
433 293
432 293
431 293
430 293
429 293
428 293
428 292
428 291
428 290
427 290
427 289
427 288
468 226
469 226
467 226
467 225
466 225
466 224
465 224
464 224
464 223
463 223
462 223
461 223
461 222
460 222
459 222
459 221
458 221
458 220
457 220
456 220
456 219
456 218
456 217
456 216
456 215
456 214
455 214
455 213
454 213
453 213
452 213
451 213
450 213
450 214
449 214
448 214
447 214
446 214
445 214
445 213
444 213
444 212
444 211
444 210
445 210
445 209
445 208
445 207
446 207
446 206
445 206
445 205
444 205
444 204
443 204
442 204
441 204
440 204
439 204
438 204
437 204
436 204
436 203
435 203
435 202
434 202
434 201
433 201
432 201
432 200
431 200
430 200
429 200
428 200
427 200
426 200
426 199
425 199
424 199
424 200
423 200
423 201
422 201
421 201
420 201
419 201
418 201
417 201
416 201
416 200
415 200
415 199
415 198
415 197
415 196
415 195
415 194
415 193
415 192
414 192
414 191
414 190
414 189
414 188
413 188
413 187
413 186
413 185
413 184
413 183
413 182
413 181
413 180
413 179
414 179
414 178
415 178
415 177
415 176
415 175
416 175
416 174
416 173
417 173
417 172
418 172
418 171
419 171
419 170
470 226
471 226
471 227
472 227
472 228
473 228
473 229
474 229
474 230
474 231
475 231
475 232
476 232
476 233
477 233
477 234
478 234
479 234
479 235
480 235
481 235
482 235
483 235
484 235
485 235
486 235
487 235
487 236
487 237
487 238
487 239
487 240
487 241
487 242
488 242
155 297
156 297
154 297
153 297
152 297
151 297
150 297
149 297
148 297
148 296
157 297
158 297
159 297
160 297
160 298
161 298
161 299
161 300
161 301
161 302
162 302
162 303
163 303
437 333
437 332
437 334
437 335
436 335
435 335
435 336
434 336
433 336
433 337
433 338
433 339
433 340
433 341
433 342
434 342
435 342
435 343
436 343
437 343
438 343
439 343
439 344
439 345
440 345
440 346
440 347
440 348
440 349
440 350
440 351
439 351
439 352
438 352
437 352
436 352
435 352
435 353
434 353
433 353
432 353
431 353
431 354
431 355
431 356
431 357
431 358
431 359
431 360
431 361
431 362
437 331
437 330
436 330
436 329
436 328
436 327
436 326
436 325
436 324
436 323
437 323
437 322
437 321
438 321
438 320
438 319
438 318
438 317
438 316
438 315
439 315
439 314
440 314
440 313
441 313
441 312
442 312
443 312
444 312
445 312
446 312
447 312
447 313
448 313
449 313
450 313
450 312
450 311
451 311
451 310
451 309
451 308
451 307
451 306
451 305
451 304
451 303
451 302
451 301
452 301
452 300
452 299
453 299
453 298
453 297
453 296
453 295
453 294
453 293
359 259
359 260
358 259
357 259
356 259
355 259
355 260
354 260
354 261
353 261
353 262
353 263
353 264
352 264
352 265
352 266
352 267
352 268
351 268
351 269
350 269
360 260
361 260
362 260
362 261
363 261
364 261
364 262
365 262
366 262
367 262
368 262
141 369
142 369
141 368
140 368
140 367
140 366
139 366
139 365
138 365
138 364
138 363
138 362
138 361
138 360
138 359
138 358
138 357
139 357
140 357
140 356
141 356
142 356
142 355
143 355
143 354
144 354
145 354
145 353
145 352
146 352
146 351
146 350
146 349
146 348
146 347
147 347
147 346
142 370
142 371
142 372
142 373
141 373
141 374
140 374
140 375
140 376
141 376
141 377
141 378
142 378
142 379
143 379
143 380
143 381
144 381
145 381
146 381
147 381
148 381
148 382
148 383
148 384
148 385
149 385
149 386
149 387
150 387
150 388
150 389
150 390
150 391
150 392
150 393
160 241
159 241
161 241
162 241
163 241
164 241
165 241
166 241
167 241
168 241
169 241
169 242
169 243
169 244
170 244
170 245
171 245
171 246
171 247
171 248
171 249
171 250
171 251
172 251
172 252
173 252
173 253
174 253
174 254
175 254
175 255
175 256
176 256
176 257
176 258
176 259
176 260
177 260
178 260
178 261
179 261
180 261
180 262
181 262
182 262
182 261
183 261
183 260
184 260
185 260
185 259
186 259
186 258
186 257
187 257
187 258
187 259
188 259
188 260
189 260
189 261
190 261
158 241
157 241
156 241
156 242
155 242
155 243
154 243
154 242
153 242
153 241
153 240
153 239
152 239
152 238
151 238
151 237
150 237
150 236
149 236
148 236
148 235
149 235
149 234
149 233
150 233
150 232
150 231
150 230
150 229
150 228
150 227
150 226
149 226
148 226
147 226
146 226
145 226
145 227
144 227
144 228
144 229
144 230
143 230
143 231
143 232
143 233
142 233
142 234
141 234
140 234
140 235
139 235
139 236
138 236
138 237
137 237
137 238
136 238
135 238
134 238
133 238
132 238
131 238
131 239
130 239
130 240
130 241
129 241
129 242
128 242
127 242
126 242
126 243
125 243
124 243
124 244
123 244
123 245
122 245
122 246
122 247
121 247
121 248
121 249
121 250
120 250
444 271
443 271
445 271
446 271
446 272
447 272
447 273
448 273
449 273
450 273
451 273
451 274
452 274
452 275
453 275
453 276
454 276
455 276
455 277
442 271
441 271
440 271
440 272
439 272
439 273
438 273
438 274
437 274
436 274
435 274
434 274
433 274
432 274
432 275
431 275
270 450
269 450
271 450
272 450
273 450
274 450
275 450
276 450
277 450
278 450
279 450
268 450
268 451
267 451
267 452
266 452
266 453
265 453
265 454
265 455
265 456
265 457
265 458
264 458
264 459
264 460
264 461
263 461
263 462
262 462
261 462
261 461
260 461
259 461
259 460
258 460
258 459
257 459
256 459
255 459
254 459
253 459
252 459
251 459
250 459
249 459
248 459
247 459
246 459
246 458
245 458
245 457
244 457
243 457
242 457
241 457
240 457
239 457
238 457
237 457
236 457
235 457
234 457
233 457
232 457
19 272
19 271
19 273
20 273
20 274
20 275
20 276
18 271
18 270
17 270
17 269
16 269
16 268
16 267
15 267
15 266
15 265
15 264
15 263
15 262
16 262
16 261
17 261
17 260
18 260
18 259
18 258
19 258
19 257
19 256
19 255
20 255
21 255
21 254
22 254
22 253
22 252
23 252
23 251
24 251
25 251
26 251
27 251
27 250
28 250
28 249
29 249
29 248
30 248
31 248
32 248
33 248
34 248
35 248
36 248
37 248
38 248
229 209
229 208
229 210
229 211
230 211
230 212
230 213
230 214
230 215
230 216
231 216
231 217
231 218
232 218
232 219
232 220
233 220
233 221
233 222
233 223
233 224
233 225
233 226
233 227
233 228
234 228
234 229
235 229
236 229
236 230
237 230
237 231
238 231
239 231
240 231
241 231
242 231
242 232
243 232
243 231
244 231
244 230
245 230
245 229
246 229
247 229
247 228
248 228
248 227
249 227
249 226
248 226
248 225
247 225
247 224
247 223
247 222
247 221
247 220
248 220
248 219
249 219
249 218
250 218
251 218
251 217
252 217
253 217
254 217
255 217
255 218
256 218
256 219
257 219
258 219
258 220
259 220
260 220
260 221
261 221
262 221
262 222
263 222
263 223
264 223
264 224
264 225
264 226
264 227
264 228
264 229
264 230
264 231
264 232
264 233
264 234
264 235
263 235
228 208
228 207
228 206
228 205
228 204
228 203
227 203
227 202
227 201
227 200
227 199
227 198
226 198
226 197
226 196
225 196
225 197
224 197
223 197
222 197
221 197
220 197
219 197
218 197
217 197
216 197
216 196
79 272
79 273
78 272
78 271
77 271
77 270
76 270
76 269
76 268
76 267
75 267
75 266
74 266
74 265
74 264
74 263
74 262
74 261
74 260
74 259
74 258
74 257
74 256
74 255
74 254
74 253
74 252
74 251
74 250
74 249
74 248
75 248
76 248
80 273
80 274
81 274
81 275
81 276
81 277
81 278
81 279
82 279
82 280
83 280
246 191
245 191
247 191
248 191
249 191
250 191
250 190
251 190
252 190
252 191
252 192
252 193
252 194
252 195
253 195
253 196
253 197
253 198
252 198
252 199
252 200
252 201
252 202
251 202
251 203
250 203
250 204
249 204
249 205
248 205
247 205
247 206
247 207
247 208
247 209
247 210
247 211
247 212
248 212
249 212
250 212
251 212
252 212
252 213
252 214
252 215
253 215
253 216
254 216
244 191
243 191
242 191
242 190
241 190
240 190
239 190
239 189
239 188
239 187
239 186
239 185
239 184
239 183
239 182
239 181
238 181
238 180
237 180
237 179
237 178
236 178
236 177
235 177
234 177
233 177
232 177
231 177
230 485
230 484
230 486
230 487
230 488
230 489
230 490
230 483
230 482
230 481
229 481
229 480
229 479
229 478
229 477
229 476
230 476
231 476
232 476
232 475
232 474
232 473
233 473
234 473
235 473
235 472
236 472
237 472
238 472
238 471
239 471
240 471
241 471
242 471
243 471
243 470
244 470
245 470
246 470
246 469
246 468
246 467
246 466
246 465
246 464
247 464
247 463
247 462
247 461
247 460
246 460
354 491
355 491
353 491
352 491
351 491
350 491
349 491
348 491
348 492
347 492
347 493
347 494
347 495
347 496
347 497
347 498
347 499
347 500
346 500
346 501
346 502
345 502
345 503
345 504
345 505
344 505
344 506
343 506
342 506
342 507
341 507
340 507
340 508
340 509
339 509
339 510
339 511
338 511
337 511
336 511
335 511
334 511
333 511
333 510
332 510
332 509
331 509
331 508
330 508
329 508
328 508
327 508
326 508
325 508
325 509
324 509
323 509
322 509
321 509
320 509
319 509
318 509
317 509
317 510
316 510
316 511
315 511
314 511
313 511
312 511
311 511
310 511
309 511
308 511
307 511
306 511
305 511
305 510
305 509
305 508
305 507
305 506
305 505
305 504
306 504
306 503
306 502
306 501
305 501
305 500
305 499
304 499
303 499
302 499
301 499
300 499
299 499
298 499
298 498
297 498
297 497
296 497
296 496
295 496
295 495
294 495
293 495
292 495
292 496
292 497
291 497
291 498
290 498
290 499
290 500
290 501
290 502
290 503
290 504
290 505
289 505
289 506
288 506
288 507
287 507
287 508
286 508
286 509
285 509
284 509
284 510
283 510
283 509
282 509
281 509
281 508
280 508
279 508
279 507
278 507
278 506
278 505
277 505
277 504
277 503
276 503
276 502
275 502
274 502
273 502
273 501
272 501
271 501
270 501
269 501
268 501
267 501
266 501
265 501
264 501
264 500
263 500
263 499
263 498
262 498
262 497
262 496
261 496
261 495
262 495
262 494
262 493
263 493
263 492
263 491
263 490
263 489
263 488
263 487
263 486
263 485
262 485
262 484
261 484
260 484
260 483
259 483
258 483
258 482
257 482
257 481
257 480
256 480
256 479
256 478
255 478
255 477
256 477
256 476
257 476
257 475
257 474
257 473
257 472
257 471
257 470
258 470
258 469
259 469
260 469
260 468
261 468
261 467
261 466
261 465
261 464
261 463
262 463
356 491
357 491
358 491
359 491
360 491
361 491
361 490
361 489
361 488
361 487
361 486
361 485
362 485
362 484
363 484
363 483
363 482
363 481
363 480
363 479
364 479
364 478
364 477
363 477
363 476
363 475
363 474
363 473
363 472
363 471
362 471
362 470
361 470
361 469
361 468
360 468
293 50
293 51
293 49
292 49
292 48
292 47
291 47
290 47
290 46
289 46
289 45
288 45
287 45
286 45
285 45
284 45
283 45
282 45
281 45
293 52
293 53
293 54
293 55
293 56
292 56
292 57
291 57
291 58
290 58
290 59
290 60
290 61
290 62
290 63
289 63
289 64
289 65
289 66
289 67
198 17
197 17
199 17
199 18
200 18
200 19
201 19
201 20
202 20
202 21
202 22
203 22
196 17
195 17
194 17
193 17
192 17
191 17
190 17
189 17
189 16
189 15
188 15
188 14
188 13
187 13
187 12
186 12
186 13
185 13
185 14
185 15
185 16
184 16
184 17
183 17
183 18
182 18
182 19
181 19
180 19
295 25
295 24
295 26
295 27
295 28
294 28
294 29
293 29
293 30
292 30
291 30
291 31
290 31
289 31
288 31
287 31
286 31
285 31
284 31
283 31
283 32
283 33
283 34
283 35
283 36
283 37
283 38
283 39
283 40
283 41
283 42
283 43
282 43
282 44
281 44
295 23
295 22
295 21
295 20
295 19
295 18
296 18
296 17
296 16
297 16
297 15
298 15
298 14
336 209
336 210
336 208
336 207
336 206
336 205
336 204
336 203
335 203
335 202
335 201
335 200
335 199
335 198
334 198
333 198
333 197
332 197
332 196
331 196
331 195
330 195
330 194
330 193
329 193
329 192
329 191
329 190
329 189
329 188
329 187
328 187
327 187
326 187
325 187
325 186
325 185
325 184
325 183
325 182
325 181
325 180
324 180
324 179
324 178
324 177
324 176
324 175
324 174
324 173
324 172
323 172
322 172
322 171
321 171
336 211
336 212
336 213
336 214
336 215
336 216
336 217
335 217
334 217
334 218
333 218
333 219
332 219
331 219
330 219
329 219
328 219
327 219
326 219
325 219
324 219
324 218
323 218
322 218
322 217
321 217
320 217
319 217
318 217
317 217
316 217
316 218
315 218
315 219
315 220
315 221
315 222
315 223
315 224
315 225
315 226
315 227
315 228
315 229
315 230
315 231
315 232
315 233
315 234
315 235
316 235
316 234
316 233
316 232
317 232
318 232
319 232
320 232
321 232
322 232
323 232
323 233
324 233
325 233
325 234
325 235
325 236
326 236
326 237
325 237
325 238
325 239
325 240
325 241
325 242
325 243
325 244
325 245
324 245
324 246
325 246
325 247
325 248
325 249
325 250
325 251
326 251
326 252
327 252
327 253
328 253
328 254
329 254
329 255
330 255
331 255
332 255
333 255
334 255
335 255
335 256
336 256
337 256
338 256
339 256
340 256
341 256
341 257
342 257
342 258
343 258
343 259
344 259
345 259
346 259
347 259
348 259
349 259
349 260
350 260
350 261
351 261
351 262
351 263
351 264
351 265
351 266
351 267
155 101
154 101
155 100
156 100
156 99
157 99
157 98
157 97
158 97
158 96
159 96
154 102
153 102
153 103
152 103
152 104
151 104
151 105
151 106
151 107
150 107
150 108
149 108
148 108
147 108
146 108
145 108
144 108
143 108
142 108
141 108
140 108
139 108
139 109
138 109
137 109
136 109
136 110
135 110
135 111
134 111
134 112
133 112
133 113
133 114
132 114
132 115
131 115
131 116
130 116
130 115
129 115
128 115
127 115
126 115
125 115
124 115
123 115
123 116
122 116
121 116
121 117
121 118
121 119
120 119
120 120
119 120
119 121
118 121
117 121
117 122
116 122
116 123
115 123
115 124
114 124
114 125
113 125
113 126
112 126
112 127
111 127
110 127
110 128
109 128
109 129
343 447
343 446
343 448
343 449
343 450
343 451
344 451
344 452
345 452
345 453
345 454
346 454
346 455
346 456
347 456
347 457
348 457
348 458
349 458
350 458
350 459
349 459
349 460
349 461
349 462
349 463
349 464
349 465
350 465
350 466
351 466
352 466
353 466
354 466
355 466
356 466
357 466
358 466
359 466
359 467
360 467
343 445
343 444
343 443
343 442
343 441
343 440
343 439
344 439
344 438
345 438
346 438
346 437
347 437
347 436
348 436
348 435
348 434
347 434
347 433
347 432
347 431
347 430
347 429
347 428
347 427
347 426
347 425
347 424
202 199
202 198
202 200
202 201
201 201
201 202
200 202
200 203
199 203
199 204
199 205
198 205
197 205
197 206
196 206
195 206
194 206
194 207
193 207
192 207
192 206
192 205
192 204
191 204
191 203
190 203
190 202
190 201
189 201
189 200
189 199
188 199
188 198
187 198
187 197
186 197
186 196
186 195
186 194
186 193
185 193
185 192
185 191
184 191
203 198
203 197
204 197
205 197
205 196
206 196
207 196
208 196
209 196
210 196
211 196
212 196
213 196
214 196
215 196
449 245
450 245
448 245
447 245
447 246
446 246
445 246
445 247
444 247
444 248
443 248
443 249
442 249
442 250
441 250
441 249
440 249
439 249
438 249
438 248
437 248
437 247
436 247
436 246
435 246
434 246
433 246
432 246
431 246
431 247
431 248
431 249
431 250
431 251
431 252
431 253
431 254
431 255
432 255
432 256
432 257
431 257
430 257
430 258
429 258
428 258
428 259
427 259
427 260
426 260
426 261
425 261
425 262
424 262
451 245
452 245
453 245
454 245
455 245
455 244
455 243
455 242
456 242
457 242
457 241
458 241
459 241
459 240
460 240
460 239
461 239
462 239
463 239
464 239
464 240
465 240
466 240
467 240
467 241
468 241
468 242
307 210
307 209
307 211
307 212
307 213
307 214
307 215
308 215
309 215
310 215
310 216
311 216
312 216
313 216
314 216
314 217
315 217
307 208
307 207
307 206
307 205
307 204
307 203
307 202
308 202
308 201
309 201
319 458
318 458
320 458
321 458
322 458
323 458
324 458
324 459
323 459
323 460
322 460
322 461
322 462
322 463
322 464
322 465
322 466
322 467
322 468
322 469
322 470
322 471
322 472
322 473
322 474
322 475
322 476
323 476
324 476
325 476
326 476
327 476
328 476
328 475
329 475
330 475
330 474
331 474
332 474
332 473
333 473
333 472
333 471
334 471
334 470
335 470
335 469
335 468
336 468
336 467
336 466
337 466
337 465
338 465
339 465
339 464
340 464
341 464
342 464
342 463
343 463
344 463
345 463
346 463
347 463
348 463
348 462
348 461
348 460
348 459
317 458
316 458
315 458
314 458
313 458
312 458
311 458
310 458
309 458
308 458
307 458
166 171
165 171
167 171
167 172
168 172
169 172
170 172
171 172
172 172
172 173
173 173
174 173
174 174
175 174
175 175
175 176
175 177
175 178
175 179
175 180
174 180
174 181
173 181
173 182
173 183
172 183
171 183
170 183
169 183
169 184
169 185
169 186
169 187
169 188
170 188
170 189
170 190
171 190
172 190
172 191
173 191
173 192
174 192
174 193
175 193
175 194
176 194
176 195
177 195
178 195
179 195
180 195
181 195
182 195
182 194
183 194
183 193
183 192
184 192
165 170
164 170
163 170
162 170
161 170
160 170
159 170
158 170
157 170
157 169
156 169
156 170
155 170
155 171
154 171
154 172
154 173
154 174
153 174
153 175
153 176
152 176
152 177
151 177
150 177
150 178
150 179
150 180
150 181
150 182
150 183
150 184
150 185
151 185
151 186
152 186
152 187
153 187
153 188
153 189
153 190
153 191
153 192
153 193
153 194
153 195
152 195
152 196
151 196
151 197
150 197
150 198
149 198
149 199
149 200
149 201
150 201
150 202
151 202
151 203
152 203
152 204
152 205
152 206
152 207
152 208
152 209
152 210
152 211
152 212
152 213
152 214
152 215
153 215
153 216
153 217
153 218
153 219
153 220
153 221
153 222
152 222
152 223
152 224
151 224
151 225
150 225
63 213
63 212
64 213
64 214
64 215
64 216
64 217
64 218
63 218
63 219
62 219
61 219
60 219
59 219
59 220
58 220
58 221
57 221
57 222
58 222
58 223
58 224
59 224
59 225
60 225
60 226
61 226
61 227
62 227
63 227
64 227
65 227
66 227
67 227
68 227
68 228
68 229
68 230
68 231
68 232
68 233
68 234
62 212
62 211
61 211
61 210
60 210
60 209
59 209
59 208
59 207
59 206
59 205
59 204
58 204
58 203
57 203
57 202
56 202
56 201
55 201
55 200
55 199
55 198
55 197
55 196
55 195
55 194
55 193
55 192
54 192
54 191
54 190
54 189
54 188
54 187
54 186
54 185
54 184
54 183
54 182
54 181
55 181
55 180
55 179
56 179
56 178
56 177
55 177
55 176
54 176
53 176
52 176
51 176
50 176
49 176
48 176
48 175
47 175
46 175
111 191
110 191
112 191
113 191
113 190
114 190
115 190
116 190
116 189
117 189
118 189
119 189
120 189
121 189
122 189
123 189
124 189
125 189
126 189
126 188
126 187
125 187
125 186
125 185
125 184
125 183
125 182
125 181
125 180
125 179
125 178
124 178
124 177
123 177
123 176
122 176
122 175
122 174
122 173
122 172
122 171
122 170
121 170
120 170
119 170
118 170
117 170
116 170
115 170
114 170
113 170
113 169
112 169
112 168
111 168
111 167
110 167
109 167
109 166
108 166
107 166
107 165
106 165
106 164
105 164
105 163
104 163
104 162
109 191
108 191
107 191
106 191
105 191
104 191
104 190
103 190
103 189
103 188
103 187
103 186
103 185
102 185
102 184
101 184
101 183
100 183
99 183
98 183
97 183
96 183
95 183
94 183
93 183
92 183
91 183
90 183
89 183
88 183
87 183
419 490
419 489
419 491
419 492
420 492
420 493
421 493
422 493
423 493
424 493
425 493
426 493
427 493
428 493
428 492
429 492
429 491
430 491
431 491
432 491
433 491
434 491
435 491
436 491
437 491
437 490
438 490
439 490
439 489
440 489
440 488
441 488
441 487
442 487
443 487
444 487
444 486
445 486
446 486
447 486
447 485
448 485
448 484
449 484
449 483
450 483
451 483
451 482
452 482
452 481
453 481
453 480
453 479
453 478
453 477
453 476
453 475
454 475
455 475
456 475
457 475
458 475
459 475
460 475
461 475
462 475
462 474
419 488
419 487
419 486
419 485
418 485
417 485
417 486
416 486
415 486
415 487
414 487
414 488
413 488
413 489
412 489
411 489
411 490
410 490
410 491
409 491
408 491
407 491
406 491
405 491
404 491
403 491
402 491
402 490
401 490
400 490
399 490
398 490
397 490
397 489
396 489
395 489
395 488
394 488
393 488
392 488
391 488
390 488
390 489
389 489
389 490
388 490
388 491
387 491
386 491
385 491
384 491
383 491
382 491
381 491
380 491
379 491
378 491
377 491
376 491
375 491
375 490
374 490
373 490
372 490
371 490
370 490
370 489
369 489
368 489
368 488
367 488
366 488
366 487
365 487
364 487
364 486
363 486
363 485
301 215
302 215
300 215
299 215
298 215
298 214
297 214
296 214
296 215
295 215
294 215
293 215
292 215
291 215
290 215
290 214
290 213
290 212
290 211
289 211
289 210
288 210
288 209
287 209
286 209
285 209
285 208
284 208
284 207
284 206
284 205
283 205
283 204
282 204
282 203
281 203
280 203
280 202
279 202
278 202
278 201
277 201
276 201
275 201
275 200
274 200
273 200
272 200
272 201
272 202
272 203
272 204
272 205
272 206
272 207
272 208
273 208
273 209
273 210
273 211
273 212
273 213
273 214
272 214
272 215
271 215
271 216
271 217
271 218
271 219
271 220
271 221
272 221
272 222
271 222
271 223
270 223
269 223
268 223
267 223
266 223
265 223
303 215
304 215
305 215
306 215
221 142
221 141
221 143
221 144
221 145
220 145
220 146
219 146
219 147
219 148
219 149
220 149
220 150
221 150
222 150
223 150
224 150
224 151
225 151
226 151
226 152
225 152
224 152
224 153
224 154
224 155
224 156
224 157
224 158
224 159
224 160
225 160
225 161
225 162
225 163
225 164
225 165
225 166
225 167
225 168
225 169
225 170
225 171
225 172
225 173
226 173
227 173
228 173
228 174
229 174
229 175
229 176
230 176
230 177
221 140
221 139
221 138
222 138
223 138
223 137
222 137
221 137
220 137
220 136
219 136
219 135
218 135
218 134
217 134
217 133
216 133
215 133
215 132
214 132
214 131
213 131
213 130
213 129
213 128
213 127
213 126
213 125
213 124
213 123
213 122
212 122
211 122
210 122
210 121
209 121
209 120
209 119
210 119
210 118
210 117
210 116
210 115
210 114
210 113
210 112
210 111
211 111
211 110
212 110
213 110
214 110
214 109
215 109
216 109
216 108
216 107
216 106
216 105
216 104
216 103
216 102
217 102
217 103
218 103
218 104
219 104
220 104
220 105
221 105
222 105
223 105
223 106
224 106
225 106
225 107
226 107
227 107
227 108
228 108
228 109
229 109
229 110
229 111
229 112
230 112
230 113
231 113
231 114
232 114
233 114
233 113
233 112
233 111
234 111
235 111
236 111
237 111
238 111
239 111
240 111
241 111
241 110
242 110
242 109
242 108
242 107
242 106
242 105
242 104
243 104
243 103
244 103
245 103
246 103
247 103
247 102
246 102
246 101
246 100
246 99
246 98
246 97
247 97
247 96
247 95
247 94
247 93
247 92
247 91
247 90
247 89
247 88
248 88
248 87
249 87
249 86
250 86
250 85
251 85
251 84
252 84
252 83
253 83
253 82
254 82
254 81
255 81
255 80
256 80
256 79
256 78
257 78
257 77
258 77
258 76
259 76
259 75
260 75
260 74
260 73
261 73
261 72
261 71
261 70
261 69
261 68
261 67
262 67
262 66
262 65
263 65
263 64
175 118
174 118
176 118
177 118
177 119
177 120
178 120
178 119
179 119
179 118
179 117
180 117
180 116
180 115
181 115
181 114
182 114
182 113
182 112
183 112
183 111
183 110
183 109
184 109
184 110
184 111
185 111
185 112
186 112
186 113
187 113
188 113
189 113
190 113
191 113
192 113
193 113
193 114
194 114
194 115
195 115
196 115
197 115
198 115
199 115
200 115
200 116
200 117
200 118
200 119
201 119
202 119
203 119
204 119
205 119
206 119
207 119
208 119
208 120
173 118
172 118
172 117
171 117
171 118
170 118
169 118
168 118
167 118
166 118
165 118
165 117
164 117
164 116
163 116
163 117
162 117
162 118
161 118
161 119
161 120
160 120
160 121
159 121
159 120
158 120
158 119
157 119
156 119
155 119
154 119
153 119
152 119
151 119
151 120
150 120
150 121
149 121
149 122
149 123
149 124
148 124
148 125
147 125
147 126
146 126
145 126
144 126
143 126
142 126
141 126
140 126
140 127
140 128
140 129
139 129
138 129
138 130
137 130
136 130
135 130
134 130
133 130
133 131
132 131
131 131
131 132
131 133
131 134
131 135
130 135
130 134
130 133
129 133
128 133
127 133
127 132
126 132
125 132
124 132
123 132
122 132
121 132
120 132
119 132
118 132
117 132
116 132
115 132
114 132
114 131
113 131
112 131
111 131
110 131
109 131
109 130
164 140
163 140
164 139
165 139
166 139
166 138
166 137
166 136
166 135
166 134
166 133
165 133
165 132
164 132
164 131
163 131
163 130
163 129
162 129
162 128
162 127
162 126
162 125
161 125
161 124
161 123
160 123
160 122
162 140
162 141
161 141
161 142
161 143
162 143
162 144
163 144
163 145
163 146
163 147
163 148
163 149
163 150
163 151
164 151
139 153
139 152
138 153
138 154
138 155
138 156
138 157
138 158
138 159
138 160
138 161
138 162
138 163
138 164
138 165
138 166
138 167
138 168
138 169
139 169
139 170
140 170
140 171
140 172
140 173
141 173
141 174
141 175
141 176
142 176
142 177
143 177
144 177
145 177
146 177
147 177
147 178
148 178
149 178
140 152
141 152
141 151
141 150
141 149
141 148
140 148
140 147
140 146
139 146
139 145
139 144
138 144
137 144
136 144
136 143
135 143
135 142
134 142
133 142
133 141
133 140
133 139
133 138
133 137
132 137
132 136
131 136
282 478
281 478
283 478
284 478
285 478
286 478
287 478
288 478
288 477
289 477
289 476
289 475
280 478
279 478
278 478
277 478
277 477
276 477
275 477
274 477
273 477
272 477
271 477
270 477
269 477
269 478
269 479
268 479
268 480
267 480
267 481
267 482
266 482
266 483
265 483
265 484
264 484
263 484
87 226
86 226
88 226
89 226
90 226
90 225
90 224
91 224
92 224
92 225
93 225
93 226
94 226
95 226
96 226
97 226
97 227
98 227
99 227
99 228
100 228
100 229
101 229
101 230
102 230
103 230
104 230
105 230
106 230
107 230
107 229
108 229
108 228
109 228
110 228
111 228
111 227
112 227
113 227
113 226
114 226
115 226
85 226
84 226
83 226
82 226
81 226
80 226
80 225
79 225
79 224
78 224
78 223
77 223
76 223
76 222
75 222
74 222
73 222
73 223
72 223
72 224
71 224
71 225
70 225
70 226
69 226
69 227
329 129
328 129
329 130
330 130
330 131
331 131
331 132
331 133
331 134
332 134
332 135
332 136
332 137
332 138
332 139
333 139
333 140
332 140
331 140
331 141
330 141
329 141
329 140
328 140
327 140
326 140
325 140
324 140
323 140
322 140
322 141
322 142
322 143
322 144
322 145
322 146
323 146
323 147
323 148
323 149
323 150
324 150
324 151
325 151
325 152
326 152
327 152
327 153
328 153
329 153
330 153
330 154
330 155
330 156
330 157
331 157
332 157
332 158
332 159
332 160
333 160
333 161
334 161
334 162
335 162
336 162
336 163
337 163
337 164
337 165
337 166
337 167
337 168
337 169
337 170
337 171
337 172
337 173
337 174
337 175
338 175
338 176
339 176
339 177
340 177
340 178
340 179
341 179
341 180
341 181
341 182
341 183
341 184
341 185
341 186
341 187
341 188
341 189
341 190
341 191
342 191
342 192
343 192
343 193
344 193
344 194
345 194
346 194
347 194
347 195
348 195
349 195
349 196
350 196
350 197
351 197
351 198
352 198
352 199
352 200
353 200
353 201
353 202
353 203
353 204
354 204
354 205
355 205
355 206
355 207
355 208
355 209
355 210
355 211
355 212
355 213
356 213
356 214
357 214
358 214
358 213
359 213
360 213
361 213
362 213
362 212
362 211
363 211
363 210
364 210
364 209
365 209
366 209
366 208
367 208
368 208
368 207
369 207
369 206
370 206
371 206
371 207
371 208
371 209
371 210
371 211
371 212
371 213
371 214
370 214
370 215
370 216
369 216
369 217
368 217
368 218
367 218
367 219
367 220
367 221
368 221
369 221
370 221
371 221
372 221
373 221
374 221
375 221
376 221
377 221
377 220
378 220
378 219
378 218
378 217
379 217
379 216
380 216
380 215
381 215
382 215
382 214
383 214
383 215
384 215
385 215
385 216
386 216
386 217
387 217
387 218
388 218
388 219
388 220
389 220
389 221
389 222
390 222
390 223
390 224
389 224
389 225
389 226
388 226
387 226
387 227
386 227
385 227
384 227
384 228
383 228
383 229
384 229
384 230
385 230
385 231
385 232
386 232
386 233
387 233
387 234
327 129
326 129
326 128
325 128
325 127
324 127
324 126
323 126
323 125
323 124
323 123
323 122
322 122
322 121
321 121
321 120
320 120
320 119
320 118
320 117
320 116
320 115
320 114
320 113
320 112
320 111
320 110
320 109
319 109
319 108
318 108
317 108
316 108
315 108
315 107
314 107
314 106
313 106
313 105
312 105
312 104
311 104
311 105
310 105
309 105
308 105
307 105
306 105
305 105
304 105
303 105
302 105
301 105
300 105
300 106
299 106
298 106
297 106
297 105
296 105
295 105
294 105
293 105
292 105
291 105
290 105
289 105
288 105
288 106
287 106
287 107
287 108
287 109
287 110
287 111
286 111
286 110
285 110
285 109
284 109
283 109
283 108
282 108
282 107
281 107
280 107
279 107
278 107
278 106
277 106
276 106
276 105
275 105
275 104
274 104
274 103
274 102
274 101
274 100
274 99
273 99
273 98
273 97
273 96
273 95
273 94
273 93
274 93
274 92
275 92
276 92
276 91
277 91
277 90
278 90
279 90
280 90
280 89
281 89
281 88
281 87
281 86
281 85
282 85
282 84
282 83
283 83
283 82
283 81
284 81
284 80
284 79
285 79
285 78
285 77
285 76
286 76
286 75
286 74
286 73
287 73
478 291
478 290
478 292
478 293
478 294
478 295
478 296
478 297
478 298
478 299
478 300
478 301
478 302
478 303
478 304
478 305
478 306
478 307
478 308
478 309
478 310
478 311
478 312
478 313
478 314
478 315
478 316
478 317
479 317
480 317
480 318
481 318
482 318
483 318
484 318
485 318
485 317
486 317
487 317
488 317
489 317
489 316
490 316
490 315
491 315
492 315
492 314
493 314
494 314
495 314
495 313
496 313
497 313
497 312
498 312
498 311
499 311
500 311
501 311
502 311
503 311
504 311
504 312
505 312
506 312
507 312
507 313
508 313
509 313
510 313
511 313
511 314
511 315
511 316
511 317
511 318
511 319
511 320
511 321
511 322
511 323
511 324
511 325
511 326
511 327
511 328
511 329
511 330
511 331
511 332
511 333
511 334
511 335
511 336
511 337
510 337
509 337
508 337
507 337
507 338
506 338
505 338
505 339
504 339
504 340
503 340
502 340
502 341
501 341
501 342
500 342
500 343
499 343
498 343
498 344
498 345
498 346
497 346
497 347
496 347
495 347
494 347
493 347
492 347
491 347
491 346
490 346
489 346
488 346
488 345
487 345
486 345
485 345
484 345
483 345
482 345
481 345
481 344
480 344
480 343
479 343
478 343
478 342
477 342
476 342
475 342
474 342
473 342
473 343
472 343
472 344
471 344
471 345
470 345
469 345
468 345
467 345
467 346
466 346
465 346
465 345
464 345
463 345
462 345
461 345
461 344
460 344
459 344
458 344
458 345
458 346
458 347
457 347
457 348
457 349
456 349
456 350
455 350
454 350
453 350
453 351
453 352
452 352
452 353
452 354
451 354
451 355
450 355
449 355
448 355
448 356
447 356
446 356
445 356
445 355
444 355
444 354
443 354
442 354
442 353
441 353
441 352
440 352
478 289
478 288
477 288
477 287
476 287
475 287
475 286
202 144
201 144
203 144
204 144
204 143
204 142
204 141
204 140
204 139
204 138
203 138
203 137
203 136
203 135
203 134
203 133
203 132
202 132
202 131
201 131
201 130
200 130
200 129
199 129
199 128
198 128
197 128
197 127
197 126
198 126
198 125
198 124
198 123
198 122
198 121
198 120
198 119
198 118
199 118
199 117
200 144
199 144
199 145
199 146
199 147
199 148
199 149
199 150
199 151
199 152
199 153
200 153
200 154
201 154
202 154
203 154
203 155
204 155
205 155
206 155
206 154
207 154
208 154
209 154
210 154
211 154
211 153
211 152
212 152
212 151
213 151
214 151
215 151
216 151
216 150
217 150
218 150
218 149
218 148
461 116
461 117
461 115
461 114
461 113
461 112
461 111
461 110
460 110
460 109
459 109
459 108
458 108
458 107
457 107
457 106
457 105
457 104
457 103
457 102
457 101
457 100
457 99
457 98
457 97
457 96
457 95
457 94
457 93
458 93
459 93
459 92
458 92
457 92
456 92
455 92
455 91
454 91
453 91
452 91
452 90
451 90
451 89
450 89
450 88
450 87
450 86
450 85
450 84
449 84
449 83
450 83
450 82
450 81
450 80
450 79
450 78
450 77
450 76
450 75
450 74
450 73
450 72
449 72
449 71
448 71
447 71
446 71
446 70
445 70
445 69
444 69
444 68
443 68
443 67
442 67
442 66
441 66
441 65
441 64
441 63
441 62
441 61
441 60
441 59
441 58
440 58
439 58
439 57
438 57
438 56
439 56
440 56
441 56
442 56
443 56
444 56
445 56
445 55
445 54
445 53
445 52
445 51
445 50
446 50
446 49
447 49
447 48
448 48
449 48
450 48
451 48
452 48
453 48
454 48
454 47
455 47
455 46
456 46
456 45
455 45
455 44
455 43
455 42
455 41
455 40
455 39
455 38
455 37
456 37
456 36
456 35
456 34
456 33
456 32
456 31
456 30
455 30
454 30
453 30
452 30
451 30
451 29
451 28
451 27
451 26
451 25
451 24
451 23
451 22
450 22
450 21
450 20
451 20
452 20
452 19
453 19
454 19
454 18
455 18
456 18
456 19
457 19
458 19
458 20
459 20
459 21
460 21
461 21
462 21
463 21
464 21
465 21
466 21
466 22
467 22
467 23
468 23
469 23
470 23
470 24
471 24
472 24
473 24
474 24
475 24
475 23
476 23
477 23
478 23
479 23
480 23
481 23
482 23
483 23
484 23
484 24
485 24
461 118
461 119
461 120
461 121
462 121
462 122
463 122
463 123
463 124
464 124
464 125
464 126
465 126
465 127
466 127
466 128
467 128
467 129
468 129
468 130
469 130
469 131
470 131
470 132
471 132
471 133
471 134
472 134
472 135
472 136
471 136
471 137
470 137
469 137
469 138
468 138
468 139
469 139
470 139
471 139
472 139
472 140
473 140
473 141
474 141
474 142
475 142
475 143
476 143
476 144
477 144
478 144
479 144
480 144
481 144
482 144
483 144
484 144
485 144
486 144
487 144
487 143
488 143
489 143
490 143
491 143
492 143
492 144
493 144
494 144
495 144
495 145
496 145
497 145
498 145
498 146
498 147
498 148
498 149
499 149
499 150
499 151
500 151
500 152
501 152
501 153
501 154
501 155
501 156
502 156
502 157
503 157
504 157
505 157
506 157
507 157
508 157
509 157
509 158
510 158
510 159
511 159
511 160
511 161
511 162
511 163
511 164
511 165
511 166
511 167
511 168
511 169
511 170
511 171
511 172
511 173
510 173
510 174
509 174
509 175
509 176
509 177
508 177
508 178
508 179
507 179
507 180
507 181
507 182
507 183
507 184
507 185
507 186
506 186
506 187
505 187
505 188
505 189
504 189
504 190
503 190
502 190
502 191
501 191
500 191
499 191
499 192
498 192
498 193
497 193
497 194
496 194
495 194
494 194
493 194
492 194
491 194
490 194
489 194
489 195
489 196
489 197
489 198
489 199
489 200
489 201
489 202
490 202
490 203
491 203
492 203
493 203
493 204
494 204
494 205
495 205
495 206
496 206
496 207
497 207
498 207
498 208
498 209
498 210
498 211
498 212
498 213
498 214
498 215
498 216
497 216
496 216
496 217
495 217
494 217
494 218
494 219
494 220
494 221
494 222
494 223
494 224
494 225
494 226
494 227
494 228
493 228
493 229
492 229
491 229
490 229
490 230
490 231
490 232
490 233
489 233
489 234
489 235
489 236
489 237
489 238
489 239
489 240
489 241
489 242
291 193
290 193
292 193
293 193
294 193
295 193
295 192
296 192
297 192
297 191
298 191
299 191
299 190
300 190
301 190
302 190
303 190
304 190
305 190
306 190
306 189
306 188
306 187
306 186
306 185
306 184
305 184
304 184
304 183
305 183
305 182
306 182
307 182
308 182
309 182
310 182
311 182
312 182
312 181
313 181
314 181
314 182
315 182
316 182
317 182
317 183
318 183
318 184
318 185
319 185
319 186
320 186
321 186
321 187
322 187
323 187
324 187
289 193
288 193
287 193
286 193
285 193
285 192
284 192
284 191
284 190
283 190
282 190
281 190
280 190
280 191
279 191
279 192
278 192
277 192
277 193
276 193
275 193
274 193
273 193
272 193
272 194
272 195
272 196
272 197
272 198
272 199
276 124
276 123
277 124
277 125
278 125
278 126
278 127
278 128
278 129
278 130
278 131
278 132
279 132
279 131
280 131
280 130
281 130
281 129
282 129
283 129
284 129
285 129
286 129
287 129
288 129
289 129
289 128
289 127
289 126
288 126
287 126
287 125
287 124
287 123
287 122
287 121
287 120
287 119
287 118
288 118
288 117
288 116
288 115
288 114
288 113
288 112
287 112
275 123
274 123
273 123
273 122
272 122
272 121
271 121
271 120
230 85
230 86
231 85
231 84
232 84
233 84
234 84
235 84
236 84
236 85
237 85
237 86
238 86
239 86
240 86
241 86
242 86
243 86
244 86
245 86
246 86
247 86
248 86
229 86
228 86
228 87
227 87
227 88
226 88
226 89
225 89
225 90
224 90
224 91
223 91
223 92
222 92
222 93
221 93
221 94
220 94
220 95
220 96
219 96
218 96
218 97
217 97
217 98
216 98
216 99
216 100
216 101
297 143
297 144
297 142
297 141
297 140
297 139
297 138
297 137
297 136
297 135
296 135
296 134
295 134
295 133
294 133
294 132
293 132
292 132
292 131
291 131
291 130
291 129
290 129
290 128
297 145
297 146
297 147
297 148
297 149
297 150
297 151
297 152
297 153
297 154
298 154
298 155
299 155
300 155
301 155
301 156
302 156
303 156
303 157
304 157
304 158
305 158
305 159
306 159
306 160
307 160
308 160
309 160
310 160
311 160
312 160
313 160
313 161
313 162
314 162
314 163
314 164
315 164
315 165
315 166
316 166
316 167
317 167
317 168
318 168
318 169
319 169
319 170
320 170
321 170
204 56
204 55
204 57
205 57
205 58
206 58
207 58
208 58
209 58
210 58
211 58
211 57
212 57
213 57
213 56
213 55
214 55
214 54
215 54
216 54
217 54
218 54
219 54
220 54
220 53
204 54
204 53
204 52
204 51
204 50
204 49
203 49
203 48
203 47
202 47
202 46
202 45
201 45
201 44
201 43
200 43
200 42
199 42
199 43
198 43
197 43
196 43
195 43
194 43
193 43
192 43
191 43
190 43
189 43
188 43
188 44
188 45
188 46
187 46
187 47
186 47
185 47
185 48
184 48
183 48
183 49
182 49
410 127
409 127
410 128
410 129
411 129
411 130
411 131
411 132
411 133
411 134
411 135
412 135
412 136
413 136
414 136
415 136
415 137
416 137
416 138
417 138
417 139
417 140
418 140
418 141
418 142
419 142
419 143
419 144
420 144
420 145
420 146
421 146
421 147
422 147
422 148
422 149
421 149
421 150
421 151
421 152
420 152
420 153
420 154
420 155
419 155
419 156
418 156
418 157
418 158
418 159
418 160
418 161
418 162
418 163
418 164
418 165
418 166
418 167
418 168
418 169
418 170
409 126
409 125
408 125
408 124
407 124
407 123
407 122
406 122
406 121
406 120
406 119
406 118
406 117
406 116
405 116
404 116
403 116
402 116
401 116
401 117
400 117
399 117
399 116
398 116
398 115
397 115
397 114
397 113
396 113
396 112
395 112
395 111
395 110
395 109
395 108
395 107
395 106
394 106
393 106
392 106
391 106
390 106
389 106
388 106
388 105
387 105
405 0
406 0
404 0
403 0
402 0
401 0
400 0
399 0
399 1
399 2
398 2
398 3
397 3
397 4
397 5
397 6
397 7
397 8
397 9
397 10
397 11
397 12
397 13
397 14
397 15
397 16
397 17
398 17
398 18
399 18
399 19
399 20
399 21
399 22
399 23
399 24
399 25
398 25
398 26
398 27
399 27
399 28
399 29
399 30
400 30
400 31
400 32
400 33
400 34
400 35
400 36
400 37
400 38
400 39
400 40
400 41
400 42
400 43
401 43
401 44
402 44
402 45
403 45
403 46
404 46
404 47
404 48
404 49
404 50
404 51
404 52
405 52
405 53
406 53
406 54
407 54
407 55
408 55
408 56
409 56
409 57
410 57
410 58
411 58
412 58
412 59
413 59
413 60
414 60
414 61
414 62
414 63
414 64
414 65
414 66
414 67
414 68
415 68
415 69
414 69
414 70
414 71
414 72
414 73
414 74
414 75
414 76
413 76
413 77
412 77
411 77
411 78
410 78
410 79
409 79
409 80
409 81
409 82
409 83
408 83
408 84
407 84
407 85
407 86
407 87
407 88
407 89
407 90
407 91
406 91
406 92
405 92
404 92
403 92
402 92
401 92
401 93
400 93
399 93
399 94
398 94
398 95
397 95
397 96
397 97
397 98
396 98
396 99
396 100
396 101
395 101
395 102
394 102
394 103
393 103
392 103
391 103
390 103
389 103
388 103
388 104
387 104
407 0
408 0
409 0
410 0
411 0
411 1
411 2
412 2
412 3
412 4
413 4
414 4
415 4
416 4
417 4
418 4
419 4
420 4
420 3
421 3
422 3
423 3
424 3
425 3
426 3
426 2
426 1
427 1
427 0
428 0
429 0
430 0
431 0
432 0
433 0
434 0
435 0
436 0
437 0
438 0
439 0
440 0
441 0
442 0
443 0
443 1
443 2
443 3
443 4
443 5
443 6
443 7
444 7
444 8
443 8
443 9
443 10
443 11
443 12
443 13
443 14
442 14
442 15
441 15
440 15
440 16
441 16
442 16
442 17
443 17
443 18
444 18
444 19
445 19
445 20
446 20
447 20
447 21
448 21
449 21
