511 210
511 209
511 211
511 212
511 213
510 213
509 213
508 213
507 213
506 213
505 213
504 213
503 213
502 213
501 213
500 213
499 213
498 213
497 213
496 213
496 212
495 212
494 212
494 211
493 211
493 210
492 210
492 211
491 211
490 211
489 211
488 211
487 211
486 211
485 211
484 211
483 211
483 210
483 209
484 209
485 209
485 208
486 208
486 207
487 207
487 206
487 205
487 204
487 203
487 202
486 202
485 202
484 202
483 202
482 202
481 202
480 202
479 202
478 202
477 202
477 203
476 203
475 203
475 204
474 204
473 204
472 204
471 204
470 204
469 204
468 204
467 204
466 204
465 204
464 204
463 204
462 204
462 205
461 205
461 206
461 207
461 208
461 209
461 210
461 211
461 212
461 213
461 214
461 215
461 216
461 217
461 218
461 219
461 220
461 221
461 222
461 223
461 224
461 225
462 225
463 225
463 226
464 226
465 226
465 227
466 227
467 227
468 227
468 228
469 228
470 228
470 229
471 229
472 229
472 230
473 230
473 231
473 232
474 232
474 233
475 233
475 234
475 235
475 236
475 237
475 238
475 239
476 239
476 240
477 240
477 241
477 242
478 242
478 243
479 243
480 243
480 244
481 244
482 244
483 244
484 244
485 244
486 244
487 244
488 244
489 244
489 243
490 243
491 243
492 243
492 244
493 244
494 244
494 245
495 245
495 246
496 246
497 246
498 246
499 246
499 247
498 247
498 248
498 249
498 250
498 251
497 251
497 252
497 253
497 254
497 255
497 256
497 257
497 258
496 258
495 258
495 259
494 259
494 260
511 208
511 207
511 206
511 205
510 205
510 204
509 204
508 204
508 203
507 203
506 203
505 203
505 202
504 202
504 201
503 201
503 200
502 200
501 200
501 199
500 199
499 199
499 198
498 198
497 198
497 197
496 197
495 197
494 197
493 197
492 197
492 198
491 198
490 198
490 199
489 199
488 199
488 200
488 201
487 201
503 186
503 187
503 185
503 184
503 183
503 182
503 181
502 181
501 181
501 180
501 179
501 178
501 177
501 176
501 175
501 174
501 173
501 172
502 172
502 171
502 170
502 169
502 168
502 167
502 166
503 166
504 166
505 166
506 166
506 165
507 165
508 165
509 165
510 165
511 165
511 164
511 163
511 162
511 161
511 160
510 160
510 159
509 159
508 159
508 158
507 158
507 157
507 156
507 155
507 154
507 153
507 152
507 151
507 150
507 149
507 148
507 147
507 146
507 145
507 144
506 144
506 143
505 143
505 144
505 145
505 146
505 147
505 148
504 148
503 148
502 148
501 148
500 148
500 149
499 149
498 149
497 149
496 149
495 149
495 148
494 148
493 148
492 148
491 148
490 148
489 148
489 147
488 147
487 147
486 147
485 147
484 147
483 147
482 147
482 146
481 146
481 145
503 188
503 189
503 190
502 190
502 191
502 192
503 192
503 193
503 194
504 194
505 194
505 195
506 195
507 195
507 196
507 197
506 197
506 198
506 199
505 199
505 200
505 201
476 320
475 320
477 320
477 321
478 321
479 321
480 321
481 321
482 321
483 321
484 321
485 321
486 321
487 321
488 321
489 321
490 321
490 320
491 320
491 319
492 319
492 318
493 318
474 320
474 319
473 319
473 318
472 318
472 317
471 317
470 317
469 317
469 316
468 316
467 316
467 315
466 315
465 315
464 315
463 315
463 314
464 314
464 313
464 312
464 311
464 310
464 309
464 308
464 307
464 306
463 306
462 306
462 305
461 305
460 305
460 304
459 304
459 303
458 303
458 302
459 302
459 301
459 300
459 299
459 298
459 297
459 296
460 296
461 296
462 296
463 296
464 296
464 297
465 297
466 297
466 298
467 298
468 298
469 298
470 298
471 298
471 297
472 297
472 296
473 296
473 295
473 294
473 293
472 293
472 292
472 291
472 290
471 290
471 289
470 289
470 288
470 287
469 287
469 286
468 286
468 285
468 284
468 283
468 282
468 281
467 281
467 280
467 279
467 278
467 277
467 276
467 275
467 274
468 274
468 273
469 273
469 272
469 271
469 270
470 270
470 269
470 268
470 267
470 266
471 266
471 265
471 264
471 263
471 262
471 261
471 260
470 260
470 259
471 259
472 259
473 259
474 259
475 259
476 259
477 259
478 259
479 259
480 259
481 259
482 259
482 260
483 260
484 260
485 260
485 261
486 261
487 261
488 261
489 261
490 261
491 261
492 261
493 261
493 260
490 305
489 305
491 305
491 304
492 304
492 303
493 303
494 303
494 302
495 302
495 301
496 301
496 300
497 300
497 301
498 301
498 302
498 303
498 304
498 305
498 306
499 306
500 306
500 307
500 308
501 308
501 309
500 309
500 310
500 311
500 312
500 313
501 313
501 314
501 315
500 315
500 316
499 316
498 316
497 316
496 316
495 316
495 317
494 317
494 318
488 305
487 305
486 305
485 305
484 305
484 306
484 307
484 308
484 309
484 310
484 311
483 311
483 312
483 313
483 314
483 315
483 316
483 317
483 318
483 319
483 320
489 174
490 174
488 174
487 174
487 175
486 175
486 176
486 177
485 177
490 173
491 173
492 173
493 173
494 173
495 173
496 173
497 173
498 173
499 173
500 173
463 389
463 390
463 388
463 387
463 386
463 385
463 384
463 383
464 383
464 382
464 381
464 380
464 379
464 378
464 377
464 376
464 375
464 374
465 374
466 374
467 374
468 374
469 374
470 374
471 374
472 374
473 374
474 374
474 375
475 375
464 390
464 391
465 391
465 392
465 393
466 393
466 394
466 395
467 395
467 396
468 396
469 396
470 396
471 396
472 396
473 396
474 396
475 396
475 397
475 398
475 399
475 400
475 401
475 402
475 403
475 404
475 405
475 406
474 406
474 407
474 408
474 409
474 410
474 411
474 412
475 412
475 413
476 413
476 414
477 414
477 415
477 416
476 416
475 416
474 416
473 416
472 416
471 416
470 416
469 416
469 417
469 418
469 419
469 420
468 420
468 421
468 422
468 423
469 423
469 424
469 425
469 426
470 426
471 426
472 426
473 426
474 426
475 426
476 426
477 426
508 329
508 330
508 328
508 327
508 326
508 325
507 325
506 325
505 325
504 325
503 325
502 325
501 325
500 325
500 326
499 326
499 325
499 324
499 323
499 322
499 321
499 320
499 319
498 319
497 319
497 318
496 318
495 318
508 331
508 332
508 333
508 334
508 335
508 336
508 337
508 338
508 339
508 340
508 341
508 342
508 343
508 344
507 344
507 345
506 345
505 345
505 346
504 346
503 346
502 346
502 347
501 347
501 348
500 348
500 349
500 350
500 351
499 351
498 351
498 352
499 352
499 353
500 353
501 353
502 353
503 353
503 354
504 354
504 355
503 355
503 356
503 357
503 358
502 358
502 359
501 359
500 359
499 359
499 360
498 360
498 361
498 362
497 362
497 363
497 364
496 364
496 365
496 366
495 366
494 366
493 366
492 366
491 366
491 365
490 365
490 366
490 367
490 368
490 369
490 370
489 370
489 371
489 372
489 373
489 374
489 375
489 376
489 377
488 377
488 378
487 378
487 379
486 379
486 380
485 380
485 381
484 381
484 380
483 380
483 379
482 379
481 379
480 379
480 378
479 378
478 378
478 377
477 377
476 377
476 376
475 376
501 414
501 415
501 413
501 412
501 411
501 410
501 409
501 408
501 407
501 406
500 406
499 406
498 406
497 406
496 406
495 406
495 407
494 407
494 408
493 408
493 407
493 406
493 405
493 404
493 403
492 403
492 402
491 402
491 401
490 401
490 400
489 400
489 399
488 399
488 398
488 397
488 396
488 395
488 394
488 393
488 392
489 392
490 392
490 391
491 391
492 391
492 390
491 390
491 389
491 388
490 388
490 387
489 387
489 386
488 386
488 385
487 385
486 385
486 384
486 383
485 383
485 382
501 416
501 417
501 418
501 419
501 420
501 421
501 422
501 423
502 423
502 424
503 424
503 425
503 426
504 426
504 427
504 428
504 429
504 430
504 431
503 431
503 432
503 433
502 433
502 434
502 435
502 436
502 437
502 438
502 439
502 440
502 441
501 441
501 442
500 442
499 442
499 443
498 443
497 443
497 444
496 444
495 444
495 445
494 445
494 446
494 447
494 448
494 449
494 450
494 451
493 451
492 451
491 451
491 452
490 452
490 453
489 453
489 454
488 454
488 455
488 456
488 457
488 458
487 458
486 458
485 458
484 458
483 458
482 458
482 459
481 459
481 460
480 460
480 461
479 461
479 462
478 462
478 463
477 463
477 464
476 464
476 465
476 466
476 467
476 468
476 469
476 470
476 471
477 471
477 472
477 473
477 474
477 475
476 475
476 476
475 476
475 477
476 477
477 477
478 477
479 477
480 477
481 477
481 478
482 478
482 479
482 480
482 481
482 482
482 483
482 484
483 484
483 485
484 485
485 485
486 485
486 484
486 483
487 483
487 482
488 482
489 482
490 482
491 482
492 482
493 482
494 482
495 482
495 481
495 480
496 480
496 479
497 479
497 478
498 478
499 478
500 478
501 478
502 478
503 478
504 478
505 478
506 478
507 478
508 478
509 478
509 479
508 479
508 480
508 481
508 482
508 483
508 484
508 485
509 485
510 485
511 485
511 486
510 486
509 486
508 486
508 487
507 487
506 487
505 487
505 488
504 488
504 489
503 489
503 490
502 490
501 490
500 490
499 490
498 490
497 490
496 490
495 490
494 490
494 491
493 491
493 492
493 493
492 493
492 494
491 494
491 495
490 495
490 496
489 496
489 497
488 497
488 498
487 498
486 498
485 498
485 499
484 499
483 499
482 499
481 499
481 500
480 500
480 501
480 502
479 502
478 502
477 502
476 502
475 502
474 502
473 502
472 502
471 502
470 502
469 502
468 502
468 503
467 503
467 504
466 504
466 505
465 505
464 505
464 506
463 506
462 506
461 506
460 506
459 506
459 505
458 505
458 504
458 503
458 502
458 501
458 500
458 499
458 498
458 497
458 496
458 495
458 494
457 494
457 493
457 492
456 492
456 491
456 490
456 489
455 489
455 488
454 488
454 487
453 487
453 486
453 485
452 485
478 248
478 249
478 247
478 246
478 245
478 244
477 249
477 250
476 250
476 251
476 252
476 253
476 254
476 255
476 256
476 257
475 257
475 258
474 258
443 227
443 228
443 226
442 226
442 225
442 224
442 223
443 223
443 222
443 221
443 220
443 219
444 219
444 218
444 217
445 217
446 217
446 216
447 216
448 216
449 216
450 216
451 216
452 216
452 217
453 217
454 217
454 218
455 218
456 218
457 218
458 218
459 218
460 218
443 229
443 230
443 231
443 232
444 232
444 231
445 231
445 230
446 230
446 229
447 229
448 229
449 229
450 229
451 229
452 229
453 229
454 229
455 229
455 228
456 228
457 228
458 228
458 227
459 227
460 227
461 227
462 227
463 227
458 412
458 413
459 412
459 411
460 411
460 410
461 410
461 409
462 409
463 409
464 409
464 410
465 410
465 411
466 411
467 411
467 412
467 413
468 413
468 414
468 415
469 415
457 413
457 414
457 415
456 415
456 416
456 417
456 418
455 418
455 419
456 419
456 420
456 421
457 421
457 422
457 423
458 423
458 424
459 424
459 425
460 425
460 426
461 426
462 426
463 426
464 426
465 426
466 426
467 426
467 425
468 425
468 424
506 464
506 465
505 464
505 463
504 463
504 462
503 462
503 461
502 461
501 461
500 461
499 461
498 461
497 461
496 461
495 461
494 461
493 461
492 461
491 461
491 460
490 460
490 459
489 459
488 459
507 465
507 466
507 467
507 468
508 468
508 469
508 470
509 470
510 470
511 470
511 471
511 472
511 473
511 474
511 475
511 476
511 477
511 478
510 478
466 239
466 240
466 238
466 237
466 236
466 235
466 234
466 233
465 233
465 232
464 232
464 231
464 230
464 229
464 228
464 227
466 241
466 242
465 242
465 243
465 244
465 245
465 246
465 247
465 248
466 248
466 249
467 249
467 250
467 251
468 251
468 252
468 253
468 254
468 255
468 256
468 257
468 258
469 258
469 259
451 434
451 435
451 433
451 432
451 431
450 431
449 431
448 431
448 432
447 432
446 432
445 432
444 432
443 432
442 432
442 433
441 433
440 433
440 434
439 434
438 434
437 434
436 434
436 433
436 432
436 431
437 431
437 430
437 429
437 428
438 428
438 427
439 427
439 426
439 425
438 425
438 424
437 424
436 424
436 423
435 423
434 423
433 423
432 423
431 423
430 423
429 423
428 423
427 423
426 423
425 423
425 422
425 421
425 420
425 419
425 418
424 418
424 417
423 417
423 416
422 416
422 415
422 414
422 413
422 412
421 412
421 411
422 411
422 410
423 410
423 409
423 408
424 408
424 407
425 407
426 407
426 406
427 406
427 405
428 405
428 404
429 404
429 403
430 403
430 402
431 402
451 436
451 437
451 438
451 439
451 440
452 440
452 441
453 441
454 441
455 441
456 441
457 441
457 442
458 442
458 443
459 443
459 444
459 445
459 446
460 446
460 447
460 448
460 449
460 450
460 451
460 452
460 453
460 454
460 455
459 455
459 456
458 456
458 457
457 457
457 458
457 459
457 460
457 461
457 462
457 463
456 463
456 464
457 464
458 464
459 464
460 464
461 464
462 464
463 464
464 464
464 465
464 466
465 466
465 467
465 468
466 468
467 468
468 468
469 468
470 468
471 468
472 468
473 468
474 468
475 468
475 467
475 466
477 103
476 103
478 103
479 103
480 103
480 104
481 104
481 105
480 105
480 106
480 107
480 108
480 109
480 110
481 110
481 111
481 112
482 112
482 113
483 113
483 114
484 114
485 114
486 114
487 114
488 114
489 114
490 114
491 114
491 115
490 115
490 116
489 116
489 117
488 117
488 118
488 119
488 120
488 121
488 122
488 123
488 124
488 125
488 126
487 126
487 127
486 127
486 128
485 128
485 129
484 129
483 129
482 129
481 129
480 129
479 129
478 129
477 129
477 130
476 130
476 131
475 131
475 132
476 132
476 133
477 133
477 134
477 135
477 136
477 137
477 138
478 138
478 139
478 140
479 140
479 141
479 142
479 143
480 143
480 144
480 145
475 103
474 103
473 103
472 103
471 103
470 103
470 102
469 102
469 101
469 100
469 99
469 98
469 97
469 96
469 95
470 95
470 94
470 93
470 92
470 91
470 90
471 90
471 89
471 88
470 88
470 87
470 86
470 85
469 85
469 84
468 84
467 84
466 84
465 84
464 84
463 84
462 84
461 84
460 84
460 83
459 83
458 83
458 82
457 82
456 82
455 82
454 82
454 81
453 81
453 80
452 80
452 79
451 79
451 78
511 281
511 280
511 282
511 283
511 284
511 285
511 286
511 287
511 288
510 288
509 288
509 287
508 287
507 287
506 287
505 287
504 287
504 286
503 286
503 285
502 285
502 284
501 284
501 283
500 283
499 283
499 282
498 282
498 281
498 280
497 280
497 279
497 278
497 277
497 276
497 275
497 274
497 273
497 272
498 272
498 271
498 270
499 270
500 270
500 269
501 269
501 268
501 267
501 266
501 265
501 264
500 264
499 264
499 263
498 263
498 262
497 262
497 261
496 261
495 261
495 260
511 279
511 278
511 277
511 276
511 275
511 274
511 273
510 273
509 273
509 272
508 272
508 271
507 271
507 270
506 270
505 270
504 270
503 270
502 270
501 270
494 77
493 77
495 77
495 78
496 78
496 79
496 80
496 81
496 82
497 82
497 83
497 84
498 84
498 85
499 85
499 86
500 86
500 87
500 88
500 89
500 90
500 91
500 92
500 93
500 94
500 95
499 95
499 96
499 97
500 97
500 98
500 99
501 99
501 100
501 101
501 102
502 102
502 103
503 103
504 103
504 104
505 104
506 104
506 105
505 105
504 105
503 105
502 105
501 105
500 105
499 105
498 105
497 105
497 106
496 106
495 106
494 106
493 106
493 107
493 108
493 109
493 110
493 111
493 112
493 113
492 113
492 114
492 77
491 77
490 77
489 77
488 77
487 77
487 76
487 75
487 74
487 73
487 72
487 71
488 71
489 71
489 70
490 70
491 70
492 70
492 69
492 68
492 67
492 66
492 65
492 64
493 64
494 64
495 64
496 64
497 64
498 64
498 63
499 63
500 63
500 62
500 61
500 60
500 59
500 58
501 58
501 57
501 56
500 56
500 55
499 55
499 54
499 53
498 53
498 52
497 52
497 51
496 51
496 50
495 50
494 50
493 50
492 50
491 50
490 50
489 50
489 49
488 49
487 49
486 49
485 49
484 49
483 49
483 48
482 48
482 47
482 46
481 46
481 45
480 45
480 44
473 59
474 59
473 60
473 61
472 61
472 62
471 62
471 63
470 63
470 64
469 64
469 65
469 66
469 67
469 68
468 68
468 69
468 70
468 71
468 72
468 73
468 74
468 75
467 75
467 76
466 76
466 77
465 77
465 78
464 78
464 79
463 79
463 80
463 81
463 82
463 83
462 83
474 58
474 57
475 57
475 56
476 56
477 56
478 56
479 56
480 56
481 56
482 56
482 55
482 54
482 53
483 53
483 52
483 51
483 50
454 41
454 40
454 42
454 43
454 44
454 45
454 46
455 46
455 45
456 45
457 45
458 45
458 44
459 44
460 44
460 43
461 43
461 42
461 41
462 41
462 40
462 39
463 39
463 38
464 38
465 38
466 38
467 38
468 38
468 37
469 37
470 37
471 37
472 37
473 37
474 37
475 37
475 38
475 39
476 39
476 40
477 40
477 41
478 41
478 42
478 43
479 43
479 44
454 39
454 38
454 37
454 36
454 35
453 35
453 34
453 102
452 102
454 102
455 102
456 102
457 102
458 102
458 101
459 101
460 101
461 101
462 101
463 101
464 101
465 101
466 101
467 101
468 101
451 102
450 102
449 102
448 102
448 101
447 101
446 101
445 101
444 101
443 101
442 101
441 101
440 101
440 100
439 100
438 100
438 99
438 98
437 98
437 97
436 97
435 97
434 97
433 97
433 98
433 99
433 100
432 100
431 100
431 101
430 101
430 102
429 102
429 103
511 294
511 295
511 293
511 292
511 291
511 290
511 289
511 296
511 297
511 298
511 299
511 300
510 300
509 300
509 301
508 301
508 302
508 303
508 304
508 305
508 306
508 307
508 308
508 309
508 310
508 311
508 312
509 312
509 313
508 313
507 313
506 313
505 313
504 313
503 313
502 313
481 73
480 73
482 73
483 73
484 73
485 73
486 73
486 72
480 72
480 71
480 70
479 70
479 69
478 69
478 68
477 68
477 67
476 67
476 66
475 66
474 66
473 66
472 66
471 66
471 65
471 64
400 459
401 459
399 459
398 459
397 459
396 459
395 459
394 459
393 459
392 459
392 458
391 458
391 457
390 457
390 456
389 456
388 456
388 455
389 455
390 455
390 454
391 454
392 454
392 453
393 453
393 452
394 452
394 451
395 451
395 450
396 450
402 459
403 459
403 458
404 458
405 458
406 458
406 459
407 459
408 459
408 460
409 460
410 460
411 460
411 461
412 461
412 462
413 462
413 463
414 463
415 463
416 463
417 463
418 463
419 463
419 462
420 462
421 462
421 461
422 461
422 460
422 459
423 459
424 459
424 460
425 460
425 461
426 461
427 461
427 462
428 462
428 463
428 464
429 464
429 465
430 465
430 466
431 466
431 467
431 468
431 469
432 469
432 470
433 470
433 471
434 471
434 472
435 472
435 473
435 474
435 475
435 476
435 477
435 478
435 479
435 480
435 481
435 482
435 483
435 484
435 485
435 486
435 487
435 488
435 489
435 490
435 491
435 492
435 493
436 493
436 494
437 494
437 495
438 495
439 495
439 496
440 496
440 497
440 498
440 499
440 500
440 501
440 502
440 503
441 503
441 502
442 502
442 501
443 501
443 500
444 500
445 500
445 499
446 499
447 499
447 498
447 497
447 496
447 495
447 494
448 494
449 494
450 494
451 494
452 494
453 494
454 494
455 494
456 494
385 491
384 491
385 490
385 489
386 489
387 489
388 489
389 489
390 489
390 490
391 490
392 490
393 490
393 491
394 491
394 492
395 492
396 492
396 493
397 493
398 493
398 494
399 494
399 493
400 493
401 493
401 492
402 492
403 492
404 492
404 491
405 491
406 491
406 490
407 490
408 490
408 489
409 489
410 489
411 489
411 488
412 488
413 488
413 487
414 487
415 487
416 487
417 487
418 487
418 488
419 488
420 488
420 489
421 489
422 489
422 490
422 491
422 492
422 493
422 494
422 495
422 496
421 496
421 497
421 498
421 499
421 500
421 501
421 502
421 503
422 503
422 504
423 504
423 505
424 505
424 506
424 507
425 507
426 507
426 508
427 508
428 508
429 508
430 508
431 508
431 509
431 510
432 510
433 510
433 509
434 509
434 508
435 508
435 507
436 507
437 507
437 506
438 506
438 505
439 505
439 504
440 504
384 492
384 493
383 493
383 494
382 494
382 495
382 496
382 497
382 498
382 499
382 500
382 501
382 502
382 503
381 503
381 504
431 342
431 343
431 341
431 340
431 339
432 339
433 339
433 338
434 338
435 338
435 337
436 337
436 336
437 336
438 336
439 336
440 336
441 336
441 335
441 334
441 333
441 332
441 331
441 330
441 329
441 328
440 328
440 327
439 327
439 326
440 326
440 325
441 325
442 325
442 324
442 323
442 322
443 322
443 321
444 321
444 320
445 320
445 319
446 319
446 318
446 317
447 317
447 318
448 318
448 319
449 319
450 319
450 320
451 320
452 320
453 320
454 320
455 320
455 321
456 321
456 322
457 322
458 322
459 322
460 322
461 322
462 322
462 321
463 321
463 320
464 320
464 319
464 318
464 317
464 316
431 344
431 345
431 346
431 347
431 348
432 348
433 348
433 349
434 349
434 350
435 350
436 350
436 351
437 351
437 352
438 352
438 353
438 354
438 355
439 355
439 356
440 356
441 356
442 356
443 356
444 356
444 355
445 355
445 354
446 354
447 354
448 354
449 354
450 354
451 354
452 354
453 354
454 354
455 354
456 354
456 355
457 355
457 356
458 356
458 357
459 357
460 357
460 358
461 358
461 359
462 359
462 360
463 360
463 361
463 362
463 363
463 364
463 365
463 366
463 367
463 368
463 369
463 370
463 371
463 372
463 373
462 373
461 373
460 373
460 374
461 374
462 374
463 374
406 14
407 14
405 14
404 14
403 14
403 15
402 15
402 16
401 16
408 14
409 14
410 14
411 14
411 13
412 13
412 12
413 12
414 12
414 11
414 10
414 9
414 8
414 7
414 6
414 5
414 4
415 4
415 3
416 3
416 2
417 2
417 1
417 0
418 0
419 0
419 1
420 1
420 2
421 2
422 2
423 2
424 2
425 2
426 2
427 2
428 2
429 2
430 2
431 2
432 2
433 2
434 2
435 2
436 2
436 3
437 3
437 4
438 4
439 4
439 5
440 5
440 6
441 6
441 5
442 5
443 5
443 4
444 4
445 4
445 3
446 3
447 3
447 2
448 2
448 1
449 1
450 1
450 0
451 0
452 0
453 0
454 0
455 0
456 0
456 1
457 1
457 2
458 2
458 3
459 3
459 4
460 4
460 5
461 5
461 6
462 6
462 7
463 7
463 8
464 8
464 9
465 9
466 9
466 10
467 10
468 10
468 11
469 11
470 11
471 11
472 11
473 11
473 12
472 12
472 13
472 14
472 15
472 16
471 16
471 17
470 17
470 18
470 19
469 19
469 20
468 20
467 20
466 20
465 20
464 20
464 21
463 21
463 22
464 22
464 23
465 23
465 24
466 24
466 25
466 26
466 27
466 28
466 29
467 29
467 30
467 31
466 31
466 32
466 33
466 34
466 35
466 36
466 37
467 37
355 502
354 502
355 501
356 501
356 500
356 499
357 499
357 498
358 498
358 497
358 496
359 496
359 495
359 494
358 494
358 493
358 492
357 492
356 492
356 491
357 491
358 491
359 491
360 491
360 490
361 490
361 489
362 489
362 488
363 488
363 487
363 486
363 485
363 484
364 484
365 484
366 484
367 484
368 484
369 484
370 484
370 483
370 482
371 482
371 481
371 480
371 479
371 478
371 477
371 476
371 475
372 475
373 475
374 475
374 476
375 476
375 477
376 477
377 477
378 477
379 477
380 477
381 477
381 478
382 478
383 478
384 478
384 479
383 479
382 479
381 479
381 480
381 481
381 482
381 483
381 484
381 485
381 486
382 486
383 486
383 487
384 487
385 487
385 488
386 488
387 488
353 502
352 502
351 502
350 502
350 503
351 503
351 504
351 505
351 506
351 507
352 507
353 507
354 507
355 507
356 507
356 508
357 508
357 509
358 509
359 509
359 510
360 510
360 511
361 511
362 511
363 511
364 511
365 511
366 511
367 511
368 511
368 510
368 509
368 508
368 507
368 506
368 505
368 504
368 503
368 502
369 502
369 501
369 500
369 499
370 499
370 498
371 498
372 498
373 498
373 497
374 497
375 497
375 496
376 496
377 496
378 496
379 496
380 496
380 497
380 498
380 499
380 500
380 501
380 502
380 503
398 191
397 191
399 191
399 190
400 190
401 190
402 190
403 190
403 191
403 192
403 193
403 194
403 195
404 195
404 196
405 196
405 197
406 197
406 198
407 198
407 199
406 199
406 200
406 201
406 202
405 202
405 203
404 203
404 204
404 205
404 206
404 207
404 208
405 208
406 208
407 208
407 209
407 210
408 210
408 211
409 211
410 211
410 210
411 210
412 210
413 210
414 210
415 210
416 210
416 209
417 209
418 209
418 208
419 208
420 208
421 208
422 208
423 208
424 208
425 208
425 209
426 209
427 209
427 210
428 210
428 211
427 211
427 212
426 212
426 213
426 214
426 215
426 216
426 217
426 218
427 218
427 219
427 220
427 221
428 221
429 221
430 221
431 221
432 221
433 221
434 221
434 220
435 220
436 220
437 220
438 220
439 220
440 220
441 220
442 220
396 191
395 191
394 191
393 191
392 191
391 191
391 190
390 190
390 189
389 189
338 249
337 249
339 249
340 249
341 249
342 249
343 249
343 248
336 249
335 249
334 249
333 249
332 249
332 248
331 248
331 249
330 249
330 250
330 251
329 251
329 252
329 253
328 253
328 254
328 255
328 256
328 257
328 258
328 259
328 260
327 260
327 261
326 261
326 262
341 505
341 504
342 505
343 505
344 505
345 505
345 506
346 506
346 507
346 508
347 508
347 509
348 509
349 509
349 508
350 508
350 507
340 504
339 504
338 504
338 503
338 502
338 501
338 500
338 499
338 498
338 497
339 497
339 496
340 496
340 495
341 495
341 494
342 494
342 493
342 492
343 492
343 491
343 490
343 489
343 488
342 488
342 487
342 486
341 486
341 485
340 485
340 484
339 484
339 483
338 483
338 482
338 481
338 480
338 479
338 478
338 477
338 476
338 475
338 474
338 473
337 473
337 472
336 472
336 471
327 129
326 129
328 129
329 129
330 129
330 130
330 131
331 131
331 132
331 133
332 133
332 134
333 134
333 135
334 135
335 135
336 135
337 135
338 135
338 136
339 136
339 135
339 134
340 134
340 133
341 133
341 132
342 132
342 131
342 130
342 129
342 128
342 127
342 126
342 125
342 124
342 123
343 123
343 124
344 124
345 124
346 124
347 124
348 124
349 124
350 124
351 124
352 124
353 124
354 124
354 123
355 123
356 123
356 122
356 121
357 121
357 120
358 120
358 119
359 119
359 118
360 118
360 117
361 117
362 117
362 118
363 118
364 118
365 118
365 119
366 119
367 119
368 119
369 119
370 119
370 118
371 118
371 117
371 116
371 115
371 114
371 113
372 113
372 112
373 112
373 111
374 111
375 111
376 111
376 110
377 110
378 110
379 110
380 110
380 109
381 109
381 110
382 110
382 111
383 111
384 111
385 111
386 111
387 111
387 110
387 109
388 109
388 108
388 107
389 107
390 107
391 107
392 107
393 107
394 107
395 107
396 107
397 107
397 108
398 108
399 108
399 109
400 109
400 110
401 110
402 110
403 110
403 109
404 109
405 109
406 109
407 109
408 109
409 109
410 109
410 108
411 108
411 109
411 110
411 111
412 111
412 112
412 113
413 113
414 113
415 113
415 114
416 114
416 115
417 115
417 116
417 117
416 117
416 118
416 119
415 119
415 120
415 121
415 122
415 123
415 124
415 125
416 125
416 126
417 126
417 127
417 128
416 128
415 128
414 128
413 128
412 128
411 128
411 129
410 129
410 130
409 130
409 131
409 132
409 133
409 134
409 135
409 136
409 137
409 138
409 139
409 140
409 141
409 142
409 143
410 143
410 144
411 144
412 144
413 144
413 145
414 145
415 145
416 145
417 145
417 146
418 146
419 146
420 146
421 146
422 146
423 146
423 147
423 148
423 149
423 150
424 150
424 151
425 151
425 152
426 152
427 152
428 152
428 153
429 153
429 154
429 155
430 155
430 156
431 156
431 157
432 157
433 157
434 157
435 157
436 157
437 157
437 158
438 158
438 159
438 160
439 160
439 161
440 161
441 161
442 161
443 161
444 161
445 161
446 161
447 161
448 161
449 161
450 161
450 162
451 162
451 163
451 164
452 164
452 165
453 165
453 164
454 164
454 163
454 162
454 161
454 160
454 159
455 159
455 158
455 157
455 156
455 155
455 154
455 153
455 152
455 151
455 150
455 149
455 148
456 148
456 147
457 147
458 147
458 146
459 146
460 146
461 146
462 146
462 145
463 145
463 144
464 144
464 143
464 142
464 141
464 140
464 139
464 138
464 137
463 137
463 136
463 135
464 135
464 134
464 133
465 133
465 132
466 132
466 131
467 131
468 131
469 131
470 131
471 131
472 131
473 131
474 131
325 129
324 129
323 129
322 129
321 129
320 129
319 129
319 128
318 128
317 128
316 128
316 127
315 127
314 127
314 126
313 126
313 125
312 125
312 124
311 124
311 123
310 123
309 123
308 123
307 123
307 122
306 122
306 121
306 120
305 120
305 119
305 118
304 118
304 119
303 119
303 120
303 121
303 122
303 123
302 123
302 124
301 124
301 125
300 125
300 126
299 126
299 127
298 127
298 126
297 126
297 125
296 125
295 125
294 125
293 125
292 125
291 125
291 126
290 126
290 127
289 127
289 128
289 129
288 129
288 130
287 130
287 131
286 131
285 131
284 131
284 130
283 130
283 129
282 129
282 130
281 130
281 131
280 131
280 132
279 132
279 133
279 134
279 135
279 136
279 137
279 138
279 139
278 139
277 139
276 139
275 139
275 140
275 141
275 142
275 143
274 143
274 144
274 145
275 145
275 146
275 147
275 148
276 148
276 149
277 149
277 150
278 150
278 151
278 152
279 152
279 153
280 153
280 154
281 154
281 155
280 155
280 156
279 156
278 156
277 156
276 156
275 156
274 156
274 157
273 157
273 158
272 158
272 159
272 160
272 161
272 162
271 162
271 163
270 163
270 164
269 164
268 164
268 165
267 165
267 166
267 167
267 168
266 168
266 167
265 167
264 167
263 167
262 167
261 167
261 166
260 166
260 165
260 164
259 164
259 163
258 163
258 164
257 164
257 165
256 165
256 166
255 166
254 166
254 167
253 167
253 168
252 168
252 169
251 169
250 169
249 169
248 169
247 169
246 169
245 169
245 170
246 170
246 171
247 171
247 172
247 173
248 173
248 174
248 175
249 175
249 176
249 177
250 177
250 178
250 179
251 179
251 180
251 181
252 181
252 182
252 183
253 183
253 184
253 185
253 186
253 187
253 188
253 189
253 190
254 190
254 191
254 192
254 193
254 194
254 195
254 196
254 197
254 198
254 199
253 199
253 200
253 201
253 202
253 203
253 204
254 204
254 205
254 206
255 206
255 207
255 208
256 208
256 209
257 209
257 210
258 210
258 211
258 212
259 212
259 213
259 214
260 214
260 215
261 215
261 216
262 216
263 216
264 216
264 217
265 217
266 217
266 218
384 21
385 21
383 21
382 21
381 21
380 21
379 21
379 20
378 20
378 19
378 18
377 18
377 17
377 16
376 16
376 15
375 15
375 14
374 14
373 14
372 14
371 14
370 14
369 14
368 14
368 15
368 16
368 17
367 17
367 18
366 18
366 19
365 19
364 19
364 20
363 20
363 21
363 22
363 23
363 24
363 25
363 26
363 27
363 28
363 29
363 30
363 31
364 31
386 21
386 20
387 20
387 19
388 19
388 18
388 17
388 16
388 15
388 14
388 13
388 12
388 11
388 10
387 10
387 9
388 9
388 8
389 8
389 7
390 7
390 6
391 6
391 5
392 5
392 4
393 4
393 3
393 2
394 2
394 1
395 1
395 0
396 0
397 0
398 0
399 0
400 0
401 0
402 0
403 0
403 1
404 1
404 2
405 2
405 3
406 3
407 3
408 3
408 4
409 4
410 4
411 4
412 4
413 4
305 472
305 471
305 473
306 473
307 473
308 473
308 474
309 474
310 474
310 475
311 475
312 475
313 475
314 475
314 476
315 476
315 477
315 478
315 479
315 480
315 481
314 481
314 482
313 482
313 483
313 484
313 485
313 486
312 486
312 487
312 488
312 489
312 490
312 491
312 492
312 493
313 493
313 494
314 494
314 495
315 495
315 496
316 496
317 496
318 496
319 496
320 496
321 496
322 496
322 497
323 497
323 498
324 498
324 499
325 499
325 500
326 500
327 500
328 500
329 500
329 499
330 499
331 499
332 499
333 499
334 499
335 499
336 499
337 499
337 498
305 470
305 469
305 468
305 467
304 467
304 466
303 466
303 465
302 465
301 465
301 464
300 464
300 463
299 463
298 463
298 464
297 464
297 465
296 465
296 466
295 466
294 466
293 466
292 466
291 466
290 466
289 466
288 466
288 465
288 464
288 463
288 462
288 461
287 461
286 461
285 461
284 461
283 461
283 462
282 462
282 461
282 460
282 459
282 458
282 457
282 456
282 455
282 454
282 453
282 452
281 452
280 452
279 452
278 452
277 452
276 452
275 452
275 453
274 453
322 244
322 245
322 243
322 242
322 241
322 240
323 240
324 240
324 239
323 239
322 239
321 239
321 238
321 237
321 236
321 235
321 234
321 233
322 233
322 232
323 232
323 231
324 231
324 230
325 230
326 230
326 229
327 229
327 228
328 228
328 227
329 227
330 227
330 226
330 225
331 225
331 224
331 223
331 222
331 221
331 220
330 220
330 219
330 218
330 217
330 216
330 215
330 214
331 214
332 214
333 214
334 214
335 214
336 214
336 213
337 213
337 212
338 212
338 211
339 211
339 210
340 210
341 210
342 210
343 210
344 210
345 210
346 210
346 209
347 209
348 209
349 209
350 209
351 209
352 209
352 210
353 210
353 211
353 212
353 213
353 214
353 215
353 216
354 216
354 217
355 217
356 217
356 218
357 218
357 219
358 219
358 220
359 220
359 221
360 221
361 221
362 221
363 221
364 221
365 221
365 220
366 220
367 220
367 219
368 219
368 218
369 218
369 217
369 216
369 215
369 214
369 213
369 212
370 212
370 213
371 213
371 214
371 215
372 215
373 215
374 215
374 216
375 216
375 215
376 215
376 214
376 213
377 213
377 212
378 212
378 211
379 211
379 210
380 210
381 210
382 210
383 210
383 211
384 211
384 210
384 209
384 208
384 207
384 206
385 206
385 205
386 205
387 205
388 205
389 205
390 205
391 205
391 204
391 203
391 202
391 201
391 200
391 199
390 199
390 198
389 198
389 197
388 197
387 197
387 196
386 196
386 195
386 194
386 193
386 192
386 191
387 191
388 191
388 190
389 190
322 246
322 247
322 248
321 248
321 249
322 249
322 250
323 250
323 251
323 252
323 253
323 254
323 255
324 255
325 255
326 255
326 256
326 257
326 258
326 259
326 260
368 307
367 307
369 307
369 308
370 308
371 308
372 308
373 308
374 308
375 308
376 308
377 308
377 309
378 309
379 309
380 309
380 310
381 310
381 311
382 311
383 311
383 312
384 312
384 313
385 313
386 313
387 313
388 313
389 313
390 313
391 313
392 313
393 313
394 313
395 313
396 313
396 314
397 314
398 314
399 314
399 315
400 315
400 314
401 314
401 313
402 313
402 312
403 312
403 311
404 311
404 310
405 310
406 310
407 310
408 310
409 310
410 310
411 310
412 310
413 310
414 310
414 311
415 311
415 312
415 313
415 314
416 314
416 315
416 316
416 317
416 318
416 319
416 320
417 320
417 321
418 321
418 322
419 322
420 322
420 323
420 324
421 324
421 325
421 326
421 327
422 327
422 326
422 325
423 325
424 325
425 325
426 325
426 324
427 324
427 323
427 322
428 322
428 321
429 321
429 320
430 320
430 321
431 321
432 321
432 322
432 323
433 323
433 324
434 324
435 324
436 324
436 325
437 325
438 325
438 326
367 306
366 306
366 305
365 305
365 304
365 303
364 303
363 303
362 303
361 303
360 303
360 302
359 302
359 303
358 303
358 304
357 304
357 305
356 305
356 306
356 307
356 308
356 309
355 309
355 310
354 310
353 310
352 310
352 309
351 309
351 308
350 308
350 307
350 306
349 306
348 306
348 305
347 305
347 304
346 304
345 304
345 303
344 303
344 302
343 302
343 301
343 300
342 300
342 299
342 298
342 297
341 297
341 296
341 295
341 294
341 293
341 292
341 291
340 291
340 290
339 290
339 289
339 288
338 288
338 287
337 287
337 286
336 286
336 285
337 285
338 285
338 284
338 283
338 282
338 281
338 280
337 280
337 279
337 278
337 277
337 276
337 275
337 274
337 273
336 273
336 272
336 271
336 270
337 270
337 269
338 269
339 269
340 269
340 268
341 268
341 267
342 267
342 266
343 266
343 265
344 265
344 264
344 263
345 263
345 262
345 261
345 260
345 259
345 258
345 257
345 256
345 255
345 254
345 253
344 253
344 252
344 251
344 250
344 249
268 195
267 195
269 195
270 195
271 195
272 195
273 195
273 196
274 196
275 196
275 197
276 197
277 197
278 197
279 197
280 197
280 198
281 198
281 199
281 200
282 200
283 200
284 200
285 200
286 200
286 199
287 199
287 198
288 198
289 198
290 198
291 198
292 198
293 198
294 198
295 198
296 198
297 198
298 198
298 199
299 199
299 200
299 201
300 201
301 201
302 201
302 202
303 202
304 202
304 203
305 203
306 203
306 204
307 204
308 204
308 205
309 205
310 205
311 205
312 205
313 205
314 205
315 205
316 205
316 206
317 206
318 206
319 206
319 207
320 207
321 207
322 207
323 207
324 207
325 207
326 207
327 207
328 207
329 207
329 208
329 209
329 210
329 211
329 212
329 213
330 213
266 195
265 195
264 195
263 195
262 195
261 195
260 195
259 195
258 195
257 195
256 195
255 195
255 196
255 197
233 375
233 376
233 374
233 373
233 372
233 371
233 370
233 369
233 368
233 367
233 366
233 365
233 364
233 363
233 362
232 362
232 361
232 360
232 359
232 358
232 357
232 356
232 355
232 354
233 354
234 354
235 354
236 354
236 353
233 377
233 378
234 378
234 379
233 379
233 380
233 381
233 382
233 383
233 384
233 385
233 386
233 387
233 388
241 425
242 425
240 425
239 425
238 425
237 425
236 425
235 425
235 426
234 426
233 426
233 427
243 425
244 425
245 425
246 425
247 425
248 425
249 425
250 425
251 425
252 425
253 425
253 426
254 426
255 426
255 425
255 424
256 424
256 423
256 422
256 421
256 420
257 420
258 420
259 420
259 419
259 418
259 417
259 416
259 415
258 415
258 414
259 414
260 414
261 414
262 414
263 414
264 414
265 414
266 414
267 414
267 413
267 412
267 411
267 410
267 409
267 408
267 407
267 406
268 406
269 406
269 405
270 405
270 404
270 403
270 402
270 401
270 400
270 399
271 399
272 399
273 399
274 399
274 400
275 400
275 401
276 401
276 402
276 403
277 403
277 404
277 405
277 406
277 407
277 408
278 408
278 409
279 409
279 410
280 410
280 411
281 411
281 412
282 412
282 413
283 413
283 414
284 414
284 415
285 415
286 415
287 415
288 415
289 415
290 415
290 416
290 417
290 418
290 419
289 419
288 419
287 419
287 420
286 420
285 420
284 420
283 420
283 421
282 421
282 422
281 422
281 423
280 423
280 424
280 425
280 426
280 427
280 428
280 429
280 430
280 431
281 431
281 432
281 433
281 434
281 435
281 436
281 437
281 438
282 438
282 439
282 440
282 441
282 442
282 443
282 444
282 445
282 446
281 446
281 447
281 448
281 449
281 450
281 451
280 451
279 451
278 451
277 451
276 451
232 400
232 399
232 401
232 402
232 403
232 404
232 405
232 406
232 407
233 407
233 408
233 409
233 410
233 411
233 412
233 413
233 414
233 415
233 416
233 417
233 418
233 419
233 420
233 421
233 422
233 423
233 424
233 425
232 398
232 397
232 396
232 395
232 394
232 393
232 392
232 391
232 390
232 389
233 389
245 285
245 286
245 284
245 283
245 282
245 281
245 280
245 279
246 279
246 278
247 278
247 277
244 286
244 287
244 288
244 289
243 289
243 290
243 291
242 291
242 292
242 293
242 294
241 294
241 295
241 296
241 297
241 298
240 298
240 299
240 300
240 301
240 302
240 303
240 304
240 305
240 306
240 307
240 308
240 309
240 310
240 311
240 312
240 313
240 314
240 315
240 316
240 317
239 317
239 318
239 319
238 319
238 320
238 321
237 321
237 322
237 323
236 323
236 324
236 325
235 325
235 326
234 326
234 327
234 328
234 329
234 330
234 331
234 332
234 333
234 334
234 335
234 336
234 337
234 338
233 338
233 339
233 340
233 341
233 342
233 343
233 344
233 345
233 346
233 347
233 348
233 349
233 350
233 351
233 352
234 352
234 353
235 353
