323 25
324 25
322 25
321 25
320 25
319 25
318 25
317 25
316 25
315 25
314 25
314 24
313 24
313 23
324 24
325 24
326 24
326 23
327 23
327 22
328 22
328 21
329 21
329 20
330 20
330 19
331 19
331 18
332 18
332 17
333 17
333 16
334 16
334 15
335 15
336 15
336 14
326 8
326 7
326 9
326 10
327 10
327 11
328 11
328 12
329 12
329 13
330 13
331 13
332 13
333 13
334 13
334 14
335 14
326 6
326 5
326 4
326 3
326 2
325 2
325 1
441 349
440 349
442 349
443 349
444 349
445 349
445 348
445 347
446 347
446 348
447 348
447 349
447 350
448 350
448 351
449 351
450 351
450 352
451 352
451 353
451 354
450 354
450 355
450 356
450 357
450 358
449 358
449 359
448 359
448 360
447 360
446 360
446 361
445 361
445 362
445 363
445 364
445 365
445 366
445 367
445 368
445 369
444 369
444 370
443 370
443 371
442 371
441 371
440 371
439 371
439 372
438 372
437 372
436 372
436 373
435 373
435 374
435 375
435 376
435 377
435 378
435 379
435 380
435 381
435 382
435 383
434 383
434 384
433 384
432 384
431 384
430 384
430 385
429 385
429 386
428 386
428 387
427 387
426 387
426 386
426 385
426 384
425 384
425 383
424 383
423 383
423 382
422 382
421 382
420 382
419 382
418 382
418 381
417 381
416 381
416 380
416 379
415 379
415 378
414 378
414 377
413 377
413 378
413 379
413 380
413 381
413 382
413 383
412 383
411 383
410 383
409 383
408 383
407 383
406 383
406 384
405 384
405 383
405 382
404 382
404 381
403 381
402 381
402 380
401 380
400 380
399 380
398 380
397 380
397 379
396 379
396 378
395 378
394 378
393 378
393 377
392 377
391 377
391 376
391 375
391 374
391 373
390 373
390 374
390 375
389 375
389 376
388 376
387 376
386 376
385 376
385 377
384 377
384 378
384 379
383 379
383 380
382 380
382 381
381 381
380 381
379 381
378 381
378 382
378 383
378 384
378 385
378 386
379 386
379 387
379 388
379 389
379 390
379 391
379 392
378 392
377 392
376 392
375 392
374 392
373 392
373 393
373 394
373 395
373 396
373 397
372 397
372 398
371 398
370 398
369 398
368 398
367 398
367 397
366 397
366 396
366 395
365 395
365 394
364 394
363 394
362 394
361 394
361 393
360 393
359 393
358 393
357 393
356 393
355 393
355 394
354 394
353 394
352 394
351 394
350 394
349 394
348 394
347 394
346 394
345 394
344 394
343 394
342 394
342 393
341 393
341 394
340 394
339 394
338 394
337 394
337 395
336 395
335 395
334 395
333 395
332 395
331 395
330 395
330 394
439 349
438 349
437 349
437 348
436 348
435 348
434 348
433 348
433 349
432 349
431 349
431 350
430 350
430 349
430 348
429 348
429 347
429 346
428 346
428 345
428 344
428 343
427 343
427 342
426 342
425 342
424 342
424 341
423 341
422 341
422 340
421 340
421 339
420 339
420 338
420 337
420 336
420 335
419 335
419 334
418 334
418 335
417 335
417 336
416 336
415 336
414 336
413 336
412 336
411 336
411 337
412 337
412 338
413 338
413 339
413 340
413 341
413 342
413 343
413 344
412 344
412 345
413 345
413 346
414 346
414 347
414 348
414 349
414 350
414 351
414 352
414 353
415 353
415 354
414 354
414 355
414 356
414 357
414 358
414 359
414 360
413 360
413 361
412 361
411 361
411 360
410 360
409 360
409 359
408 359
408 358
408 357
408 356
407 356
407 355
406 355
405 355
404 355
403 355
402 355
401 355
400 355
399 355
398 355
397 355
397 354
396 354
395 354
394 354
393 354
393 355
393 356
393 357
392 357
392 358
392 359
392 360
392 361
392 362
392 363
392 364
391 364
391 365
391 366
391 367
391 368
391 369
391 370
391 371
391 372
47 28
48 28
46 28
45 28
44 28
43 28
43 27
42 27
41 27
41 26
41 25
48 29
48 30
49 30
49 31
48 31
48 32
48 33
48 34
48 35
48 36
48 37
48 38
48 39
49 39
49 40
49 41
49 42
50 42
268 47
267 47
269 47
270 47
270 46
271 46
271 45
272 45
272 44
273 44
273 43
274 43
274 42
275 42
275 41
276 41
277 41
277 40
278 40
278 39
279 39
266 47
265 47
264 47
263 47
263 48
262 48
261 48
261 49
260 49
259 49
259 50
258 50
257 50
257 51
256 51
256 52
490 362
491 362
489 362
488 362
488 363
487 363
487 364
486 364
485 364
484 364
483 364
482 364
481 364
480 364
479 364
478 364
477 364
477 365
476 365
475 365
475 366
474 366
474 367
474 368
473 368
473 369
473 370
472 370
471 370
470 370
469 370
468 370
467 370
466 370
466 371
465 371
464 371
464 372
463 372
463 373
462 373
462 374
462 375
462 376
462 377
461 377
461 376
461 375
461 374
461 373
460 373
460 372
459 372
458 372
457 372
456 372
455 372
455 373
454 373
454 374
453 374
452 374
451 374
450 374
449 374
448 374
447 374
446 374
445 374
444 374
444 373
444 372
443 372
492 362
493 362
494 362
495 362
496 362
497 362
498 362
499 362
499 361
500 361
500 360
501 360
501 359
501 358
502 358
502 357
502 356
503 356
503 355
503 354
291 40
291 41
291 39
292 39
292 38
293 38
293 37
294 37
295 37
296 37
297 37
298 37
299 37
300 37
300 36
300 35
301 35
301 34
302 34
302 33
302 32
303 32
303 31
304 31
304 30
305 30
305 29
306 29
307 29
308 29
309 29
310 29
310 28
311 28
311 27
311 26
311 25
312 25
312 24
312 23
290 41
290 42
289 42
289 43
288 43
287 43
287 44
286 44
285 44
284 44
284 45
283 45
282 45
282 44
282 43
282 42
281 42
281 41
280 41
280 40
280 39
38 45
38 44
38 46
38 47
38 48
38 49
38 50
38 51
38 52
38 53
38 54
39 54
39 55
39 56
39 57
38 57
38 58
38 59
37 59
36 59
36 60
39 44
40 44
41 44
42 44
43 44
44 44
44 43
45 43
46 43
47 43
48 43
49 43
307 320
307 319
307 321
307 322
307 323
307 324
307 325
307 326
307 327
306 327
306 328
306 329
306 330
306 331
305 331
304 331
304 332
303 332
303 333
302 333
302 334
301 334
300 334
300 335
299 335
298 335
297 335
297 336
296 336
295 336
295 337
295 338
295 339
295 340
295 341
295 342
295 343
295 344
295 345
296 345
297 345
298 345
298 344
299 344
299 343
300 343
301 343
302 343
303 343
304 343
305 343
306 343
307 343
308 343
309 343
309 344
309 345
310 345
310 346
311 346
312 346
312 347
313 347
313 348
314 348
314 349
315 349
315 350
316 350
316 351
317 351
318 351
319 351
320 351
321 351
321 352
321 353
322 353
322 354
322 355
323 355
323 356
323 357
322 357
322 358
322 359
322 360
322 361
322 362
322 363
322 364
322 365
322 366
323 366
323 367
323 368
323 369
323 370
324 370
324 371
324 372
325 372
325 373
325 374
325 375
325 376
325 377
324 377
323 377
323 378
322 378
322 379
322 380
322 381
322 382
322 383
322 384
322 385
322 386
322 387
322 388
323 388
323 389
323 390
324 390
324 391
325 391
326 391
326 392
327 392
328 392
328 393
329 393
329 394
307 318
307 317
307 316
306 316
306 315
305 315
305 314
305 313
304 313
304 312
303 312
302 312
301 312
300 312
299 312
298 312
298 311
297 311
297 310
296 310
296 311
295 311
294 311
294 312
294 313
294 314
294 315
294 316
294 317
293 317
293 318
293 319
292 319
292 320
291 320
291 321
290 321
290 322
289 322
289 323
289 324
289 325
289 326
289 327
289 328
289 329
289 330
290 330
290 331
291 331
291 332
292 332
292 333
293 333
293 334
293 335
293 336
294 336
294 337
50 11
50 10
50 12
50 13
50 14
50 15
50 16
50 17
50 18
50 19
50 20
49 20
49 19
48 19
47 19
46 19
45 19
44 19
43 19
43 20
42 20
42 21
42 22
41 22
41 23
41 24
50 9
51 9
51 8
52 8
52 7
53 7
54 7
55 7
56 7
56 6
57 6
258 28
258 29
258 27
258 26
258 25
258 24
258 23
258 22
258 21
258 20
259 20
259 19
259 18
258 18
258 17
257 17
257 16
256 16
255 16
254 16
253 16
252 16
251 16
251 15
250 15
249 15
249 14
248 14
247 14
246 14
245 14
244 14
243 14
242 14
241 14
240 14
239 14
238 14
238 15
237 15
237 16
236 16
236 17
236 18
236 19
236 20
236 21
236 22
236 23
236 24
236 25
235 25
235 26
234 26
233 26
232 26
231 26
230 26
229 26
228 26
227 26
226 26
225 26
225 25
224 25
223 25
222 25
221 25
220 25
219 25
218 25
218 24
218 23
219 23
219 22
219 21
220 21
220 20
221 20
221 19
222 19
223 19
223 18
223 17
223 16
223 15
223 14
223 13
222 13
222 12
222 11
221 11
221 10
220 10
220 9
221 9
222 9
222 8
222 7
222 6
222 5
222 4
223 4
223 3
224 3
224 2
224 1
225 1
225 0
226 0
227 0
228 0
229 0
230 0
231 0
232 0
258 30
258 31
258 32
259 32
259 33
260 33
261 33
261 34
262 34
263 34
264 34
264 35
264 36
265 36
265 37
265 38
266 38
266 39
267 39
268 39
268 40
269 40
269 41
270 41
270 42
271 42
271 43
271 44
248 182
248 183
248 181
248 180
248 179
247 179
247 178
247 177
247 176
247 175
247 174
247 173
247 172
247 171
247 170
247 169
247 168
247 167
247 166
246 166
246 165
245 165
244 165
243 165
243 166
242 166
241 166
241 167
240 167
239 167
239 168
239 169
239 170
239 171
239 172
238 172
237 172
236 172
235 172
234 172
233 172
232 172
232 171
231 171
231 170
230 170
230 169
230 168
230 167
229 167
229 166
228 166
227 166
227 165
226 165
225 165
225 164
224 164
223 164
223 165
222 165
222 166
221 166
221 167
220 167
220 168
219 168
218 168
218 169
217 169
216 169
216 170
215 170
214 170
213 170
212 170
212 171
211 171
211 172
210 172
210 173
209 173
209 174
208 174
208 175
208 176
207 176
207 177
207 178
206 178
206 179
205 179
205 180
204 180
204 181
204 182
203 182
203 183
203 184
203 185
203 186
203 187
203 188
202 188
202 189
201 189
200 189
200 190
199 190
199 191
200 191
200 192
201 192
201 193
202 193
202 194
202 195
203 195
203 196
203 197
203 198
203 199
204 199
205 199
206 199
206 200
207 200
207 201
208 201
208 202
208 203
209 203
209 204
210 204
210 205
211 205
211 206
212 206
212 207
212 208
212 209
212 210
213 210
214 210
215 210
216 210
217 210
218 210
218 209
219 209
219 208
220 208
220 207
221 207
222 207
223 207
224 207
225 207
226 207
226 208
227 208
228 208
228 209
229 209
230 209
231 209
232 209
233 209
234 209
235 209
236 209
237 209
237 208
238 208
238 207
239 207
239 206
239 205
239 204
239 203
240 203
240 202
240 201
241 201
241 200
241 199
242 199
242 198
243 198
244 198
245 198
246 198
247 198
247 199
248 199
248 200
249 200
249 201
250 201
251 201
252 201
253 201
254 201
255 201
256 201
256 202
257 202
257 203
257 204
258 204
258 205
259 205
259 206
260 206
260 207
261 207
262 207
263 207
263 206
263 205
263 204
263 203
264 203
264 202
265 202
266 202
267 202
268 202
269 202
270 202
271 202
272 202
273 202
273 201
273 200
274 200
274 199
275 199
276 199
277 199
278 199
279 199
280 199
281 199
281 200
282 200
282 201
283 201
283 200
284 200
284 199
285 199
285 198
285 197
286 197
287 197
287 196
288 196
289 196
289 195
290 195
291 195
291 194
291 193
291 192
291 191
291 190
291 189
290 189
290 188
290 187
291 187
292 187
293 187
294 187
295 187
296 187
297 187
298 187
299 187
300 187
300 188
301 188
302 188
302 187
303 187
304 187
305 187
306 187
306 186
307 186
307 185
307 184
308 184
308 183
309 183
309 182
309 181
309 180
309 179
309 178
309 177
309 176
310 176
310 175
311 175
311 174
312 174
312 173
313 173
313 172
313 171
314 171
314 170
314 169
315 169
315 168
316 168
316 167
317 167
317 166
318 166
318 165
318 164
319 164
319 163
320 163
321 163
322 163
322 162
322 161
322 160
322 159
322 158
322 157
322 156
321 156
321 155
321 154
321 153
321 152
321 151
322 151
322 150
322 149
322 148
322 147
322 146
322 145
322 144
322 143
322 142
322 141
323 141
324 141
325 141
326 141
327 141
328 141
328 140
329 140
329 139
329 138
329 137
329 136
329 135
329 134
330 134
330 133
330 132
331 132
331 131
332 131
332 130
333 130
334 130
334 129
334 128
334 127
334 126
334 125
334 124
335 124
336 124
337 124
337 123
336 123
335 123
334 123
333 123
332 123
332 122
331 122
331 121
331 120
331 119
331 118
331 117
331 116
331 115
331 114
331 113
331 112
331 111
332 111
332 110
332 109
333 109
334 109
335 109
336 109
337 109
338 109
339 109
340 109
341 109
341 108
342 108
342 109
342 110
342 111
343 111
343 112
344 112
345 112
346 112
346 113
347 113
348 113
349 113
350 113
351 113
352 113
353 113
354 113
354 112
355 112
356 112
356 111
357 111
357 110
358 110
359 110
359 109
360 109
360 108
361 108
361 107
362 107
362 106
362 105
363 105
363 104
364 104
364 103
364 102
365 102
365 101
365 100
366 100
367 100
367 99
368 99
368 98
369 98
370 98
371 98
371 97
372 97
373 97
373 96
374 96
374 95
375 95
376 95
376 94
377 94
378 94
379 94
380 94
381 94
381 95
382 95
383 95
383 96
384 96
384 97
384 98
384 99
384 100
384 101
384 102
384 103
384 104
383 104
383 105
384 105
384 106
384 107
384 108
385 108
385 109
385 110
386 110
386 111
387 111
388 111
389 111
389 110
390 110
390 109
391 109
391 108
391 107
391 106
391 105
391 104
391 103
391 102
391 101
392 101
392 100
392 99
393 99
393 98
394 98
395 98
396 98
397 98
398 98
399 98
400 98
401 98
402 98
403 98
404 98
404 99
405 99
406 99
407 99
408 99
409 99
410 99
411 99
412 99
413 99
413 100
414 100
414 99
415 99
416 99
417 99
418 99
418 98
419 98
419 97
419 96
420 96
420 95
420 94
421 94
421 95
422 95
422 96
423 96
424 96
425 96
425 97
425 98
425 99
426 99
426 100
426 101
427 101
427 102
427 103
427 104
427 105
427 106
426 106
426 107
425 107
425 108
424 108
424 109
424 110
424 111
424 112
425 112
425 113
426 113
426 114
427 114
427 115
426 115
426 116
425 116
425 117
425 118
425 119
425 120
425 121
424 121
423 121
423 122
424 122
425 122
426 122
426 123
426 124
427 124
427 125
427 126
428 126
429 126
430 126
430 127
431 127
432 127
433 127
433 128
434 128
435 128
435 129
435 130
434 130
434 131
434 132
434 133
434 134
434 135
434 136
434 137
434 138
434 139
433 139
433 140
433 141
432 141
432 142
432 143
432 144
432 145
431 145
430 145
429 145
428 145
427 145
426 145
425 145
424 145
423 145
422 145
422 144
421 144
421 143
420 143
420 142
419 142
419 141
418 141
418 140
417 140
417 139
416 139
416 138
416 137
416 136
416 135
415 135
414 135
414 134
413 134
412 134
412 133
411 133
410 133
410 132
409 132
409 131
408 131
408 130
407 130
407 131
406 131
405 131
404 131
404 132
403 132
402 132
401 132
400 132
399 132
398 132
397 132
396 132
396 131
396 130
396 129
395 129
395 130
395 131
394 131
393 131
393 132
392 132
392 133
391 133
391 134
390 134
390 135
390 136
389 136
388 136
388 137
387 137
386 137
385 137
384 137
384 138
384 139
384 140
384 141
384 142
384 143
384 144
384 145
384 146
385 146
386 146
387 146
388 146
389 146
390 146
391 146
392 146
392 147
393 147
393 148
394 148
395 148
395 149
396 149
396 150
397 150
398 150
399 150
400 150
401 150
402 150
403 150
404 150
405 150
405 151
405 152
405 153
406 153
407 153
408 153
409 153
410 153
410 154
411 154
411 155
412 155
413 155
413 156
414 156
415 156
415 157
416 157
416 158
416 159
416 160
416 161
416 162
416 163
416 164
416 165
416 166
417 166
417 167
418 167
419 167
419 168
420 168
421 168
422 168
423 168
424 168
425 168
426 168
427 168
428 168
429 168
249 183
250 183
251 183
251 184
252 184
253 184
253 185
254 185
255 185
256 185
257 185
258 185
258 186
259 186
259 187
258 187
258 188
258 189
257 189
257 190
256 190
256 191
256 192
256 193
256 194
256 195
257 195
257 196
257 197
257 198
257 199
257 200
257 201
502 102
502 103
502 101
502 100
502 99
502 98
502 97
502 96
501 96
501 95
500 95
499 95
499 94
498 94
498 93
497 93
497 94
496 94
495 94
494 94
493 94
492 94
491 94
490 94
489 94
488 94
487 94
487 95
486 95
486 94
486 93
486 92
486 91
486 90
486 89
486 88
486 87
486 86
486 85
486 84
485 84
484 84
483 84
482 84
482 83
481 83
481 82
480 82
479 82
478 82
477 82
476 82
475 82
474 82
474 83
473 83
472 83
471 83
470 83
469 83
468 83
467 83
466 83
465 83
464 83
463 83
462 83
461 83
460 83
460 82
459 82
459 81
459 80
459 79
458 79
458 78
457 78
457 79
457 80
457 81
457 82
457 83
456 83
456 84
455 84
455 85
454 85
454 86
453 86
452 86
452 87
451 87
450 87
449 87
449 88
448 88
447 88
446 88
445 88
445 89
444 89
444 90
443 90
442 90
441 90
440 90
439 90
438 90
437 90
436 90
435 90
434 90
434 91
433 91
433 92
432 92
431 92
430 92
430 93
429 93
429 94
428 94
428 95
427 95
427 96
427 97
427 98
427 99
427 100
502 104
502 105
502 106
502 107
502 108
502 109
502 110
502 111
502 112
501 112
501 113
500 113
499 113
498 113
497 113
497 114
496 114
496 115
495 115
495 116
494 116
494 117
494 118
494 119
493 119
493 120
493 121
492 121
492 122
491 122
490 122
489 122
488 122
487 122
486 122
485 122
484 122
484 123
483 123
483 124
483 125
483 126
483 127
482 127
482 128
482 129
481 129
481 130
480 130
479 130
478 130
478 131
477 131
477 130
476 130
476 129
475 129
475 128
474 128
474 127
474 126
474 125
474 124
473 124
472 124
471 124
470 124
469 124
468 124
468 125
467 125
467 126
466 126
466 127
465 127
465 128
464 128
463 128
462 128
461 128
461 129
460 129
460 130
459 130
459 131
458 131
457 131
457 132
456 132
455 132
455 133
454 133
453 133
452 133
451 133
450 133
449 133
449 134
448 134
448 135
447 135
446 135
445 135
444 135
444 134
443 134
442 134
441 134
440 134
439 134
439 133
439 132
438 132
438 131
437 131
437 130
436 130
436 129
247 362
246 362
248 362
249 362
250 362
251 362
251 363
252 363
253 363
254 363
255 363
256 363
257 363
258 363
259 363
260 363
261 363
262 363
263 363
264 363
264 364
263 364
263 365
262 365
262 366
262 367
261 367
261 368
260 368
260 369
260 370
259 370
259 371
259 372
259 373
259 374
259 375
259 376
259 377
259 378
259 379
260 379
260 380
261 380
262 380
262 381
263 381
264 381
265 381
265 382
266 382
267 382
268 382
268 381
269 381
270 381
271 381
271 380
272 380
273 380
274 380
275 380
276 380
277 380
278 380
279 380
279 379
280 379
281 379
281 378
282 378
282 377
283 377
283 376
283 375
283 374
284 374
284 373
284 372
285 372
285 373
286 373
286 374
287 374
288 374
288 375
289 375
289 376
289 377
289 378
290 378
290 379
290 380
291 380
291 381
292 381
293 381
294 381
294 382
295 382
296 382
297 382
298 382
299 382
300 382
301 382
302 382
303 382
304 382
304 381
304 380
305 380
305 379
305 378
305 377
305 376
305 375
306 375
306 376
307 376
308 376
309 376
310 376
311 376
311 377
312 377
313 377
313 378
314 378
315 378
316 378
316 379
316 380
316 381
317 381
318 381
318 382
319 382
319 383
320 383
320 384
320 385
321 385
321 386
245 362
244 362
243 362
242 362
241 362
241 363
240 363
239 363
239 364
238 364
238 365
237 365
237 366
236 366
235 366
235 367
234 367
233 367
233 368
232 368
231 368
230 368
229 368
228 368
228 367
228 366
227 366
226 366
226 367
226 368
226 369
226 370
225 370
225 371
224 371
224 372
223 372
222 372
221 372
220 372
219 372
218 372
218 373
218 374
217 374
217 375
216 375
216 376
215 376
215 377
214 377
214 376
213 376
212 376
211 376
210 376
209 376
208 376
207 376
206 376
205 376
205 377
205 378
204 378
204 379
204 380
204 381
204 382
204 383
204 384
204 385
204 386
204 387
204 388
204 389
204 390
267 216
267 215
267 217
267 218
267 219
267 220
268 220
268 221
269 221
269 222
269 223
269 224
270 224
270 225
269 225
269 226
269 227
268 227
268 228
268 229
268 230
267 230
267 231
266 231
266 232
265 232
264 232
264 233
263 233
263 234
262 234
262 235
261 235
261 236
260 236
259 236
258 236
257 236
256 236
255 236
255 237
254 237
253 237
252 237
251 237
250 237
249 237
248 237
247 237
246 237
246 236
245 236
244 236
243 236
243 235
242 235
242 234
242 233
241 233
241 232
240 232
240 231
239 231
238 231
238 230
237 230
237 229
237 228
236 228
236 227
236 226
235 226
235 225
234 225
234 224
234 223
233 223
233 222
233 221
232 221
231 221
231 220
230 220
230 219
230 218
229 218
229 217
229 216
228 216
228 215
228 214
227 214
227 213
227 212
227 211
227 210
227 209
267 214
267 213
267 212
266 212
266 211
266 210
265 210
265 209
264 209
264 208
263 208
14 254
15 254
14 255
14 256
14 257
14 258
14 259
13 259
12 259
12 260
13 260
13 261
13 262
13 263
13 264
13 265
14 265
14 266
14 267
14 268
14 269
15 269
15 270
16 270
16 271
17 271
18 271
19 271
19 272
20 272
20 273
21 273
21 274
22 274
22 275
23 275
23 276
23 277
24 277
24 278
25 278
25 279
26 279
27 279
28 279
29 279
29 280
30 280
31 280
32 280
33 280
34 280
34 281
34 282
34 283
34 284
34 285
35 285
35 284
35 283
35 282
36 282
37 282
38 282
39 282
40 282
41 282
41 283
42 283
43 283
43 284
44 284
44 285
45 285
45 286
46 286
47 286
48 286
49 286
50 286
50 287
51 287
51 288
51 289
51 290
52 290
52 291
53 291
54 291
54 292
55 292
55 291
56 291
57 291
57 290
58 290
58 289
58 288
58 287
59 287
60 287
61 287
62 287
63 287
64 287
65 287
65 286
66 286
66 287
67 287
68 287
69 287
70 287
71 287
72 287
73 287
74 287
75 287
75 286
76 286
76 285
77 285
77 284
78 284
79 284
80 284
81 284
82 284
83 284
84 284
85 284
86 284
87 284
87 285
88 285
89 285
89 286
90 286
91 286
92 286
92 287
93 287
93 286
94 286
95 286
95 285
96 285
97 285
97 284
98 284
99 284
100 284
101 284
102 284
102 283
103 283
104 283
104 282
105 282
106 282
107 282
107 281
107 280
107 279
107 278
107 277
107 276
108 276
108 275
109 275
109 274
110 274
111 274
111 273
112 273
112 272
113 272
15 253
15 252
16 252
16 251
16 250
17 250
17 249
18 249
18 248
19 248
20 248
21 248
22 248
23 248
24 248
25 248
26 248
27 248
27 247
27 246
27 245
28 245
28 244
29 244
298 169
298 170
298 168
298 167
298 166
298 165
297 165
297 164
298 164
298 163
299 163
299 162
299 161
299 160
299 159
300 159
300 158
299 158
299 157
299 156
299 155
299 154
299 153
298 153
298 152
297 152
297 151
297 150
296 150
296 149
295 149
295 148
295 147
296 147
296 146
297 146
298 146
299 146
300 146
301 146
302 146
303 146
303 145
303 144
303 143
303 142
303 141
302 141
302 140
301 140
301 139
300 139
300 138
299 138
299 137
298 137
298 136
298 135
298 134
298 133
299 133
300 133
300 132
301 132
301 131
302 131
302 130
302 129
302 128
302 127
302 126
302 125
303 125
303 124
303 123
303 122
303 121
304 121
304 120
304 119
304 118
304 117
304 116
304 115
303 115
303 114
303 113
302 113
301 113
301 112
300 112
300 111
300 110
300 109
300 108
299 108
299 107
298 107
298 106
297 106
297 105
296 105
295 105
294 105
293 105
292 105
291 105
291 106
290 106
289 106
289 107
288 107
288 108
287 108
286 108
286 109
285 109
285 110
284 110
283 110
283 111
282 111
281 111
280 111
279 111
278 111
277 111
276 111
275 111
274 111
273 111
272 111
271 111
270 111
269 111
268 111
267 111
266 111
265 111
264 111
263 111
262 111
261 111
260 111
260 112
259 112
259 113
258 113
258 114
258 115
258 116
258 117
259 117
259 118
260 118
260 119
261 119
261 120
261 121
261 122
261 123
261 124
261 125
260 125
260 126
260 127
260 128
261 128
261 129
261 130
261 131
261 132
261 133
261 134
261 135
260 135
260 136
260 137
259 137
259 138
259 139
259 140
259 141
259 142
259 143
259 144
258 144
258 145
257 145
256 145
255 145
254 145
253 145
253 146
252 146
252 147
251 147
250 147
250 148
249 148
249 149
249 150
248 150
248 151
248 152
247 152
247 153
247 154
246 154
246 155
246 156
245 156
244 156
243 156
242 156
241 156
241 157
241 158
241 159
241 160
242 160
242 161
243 161
243 162
243 163
244 163
245 163
245 164
246 164
298 171
298 172
298 173
298 174
298 175
298 176
297 176
296 176
295 176
294 176
293 176
292 176
292 177
292 178
292 179
292 180
292 181
292 182
292 183
292 184
292 185
291 185
291 186
349 40
349 39
349 41
349 42
348 42
348 43
348 44
347 44
347 45
347 46
347 47
346 47
345 47
344 47
343 47
343 48
342 48
341 48
341 49
341 50
341 51
340 51
340 52
340 53
340 54
340 55
339 55
339 56
338 56
337 56
337 57
336 57
336 58
335 58
335 59
334 59
333 59
332 59
332 58
331 58
331 57
331 56
332 56
333 56
333 55
333 54
333 53
333 52
333 51
332 51
332 50
332 49
331 49
331 48
330 48
329 48
328 48
327 48
326 48
325 48
324 48
323 48
323 47
322 47
322 46
321 46
321 45
321 44
321 43
321 42
321 41
321 40
321 39
321 38
321 37
321 36
320 36
319 36
318 36
317 36
317 35
317 34
317 33
317 32
317 31
317 30
317 29
317 28
317 27
316 27
316 26
315 26
349 38
349 37
349 36
349 35
349 34
349 33
348 33
348 32
347 32
347 31
346 31
346 30
346 29
346 28
346 27
346 26
345 26
344 26
344 25
344 24
344 23
344 22
344 21
344 20
344 19
343 19
343 18
342 18
341 18
340 18
340 17
339 17
339 16
338 16
338 15
337 15
71 76
72 76
70 76
69 76
68 76
67 76
66 76
65 76
64 76
63 76
63 77
63 78
63 79
62 79
62 80
62 81
62 82
61 82
60 82
60 83
59 83
59 84
58 84
57 84
57 85
56 85
55 85
54 85
53 85
52 85
52 84
51 84
50 84
49 84
48 84
47 84
46 84
46 83
45 83
44 83
44 82
43 82
42 82
41 82
40 82
39 82
39 81
39 80
39 79
39 78
39 77
39 76
39 75
39 74
39 73
38 73
38 72
37 72
37 71
36 71
36 70
35 70
35 69
35 68
35 67
35 66
35 65
35 64
35 63
35 62
35 61
35 60
73 76
74 76
75 76
75 75
76 75
76 74
77 74
77 73
49 310
48 310
50 310
51 310
52 310
53 310
54 310
55 310
56 310
56 309
56 308
56 307
56 306
56 305
56 304
56 303
56 302
56 301
56 300
56 299
56 298
56 297
56 296
56 295
56 294
56 293
55 293
47 310
47 309
46 309
45 309
45 308
44 308
43 308
42 308
41 308
40 308
39 308
39 307
39 306
38 306
38 305
37 305
37 306
36 306
36 307
36 308
36 309
36 310
36 311
36 312
36 313
37 313
37 314
36 314
35 314
35 315
35 316
35 317
35 318
35 319
34 319
34 320
33 320
32 320
31 320
31 319
30 319
29 319
28 319
28 318
27 318
27 317
27 316
26 316
26 315
25 315
25 314
25 313
24 313
24 312
24 311
24 310
24 309
24 308
24 307
24 306
23 306
22 306
22 305
21 305
21 304
21 303
20 303
20 302
20 301
20 300
21 300
21 299
21 298
22 298
23 298
23 297
24 297
25 297
25 296
26 296
26 295
27 295
27 294
28 294
28 293
28 292
29 292
29 291
30 291
30 290
31 290
31 289
32 289
32 288
32 287
33 287
33 286
34 286
505 145
505 144
505 146
505 147
505 148
504 148
504 149
504 150
504 151
504 152
504 153
504 154
505 154
505 155
505 156
504 156
503 156
502 156
501 156
500 156
499 156
498 156
497 156
496 156
496 157
496 158
496 159
496 160
495 160
495 161
495 162
494 162
494 163
494 164
493 164
493 165
493 166
493 167
493 168
493 169
492 169
492 170
492 171
491 171
490 171
490 172
489 172
489 173
488 173
488 174
488 175
488 176
488 177
488 178
488 179
488 180
489 180
489 181
489 182
489 183
489 184
489 185
489 186
489 187
489 188
488 188
487 188
486 188
485 188
484 188
483 188
482 188
481 188
480 188
479 188
478 188
477 188
476 188
475 188
474 188
473 188
472 188
471 188
470 188
469 188
468 188
467 188
466 188
466 187
465 187
465 186
464 186
463 186
463 185
462 185
462 184
461 184
461 183
460 183
459 183
458 183
457 183
456 183
455 183
454 183
453 183
452 183
451 183
450 183
449 183
448 183
447 183
446 183
445 183
444 183
444 184
443 184
442 184
442 185
441 185
441 186
440 186
439 186
438 186
437 186
437 187
436 187
436 186
435 186
435 185
435 184
435 183
435 182
435 181
435 180
435 179
435 178
436 178
436 177
436 176
436 175
436 174
436 173
436 172
436 171
436 170
435 170
435 169
434 169
433 169
432 169
431 169
430 169
430 168
505 143
505 142
505 141
504 141
504 140
504 139
503 139
503 138
502 138
502 137
501 137
501 136
500 136
499 136
499 135
498 135
497 135
496 135
495 135
495 134
495 133
495 132
495 131
496 131
496 130
496 129
497 129
497 128
498 128
498 127
499 127
499 126
499 125
500 125
501 125
501 124
502 124
502 123
503 123
503 122
504 122
504 121
504 120
504 119
505 119
505 118
505 117
504 117
504 116
504 115
503 115
503 114
502 114
502 113
342 101
342 102
343 101
343 100
344 100
345 100
345 99
345 98
344 98
344 97
344 96
343 96
343 95
343 94
342 94
342 93
341 93
341 92
340 92
340 91
339 91
339 90
340 90
340 89
340 88
341 88
341 87
341 86
342 86
342 85
342 84
342 83
342 82
342 81
342 80
343 80
343 79
342 79
342 78
341 78
341 77
341 76
341 75
341 74
341 73
341 72
341 71
340 71
340 70
339 70
339 69
338 69
337 69
336 69
336 68
335 68
335 67
334 67
334 66
334 65
334 64
334 63
334 62
334 61
334 60
342 103
342 104
342 105
342 106
342 107
341 107
178 132
178 133
178 131
178 130
178 129
178 128
178 127
179 127
179 126
179 125
180 125
180 124
181 124
181 123
182 123
182 122
183 122
183 121
183 120
183 119
183 118
182 118
182 117
182 116
183 116
183 115
183 114
183 113
183 112
183 111
184 111
184 110
184 109
185 109
185 108
186 108
186 107
187 107
187 106
188 106
188 105
188 104
189 104
189 103
189 102
189 101
188 101
188 100
187 100
187 99
187 98
187 97
187 96
187 95
187 94
188 94
188 93
188 92
189 92
189 91
190 91
190 90
191 90
191 89
192 89
192 88
193 88
193 87
194 87
194 86
194 85
194 84
194 83
194 82
194 81
193 81
192 81
192 80
191 80
191 79
190 79
190 78
190 77
190 76
190 75
190 74
190 73
190 72
189 72
189 71
189 70
189 69
189 68
189 67
188 67
187 67
186 67
185 67
184 67
183 67
182 67
181 67
181 66
182 66
182 65
183 65
184 65
184 64
184 63
184 62
185 62
185 61
185 60
185 59
185 58
185 57
185 56
185 55
185 54
185 53
185 52
186 52
186 51
187 51
187 50
188 50
189 50
189 49
190 49
190 48
191 48
191 47
191 46
191 45
190 45
190 44
190 43
190 42
190 41
190 40
191 40
191 39
192 39
192 38
193 38
193 37
194 37
194 36
195 36
195 35
195 34
196 34
196 33
196 32
197 32
197 31
198 31
198 32
199 32
200 32
201 32
202 32
203 32
204 32
205 32
206 32
206 31
207 31
207 30
207 29
207 28
207 27
207 26
207 25
207 24
207 23
207 22
208 22
208 21
209 21
210 21
211 21
212 21
213 21
213 22
214 22
215 22
216 22
216 23
217 23
217 24
178 134
178 135
178 136
178 137
177 137
177 138
176 138
176 139
175 139
175 140
175 141
175 142
174 142
173 142
172 142
171 142
170 142
169 142
168 142
167 142
166 142
166 143
165 143
165 144
164 144
164 145
163 145
163 146
163 147
163 148
163 149
162 149
162 150
162 151
161 151
161 152
161 153
161 154
160 154
160 155
160 156
159 156
159 157
159 158
158 158
158 159
157 159
157 160
157 161
156 161
156 162
156 163
155 163
155 164
155 165
154 165
154 166
155 166
155 167
155 168
155 169
155 170
155 171
155 172
155 173
156 173
157 173
158 173
159 173
160 173
160 174
161 174
161 175
161 176
162 176
162 177
163 177
163 178
164 178
165 178
166 178
167 178
167 177
168 177
169 177
170 177
170 178
171 178
172 178
172 179
172 180
173 180
173 181
172 181
172 182
172 183
171 183
171 184
170 184
170 185
169 185
169 186
168 186
168 187
167 187
167 188
167 189
166 189
166 190
165 190
165 191
166 191
166 192
166 193
166 194
166 195
166 196
166 197
166 198
166 199
166 200
166 201
165 201
165 202
166 202
166 203
166 204
166 205
167 205
167 206
167 207
168 207
168 208
169 208
170 208
171 208
171 209
172 209
173 209
173 210
173 211
173 212
173 213
173 214
172 214
172 215
173 215
174 215
175 215
176 215
177 215
178 215
179 215
180 215
181 215
181 216
182 216
182 217
183 217
183 218
183 219
184 219
184 220
185 220
185 221
186 221
187 221
188 221
188 222
189 222
189 221
189 220
190 220
190 219
191 219
192 219
193 219
194 219
195 219
196 219
197 219
198 219
199 219
199 218
200 218
200 217
201 217
201 216
202 216
202 215
203 215
203 214
204 214
204 213
205 213
205 212
206 212
207 212
208 212
209 212
210 212
211 212
211 211
212 211
342 149
342 148
343 149
344 149
345 149
345 150
345 151
346 151
346 152
346 153
346 154
347 154
347 155
347 156
348 156
349 156
349 157
350 157
350 158
350 159
350 160
350 161
350 162
350 163
350 164
350 165
349 165
348 165
347 165
346 165
345 165
344 165
343 165
342 165
342 166
342 167
341 167
341 168
341 169
340 169
340 170
340 171
340 172
339 172
339 173
338 173
338 174
337 174
337 175
336 175
335 175
335 176
334 176
333 176
332 176
332 177
331 177
331 176
330 176
330 175
330 174
330 173
330 172
330 171
330 170
330 169
329 169
329 168
328 168
328 167
327 167
327 166
327 165
326 165
326 164
325 164
324 164
324 163
323 163
341 148
340 148
339 148
338 148
338 147
337 147
336 147
335 147
334 147
333 147
332 147
331 147
330 147
329 147
329 146
329 145
329 144
329 143
329 142
329 141
375 184
376 184
374 184
373 184
372 184
371 184
371 185
371 186
371 187
370 187
370 188
370 189
369 189
368 189
367 189
366 189
365 189
365 190
364 190
364 191
363 191
363 192
362 192
361 192
360 192
359 192
358 192
357 192
356 192
356 191
356 190
355 190
355 189
354 189
354 188
354 187
354 186
354 185
354 184
354 183
354 182
354 181
353 181
353 180
353 179
353 178
352 178
352 177
352 176
351 176
351 175
350 175
350 174
350 173
350 172
350 171
350 170
350 169
350 168
350 167
350 166
377 184
378 184
379 184
380 184
380 183
381 183
381 182
381 181
382 181
382 180
383 180
383 179
383 178
383 177
383 176
384 176
384 175
384 174
385 174
385 173
386 173
387 173
388 173
388 172
389 172
389 171
390 171
391 171
391 170
392 170
393 170
394 170
395 170
395 169
396 169
396 168
396 167
397 167
397 166
398 166
399 166
400 166
400 165
401 165
402 165
402 164
403 164
404 164
405 164
406 164
407 164
408 164
409 164
410 164
410 165
411 165
412 165
412 166
413 166
414 166
415 166
375 163
374 163
376 163
377 163
378 163
378 164
379 164
379 165
380 165
380 166
381 166
381 167
381 168
381 169
381 170
382 170
382 171
383 171
383 172
383 173
383 174
383 175
373 163
372 163
371 163
370 163
369 163
369 164
368 164
368 165
368 166
367 166
367 165
367 164
367 163
366 163
365 163
364 163
363 163
362 163
361 163
361 164
360 164
360 165
360 166
360 167
359 167
358 167
358 168
357 168
356 168
356 169
355 169
354 169
353 169
352 169
351 169
170 252
170 251
170 253
170 254
170 255
170 256
170 257
170 258
170 259
169 259
168 259
168 260
167 260
167 261
166 261
166 262
166 263
165 263
165 264
164 264
164 265
163 265
162 265
162 266
161 266
160 266
159 266
158 266
157 266
156 266
155 266
155 267
154 267
153 267
153 268
152 268
151 268
150 268
150 267
149 267
148 267
148 266
147 266
146 266
145 266
144 266
143 266
142 266
141 266
140 266
139 266
138 266
137 266
137 267
136 267
135 267
135 266
134 266
133 266
133 265
132 265
132 264
131 264
130 264
129 264
128 264
127 264
126 264
125 264
124 264
124 263
123 263
123 264
122 264
121 264
121 265
120 265
119 265
119 266
118 266
117 266
117 267
116 267
116 268
115 268
115 269
114 269
114 270
114 271
113 271
170 250
170 249
170 248
169 248
169 247
169 246
168 246
168 245
168 244
168 243
168 242
168 241
168 240
167 240
167 239
168 239
169 239
170 239
171 239
171 238
172 238
172 237
173 237
173 236
172 236
172 235
172 234
172 233
172 232
172 231
172 230
172 229
172 228
172 227
172 226
171 226
171 225
171 224
171 223
171 222
171 221
171 220
172 220
172 219
172 218
172 217
172 216
26 200
26 199
27 200
27 201
28 201
29 201
29 202
30 202
31 202
32 202
33 202
33 203
34 203
35 203
35 202
35 201
36 201
36 200
36 199
37 199
37 200
37 201
37 202
37 203
37 204
37 205
38 205
39 205
40 205
41 205
42 205
43 205
43 204
44 204
45 204
46 204
47 204
48 204
49 204
49 205
49 206
49 207
49 208
49 209
49 210
49 211
48 211
48 212
49 212
49 213
49 214
49 215
49 216
49 217
49 218
50 218
50 219
51 219
52 219
53 219
54 219
55 219
56 219
57 219
58 219
59 219
59 220
60 220
61 220
62 220
63 220
64 220
64 221
65 221
66 221
66 222
67 222
67 223
68 223
68 224
69 224
70 224
70 225
70 226
71 226
71 227
71 228
71 229
71 230
71 231
70 231
70 232
69 232
68 232
67 232
67 233
66 233
66 234
66 235
65 235
65 236
64 236
64 237
64 238
64 239
64 240
64 241
64 242
64 243
64 244
64 245
63 245
63 246
63 247
63 248
63 249
62 249
62 250
61 250
61 251
60 251
60 252
59 252
59 253
58 253
58 254
57 254
56 254
55 254
54 254
53 254
53 255
52 255
52 256
52 257
52 258
52 259
52 260
52 261
53 261
53 262
54 262
55 262
55 263
56 263
56 264
57 264
57 265
58 265
58 266
57 266
57 267
56 267
56 268
55 268
54 268
53 268
53 269
52 269
52 270
51 270
51 271
50 271
50 272
49 272
49 273
48 273
47 273
46 273
45 273
45 274
44 274
44 275
43 275
43 276
42 276
41 276
41 277
40 277
39 277
39 278
39 279
39 280
38 280
37 280
36 280
35 280
25 199
25 198
24 198
24 197
23 197
23 196
22 196
21 196
21 195
20 195
20 196
19 196
18 196
18 197
17 197
16 197
15 197
14 197
13 197
13 196
12 196
12 195
12 194
12 193
12 192
12 191
12 190
13 190
13 189
13 188
13 187
12 187
12 186
12 185
12 184
12 183
12 182
11 182
11 181
10 181
9 181
9 180
8 180
8 179
7 179
7 178
6 178
5 178
5 177
5 176
6 176
6 175
7 175
7 174
8 174
8 173
9 173
9 172
9 171
10 171
10 170
11 170
11 169
12 169
13 169
14 169
15 169
15 170
16 170
16 171
16 172
16 173
16 174
16 175
16 176
17 176
17 177
18 177
19 177
19 178
20 178
21 178
22 178
22 177
23 177
24 177
24 176
25 176
26 176
27 176
28 176
29 176
30 176
30 175
31 175
32 175
32 174
33 174
34 174
35 174
35 175
36 175
37 175
37 176
38 176
39 176
40 176
41 176
42 176
43 176
44 176
45 176
46 176
47 176
47 177
47 178
47 179
47 180
47 181
47 182
46 182
46 183
46 184
46 185
46 186
45 186
44 186
43 186
42 186
41 186
40 186
40 187
40 188
39 188
39 189
39 190
39 191
39 192
39 193
39 194
39 195
39 196
38 196
38 197
38 198
37 198
195 365
195 364
194 365
194 366
194 367
194 368
193 368
193 369
193 370
192 370
192 371
191 371
191 372
190 372
190 373
189 373
188 373
187 373
186 373
185 373
185 374
184 374
184 375
183 375
183 376
183 377
183 378
183 379
183 380
184 380
184 381
184 382
184 383
183 383
183 384
182 384
182 385
181 385
181 386
181 387
181 388
181 389
181 390
181 391
181 392
181 393
181 394
181 395
181 396
181 397
181 398
181 399
180 399
180 400
180 401
179 401
179 402
179 403
178 403
178 404
177 404
177 405
176 405
175 405
175 406
174 406
173 406
172 406
171 406
171 407
170 407
170 408
169 408
168 408
167 408
167 409
166 409
166 410
165 410
165 411
164 411
164 412
163 412
163 413
163 414
163 415
162 415
162 416
161 416
161 417
161 418
160 418
160 417
160 416
160 415
159 415
158 415
157 415
156 415
155 415
154 415
153 415
153 416
152 416
151 416
150 416
150 417
149 417
148 417
148 418
148 419
148 420
148 421
147 421
147 422
147 423
146 423
146 424
146 425
145 425
145 426
144 426
144 427
143 427
142 427
141 427
140 427
139 427
139 428
139 429
138 429
138 430
137 430
137 431
136 431
136 432
136 433
135 433
135 434
134 434
133 434
133 435
133 436
133 437
133 438
133 439
132 439
132 440
132 441
131 441
131 442
130 442
130 443
129 443
128 443
127 443
127 444
126 444
126 445
125 445
125 446
124 446
124 447
124 448
124 449
124 450
124 451
123 451
122 451
122 450
121 450
121 449
120 449
119 449
118 449
118 448
117 448
116 448
115 448
115 449
114 449
114 450
114 451
114 452
114 453
113 453
113 454
112 454
112 455
111 455
111 456
110 456
110 457
110 458
109 458
109 459
108 459
108 460
107 460
106 460
105 460
104 460
103 460
103 459
102 459
102 458
102 457
101 457
101 456
101 455
100 455
100 456
99 456
98 456
97 456
97 457
96 457
96 456
95 456
94 456
94 455
93 455
93 454
93 453
92 453
92 452
92 451
92 450
91 450
91 451
91 452
91 453
90 453
89 453
88 453
87 453
86 453
85 453
85 452
84 452
84 451
83 451
83 450
83 449
83 448
83 447
82 447
81 447
81 448
80 448
80 449
79 449
78 449
78 450
77 450
76 450
75 450
74 450
74 451
73 451
72 451
72 452
71 452
71 453
71 454
70 454
70 455
69 455
69 456
68 456
67 456
66 456
65 456
64 456
63 456
62 456
61 456
60 456
59 456
58 456
57 456
56 456
55 456
54 456
53 456
52 456
52 457
52 458
52 459
52 460
52 461
51 461
51 462
196 364
197 364
198 364
199 364
200 364
201 364
201 363
201 362
202 362
202 361
203 361
203 360
204 360
205 360
206 360
207 360
208 360
209 360
210 360
211 360
212 360
213 360
214 360
214 361
215 361
215 362
215 363
215 364
215 365
215 366
215 367
216 367
216 368
217 368
217 369
218 369
218 370
218 371
392 223
391 223
393 223
394 223
394 222
395 222
395 221
396 221
396 220
396 219
396 218
396 217
396 216
396 215
396 214
396 213
396 212
396 211
396 210
395 210
395 209
396 209
396 208
397 208
398 208
398 207
399 207
400 207
400 206
401 206
402 206
402 205
402 204
402 203
402 202
402 201
402 200
403 200
403 199
403 198
402 198
402 197
402 196
402 195
402 194
402 193
403 193
403 192
404 192
405 192
405 191
406 191
406 190
407 190
407 189
408 189
408 188
409 188
410 188
410 187
411 187
411 186
411 185
412 185
412 184
412 183
412 182
413 182
413 181
414 181
414 180
415 180
415 179
416 179
417 179
417 178
417 177
417 176
417 175
418 175
418 174
419 174
419 173
419 172
419 171
419 170
420 170
420 169
421 169
390 223
389 223
388 223
387 223
386 223
386 224
385 224
384 224
384 223
383 223
382 223
382 222
381 222
381 221
380 221
380 220
379 220
379 219
379 218
379 217
379 216
379 215
379 214
378 214
378 213
377 213
376 213
375 213
375 212
375 211
375 210
375 209
375 208
375 207
375 206
375 205
375 204
374 204
374 203
373 203
372 203
372 202
371 202
371 201
370 201
369 201
368 201
367 201
366 201
366 200
365 200
364 200
363 200
363 199
362 199
361 199
361 198
360 198
359 198
359 197
358 197
357 197
357 196
357 195
357 194
357 193
244 67
244 68
244 66
244 65
244 64
244 63
243 63
243 62
244 62
244 61
245 61
245 60
246 60
247 60
247 59
248 59
248 58
249 58
249 57
249 56
250 56
250 55
250 54
251 54
252 54
252 53
253 53
254 53
254 52
255 52
245 68
245 69
246 69
246 70
246 71
246 72
246 73
246 74
245 74
244 74
243 74
243 75
242 75
242 76
242 77
241 77
241 78
240 78
239 78
239 79
239 80
239 81
239 82
239 83
239 84
239 85
239 86
239 87
239 88
238 88
238 89
237 89
237 90
237 91
237 92
237 93
236 93
236 94
235 94
234 94
233 94
232 94
232 95
231 95
230 95
229 95
228 95
228 96
228 97
227 97
227 98
227 99
226 99
225 99
225 100
226 100
227 100
227 101
228 101
228 102
228 103
228 104
228 105
228 106
229 106
229 107
229 108
229 109
229 110
228 110
228 111
227 111
227 112
227 113
228 113
228 114
229 114
229 115
229 116
229 117
229 118
229 119
228 119
228 120
228 121
227 121
227 122
227 123
226 123
226 124
226 125
225 125
225 126
225 127
225 128
225 129
225 130
225 131
225 132
225 133
225 134
225 135
225 136
225 137
224 137
223 137
223 138
222 138
221 138
220 138
220 139
220 140
219 140
219 141
218 141
218 142
217 142
217 143
217 144
217 145
217 146
217 147
217 148
218 148
218 149
218 150
218 151
218 152
217 152
217 153
216 153
215 153
215 154
214 154
213 154
212 154
211 154
211 155
211 156
211 157
211 158
212 158
212 159
213 159
213 160
214 160
214 161
214 162
215 162
215 163
215 164
216 164
216 165
216 166
216 167
216 168
80 260
80 261
80 259
80 258
79 258
78 258
78 257
77 257
77 256
76 256
76 255
75 255
75 254
74 254
74 253
74 252
74 251
74 250
73 250
73 249
72 249
71 249
70 249
69 249
68 249
67 249
66 249
65 249
64 249
80 262
80 263
81 263
81 264
82 264
82 265
83 265
84 265
84 266
85 266
86 266
87 266
88 266
88 267
89 267
90 267
91 267
92 267
93 267
93 268
94 268
94 269
95 269
95 270
95 271
96 271
96 272
96 273
96 274
97 274
97 275
98 275
98 276
99 276
100 276
100 277
101 277
102 277
103 277
104 277
105 277
106 277
395 196
394 196
396 196
397 196
398 196
399 196
400 196
400 195
401 195
401 194
393 196
392 196
391 196
390 196
390 195
389 195
389 194
388 194
387 194
387 193
386 193
386 192
386 191
386 190
386 189
386 188
386 187
386 186
386 185
386 184
386 183
385 183
385 182
384 182
384 181
383 181
68 107
68 106
68 108
68 109
68 110
68 111
68 112
68 113
68 114
68 115
69 115
69 116
69 117
70 117
70 118
70 119
70 120
70 121
71 121
71 122
72 122
72 123
73 123
73 124
74 124
75 124
76 124
77 124
78 124
79 124
79 123
80 123
81 123
81 122
82 122
82 121
83 121
83 120
83 119
84 119
84 120
85 120
86 120
86 121
87 121
87 122
88 122
88 123
89 123
89 124
89 125
89 126
89 127
89 128
89 129
89 130
89 131
89 132
89 133
89 134
90 134
90 135
91 135
91 136
91 137
90 137
90 138
90 139
90 140
89 140
89 141
88 141
88 142
88 143
87 143
87 144
87 145
86 145
86 146
85 146
85 147
84 147
83 147
83 148
82 148
81 148
81 149
80 149
79 149
78 149
77 149
76 149
75 149
75 150
74 150
73 150
73 151
72 151
72 152
71 152
70 152
69 152
69 153
68 153
68 154
67 154
66 154
65 154
64 154
63 154
62 154
61 154
60 154
60 155
60 156
60 157
60 158
60 159
59 159
59 158
58 158
57 158
56 158
56 159
55 159
55 160
54 160
54 161
54 162
54 163
54 164
54 165
54 166
54 167
54 168
54 169
53 169
53 170
52 170
52 171
51 171
51 172
50 172
49 172
49 173
48 173
48 174
48 175
47 175
67 106
67 105
67 104
66 104
66 103
65 103
65 102
64 102
64 101
64 100
63 100
63 99
63 98
63 97
62 97
62 96
62 95
61 95
61 94
60 94
60 93
59 93
58 93
58 92
57 92
57 91
57 90
57 89
57 88
57 87
57 86
284 235
284 236
284 234
284 233
284 232
284 231
284 230
285 230
285 229
286 229
286 228
287 228
288 228
289 228
290 228
291 228
291 227
292 227
292 226
293 226
293 225
293 224
294 224
294 223
295 223
296 223
297 223
298 223
299 223
300 223
300 222
301 222
302 222
303 222
303 221
304 221
304 220
305 220
305 219
306 219
306 218
307 218
308 218
309 218
310 218
311 218
312 218
313 218
314 218
315 218
316 218
317 218
318 218
318 217
319 217
319 216
319 215
319 214
319 213
319 212
319 211
320 211
320 210
321 210
321 209
322 209
322 208
322 207
322 206
322 205
322 204
322 203
322 202
323 202
323 201
324 201
324 200
324 199
325 199
325 198
325 197
325 196
325 195
325 194
325 193
326 193
326 192
327 192
327 191
327 190
327 189
327 188
327 187
328 187
328 186
328 185
328 184
328 183
328 182
328 181
328 180
328 179
329 179
329 178
330 178
330 177
284 237
284 238
283 238
283 239
282 239
281 239
280 239
279 239
278 239
277 239
276 239
275 239
274 239
273 239
272 239
271 239
270 239
269 239
268 239
268 238
267 238
266 238
266 237
265 237
265 236
265 235
264 235
264 234
297 297
297 298
297 296
297 295
296 295
296 294
296 293
295 293
295 292
294 292
294 291
293 291
293 290
292 290
292 289
291 289
291 288
291 287
291 286
290 286
289 286
288 286
287 286
286 286
286 287
285 287
284 287
283 287
282 287
282 288
281 288
281 287
280 287
279 287
279 286
278 286
277 286
277 285
277 284
276 284
276 283
276 282
276 281
276 280
276 279
276 278
276 277
276 276
276 275
276 274
277 274
277 273
278 273
279 273
279 272
280 272
280 271
280 270
280 269
280 268
280 267
280 266
280 265
280 264
279 264
278 264
277 264
276 264
275 264
275 263
274 263
274 262
274 261
274 260
273 260
273 259
272 259
272 258
271 258
271 257
270 257
270 256
269 256
269 255
269 254
269 253
268 253
268 252
268 251
267 251
266 251
265 251
264 251
263 251
262 251
261 251
260 251
259 251
258 251
258 250
257 250
257 249
257 248
256 248
256 247
256 246
256 245
255 245
255 244
254 244
254 243
253 243
253 242
253 241
252 241
252 240
252 239
251 239
251 238
250 238
298 298
298 299
298 300
298 301
298 302
298 303
298 304
298 305
298 306
298 307
298 308
298 309
297 309
99 220
99 221
98 220
97 220
96 220
95 220
94 220
93 220
93 219
92 219
92 218
91 218
91 217
91 216
91 215
91 214
91 213
91 212
91 211
91 210
91 209
91 208
91 207
92 207
92 206
92 205
92 204
92 203
92 202
92 201
92 200
93 200
93 199
94 199
94 200
95 200
95 199
96 199
96 198
96 197
96 196
96 195
96 194
96 193
96 192
95 192
95 191
94 191
94 190
93 190
93 189
92 189
92 188
91 188
91 187
91 186
91 185
91 184
91 183
91 182
91 181
91 180
91 179
91 178
91 177
90 177
89 177
88 177
88 178
87 178
87 179
86 179
86 180
86 181
86 182
85 182
85 183
84 183
83 183
82 183
81 183
80 183
79 183
78 183
77 183
76 183
76 182
75 182
74 182
74 181
73 181
72 181
72 180
71 180
70 180
69 180
68 180
68 179
67 179
67 178
66 178
66 177
65 177
65 176
64 176
64 175
64 174
64 173
64 172
64 171
64 170
64 169
64 168
63 168
62 168
61 168
61 167
60 167
59 167
59 166
58 166
57 166
56 166
55 166
100 221
101 221
101 222
101 223
101 224
101 225
101 226
101 227
101 228
101 229
101 230
101 231
101 232
101 233
101 234
101 235
101 236
101 237
101 238
100 238
100 239
99 239
99 240
99 241
98 241
98 242
98 243
97 243
97 244
97 245
96 245
96 246
96 247
96 248
95 248
95 249
95 250
95 251
94 251
94 252
94 253
94 254
94 255
94 256
94 257
94 258
94 259
94 260
94 261
94 262
94 263
94 264
94 265
94 266
94 267
394 226
394 225
394 227
394 228
394 229
394 230
394 231
394 232
394 233
394 234
394 235
394 236
394 237
395 237
395 238
395 239
395 240
396 240
397 240
397 239
397 238
397 237
397 236
398 236
399 236
400 236
401 236
402 236
403 236
404 236
405 236
405 237
406 237
407 237
408 237
409 237
410 237
411 237
412 237
412 236
413 236
414 236
414 235
415 235
415 234
416 234
416 233
417 233
417 232
418 232
418 231
418 230
419 230
420 230
421 230
422 230
423 230
424 230
424 231
425 231
425 232
425 233
425 234
425 235
426 235
426 236
426 237
426 238
427 238
428 238
429 238
429 237
430 237
431 237
432 237
432 236
433 236
434 236
435 236
436 236
437 236
438 236
439 236
440 236
441 236
442 236
443 236
443 237
444 237
445 237
445 236
445 235
446 235
446 234
447 234
447 233
448 233
449 233
450 233
451 233
452 233
453 233
453 232
454 232
455 232
455 231
456 231
456 230
457 230
457 229
457 228
457 227
458 227
458 226
458 225
458 224
458 223
458 222
458 221
458 220
458 219
458 218
458 217
458 216
458 215
458 214
459 214
459 213
460 213
461 213
461 212
462 212
462 211
463 211
463 210
463 209
464 209
465 209
466 209
467 209
468 209
468 210
469 210
470 210
471 210
472 210
473 210
474 210
475 210
475 209
475 208
476 208
476 209
477 209
478 209
478 210
479 210
480 210
480 211
481 211
482 211
483 211
484 211
484 212
485 212
486 212
486 211
487 211
487 210
488 210
489 210
489 209
490 209
490 208
491 208
492 208
492 207
492 206
493 206
493 205
494 205
494 204
495 204
495 203
495 202
495 201
495 200
495 199
495 198
495 197
494 197
494 196
494 195
493 195
493 194
493 193
493 192
493 191
492 191
492 190
491 190
490 190
490 189
489 189
394 224
72 35
72 36
72 34
73 34
73 33
74 33
75 33
75 32
76 32
76 33
77 33
78 33
79 33
80 33
81 33
82 33
83 33
84 33
84 34
85 34
86 34
87 34
88 34
89 34
89 35
90 35
91 35
91 36
92 36
92 37
93 37
72 37
71 37
70 37
69 37
68 37
67 37
66 37
65 37
64 37
63 37
62 37
61 37
60 37
59 37
59 36
58 36
57 36
56 36
55 36
55 37
54 37
53 37
52 37
52 38
51 38
51 39
50 39
50 40
50 41
267 87
266 87
268 87
269 87
270 87
271 87
272 87
272 88
273 88
273 89
273 90
274 90
275 90
275 91
276 91
276 92
277 92
278 92
278 93
279 93
280 93
281 93
281 94
281 95
282 95
282 96
283 96
283 97
283 98
284 98
284 99
285 99
285 100
286 100
287 100
288 100
289 100
290 100
290 101
290 102
290 103
290 104
290 105
265 87
264 87
263 87
262 87
262 86
262 85
262 84
262 83
261 83
260 83
259 83
258 83
257 83
257 82
257 81
257 80
257 79
257 78
257 77
257 76
256 76
256 75
255 75
255 74
254 74
254 73
254 72
254 71
254 70
254 69
253 69
252 69
252 70
251 70
250 70
250 71
249 71
248 71
248 72
248 73
247 73
247 74
201 309
202 309
200 309
200 308
199 308
199 307
198 307
198 306
197 306
197 305
196 305
195 305
194 305
194 304
193 304
192 304
191 304
190 304
189 304
189 303
188 303
188 302
187 302
186 302
185 302
184 302
183 302
182 302
181 302
181 301
180 301
180 300
180 299
180 298
180 297
180 296
181 296
181 295
182 295
182 294
183 294
183 293
184 293
184 292
184 291
185 291
185 290
185 289
185 288
185 287
185 286
185 285
185 284
185 283
186 283
186 282
186 281
186 280
185 280
185 279
185 278
185 277
185 276
184 276
184 275
184 274
183 274
183 273
182 273
181 273
181 272
180 272
180 271
179 271
179 270
178 270
177 270
176 270
176 269
175 269
174 269
174 268
173 268
173 267
173 266
173 265
173 264
173 263
173 262
173 261
173 260
172 260
172 259
171 259
171 258
203 309
203 308
204 308
204 307
204 306
205 306
205 305
206 305
207 305
207 306
208 306
208 307
208 308
209 308
209 309
209 310
210 310
210 311
211 311
212 311
212 312
213 312
213 313
213 314
213 315
213 316
213 317
213 318
213 319
213 320
213 321
213 322
212 322
212 323
212 324
212 325
212 326
212 327
211 327
211 328
212 328
213 328
214 328
215 328
216 328
217 328
218 328
218 329
219 329
220 329
220 330
219 330
219 331
219 332
219 333
219 334
219 335
219 336
219 337
220 337
220 338
220 339
221 339
221 340
221 341
221 342
220 342
219 342
218 342
217 342
216 342
216 343
215 343
215 344
214 344
213 344
213 345
212 345
211 345
211 346
210 346
210 347
210 348
209 348
209 349
209 350
209 351
209 352
209 353
209 354
208 354
208 355
207 355
207 356
206 356
206 357
205 357
205 358
204 358
204 359
121 95
120 95
122 95
122 96
123 96
124 96
125 96
126 96
126 95
127 95
128 95
128 94
129 94
129 93
130 93
130 92
131 92
132 92
133 92
134 92
135 92
136 92
137 92
138 92
139 92
139 93
140 93
140 94
140 95
140 96
141 96
141 97
142 97
142 98
143 98
143 99
144 99
145 99
145 100
145 101
145 102
145 103
145 104
146 104
146 105
147 105
148 105
149 105
150 105
151 105
152 105
153 105
154 105
155 105
155 104
156 104
157 104
157 103
158 103
159 103
160 103
161 103
162 103
163 103
164 103
165 103
166 103
167 103
168 103
169 103
169 102
169 101
170 101
170 100
171 100
172 100
172 99
173 99
174 99
175 99
176 99
177 99
178 99
179 99
180 99
181 99
182 99
183 99
184 99
185 99
186 99
119 95
119 94
118 94
118 93
118 92
118 91
117 91
117 90
117 89
116 89
116 88
116 87
116 86
115 86
115 85
115 84
115 83
114 83
114 82
113 82
113 81
113 80
112 80
111 80
111 79
110 79
109 79
108 79
107 79
107 78
106 78
105 78
104 78
103 78
102 78
101 78
100 78
100 79
99 79
98 79
98 80
97 80
97 81
96 81
96 80
95 80
94 80
94 79
93 79
92 79
92 78
91 78
90 78
90 77
89 77
89 76
88 76
87 76
86 76
85 76
84 76
83 76
82 76
81 76
80 76
80 75
79 75
79 74
78 74
78 73
159 27
158 27
160 27
160 26
161 26
162 26
163 26
163 25
164 25
165 25
166 25
167 25
168 25
169 25
170 25
171 25
172 25
173 25
173 24
174 24
174 23
175 23
176 23
177 23
178 23
179 23
180 23
180 24
180 25
181 25
181 26
181 27
182 27
182 28
182 29
182 30
182 31
182 32
182 33
182 34
182 35
182 36
182 37
182 38
183 38
183 39
184 39
184 40
185 40
185 41
186 41
187 41
188 41
189 41
157 27
156 27
155 27
154 27
153 27
152 27
151 27
151 26
150 26
150 25
149 25
149 24
148 24
148 23
148 22
148 21
147 21
147 22
147 23
147 24
147 25
146 25
146 26
145 26
144 26
143 26
142 26
141 26
141 27
140 27
140 26
139 26
138 26
138 25
137 25
136 25
135 25
134 25
133 25
132 25
132 26
131 26
131 27
130 27
129 27
129 28
128 28
128 29
129 29
129 30
129 31
129 32
129 33
129 34
128 34
128 35
127 35
126 35
126 36
125 36
125 37
125 38
124 38
124 39
123 39
122 39
122 40
121 40
120 40
120 41
119 41
119 42
119 43
119 44
119 45
119 46
119 47
119 48
119 49
119 50
119 51
119 52
118 52
118 53
118 54
117 54
117 55
117 56
117 57
117 58
117 59
117 60
117 61
116 61
116 62
116 63
116 64
116 65
116 66
117 66
117 67
117 68
118 68
118 69
119 69
119 70
119 71
119 72
119 73
119 74
118 74
117 74
117 75
116 75
115 75
115 76
114 76
113 76
112 76
112 77
111 77
110 77
109 77
108 77
108 78
470 270
470 271
470 269
470 268
470 267
471 267
471 266
471 265
471 264
471 263
471 262
471 261
471 260
471 259
472 259
472 258
471 258
471 257
471 256
471 255
470 255
470 254
469 254
468 254
467 254
466 254
465 254
464 254
463 254
462 254
461 254
460 254
459 254
459 253
459 252
458 252
458 251
457 251
457 250
456 250
456 249
456 248
455 248
454 248
453 248
452 248
452 247
453 247
453 246
454 246
454 245
454 244
454 243
454 242
454 241
454 240
454 239
454 238
454 237
454 236
454 235
454 234
454 233
470 272
470 273
470 274
470 275
471 275
471 276
472 276
472 277
472 278
473 278
473 279
473 280
473 281
473 282
472 282
472 283
471 283
471 284
470 284
470 285
470 286
470 287
470 288
470 289
470 290
470 291
470 292
470 293
470 294
470 295
469 295
469 296
469 297
469 298
469 299
469 300
469 301
469 302
469 303
469 304
470 304
470 305
470 306
470 307
470 308
470 309
471 309
472 309
473 309
474 309
475 309
476 309
477 309
478 309
479 309
479 310
480 310
480 311
480 312
480 313
480 314
481 314
481 315
482 315
483 315
484 315
485 315
486 315
487 315
488 315
488 314
488 313
489 313
490 313
491 313
492 313
493 313
494 313
494 314
495 314
496 314
496 315
497 315
498 315
498 316
499 316
499 317
499 318
498 318
498 319
498 320
498 321
498 322
498 323
498 324
498 325
498 326
498 327
498 328
498 329
498 330
498 331
498 332
498 333
499 333
499 334
500 334
501 334
501 335
502 335
502 336
503 336
504 336
504 337
505 337
505 338
505 339
506 339
506 340
506 341
506 342
507 342
507 343
508 343
508 344
508 345
509 345
509 346
510 346
510 347
511 347
511 348
511 349
510 349
510 350
510 351
510 352
510 353
510 354
509 354
509 355
509 356
508 356
507 356
506 356
505 356
504 356
361 253
361 252
360 253
360 254
360 255
360 256
360 257
360 258
360 259
361 259
361 260
361 261
362 261
362 262
363 262
363 263
363 264
363 265
363 266
363 267
363 268
363 269
363 270
362 270
362 271
362 272
362 273
362 274
362 275
362 276
362 277
362 278
362 279
362 280
362 281
362 282
363 282
363 283
364 283
365 283
366 283
367 283
368 283
369 283
369 284
370 284
370 285
370 286
370 287
370 288
370 289
370 290
370 291
370 292
370 293
370 294
370 295
370 296
370 297
370 298
370 299
370 300
369 300
369 301
368 301
367 301
367 302
366 302
365 302
364 302
363 302
362 302
361 302
361 303
361 304
361 305
361 306
361 307
362 307
362 308
361 308
361 309
361 310
361 311
361 312
361 313
361 314
361 315
361 316
361 317
361 318
361 319
361 320
361 321
361 322
361 323
361 324
361 325
361 326
361 327
362 327
363 327
363 328
364 328
364 329
364 330
364 331
364 332
364 333
365 333
365 334
366 334
366 335
366 336
366 337
366 338
366 339
366 340
366 341
366 342
366 343
366 344
367 344
368 344
369 344
370 344
371 344
371 345
371 346
371 347
371 348
371 349
371 350
370 350
369 350
369 351
368 351
367 351
367 352
367 353
367 354
367 355
367 356
367 357
367 358
367 359
366 359
366 360
366 361
367 361
367 362
368 362
369 362
370 362
371 362
372 362
373 362
374 362
375 362
375 361
376 361
376 360
376 359
376 358
376 357
376 356
377 356
378 356
379 356
379 355
379 354
379 353
379 352
379 351
379 350
379 349
378 349
378 348
379 348
379 347
379 346
380 346
380 345
381 345
382 345
382 344
383 344
384 344
384 343
385 343
385 342
386 342
386 341
387 341
388 341
388 340
389 340
390 340
391 340
391 339
392 339
392 338
393 338
394 338
394 339
395 339
396 339
397 339
398 339
399 339
400 339
401 339
401 340
402 340
402 339
402 338
402 337
402 336
402 335
402 334
402 333
403 333
403 334
404 334
405 334
406 334
407 334
408 334
408 335
409 335
409 336
410 336
361 251
361 250
361 249
361 248
362 248
362 249
363 249
364 249
365 249
366 249
366 250
367 250
368 250
369 250
370 250
371 250
372 250
372 249
372 248
373 248
373 247
374 247
374 246
374 245
374 244
375 244
375 243
375 242
376 242
376 241
376 240
377 240
377 239
377 238
377 237
377 236
377 235
377 234
377 233
377 232
377 231
377 230
377 229
377 228
377 227
377 226
377 225
377 224
377 223
377 222
377 221
377 220
377 219
378 219
92 29
92 30
92 28
92 27
92 26
92 25
93 25
93 24
94 24
94 23
95 23
95 22
95 21
95 20
95 19
95 18
96 18
96 17
96 16
97 16
97 15
92 31
92 32
92 33
92 34
92 35
6 400
6 399
6 401
6 402
6 403
6 404
6 405
7 405
7 406
8 406
9 406
9 407
10 407
10 408
10 409
10 410
10 411
11 411
11 412
12 412
12 413
12 414
12 415
12 416
12 417
13 417
13 418
13 419
13 420
13 421
13 422
14 422
15 422
15 423
16 423
17 423
18 423
19 423
20 423
21 423
22 423
22 424
23 424
23 425
23 426
24 426
25 426
26 426
27 426
28 426
28 427
29 427
30 427
30 428
31 428
32 428
32 429
33 429
34 429
35 429
35 428
36 428
36 429
37 429
38 429
39 429
39 430
40 430
40 431
40 432
40 433
40 434
40 435
40 436
40 437
40 438
40 439
41 439
41 440
42 440
42 441
43 441
43 442
44 442
44 443
44 444
44 445
44 446
44 447
44 448
44 449
44 450
44 451
44 452
44 453
45 453
46 453
47 453
47 454
48 454
48 455
49 455
49 456
50 456
50 457
50 458
50 459
50 460
51 460
6 398
6 397
6 396
7 396
7 395
7 394
8 394
8 393
9 393
9 392
9 391
10 391
10 390
10 389
10 388
10 387
10 386
10 385
10 384
10 383
10 382
10 381
10 380
10 379
10 378
10 377
10 376
10 375
10 374
10 373
10 372
10 371
10 370
9 370
9 369
8 369
7 369
7 368
8 368
9 368
9 367
10 367
11 367
11 366
12 366
12 365
13 365
13 364
13 363
14 363
14 362
14 361
15 361
15 360
16 360
16 359
17 359
17 358
18 358
19 358
19 357
20 357
21 357
21 356
22 356
23 356
24 356
25 356
26 356
26 355
27 355
27 354
26 354
25 354
25 353
25 352
25 351
25 350
25 349
24 349
24 348
24 347
23 347
23 346
22 346
21 346
20 346
20 345
19 345
19 344
19 343
19 342
19 341
19 340
18 340
18 339
17 339
17 338
16 338
16 337
15 337
15 336
15 335
15 334
15 333
15 332
15 331
15 330
14 330
13 330
12 330
11 330
11 329
10 329
10 328
10 327
9 327
9 326
9 325
8 325
7 325
7 324
6 324
6 323
6 322
6 321
7 321
7 320
7 319
8 319
8 318
8 317
8 316
8 315
8 314
8 313
8 312
8 311
9 311
9 310
10 310
11 310
12 310
13 310
13 309
13 308
13 307
14 307
14 306
15 306
15 305
16 305
16 304
17 304
18 304
18 303
19 303
19 302
