387 217
386 217
388 217
389 217
390 217
391 217
392 217
393 217
394 217
395 217
395 216
395 215
395 214
395 213
395 212
395 211
396 211
396 210
397 210
397 209
398 209
385 217
384 217
383 217
382 217
381 217
380 217
379 217
379 218
378 218
377 218
376 218
376 219
376 220
376 221
376 222
376 223
376 224
376 225
375 225
375 226
374 226
200 13
200 14
200 12
200 11
200 10
200 9
200 8
200 7
200 6
199 6
199 5
198 5
200 15
200 16
201 16
201 17
202 17
202 18
203 18
203 19
334 242
334 243
334 241
334 240
334 239
334 238
335 238
335 237
336 237
337 237
337 236
338 236
339 236
340 236
340 237
341 237
341 238
342 238
343 238
344 238
344 239
345 239
345 240
345 241
345 242
346 242
346 243
334 244
334 245
334 246
335 246
335 247
336 247
336 248
159 179
158 179
160 179
161 179
162 179
162 178
163 178
164 178
165 178
166 178
166 177
167 177
167 176
167 175
167 174
167 173
167 172
167 171
167 170
168 170
168 169
169 169
157 179
156 179
155 179
154 179
153 179
152 179
152 178
151 178
151 179
150 179
150 180
149 180
149 181
149 182
149 183
149 184
149 185
149 186
148 186
147 186
147 187
146 187
146 188
145 188
145 189
145 190
145 191
145 192
145 193
144 193
143 193
142 193
141 193
140 193
139 193
138 193
137 193
137 192
136 192
135 192
134 192
134 193
133 193
132 193
132 194
131 194
130 194
129 194
128 194
128 195
127 195
127 196
126 196
126 197
125 197
124 197
124 196
123 196
122 196
122 195
121 195
120 195
119 195
118 195
117 195
116 195
115 195
114 195
114 196
114 197
114 198
113 198
112 198
111 198
110 198
109 198
108 198
107 198
107 197
106 197
105 197
105 196
104 196
104 195
103 195
103 196
103 197
103 198
103 199
103 200
103 201
102 201
102 202
101 202
100 202
100 201
99 201
98 201
97 201
97 200
96 200
96 199
96 198
96 197
96 196
95 196
95 195
94 195
94 194
93 194
93 193
93 192
93 191
93 190
93 189
92 189
91 189
90 189
89 189
88 189
87 189
87 188
87 187
87 186
87 185
86 185
86 184
86 183
85 183
85 182
84 182
84 181
84 180
84 179
84 178
84 177
84 176
84 175
83 175
83 174
82 174
81 174
81 173
80 173
79 173
79 172
79 171
79 170
79 169
79 168
79 167
78 167
78 166
77 166
76 166
75 166
74 166
73 166
72 166
71 166
70 166
70 165
70 164
69 164
69 163
68 163
68 162
67 162
66 162
65 162
64 162
63 162
62 162
62 163
61 163
61 164
60 164
60 165
60 166
59 166
59 167
59 168
59 169
59 170
58 170
57 170
56 170
55 170
54 170
53 170
53 171
53 172
52 172
52 173
51 173
50 173
49 173
48 173
47 173
46 173
45 173
44 173
43 173
43 174
42 174
42 175
42 176
41 176
41 177
40 177
40 178
40 179
39 179
39 180
38 180
37 180
36 180
36 181
35 181
35 182
34 182
33 182
33 183
32 183
31 183
31 184
30 184
30 185
29 185
29 184
29 183
29 182
28 182
27 182
26 182
25 182
24 182
23 182
22 182
21 182
20 182
20 183
19 183
19 184
19 185
18 185
17 185
16 185
15 185
15 184
14 184
14 183
14 182
14 181
14 180
14 179
14 178
13 178
13 177
12 177
11 177
11 176
10 176
9 176
9 175
8 175
7 175
7 174
6 174
5 174
5 173
4 173
4 172
3 172
2 172
2 171
2 170
2 169
1 169
1 168
0 168
0 167
109 164
110 164
108 164
108 163
107 163
106 163
105 163
105 164
104 164
103 164
102 164
101 164
100 164
99 164
99 165
98 165
97 165
96 165
95 165
94 165
93 165
92 165
92 164
91 164
91 165
91 166
91 167
91 168
91 169
91 170
91 171
90 171
90 172
90 173
89 173
89 172
88 172
87 172
86 172
85 172
84 172
83 172
82 172
81 172
111 164
112 164
113 164
113 163
114 163
114 162
115 162
115 161
116 161
116 160
117 160
117 159
118 159
119 159
120 159
121 159
121 158
122 158
123 158
123 157
124 157
124 156
125 156
125 155
126 155
126 156
127 156
127 157
127 158
127 159
127 160
127 161
128 161
128 162
129 162
129 163
130 163
130 164
131 164
131 165
132 165
132 166
132 167
133 167
133 168
133 169
134 169
134 170
135 170
136 170
137 170
137 171
138 171
139 171
140 171
141 171
141 172
142 172
142 173
142 174
142 175
142 176
142 177
142 178
142 179
143 179
144 179
145 179
146 179
147 179
148 179
149 179
223 21
223 20
224 21
224 22
225 22
226 22
227 22
228 22
228 23
227 23
226 23
225 23
225 24
224 24
224 25
224 26
223 26
223 27
223 28
223 29
224 29
224 30
224 31
225 31
225 32
226 32
226 33
227 33
228 33
229 33
229 32
230 32
231 32
231 31
231 30
232 30
222 20
221 20
221 19
220 19
219 19
219 18
218 18
218 17
217 17
217 16
216 16
216 15
423 202
422 202
423 201
424 201
425 201
425 200
426 200
426 199
426 198
426 197
426 196
426 195
426 194
426 193
426 192
426 191
427 191
427 190
421 202
420 202
419 202
418 202
417 202
416 202
415 202
415 203
415 204
414 204
414 205
413 205
413 206
412 206
412 207
411 207
411 208
410 208
410 209
409 209
409 210
408 210
407 210
406 210
405 210
404 210
403 210
402 210
401 210
400 210
400 209
399 209
214 3
213 3
215 3
216 3
217 3
218 3
219 3
220 3
221 3
221 2
222 2
222 1
222 0
223 0
223 1
223 2
224 2
224 3
225 3
225 4
226 4
226 5
227 5
228 5
228 6
229 6
229 7
229 8
229 9
229 10
229 11
229 12
229 13
229 14
229 15
229 16
229 17
229 18
229 19
229 20
230 20
230 21
230 22
229 22
212 3
211 3
210 3
209 3
208 3
207 3
207 4
206 4
206 5
205 5
205 6
204 6
203 6
202 6
201 6
233 54
234 54
232 54
231 54
230 54
230 53
229 53
229 52
229 51
228 51
228 50
227 50
226 50
226 49
226 48
226 47
226 46
226 45
226 44
226 43
226 42
226 41
227 41
227 40
227 39
228 39
228 38
228 37
228 36
228 35
228 34
235 54
236 54
237 54
237 55
237 56
237 57
237 58
237 59
237 60
237 61
237 62
237 63
237 64
237 65
238 65
239 65
240 65
241 65
241 66
241 67
240 67
240 68
239 68
239 69
239 70
238 70
237 70
236 70
235 70
235 71
235 72
235 73
235 74
235 75
235 76
234 76
234 77
233 77
233 78
232 78
232 79
232 80
232 81
232 82
232 83
231 83
231 84
231 85
232 85
232 86
233 86
233 87
234 87
235 87
235 88
236 88
237 88
237 89
236 89
235 89
234 89
233 89
233 90
233 91
233 92
233 93
232 93
232 94
231 94
231 95
230 95
230 96
230 97
229 97
229 98
229 99
228 99
227 99
226 99
225 99
224 99
223 99
223 100
222 100
222 101
221 101
221 102
220 102
220 103
220 104
219 104
219 105
218 105
218 106
217 106
216 106
215 106
214 106
213 106
213 107
212 107
212 108
211 108
211 109
211 110
211 111
211 112
211 113
210 113
210 114
209 114
209 115
209 116
208 116
208 117
207 117
207 118
206 118
205 118
204 118
203 118
203 119
202 119
201 119
201 120
200 120
200 121
199 121
199 122
199 123
198 123
198 124
197 124
196 124
196 123
196 122
196 121
195 121
195 120
195 119
194 119
194 118
193 118
193 117
193 116
192 116
191 116
190 116
190 115
189 115
188 115
188 114
187 114
186 114
185 114
185 113
184 113
184 112
183 112
183 111
182 111
182 110
181 110
181 109
181 108
180 108
180 107
179 107
179 108
178 108
177 108
176 108
175 108
175 109
174 109
174 110
173 110
173 111
173 112
173 113
172 113
172 114
172 115
172 116
172 117
172 118
173 118
173 119
174 119
174 120
175 120
175 121
175 122
175 123
175 124
175 125
175 126
174 126
173 126
172 126
171 126
171 127
170 127
170 128
169 128
169 129
168 129
167 129
166 129
165 129
165 130
164 130
164 131
164 132
164 133
164 134
165 134
165 135
164 135
164 136
163 136
163 137
162 137
161 137
161 138
160 138
160 139
159 139
158 139
157 139
156 139
156 138
155 138
155 137
154 137
154 136
153 136
152 136
151 136
150 136
149 136
148 136
147 136
146 136
145 136
145 135
145 134
144 134
144 133
144 132
143 132
143 133
143 134
142 134
141 134
140 134
139 134
139 135
138 135
138 136
137 136
137 137
137 138
137 139
137 140
137 141
137 142
136 142
136 143
135 143
135 144
134 144
134 143
133 143
132 143
132 142
131 142
130 142
129 142
128 142
127 142
126 142
125 142
125 143
124 143
124 144
123 144
122 144
121 144
120 144
119 144
118 144
118 143
117 143
116 143
115 143
114 143
114 144
113 144
113 145
112 145
112 146
112 147
112 148
113 148
113 149
113 150
114 150
114 151
115 151
116 151
116 152
117 152
118 152
119 152
120 152
121 152
122 152
123 152
123 153
124 153
124 154
125 154
71 67
71 68
70 67
69 67
69 66
69 65
69 64
68 64
68 63
67 63
67 62
66 62
66 61
65 61
65 60
64 60
64 59
64 58
64 57
63 57
63 56
62 56
62 55
72 68
73 68
73 69
74 69
74 70
74 71
75 71
75 72
24 99
24 100
23 99
22 99
22 98
21 98
20 98
20 97
19 97
25 100
25 101
26 101
26 102
26 103
26 104
26 105
26 106
27 106
27 107
27 108
28 108
29 108
29 109
263 24
264 24
263 23
263 22
262 22
262 21
261 21
260 21
259 21
258 21
257 21
256 21
256 20
257 20
258 20
258 19
259 19
259 18
259 17
259 16
259 15
260 15
260 14
261 14
264 25
265 25
265 26
266 26
266 27
266 28
267 28
267 29
267 30
268 30
268 31
268 32
268 33
268 34
268 35
268 36
268 37
269 37
269 38
270 38
271 38
271 39
270 39
269 39
269 40
268 40
268 41
268 42
268 43
268 44
268 45
268 46
268 47
268 48
268 49
268 50
268 51
268 52
268 53
268 54
268 55
269 55
269 56
270 56
270 57
271 57
271 58
272 58
272 59
272 60
272 61
272 62
272 63
272 64
271 64
271 65
270 65
270 66
269 66
268 66
267 66
266 66
265 66
264 66
263 66
262 66
262 67
261 67
260 67
259 67
258 67
257 67
256 67
255 67
255 68
254 68
254 69
253 69
252 69
252 70
251 70
251 71
251 72
250 72
250 73
250 74
250 75
250 76
249 76
248 76
247 76
246 76
245 76
244 76
244 77
243 77
242 77
242 76
242 75
242 74
242 73
242 72
242 71
242 70
242 69
242 68
242 67
242 66
109 76
109 77
109 75
109 74
109 73
109 72
110 72
109 78
109 79
108 79
107 79
106 79
106 80
105 80
104 80
104 81
116 81
116 82
116 80
116 79
116 78
116 77
115 77
115 76
114 76
114 75
113 75
113 74
112 74
111 74
111 73
110 73
116 83
116 84
116 85
116 86
117 86
117 87
118 87
118 88
119 88
119 89
120 89
120 90
120 91
120 92
120 93
120 94
121 94
121 95
122 95
123 95
124 95
125 95
126 95
127 95
127 96
128 96
129 96
130 96
131 96
131 97
131 98
130 98
130 99
129 99
129 100
129 101
128 101
128 102
127 102
126 102
126 103
125 103
124 103
123 103
123 104
122 104
122 105
121 105
120 105
120 106
119 106
119 107
118 107
117 107
117 108
116 108
116 109
115 109
115 110
115 111
114 111
114 112
114 113
113 113
113 114
113 115
112 115
112 116
113 116
113 117
114 117
114 118
115 118
115 119
116 119
116 120
117 120
117 121
117 122
118 122
118 123
118 124
118 125
118 126
118 127
118 128
117 128
117 129
117 130
117 131
117 132
117 133
117 134
116 134
116 135
115 135
115 136
115 137
115 138
115 139
114 139
114 140
114 141
114 142
91 89
91 88
91 90
91 91
91 92
91 93
92 93
92 94
93 94
93 95
94 95
94 96
95 96
96 96
96 97
97 97
97 98
98 98
99 98
99 99
100 99
101 99
101 100
102 100
102 101
103 101
103 102
103 103
103 104
103 105
103 106
103 107
103 108
102 108
102 109
101 109
101 110
100 110
100 111
99 111
99 112
98 112
98 113
97 113
96 113
95 113
94 113
94 112
93 112
93 111
93 110
92 110
92 109
91 109
91 108
91 107
91 106
90 106
90 107
89 107
89 108
89 109
88 109
87 109
86 109
85 109
85 110
85 111
84 111
84 110
83 110
83 109
82 109
81 109
80 109
79 109
78 109
77 109
76 109
75 109
74 109
74 110
73 110
73 111
72 111
71 111
71 112
70 112
69 112
69 113
68 113
67 113
67 114
67 115
67 116
67 117
67 118
67 119
66 119
66 120
66 121
66 122
66 123
66 124
66 125
66 126
65 126
65 127
65 128
64 128
63 128
63 129
63 130
63 131
63 132
63 133
63 134
63 135
64 135
64 136
64 137
65 137
65 138
65 139
66 139
66 140
67 140
67 141
68 141
68 142
68 143
68 144
68 145
68 146
69 146
69 147
70 147
70 148
71 148
71 149
72 149
72 150
71 150
71 151
71 152
71 153
71 154
70 154
69 154
68 154
68 155
67 155
66 155
66 156
66 157
65 157
65 158
65 159
65 160
64 160
63 160
63 161
91 87
90 87
90 86
89 86
89 85
88 85
88 84
87 84
87 83
86 83
85 83
84 83
83 83
82 83
82 82
82 81
81 81
81 80
80 80
80 79
79 79
78 79
78 78
77 78
77 77
77 76
77 75
77 74
77 73
76 73
76 72
353 230
354 230
352 230
351 230
350 230
349 230
348 230
348 231
348 232
348 233
348 234
347 234
347 235
347 236
347 237
347 238
347 239
347 240
347 241
347 242
355 230
356 230
357 230
358 230
359 230
360 230
361 230
362 230
363 230
364 230
365 230
366 230
366 229
367 229
368 229
369 229
369 228
370 228
371 228
372 228
373 228
373 227
374 227
6 107
6 108
7 107
7 106
8 106
8 105
9 105
9 104
9 103
10 103
10 102
11 102
11 101
12 101
12 100
13 100
14 100
15 100
15 99
16 99
17 99
17 98
18 98
18 97
6 109
6 110
6 111
6 112
7 112
7 113
8 113
9 113
9 112
10 112
11 112
12 112
13 112
13 113
14 113
14 114
14 115
14 116
14 117
15 117
15 118
16 118
17 118
17 119
18 119
18 120
19 120
19 121
19 122
19 123
19 124
19 125
19 126
19 127
19 128
19 129
18 129
18 130
18 131
17 131
17 132
16 132
16 133
17 133
17 134
18 134
18 135
18 136
19 136
19 137
19 138
19 139
19 140
19 141
19 142
19 143
18 143
18 144
17 144
17 145
17 146
16 146
16 147
15 147
14 147
13 147
12 147
11 147
11 148
11 149
11 150
11 151
11 152
11 153
11 154
12 154
12 155
12 156
12 157
12 158
13 158
13 159
13 160
14 160
14 161
15 161
15 162
16 162
16 163
16 164
17 164
17 165
18 165
18 166
18 167
18 168
18 169
17 169
17 170
16 170
16 171
16 172
15 172
15 173
15 174
14 174
14 175
14 176
14 177
37 98
37 97
37 99
38 99
38 100
38 101
39 101
39 102
39 103
40 103
40 104
41 104
42 104
42 105
43 105
43 106
44 106
44 107
45 107
45 108
46 108
46 109
47 109
48 109
49 109
49 108
50 108
51 108
52 108
53 108
53 107
53 106
53 105
53 104
53 103
54 103
55 103
56 103
57 103
58 103
58 102
59 102
59 101
60 101
60 100
61 100
62 100
63 100
63 101
64 101
64 102
65 102
66 102
66 103
67 103
68 103
68 104
69 104
70 104
70 105
71 105
71 106
71 107
71 108
71 109
72 109
72 110
36 97
36 96
35 96
35 95
35 94
35 93
35 92
35 91
35 90
34 90
183 35
183 34
184 35
184 36
184 37
185 37
185 38
186 38
186 39
186 40
185 40
184 40
184 41
183 41
182 41
182 42
182 43
182 44
182 45
182 46
182 47
182 48
182 49
183 49
183 50
183 51
183 52
183 53
184 53
185 53
186 53
187 53
188 53
189 53
190 53
191 53
192 53
193 53
194 53
195 53
195 54
195 55
195 56
195 57
195 58
195 59
195 60
195 61
195 62
195 63
194 63
194 64
193 64
193 65
193 66
193 67
193 68
193 69
193 70
193 71
193 72
193 73
192 73
192 74
192 75
192 76
192 77
192 78
192 79
192 80
191 80
191 81
190 81
190 82
189 82
189 83
188 83
188 84
187 84
187 85
186 85
186 86
185 86
185 87
184 87
184 88
184 89
184 90
183 90
183 91
183 92
183 93
183 94
184 94
184 95
183 95
183 96
183 97
182 97
182 98
182 99
182 100
181 100
181 101
180 101
180 102
180 103
179 103
179 104
179 105
179 106
183 33
183 32
182 32
182 31
181 31
180 31
179 31
179 30
178 30
178 29
109 59
108 59
110 59
111 59
112 59
113 59
114 59
115 59
115 58
107 59
106 59
106 60
106 61
105 61
105 62
104 62
104 63
103 63
102 63
102 64
103 64
104 64
105 64
106 64
106 65
107 65
107 66
108 66
108 67
108 68
108 69
108 70
109 70
109 71
110 71
304 291
304 290
303 291
302 291
301 291
300 291
299 291
298 291
297 291
296 291
295 291
295 292
294 292
294 293
293 293
292 293
292 294
291 294
305 290
305 289
305 288
306 288
306 287
307 287
307 286
308 286
309 286
309 285
310 285
311 285
311 284
312 284
312 283
313 283
313 282
314 282
314 281
315 281
316 281
317 281
318 281
319 281
320 281
321 281
321 280
322 280
323 280
323 279
324 279
325 279
325 278
324 278
323 278
323 277
323 276
323 275
323 274
323 273
323 272
323 271
323 270
324 270
324 269
325 269
325 268
325 267
325 266
325 265
325 264
325 263
325 262
326 262
326 261
327 261
327 260
328 260
328 259
329 259
330 259
330 258
331 258
331 257
332 257
332 256
332 255
333 255
333 254
334 254
334 253
334 252
335 252
335 251
335 250
335 249
336 249
19 66
20 66
19 65
18 65
17 65
16 65
15 65
14 65
14 64
13 64
13 63
12 63
12 62
12 61
12 60
11 60
11 59
10 59
9 59
9 58
8 58
7 58
6 58
5 58
4 58
4 57
3 57
3 56
2 56
2 55
20 67
21 67
21 68
21 69
21 70
21 71
21 72
21 73
22 73
22 74
22 75
22 76
23 76
23 77
24 77
24 78
25 78
26 78
26 79
27 79
28 79
28 80
29 80
30 80
30 81
31 81
31 82
32 82
32 83
33 83
33 84
33 85
33 86
33 87
33 88
33 89
34 89
150 43
151 43
150 42
150 41
150 40
150 39
150 38
150 37
150 36
151 36
151 35
152 35
152 34
152 33
152 32
152 31
152 30
152 29
152 28
152 27
151 27
151 26
151 25
151 24
151 23
150 23
150 22
150 21
149 21
149 20
149 19
149 18
149 17
148 17
147 17
146 17
145 17
144 17
144 16
143 16
143 15
142 15
142 14
141 14
141 13
140 13
140 12
140 11
140 10
140 9
140 8
139 8
139 7
139 6
138 6
151 44
152 44
152 45
153 45
153 46
154 46
154 47
155 47
156 47
157 47
158 47
159 47
160 47
160 48
159 48
159 49
159 50
159 51
158 51
158 52
157 52
156 52
156 53
156 54
157 54
158 54
158 55
159 55
159 56
159 57
160 57
160 58
161 58
161 59
161 60
160 60
160 61
159 61
158 61
157 61
156 61
156 62
155 62
154 62
154 63
155 63
156 63
156 64
157 64
158 64
159 64
160 64
160 65
160 66
160 67
160 68
161 68
161 69
161 70
162 70
162 71
162 72
162 73
162 74
162 75
162 76
162 77
161 77
161 78
161 79
162 79
163 79
163 80
164 80
164 81
165 81
165 82
165 83
165 84
165 85
164 85
163 85
163 86
162 86
161 86
161 85
160 85
159 85
158 85
157 85
156 85
155 85
154 85
153 85
153 86
154 86
154 87
155 87
155 88
155 89
155 90
155 91
156 91
156 92
157 92
158 92
158 93
158 94
159 94
159 95
160 95
160 96
161 96
161 97
162 97
163 97
164 97
165 97
166 97
167 97
168 97
169 97
170 97
171 97
172 97
172 98
173 98
174 98
175 98
176 98
177 98
178 98
179 98
179 99
179 100
179 101
87 58
86 58
87 57
88 57
88 56
88 55
88 54
89 54
89 53
89 52
90 52
90 51
91 51
92 51
93 51
93 50
94 50
94 49
95 49
85 58
84 58
84 59
83 59
83 60
83 61
83 62
82 62
82 63
82 64
81 64
81 65
80 65
80 66
79 66
78 66
78 67
78 68
78 69
77 69
77 70
77 71
76 71
455 156
454 156
456 156
457 156
458 156
459 156
460 156
460 157
460 158
461 158
461 159
462 159
462 158
462 157
463 157
464 157
465 157
466 157
467 157
468 157
469 157
470 157
470 156
471 156
471 155
472 155
472 154
473 154
473 153
474 153
474 152
453 156
452 156
451 156
450 156
449 156
449 157
49 50
48 50
50 50
51 50
51 51
51 52
51 53
52 53
52 54
52 55
52 56
52 57
51 57
51 58
51 59
50 59
50 60
50 61
49 61
49 62
49 63
48 63
48 64
48 65
49 65
49 66
50 66
51 66
51 67
52 67
53 67
54 67
54 68
54 69
54 70
54 71
54 72
54 73
54 74
54 75
53 75
53 76
53 77
52 77
52 78
52 79
52 80
51 80
51 81
51 82
51 83
51 84
50 84
50 85
50 86
50 87
50 88
49 88
49 89
49 90
49 91
49 92
49 93
49 94
48 94
48 95
48 96
48 97
48 98
48 99
49 99
49 100
50 100
50 101
51 101
52 101
52 102
53 102
47 50
46 50
46 49
45 49
44 49
44 48
43 48
42 48
42 47
42 46
42 45
42 44
41 44
40 44
39 44
38 44
37 44
37 43
36 43
36 42
35 42
35 41
34 41
461 189
461 188
461 190
461 191
461 192
461 187
461 186
461 185
461 184
1 32
1 31
1 33
1 34
1 35
0 35
0 36
0 37
0 38
0 39
0 40
0 41
0 42
0 43
0 44
0 45
0 46
0 47
0 48
0 49
0 50
0 51
0 52
0 53
0 54
0 55
1 55
1 30
1 29
1 28
1 27
1 26
1 25
2 25
3 25
3 26
3 27
4 27
4 28
5 28
6 28
7 28
8 28
9 28
10 28
10 29
11 29
11 28
12 28
12 27
13 27
14 27
14 26
14 25
15 25
15 24
15 23
15 22
15 21
15 20
15 19
15 18
15 17
14 17
14 16
13 16
13 15
12 15
12 14
12 13
11 13
11 12
11 11
11 10
11 9
11 8
11 7
11 6
11 5
12 5
12 4
13 4
14 4
14 3
15 3
15 2
437 169
437 170
438 169
439 169
440 169
441 169
441 168
441 167
442 167
443 167
443 166
444 166
445 166
446 166
446 165
447 165
448 165
449 165
449 164
449 163
449 162
449 161
449 160
449 159
449 158
436 170
435 170
435 171
435 172
434 172
434 173
434 174
434 175
433 175
433 176
433 177
433 178
433 179
433 180
433 181
433 182
433 183
433 184
432 184
432 185
431 185
431 186
430 186
430 187
429 187
429 188
428 188
428 189
427 189
456 140
455 140
456 139
457 139
457 138
458 138
458 137
459 137
459 136
455 141
455 142
455 143
454 143
454 144
453 144
453 145
452 145
452 146
451 146
451 147
451 148
451 149
451 150
451 151
451 152
451 153
451 154
450 154
450 155
459 178
459 179
459 177
459 176
458 176
458 175
457 175
456 175
456 174
455 174
454 174
453 174
452 174
452 175
451 175
451 176
450 176
450 177
449 177
449 178
448 178
448 179
447 179
446 179
445 179
444 179
443 179
442 179
442 180
441 180
440 180
439 180
438 180
437 180
437 181
436 181
435 181
435 182
434 182
434 183
459 180
459 181
459 182
460 182
460 183
461 183
375 84
375 85
375 83
375 82
375 81
375 80
375 79
375 78
374 78
373 78
373 77
372 77
372 76
371 76
371 75
371 74
371 73
371 72
371 71
371 70
371 69
371 68
371 67
371 66
371 65
370 65
370 64
369 64
369 63
368 63
368 62
367 62
367 61
366 61
365 61
364 61
363 61
362 61
361 61
360 61
359 61
358 61
357 61
357 60
356 60
356 59
355 59
354 59
353 59
352 59
351 59
351 58
351 57
351 56
351 55
350 55
349 55
348 55
347 55
346 55
345 55
344 55
343 55
343 54
342 54
342 53
341 53
341 52
340 52
339 52
339 53
338 53
337 53
337 54
336 54
335 54
334 54
333 54
332 54
331 54
331 53
330 53
330 52
330 51
330 50
330 49
330 48
329 48
329 47
329 46
328 46
328 45
328 44
327 44
327 43
326 43
326 42
325 42
324 42
323 42
322 42
321 42
320 42
319 42
318 42
317 42
316 42
315 42
314 42
314 41
313 41
313 40
313 39
312 39
311 39
310 39
309 39
308 39
307 39
306 39
306 38
306 37
306 36
305 36
305 35
304 35
304 34
303 34
302 34
301 34
301 33
300 33
299 33
298 33
298 32
298 31
298 30
298 29
298 28
298 27
297 27
297 28
296 28
295 28
294 28
293 28
292 28
292 29
291 29
290 29
290 30
289 30
289 31
288 31
288 32
287 32
287 33
287 34
286 34
286 35
286 36
286 37
285 37
284 37
283 37
282 37
281 37
280 37
279 37
278 37
278 36
277 36
276 36
275 36
275 37
274 37
273 37
273 38
272 38
375 86
375 87
375 88
375 89
375 90
376 90
376 91
376 92
377 92
377 93
378 93
379 93
380 93
381 93
382 93
383 93
384 93
385 93
386 93
387 93
387 92
388 92
388 91
389 91
389 90
390 90
391 90
392 90
393 90
394 90
395 90
396 90
397 90
398 90
399 90
400 90
401 90
402 90
403 90
404 90
405 90
406 90
407 90
408 90
409 90
410 90
411 90
412 90
412 89
413 89
414 89
414 88
415 88
416 88
416 89
417 89
417 90
418 90
418 91
419 91
420 91
420 92
421 92
421 93
421 94
421 95
422 95
422 96
423 96
424 96
425 96
425 97
424 97
423 97
423 98
423 99
422 99
422 100
422 101
421 101
421 102
421 103
420 103
420 104
420 105
419 105
419 106
419 107
419 108
419 109
419 110
419 111
419 112
418 112
417 112
417 113
416 113
416 114
415 114
415 115
416 115
416 116
416 117
417 117
417 118
417 119
417 120
417 121
417 122
417 123
417 124
417 125
417 126
417 127
416 127
416 128
415 128
415 129
415 130
414 130
413 130
412 130
411 130
410 130
409 130
408 130
407 130
406 130
405 130
405 131
405 132
405 133
404 133
404 134
404 135
403 135
403 136
402 136
402 137
402 138
402 139
401 139
401 140
401 141
400 141
399 141
399 142
399 143
399 144
399 145
399 146
399 147
399 148
399 149
399 150
399 151
398 151
398 152
397 152
397 153
397 154
397 155
397 156
397 157
396 157
396 158
395 158
395 159
395 160
395 161
395 162
395 163
394 163
394 164
393 164
393 165
392 165
392 166
391 166
391 167
390 167
390 168
389 168
389 169
388 169
387 169
387 170
386 170
386 171
385 171
385 172
384 172
384 173
384 174
384 175
384 176
383 176
383 177
382 177
382 178
381 178
381 179
380 179
379 179
379 180
378 180
378 181
378 182
378 183
378 184
378 185
377 185
377 186
377 187
376 187
376 188
375 188
375 189
374 189
374 190
373 190
373 191
373 192
373 193
372 193
372 194
371 194
371 195
370 195
369 195
369 196
368 196
368 197
367 197
366 197
366 198
365 198
365 199
364 199
364 200
363 200
363 201
362 201
361 201
361 202
360 202
359 202
359 203
359 204
359 205
359 206
358 206
358 207
358 208
357 208
357 209
357 210
357 211
356 211
356 212
355 212
355 213
354 213
353 213
352 213
352 214
351 214
351 215
351 216
351 217
350 217
350 218
350 219
349 219
349 220
349 221
348 221
348 222
347 222
347 223
346 223
346 224
345 224
345 225
345 226
345 227
345 228
344 228
343 228
342 228
342 229
341 229
341 230
340 230
340 231
339 231
339 232
339 233
339 234
339 235
112 381
112 382
113 381
113 380
114 380
114 379
114 378
115 378
115 377
116 377
116 376
117 376
117 375
117 374
118 374
118 373
119 373
119 372
120 372
121 372
121 371
122 371
122 370
123 370
123 369
124 369
124 368
125 368
125 367
126 367
127 367
127 366
128 366
128 365
129 365
129 364
130 364
130 363
131 363
131 362
131 361
132 361
133 361
134 361
134 360
135 360
136 360
136 359
137 359
138 359
138 358
139 358
139 357
140 357
141 357
141 356
141 355
142 355
142 354
143 354
143 353
144 353
144 352
145 352
145 351
146 351
146 350
147 350
147 349
148 349
148 348
149 348
150 348
151 348
152 348
152 347
153 347
154 347
154 346
155 346
156 346
156 345
156 344
157 344
157 343
158 343
158 342
159 342
159 341
160 341
160 340
161 340
161 339
162 339
162 338
163 338
163 337
164 337
165 337
165 336
166 336
167 336
167 335
168 335
168 334
169 334
169 333
170 333
170 332
171 332
171 331
172 331
172 330
173 330
173 329
174 329
174 328
175 328
176 328
176 327
177 327
178 327
178 326
179 326
179 325
180 325
181 325
182 325
182 324
183 324
184 324
184 323
185 323
186 323
186 322
187 322
188 322
188 321
189 321
189 320
190 320
190 319
190 318
191 318
192 318
193 318
193 317
194 317
195 317
195 316
196 316
196 315
197 315
198 315
198 314
199 314
200 314
200 313
201 313
201 312
202 312
202 311
203 311
203 310
204 310
205 310
205 309
206 309
207 309
208 309
208 308
209 308
209 307
209 306
210 306
210 305
211 305
211 304
212 304
212 303
212 302
213 302
213 301
214 301
214 300
215 300
215 301
216 301
216 302
216 303
216 304
216 305
217 305
218 305
219 305
220 305
221 305
222 305
223 305
224 305
225 305
225 304
226 304
226 303
227 303
227 302
228 302
228 301
229 301
230 301
231 301
231 300
232 300
232 299
233 299
233 298
234 298
235 298
236 298
236 299
237 299
238 299
239 299
240 299
241 299
241 300
242 300
243 300
243 301
244 301
245 301
246 301
247 301
248 301
249 301
250 301
251 301
252 301
253 301
254 301
254 300
255 300
255 299
255 298
256 298
256 297
256 296
256 295
256 294
257 294
258 294
258 293
259 293
260 293
261 293
262 293
263 293
264 293
264 294
265 294
265 295
266 295
266 296
267 296
267 297
267 298
268 298
268 299
269 299
269 298
270 298
271 298
272 298
273 298
274 298
275 298
276 298
277 298
277 297
278 297
278 296
279 296
280 296
281 296
282 296
283 296
284 296
285 296
286 296
287 296
288 296
289 296
289 295
290 295
291 295
111 382
111 383
110 383
109 383
108 383
107 383
106 383
105 383
104 383
103 383
103 384
102 384
102 385
102 386
103 386
103 387
103 388
103 389
102 389
102 390
102 391
101 391
101 392
100 392
100 393
99 393
99 394
98 394
98 395
97 395
97 396
97 397
96 397
96 398
95 398
95 399
95 400
94 400
94 401
93 401
93 402
92 402
91 402
91 403
90 403
90 404
89 404
89 405
88 405
88 406
87 406
87 407
86 407
86 408
85 408
84 408
84 409
83 409
83 410
82 410
82 411
81 411
81 412
81 413
80 413
80 414
80 415
79 415
79 416
78 416
78 417
77 417
76 417
76 418
75 418
75 419
74 419
74 420
73 420
72 420
72 421
71 421
71 422
70 422
70 423
69 423
69 424
68 424
68 425
68 426
67 426
67 427
66 427
66 428
65 428
65 429
65 430
65 431
64 431
64 432
63 432
62 432
62 433
61 433
61 434
60 434
60 435
59 435
59 436
58 436
58 437
57 437
57 438
57 439
56 439
56 440
55 440
55 441
54 441
54 442
54 443
53 443
53 444
52 444
52 445
51 445
51 446
51 447
50 447
50 448
50 449
49 449
49 450
48 450
48 451
47 451
47 452
47 453
46 453
46 454
45 454
45 455
44 455
44 456
43 456
43 457
42 457
42 458
41 458
41 459
40 459
40 460
39 460
39 461
38 461
38 462
38 463
37 463
37 464
36 464
36 465
36 466
35 466
35 467
34 467
34 468
34 469
33 469
33 470
32 470
32 471
32 472
31 472
31 473
31 474
30 474
30 475
29 475
29 476
29 477
28 477
28 478
27 478
27 479
26 479
25 479
25 480
24 480
24 481
23 481
23 482
22 482
22 483
21 483
21 484
20 484
20 485
19 485
19 486
18 486
18 487
17 487
17 488
16 488
16 489
15 489
15 490
15 491
15 492
14 492
14 493
14 494
13 494
12 494
12 495
11 495
11 496
10 496
10 497
9 497
9 498
8 498
8 499
7 499
7 500
6 500
6 501
5 501
4 501
4 502
3 502
3 503
2 503
2 504
1 504
0 504
0 505
45 476
45 477
44 476
44 475
43 475
42 475
41 475
40 475
39 475
38 475
37 475
36 475
35 475
34 475
33 475
32 475
31 475
46 477
46 478
47 478
48 478
49 478
50 478
50 479
51 479
52 479
52 480
53 480
53 481
52 481
52 482
51 482
51 483
50 483
50 484
49 484
49 485
48 485
48 486
47 486
46 486
46 487
45 487
45 488
45 489
44 489
44 490
43 490
43 491
42 491
42 492
42 493
42 494
42 495
42 496
42 497
42 498
43 498
43 499
44 499
44 500
45 500
46 500
47 500
48 500
48 501
49 501
49 502
49 503
49 504
49 505
49 506
49 507
49 508
49 509
49 510
49 511
50 511
51 511
80 468
79 468
80 469
80 470
81 470
81 471
82 471
82 472
83 472
83 473
84 473
78 468
77 468
76 468
75 468
74 468
73 468
73 467
73 466
72 466
72 465
72 464
72 463
72 462
72 461
72 460
71 460
71 459
71 458
71 457
70 457
70 456
69 456
69 455
68 455
68 454
67 454
67 453
67 452
66 452
66 451
65 451
65 450
64 450
64 449
63 449
63 448
62 448
61 448
61 447
60 447
59 447
58 447
57 447
56 447
55 447
54 447
53 447
52 447
