105 47
106 47
105 46
104 46
103 46
103 45
102 45
102 44
101 44
101 43
100 43
100 42
99 42
99 41
98 41
98 40
97 40
97 39
96 39
95 39
94 39
93 39
92 39
91 39
90 39
89 39
89 38
88 38
88 37
87 37
87 36
86 36
85 36
84 36
83 36
83 35
82 35
82 34
81 34
81 33
81 32
80 32
80 31
79 31
78 31
78 30
77 30
77 29
76 29
76 28
75 28
74 28
73 28
72 28
71 28
70 28
69 28
69 29
68 29
68 30
67 30
67 31
66 31
66 32
65 32
64 32
63 32
62 32
61 32
61 31
60 31
60 30
59 30
59 29
58 29
57 29
56 29
55 29
54 29
54 28
53 28
53 29
53 30
52 30
52 31
51 31
51 32
50 32
49 32
48 32
47 32
47 33
46 33
46 34
45 34
45 35
45 36
45 37
45 38
45 39
45 40
45 41
44 41
44 42
45 42
45 43
46 43
46 44
47 44
47 45
48 45
48 46
49 46
50 46
51 46
51 47
52 47
53 47
53 48
54 48
54 49
55 49
107 47
108 47
109 47
110 47
111 47
112 47
113 47
114 47
114 48
115 48
116 48
117 48
117 47
118 47
119 47
120 47
121 47
121 46
121 45
122 45
123 45
124 45
125 45
126 45
127 45
128 45
128 44
129 44
177 65
177 66
177 64
177 63
177 62
177 61
177 60
177 59
176 59
175 59
174 59
173 59
172 59
171 59
171 58
170 58
169 58
169 57
168 57
168 56
167 56
166 56
165 56
164 56
163 56
162 56
161 56
160 56
159 56
158 56
157 56
156 56
156 55
155 55
154 55
153 55
152 55
152 56
151 56
150 56
149 56
148 56
147 56
147 57
146 57
146 56
146 55
146 54
145 54
145 53
145 52
144 52
144 51
143 51
143 50
143 49
142 49
141 49
140 49
140 50
139 50
138 50
138 51
137 51
137 52
136 52
135 52
134 52
133 52
132 52
131 52
131 51
130 51
130 50
130 49
130 48
130 47
130 46
130 45
129 45
178 66
178 67
179 67
179 68
180 68
181 68
181 69
182 69
183 69
184 69
184 68
185 68
185 67
186 67
186 66
186 65
187 65
187 64
188 64
188 63
189 63
190 63
190 62
191 62
191 61
192 61
192 60
193 60
193 59
194 59
194 60
195 60
195 61
196 61
197 61
198 61
199 61
200 61
201 61
202 61
203 61
204 61
205 61
205 60
206 60
206 59
207 59
208 59
208 58
209 58
210 58
210 57
211 57
212 57
212 56
212 55
212 54
212 53
212 52
212 51
212 50
212 49
212 48
212 47
212 46
213 46
213 45
213 44
214 44
214 43
215 43
216 43
216 42
217 42
217 41
217 40
218 40
218 39
219 39
219 38
220 38
221 38
221 37
222 37
222 36
222 35
222 34
222 33
223 33
223 32
224 32
224 31
225 31
225 30
226 30
226 29
227 29
227 28
227 27
228 27
229 27
230 27
230 26
231 26
232 26
233 26
234 26
235 26
236 26
237 26
238 26
238 25
239 25
240 25
241 25
241 24
242 24
243 24
243 23
244 23
245 23
245 22
246 22
246 21
247 21
247 20
247 19
247 18
247 17
247 16
246 16
246 15
245 15
245 14
244 14
244 13
244 12
434 39
433 39
434 38
435 38
435 37
436 37
436 36
437 36
438 36
439 36
440 36
441 36
442 36
443 36
443 35
444 35
445 35
446 35
447 35
448 35
448 34
448 33
447 33
446 33
445 33
445 32
445 31
445 30
445 29
445 28
445 27
445 26
445 25
444 25
432 39
432 40
431 40
431 41
431 42
431 43
430 43
429 43
429 42
428 42
428 41
427 41
427 40
426 40
425 40
424 40
423 40
422 40
422 41
421 41
421 42
420 42
420 43
419 43
419 44
419 45
419 46
419 47
419 48
419 49
419 50
419 51
418 51
418 52
417 52
417 53
416 53
416 54
415 54
415 55
414 55
413 55
413 56
412 56
411 56
410 56
410 57
409 57
408 57
408 58
407 58
407 59
406 59
405 59
405 60
405 61
404 61
404 62
404 63
404 64
404 65
403 65
403 66
403 67
403 68
402 68
402 69
402 70
401 70
400 70
400 71
399 71
398 71
397 71
397 72
396 72
396 73
395 73
395 74
394 74
394 75
394 76
393 76
392 76
392 77
391 77
390 77
389 77
389 76
388 76
387 76
386 76
385 76
384 76
383 76
382 76
381 76
380 76
380 75
379 75
378 75
378 76
378 77
378 78
378 79
378 80
378 81
378 82
378 83
378 84
378 85
378 86
378 87
378 88
378 89
379 89
379 90
379 91
380 91
380 92
356 81
357 81
355 81
354 81
353 81
352 81
351 81
351 80
350 80
349 80
349 81
348 81
347 81
347 82
347 83
347 84
346 84
345 84
344 84
343 84
342 84
341 84
340 84
339 84
339 83
338 83
338 82
337 82
337 81
336 81
336 80
336 79
335 79
335 78
334 78
334 77
333 77
333 76
332 76
332 75
332 74
332 73
332 72
332 71
332 70
331 70
330 70
329 70
328 70
327 70
326 70
326 69
325 69
325 68
324 68
323 68
322 68
322 69
321 69
320 69
320 70
319 70
319 71
319 72
319 73
319 74
319 75
318 75
318 76
317 76
316 76
315 76
315 77
314 77
314 78
313 78
313 77
312 77
311 77
311 76
310 76
309 76
308 76
307 76
306 76
305 76
304 76
303 76
303 77
303 78
302 78
302 79
302 80
301 80
301 81
301 82
300 82
300 83
299 83
298 83
297 83
296 83
295 83
294 83
293 83
292 83
291 83
291 82
291 81
290 81
289 81
289 80
288 80
288 79
287 79
286 79
285 79
284 79
283 79
282 79
281 79
280 79
279 79
279 78
278 78
278 79
278 80
277 80
277 81
277 82
276 82
276 83
276 84
275 84
275 85
275 86
274 86
273 86
273 87
272 87
272 88
272 89
272 90
272 91
272 92
272 93
272 94
272 95
272 96
272 97
272 98
272 99
271 99
270 99
270 100
269 100
357 82
358 82
358 83
358 84
359 84
359 85
360 85
360 86
361 86
362 86
362 87
363 87
363 88
364 88
365 88
365 89
366 89
367 89
367 90
368 90
369 90
370 90
371 90
372 90
373 90
374 90
375 90
376 90
377 90
378 90
354 90
355 90
354 91
354 92
354 93
353 93
353 94
353 95
353 96
354 96
354 97
354 98
354 99
355 99
355 100
355 101
356 101
356 102
357 102
357 103
355 89
356 89
356 88
357 88
358 88
359 88
360 88
361 88
362 88
303 121
303 120
304 121
305 121
306 121
307 121
307 122
308 122
309 122
309 123
310 123
310 124
311 124
311 125
312 125
312 126
312 127
312 128
312 129
312 130
311 130
310 130
309 130
308 130
308 131
307 131
307 132
306 132
306 133
306 134
306 135
306 136
305 136
305 135
304 135
303 135
302 135
301 135
300 135
299 135
298 135
297 135
297 136
297 137
296 137
295 137
294 137
294 138
293 138
293 139
292 139
291 139
290 139
289 139
289 140
289 141
288 141
288 140
288 139
288 138
288 137
288 136
287 136
287 135
286 135
285 135
285 134
285 133
285 132
285 131
284 131
284 130
285 130
286 130
287 130
288 130
288 129
289 129
289 128
290 128
290 127
291 127
291 126
292 126
292 125
292 124
293 124
293 123
294 123
294 122
294 121
295 121
295 120
295 119
295 118
295 117
295 116
294 116
294 115
294 114
293 114
293 113
293 112
292 112
291 112
290 112
289 112
288 112
287 112
286 112
285 112
284 112
284 111
284 110
284 109
284 108
284 107
284 106
284 105
284 104
283 104
282 104
281 104
280 104
279 104
278 104
278 103
277 103
277 102
276 102
276 101
275 101
275 100
274 100
273 100
272 100
271 100
302 120
301 120
300 120
300 119
299 119
298 119
297 119
296 119
296 118
432 10
432 11
432 9
432 8
432 7
432 6
432 5
432 12
432 13
432 14
432 15
432 16
432 17
432 18
431 18
431 19
431 20
431 21
431 22
431 23
431 24
431 25
431 26
431 27
430 27
430 28
430 29
430 30
430 31
430 32
430 33
431 33
431 34
432 34
433 34
433 35
434 35
435 35
435 36
478 280
478 279
478 281
477 281
477 282
476 282
476 283
475 283
474 283
473 283
472 283
471 283
471 284
470 284
470 285
469 285
469 286
468 286
468 287
467 287
467 288
467 289
467 290
467 291
467 292
466 292
466 293
466 294
465 294
465 295
464 295
464 296
463 296
462 296
462 297
461 297
461 298
460 298
460 299
459 299
459 300
458 300
458 301
457 301
457 302
456 302
455 302
454 302
453 302
453 301
452 301
451 301
450 301
450 300
449 300
448 300
447 300
446 300
445 300
444 300
443 300
442 300
442 301
442 302
441 302
441 303
440 303
440 304
440 305
439 305
439 306
438 306
438 307
437 307
436 307
436 308
435 308
435 309
435 310
435 311
435 312
435 313
435 314
434 314
434 315
433 315
433 316
432 316
431 316
430 316
429 316
428 316
427 316
427 315
426 315
426 314
425 314
425 313
425 312
425 311
425 310
425 309
425 308
425 307
425 306
424 306
424 305
423 305
423 304
423 303
423 302
422 302
422 301
422 300
422 299
421 299
421 298
421 297
422 297
422 296
423 296
423 295
424 295
424 294
425 294
425 293
426 293
426 292
427 292
427 291
428 291
428 290
429 290
430 290
430 289
431 289
431 288
432 288
432 287
432 286
433 286
433 285
432 285
431 285
431 284
430 284
430 283
429 283
429 282
429 281
428 281
428 280
427 280
426 280
425 280
424 280
424 279
423 279
422 279
422 278
421 278
478 278
479 278
479 277
479 276
479 275
479 274
479 273
479 272
479 271
480 271
480 270
480 269
480 268
480 267
480 266
479 266
479 265
478 265
477 265
476 265
475 265
475 264
474 264
473 264
472 264
471 264
470 264
470 263
470 262
469 262
469 261
469 260
468 260
467 260
466 260
465 260
464 260
463 260
462 260
462 259
461 259
461 258
460 258
460 257
460 256
460 255
460 254
460 253
460 252
460 251
460 250
460 249
460 248
460 247
460 246
459 246
459 245
458 245
457 245
456 245
455 245
455 244
454 244
454 243
453 243
377 16
376 16
377 15
378 15
378 14
379 14
379 13
379 12
378 12
378 11
378 10
378 9
378 8
378 7
379 7
379 6
380 6
380 5
380 4
381 4
382 4
382 3
383 3
383 2
384 2
384 1
385 1
386 1
387 1
388 1
389 1
390 1
390 0
391 0
392 0
393 0
394 0
395 0
396 0
397 0
398 0
399 0
400 0
401 0
402 0
403 0
404 0
405 0
406 0
407 0
408 0
409 0
410 0
411 0
412 0
413 0
414 0
415 0
416 0
417 0
418 0
419 0
420 0
421 0
422 0
423 0
424 0
425 0
426 0
427 0
428 0
429 0
430 0
431 0
431 1
431 2
431 3
431 4
432 4
375 16
375 17
374 17
373 17
373 18
372 18
372 19
371 19
371 20
371 21
370 21
370 22
369 22
369 23
368 23
367 23
366 23
365 23
364 23
364 24
363 24
363 25
362 25
361 25
361 26
361 27
361 28
360 28
360 29
360 30
359 30
359 31
359 32
358 32
358 33
358 34
357 34
357 35
356 35
356 36
356 37
356 38
356 39
356 40
356 41
355 41
355 42
355 43
354 43
354 44
353 44
352 44
351 44
351 45
351 46
351 47
351 48
351 49
351 50
351 51
351 52
350 52
350 53
349 53
348 53
347 53
346 53
346 54
345 54
345 55
344 55
344 56
344 57
343 57
343 58
342 58
342 59
341 59
341 60
340 60
339 60
338 60
338 61
337 61
337 62
336 62
335 62
335 63
334 63
333 63
333 64
332 64
331 64
331 65
330 65
330 66
330 67
330 68
330 69
496 275
496 276
496 274
496 273
497 273
497 274
498 274
499 274
500 274
501 274
502 274
502 275
503 275
503 276
503 277
504 277
504 276
505 276
505 275
506 275
506 274
507 274
507 273
507 272
507 271
507 270
508 270
509 270
509 269
510 269
511 269
511 268
495 276
495 277
494 277
493 277
493 278
492 278
491 278
490 278
489 278
488 278
487 278
486 278
485 278
484 278
483 278
482 278
481 278
480 278
480 277
452 179
452 178
452 180
453 180
453 181
454 181
455 181
455 182
456 182
456 183
456 184
456 185
456 186
456 187
456 188
456 189
457 189
457 188
457 187
458 187
459 187
459 186
460 186
460 185
461 185
461 184
462 184
463 184
463 183
464 183
464 182
465 182
465 181
466 181
466 180
467 180
467 181
468 181
469 181
470 181
470 182
471 182
472 182
472 183
473 183
474 183
475 183
476 183
477 183
478 183
478 184
477 184
477 185
477 186
477 187
476 187
476 188
476 189
476 190
475 190
475 191
474 191
474 192
474 193
473 193
473 194
473 195
473 196
473 197
473 198
472 198
472 199
471 199
470 199
469 199
468 199
467 199
467 200
467 201
466 201
466 202
466 203
465 203
465 204
465 205
465 206
452 177
452 176
452 175
452 174
453 174
453 173
454 173
454 172
455 172
455 171
456 171
456 170
456 169
457 169
457 168
458 168
458 167
459 167
459 166
460 166
461 166
461 165
462 165
462 164
462 163
463 163
463 162
463 161
463 160
463 159
463 158
464 158
464 157
464 156
464 155
464 154
464 153
463 153
463 152
462 152
461 152
460 152
460 151
459 151
458 151
457 151
457 150
456 150
455 150
454 150
454 149
454 148
453 148
453 147
453 146
453 145
452 145
452 144
451 144
451 143
450 143
450 144
449 144
448 144
447 144
446 144
445 144
444 144
443 144
443 145
413 315
414 315
412 315
411 315
411 316
410 316
410 317
409 317
408 317
408 316
407 316
407 315
406 315
405 315
405 314
404 314
403 314
402 314
401 314
400 314
399 314
399 313
398 313
397 313
396 313
395 313
394 313
393 313
393 312
393 311
393 310
393 309
393 308
393 307
393 306
394 306
394 305
395 305
395 304
415 315
416 315
417 315
418 315
419 315
420 315
421 315
421 314
422 314
423 314
424 314
416 171
416 172
416 170
416 169
417 169
417 168
418 168
418 167
419 167
419 166
419 165
419 164
420 164
420 163
420 162
420 161
420 160
420 159
421 159
421 158
422 158
422 157
423 157
423 156
424 156
425 156
426 156
427 156
428 156
429 156
430 156
431 156
432 156
432 157
433 157
433 156
434 156
434 155
435 155
435 154
435 153
436 153
437 153
438 153
438 152
439 152
439 151
440 151
440 150
441 150
441 149
441 148
442 148
442 147
442 146
443 146
416 173
416 174
416 175
416 176
416 177
416 178
416 179
416 180
416 181
417 181
419 237
419 238
418 237
418 236
417 236
416 236
415 236
414 236
413 236
413 235
413 234
413 233
413 232
413 231
413 230
413 229
413 228
412 228
412 227
412 226
411 226
411 225
410 225
410 224
409 224
409 223
408 223
407 223
407 222
408 222
409 222
410 222
410 221
411 221
412 221
413 221
414 221
415 221
415 220
416 220
416 219
416 218
417 218
417 217
417 216
417 215
417 214
417 213
418 213
418 212
419 212
419 211
419 210
419 209
419 208
419 207
419 206
419 205
420 205
420 204
420 203
421 203
421 202
422 202
422 201
422 200
423 200
423 199
423 198
423 197
424 197
424 196
425 196
426 196
427 196
427 195
428 195
428 194
429 194
429 193
429 192
430 192
430 191
431 191
431 190
430 190
429 190
428 190
428 189
427 189
426 189
425 189
424 189
424 188
423 188
423 187
422 187
422 186
422 185
421 185
421 184
420 184
420 183
419 183
419 182
418 182
417 182
420 238
421 238
422 238
423 238
424 238
424 239
425 239
425 240
426 240
426 241
427 241
428 241
428 242
429 242
430 242
430 243
431 243
431 244
431 245
431 246
432 246
432 247
432 248
433 248
433 249
433 250
433 251
433 252
434 252
434 253
435 253
435 254
436 254
437 254
437 255
437 256
438 256
438 257
439 257
440 257
441 257
442 257
443 257
443 258
444 258
444 257
444 256
445 256
445 255
445 254
446 254
446 253
447 253
447 252
448 252
448 251
448 250
449 250
449 249
450 249
450 248
451 248
451 247
451 246
451 245
451 244
452 244
452 243
485 211
486 211
485 212
484 212
484 213
483 213
482 213
482 214
481 214
480 214
480 215
480 216
481 216
481 217
481 218
481 219
481 220
481 221
481 222
481 223
482 223
482 224
483 224
483 225
484 225
485 225
486 225
487 225
488 225
488 226
489 226
489 227
490 227
490 228
490 229
490 230
490 231
490 232
490 233
490 234
490 235
490 236
490 237
490 238
490 239
490 240
490 241
490 242
489 242
488 242
488 243
487 243
487 244
486 244
486 243
486 242
485 242
485 241
485 240
485 239
485 238
485 237
484 237
483 237
483 238
482 238
481 238
480 238
479 238
479 239
478 239
478 240
477 240
477 241
476 241
476 242
476 243
476 244
476 245
476 246
476 247
477 247
477 248
478 248
478 249
478 250
478 251
478 252
478 253
478 254
478 255
478 256
478 257
478 258
478 259
478 260
478 261
478 262
478 263
478 264
487 211
487 210
487 209
488 209
488 208
487 208
487 207
487 206
487 205
487 204
486 204
486 203
485 203
485 202
485 201
486 201
486 200
486 199
487 199
487 198
487 197
487 196
487 195
487 194
488 194
488 193
489 193
490 193
490 192
490 191
489 191
488 191
488 190
487 190
486 190
485 190
484 190
483 190
483 189
482 189
481 189
480 189
480 188
479 188
478 188
478 187
478 186
478 185
490 84
491 84
489 84
488 84
487 84
486 84
485 84
484 84
483 84
482 84
482 85
481 85
481 84
481 83
480 83
479 83
478 83
477 83
476 83
475 83
474 83
474 84
474 85
473 85
473 86
472 86
472 87
471 87
470 87
470 88
469 88
468 88
467 88
466 88
465 88
464 88
463 88
463 89
462 89
462 90
462 91
461 91
460 91
460 92
460 93
460 94
460 95
460 96
460 97
460 98
460 99
459 99
458 99
457 99
456 99
456 100
455 100
454 100
454 101
453 101
453 102
452 102
452 103
451 103
451 104
451 105
451 106
451 107
451 108
451 109
451 110
451 111
451 112
451 113
451 114
451 115
451 116
452 116
453 116
453 117
454 117
454 118
454 119
454 120
454 121
454 122
454 123
454 124
454 125
454 126
454 127
454 128
453 128
453 129
452 129
452 130
452 131
452 132
452 133
452 134
452 135
452 136
452 137
452 138
452 139
452 140
452 141
452 142
451 142
492 84
493 84
494 84
495 84
495 85
496 85
497 85
498 85
498 86
499 86
500 86
501 86
501 87
502 87
502 88
502 89
503 89
503 90
503 91
504 91
504 92
505 92
505 93
506 93
506 94
507 94
508 94
509 94
510 94
511 94
511 95
511 96
511 97
511 98
511 99
511 100
511 101
511 102
511 103
511 104
511 105
511 106
511 107
511 108
510 108
509 108
509 109
508 109
508 110
507 110
506 110
505 110
504 110
504 111
503 111
502 111
501 111
501 112
500 112
500 111
499 111
498 111
497 111
497 110
496 110
495 110
495 109
495 108
494 108
494 107
493 107
493 106
492 106
492 105
491 105
491 104
490 104
490 103
489 103
489 102
489 101
488 101
487 101
486 101
485 101
484 101
483 101
482 101
481 101
481 100
482 100
482 99
482 98
483 98
484 98
485 98
485 97
485 96
485 95
485 94
485 93
485 92
485 91
485 90
485 89
485 88
485 87
484 87
483 87
483 86
482 86
270 157
269 157
271 157
272 157
273 157
274 157
274 156
274 155
274 154
274 153
275 153
275 152
275 151
275 150
275 149
275 148
275 147
276 147
276 146
277 146
278 146
279 146
280 146
280 145
281 145
281 144
282 144
283 144
284 144
285 144
286 144
286 143
287 143
287 142
288 142
268 157
267 157
266 157
266 156
265 156
265 155
265 154
265 153
265 152
265 151
264 151
264 150
263 150
262 150
262 149
261 149
260 149
259 149
258 149
257 149
256 149
255 149
254 149
253 149
252 149
251 149
250 149
250 150
251 150
251 151
252 151
252 152
252 153
253 153
253 154
253 155
253 156
253 157
254 157
254 158
254 159
254 160
254 161
254 162
254 163
254 164
254 165
253 165
253 166
252 166
252 167
251 167
251 168
250 168
249 168
248 168
247 168
247 167
246 167
245 167
244 167
243 167
243 166
242 166
241 166
240 166
239 166
239 165
238 165
238 164
238 163
238 162
238 161
238 160
238 159
237 159
237 158
236 158
235 158
234 158
233 158
232 158
231 158
230 158
229 158
228 158
228 159
228 160
227 160
227 159
227 158
227 157
227 156
227 155
227 154
227 153
227 152
227 151
226 151
226 150
225 150
224 150
223 150
222 150
221 150
220 150
220 149
220 148
220 147
220 146
220 145
220 144
220 143
220 142
220 141
219 141
219 140
218 140
218 139
218 138
218 137
218 136
217 136
217 135
216 135
216 134
215 134
215 133
215 132
214 132
214 131
214 130
213 130
212 130
211 130
210 130
209 130
209 129
208 129
207 129
206 129
205 129
204 129
204 130
203 130
203 131
202 131
202 132
201 132
201 133
200 133
199 133
199 134
198 134
197 134
196 134
195 134
195 135
194 135
194 136
194 137
193 137
193 138
192 138
192 137
191 137
190 137
190 136
189 136
189 135
188 135
188 134
187 134
187 133
186 133
185 133
184 133
183 133
182 133
182 134
181 134
181 135
181 136
180 136
179 136
178 136
177 136
176 136
175 136
174 136
173 136
172 136
171 136
171 137
171 138
171 139
171 140
171 141
171 142
171 143
171 144
171 145
171 146
170 146
169 146
168 146
167 146
166 146
166 147
166 148
166 149
166 150
165 150
165 151
165 152
164 152
164 153
494 144
494 145
494 143
495 143
496 143
497 143
498 143
499 143
500 143
501 143
501 142
502 142
502 141
503 141
504 141
505 141
506 141
507 141
507 140
507 139
507 138
507 137
507 136
507 135
507 134
508 134
508 133
509 133
494 146
493 146
493 147
492 147
492 148
491 148
491 149
490 149
489 149
488 149
487 149
487 150
487 151
486 151
486 152
486 153
485 153
485 154
484 154
484 155
483 155
483 156
483 157
482 157
481 157
480 157
479 157
478 157
477 157
476 157
475 157
474 157
473 157
472 157
472 156
471 156
470 156
469 156
468 156
467 156
466 156
465 156
465 155
449 456
450 456
449 457
448 457
447 457
446 457
445 457
445 458
444 458
444 459
443 459
442 459
442 460
441 460
441 461
441 462
440 462
440 463
439 463
439 464
438 464
438 465
438 466
438 467
438 468
438 469
438 470
438 471
438 472
438 473
437 473
437 474
436 474
436 475
435 475
434 475
433 475
433 476
432 476
431 476
430 476
429 476
428 476
427 476
426 476
426 477
426 478
425 478
425 479
425 480
426 480
426 481
426 482
427 482
427 483
427 484
428 484
429 484
429 485
430 485
431 485
432 485
432 486
432 487
432 488
432 489
432 490
432 491
432 492
432 493
432 494
432 495
432 496
432 497
432 498
432 499
432 500
432 501
432 502
432 503
432 504
432 505
432 506
432 507
433 507
434 507
435 507
435 508
436 508
436 509
437 509
437 510
438 510
438 511
439 511
440 511
450 455
450 454
451 454
451 453
452 453
452 452
453 452
453 451
453 450
453 449
453 448
453 447
453 446
454 446
454 445
455 445
455 444
456 444
456 443
457 443
458 443
459 443
460 443
460 444
461 444
462 444
462 445
463 445
464 445
464 446
465 446
466 446
466 447
467 447
467 448
468 448
469 448
469 449
470 449
471 449
472 449
473 449
474 449
475 449
476 449
477 449
478 449
479 449
480 449
481 449
481 450
482 450
482 451
483 451
483 452
483 453
483 454
484 454
485 454
486 454
487 454
488 454
489 454
490 454
491 454
492 454
492 455
493 455
494 455
495 455
496 455
496 456
496 457
497 457
107 279
107 278
107 280
107 281
107 282
108 282
108 283
109 283
109 284
110 284
110 285
111 285
112 285
112 286
113 286
114 286
114 287
115 287
116 287
117 287
118 287
119 287
120 287
121 287
122 287
123 287
124 287
125 287
126 287
127 287
106 278
105 278
104 278
103 278
102 278
102 277
101 277
101 276
100 276
99 276
99 275
98 275
98 274
97 274
96 274
95 274
95 273
94 273
94 272
93 272
92 272
91 272
90 272
90 271
89 271
88 271
88 270
87 270
87 269
88 269
88 268
89 268
89 267
90 267
91 267
92 267
93 267
94 267
95 267
96 267
96 266
97 266
98 266
98 265
99 265
99 264
100 264
100 263
101 263
101 262
102 262
103 262
103 261
104 261
105 261
106 261
106 260
107 260
108 260
109 260
110 260
111 260
112 260
113 260
113 259
114 259
114 258
115 258
115 257
115 256
115 255
115 254
115 253
115 252
115 251
114 251
114 250
113 250
113 249
112 249
112 248
111 248
111 247
110 247
110 246
110 245
110 244
110 243
110 242
110 241
109 241
109 240
110 240
111 240
112 240
112 239
113 239
114 239
115 239
115 238
116 238
116 237
116 236
117 236
117 235
116 235
116 234
116 233
116 232
116 231
115 231
115 230
115 229
115 228
115 227
115 226
114 226
114 225
114 224
114 223
114 222
114 221
114 220
114 219
114 218
114 217
114 216
114 215
114 214
114 213
115 213
115 212
116 212
116 211
116 210
117 210
117 209
117 208
118 208
118 207
118 206
118 205
118 204
118 203
118 202
118 201
118 200
117 200
116 200
116 199
115 199
115 198
114 198
114 197
113 197
113 196
112 196
111 196
110 196
109 196
108 196
108 195
107 195
107 194
108 194
108 193
109 193
109 192
110 192
110 191
110 190
111 190
111 189
111 188
111 187
111 186
112 186
113 186
113 185
114 185
115 185
116 185
116 184
117 184
117 183
118 183
118 182
119 182
119 181
120 181
120 180
121 180
121 179
122 179
122 178
122 177
121 177
121 176
121 175
120 175
119 175
118 175
117 175
117 174
116 174
115 174
115 173
114 173
114 172
114 171
113 171
113 170
112 170
111 170
110 170
109 170
108 170
108 169
107 169
107 168
106 168
106 167
106 166
106 165
106 164
106 163
105 163
105 162
104 162
104 161
104 160
103 160
103 159
102 159
102 158
101 158
101 157
101 156
100 156
100 155
100 154
99 154
99 153
98 153
98 152
97 152
96 152
95 152
94 152
94 151
94 150
94 149
93 149
92 149
91 149
90 149
90 148
89 148
89 147
88 147
88 146
87 146
87 145
86 145
85 145
85 144
84 144
84 143
83 143
83 142
82 142
81 142
80 142
79 142
79 143
78 143
77 143
77 144
76 144
76 145
75 145
75 146
74 146
73 146
72 146
71 146
71 147
70 147
69 147
68 147
67 147
66 147
65 147
64 147
63 147
63 146
62 146
61 146
60 146
59 146
58 146
57 146
57 147
56 147
56 148
55 148
55 149
55 150
55 151
55 152
55 153
55 154
54 154
54 155
53 155
53 156
52 156
51 156
51 157
50 157
49 157
49 158
48 158
48 159
48 160
47 160
47 161
47 162
47 163
47 164
47 165
47 166
47 167
47 168
47 169
47 170
47 171
48 171
48 172
47 172
46 172
46 173
45 173
44 173
44 174
44 175
44 176
43 176
43 177
43 178
43 179
43 180
43 181
44 181
44 182
45 182
46 182
46 183
47 183
47 184
48 184
48 185
48 186
48 187
49 187
49 188
50 188
50 189
51 189
52 189
52 190
53 190
53 191
52 191
52 192
51 192
51 193
50 193
49 193
49 194
49 195
49 196
49 197
49 198
49 199
49 200
48 200
47 200
46 200
45 200
44 200
44 201
43 201
43 202
42 202
42 203
41 203
41 204
144 202
144 203
143 202
143 201
143 200
142 200
142 199
141 199
140 199
140 198
139 198
138 198
137 198
136 198
135 198
134 198
133 198
132 198
131 198
130 198
130 197
129 197
129 196
128 196
128 195
128 194
127 194
127 193
127 192
126 192
125 192
125 193
124 193
124 194
123 194
123 195
123 196
122 196
122 197
121 197
121 198
120 198
119 198
118 198
118 199
117 199
145 203
146 203
147 203
148 203
149 203
150 203
151 203
152 203
153 203
154 203
155 203
156 203
156 204
157 204
157 203
158 203
158 202
159 202
159 201
160 201
160 200
161 200
161 199
161 198
161 197
162 197
162 196
162 195
162 194
162 193
162 192
162 191
163 191
163 190
163 189
163 188
163 187
163 186
163 185
163 184
163 183
163 182
163 181
163 180
163 179
163 178
163 177
162 177
162 176
161 176
161 175
160 175
160 174
159 174
159 173
159 172
159 171
159 170
159 169
159 168
160 168
160 167
161 167
161 166
162 166
162 165
163 165
163 164
164 164
164 163
164 162
164 161
164 160
164 159
164 158
164 157
164 156
164 155
164 154
498 329
498 330
497 329
496 329
496 328
495 328
495 327
494 327
494 326
493 326
493 325
492 325
491 325
490 325
489 325
488 325
488 324
488 323
488 322
488 321
487 321
487 320
486 320
486 319
486 318
485 318
485 317
484 317
484 316
483 316
482 316
481 316
481 315
480 315
479 315
479 316
478 316
477 316
476 316
476 317
475 317
474 317
474 318
473 318
472 318
471 318
471 319
470 319
469 319
468 319
468 318
467 318
467 317
466 317
466 316
466 315
465 315
465 314
465 313
465 312
464 312
464 311
463 311
463 310
462 310
461 310
461 309
460 309
459 309
458 309
457 309
456 309
455 309
455 308
455 307
455 306
455 305
455 304
455 303
499 330
499 331
500 331
501 331
501 332
502 332
502 333
503 333
503 334
504 334
504 335
505 335
505 336
506 336
507 336
507 337
508 337
508 338
509 338
510 338
510 339
511 339
511 340
511 341
511 342
511 343
511 344
511 345
511 346
511 347
511 348
511 349
511 350
511 351
511 352
511 353
511 354
511 355
511 356
511 357
511 358
511 359
511 360
511 361
511 362
511 363
511 364
511 365
511 366
511 367
511 368
511 369
511 370
511 371
511 372
511 373
511 374
511 375
510 375
510 376
510 377
509 377
509 378
508 378
508 379
507 379
507 380
506 380
506 381
460 413
460 412
460 414
460 415
460 416
460 417
461 417
461 418
462 418
462 419
463 419
463 420
463 421
463 422
463 423
464 423
464 424
464 425
465 425
465 426
465 427
465 428
466 428
466 429
466 430
466 431
467 431
467 432
468 432
468 433
469 433
469 434
470 434
471 434
471 435
472 435
472 436
473 436
474 436
475 436
476 436
477 436
478 436
479 436
480 436
481 436
482 436
482 437
483 437
483 438
484 438
485 438
485 439
485 440
486 440
486 441
486 442
486 443
486 444
486 445
486 446
486 447
486 448
486 449
486 450
487 450
488 450
489 450
489 451
490 451
490 452
491 452
491 453
460 411
460 410
460 409
460 408
460 407
460 406
460 405
460 404
461 404
461 403
461 402
461 401
461 400
461 399
461 398
461 397
461 396
461 395
462 395
462 394
462 393
462 392
462 391
462 390
462 389
462 388
462 387
462 386
462 385
462 384
461 384
461 383
461 382
460 382
460 381
459 381
459 380
459 379
459 378
459 377
459 376
459 375
459 374
459 373
459 372
459 371
459 370
460 370
460 369
460 368
460 367
460 366
460 365
460 364
460 363
460 362
460 361
460 360
460 359
460 358
461 358
461 357
461 356
462 356
462 355
463 355
463 354
463 353
464 353
464 352
464 351
465 351
465 350
466 350
466 349
467 349
467 348
468 348
468 347
468 346
468 345
468 344
467 344
467 343
466 343
465 343
464 343
464 342
463 342
463 341
463 340
462 340
462 339
461 339
461 338
460 338
460 337
460 336
460 335
461 335
462 335
462 334
463 334
464 334
465 334
466 334
466 333
466 332
465 332
465 331
465 330
465 329
465 328
465 327
465 326
465 325
465 324
466 324
466 323
467 323
467 322
467 321
467 320
467 319
369 206
370 206
368 206
367 206
367 207
366 207
366 208
366 209
366 210
366 211
366 212
366 213
366 214
366 215
366 216
366 217
366 218
366 219
367 219
368 219
369 219
369 220
370 220
370 221
370 222
370 223
370 224
370 225
370 226
370 227
370 228
369 228
369 229
369 230
368 230
368 231
367 231
367 232
367 233
366 233
366 234
366 235
366 236
366 237
366 238
366 239
366 240
366 241
365 241
365 242
364 242
364 243
364 244
363 244
363 245
363 246
363 247
363 248
363 249
363 250
362 250
362 251
361 251
360 251
360 252
359 252
359 253
358 253
357 253
357 254
356 254
355 254
354 254
353 254
352 254
351 254
350 254
350 255
349 255
349 256
349 257
348 257
348 258
347 258
347 259
346 259
371 206
372 206
372 205
373 205
374 205
375 205
376 205
377 205
378 205
378 206
379 206
379 207
380 207
381 207
382 207
383 207
384 207
385 207
385 208
386 208
386 209
387 209
387 210
387 211
387 212
387 213
387 214
387 215
387 216
387 217
388 217
389 217
390 217
391 217
392 217
392 218
393 218
394 218
394 219
395 219
396 219
397 219
398 219
399 219
400 219
401 219
402 219
403 219
404 219
405 219
405 220
405 221
406 221
406 222
167 124
166 124
168 124
168 125
169 125
169 126
169 127
170 127
170 128
170 129
171 129
171 130
171 131
171 132
171 133
171 134
171 135
166 123
165 123
165 122
164 122
164 121
164 120
164 119
164 118
163 118
163 117
162 117
161 117
160 117
159 117
158 117
157 117
157 116
157 115
157 114
156 114
156 113
155 113
155 112
154 112
153 112
152 112
151 112
151 111
150 111
150 110
151 110
151 109
151 108
151 107
151 106
152 106
152 105
153 105
154 105
155 105
155 104
156 104
157 104
157 103
157 102
157 101
157 100
157 99
157 98
157 97
157 96
157 95
156 95
155 95
154 95
153 95
152 95
151 95
150 95
149 95
149 94
148 94
148 93
147 93
147 92
147 91
146 91
146 90
145 90
145 89
144 89
144 88
144 87
144 86
144 85
144 84
144 83
145 83
145 82
145 81
146 81
147 81
147 80
148 80
148 79
149 79
150 79
150 78
151 78
152 78
153 78
153 77
154 77
154 76
154 75
154 74
154 73
154 72
154 71
154 70
154 69
153 69
153 68
153 67
152 67
152 66
151 66
150 66
149 66
149 65
148 65
148 64
147 64
147 63
147 62
147 61
147 60
147 59
147 58
152 498
153 498
151 498
150 498
149 498
148 498
148 499
147 499
146 499
145 499
144 499
143 499
142 499
142 498
141 498
140 498
140 497
139 497
138 497
137 497
136 497
136 496
135 496
134 496
133 496
133 495
132 495
132 494
132 493
131 493
131 492
130 492
129 492
129 491
128 491
128 490
128 489
128 488
128 487
128 486
128 485
128 484
128 483
128 482
128 481
129 481
129 480
128 480
127 480
126 480
125 480
124 480
124 479
123 479
123 478
122 478
122 477
121 477
121 476
120 476
120 475
119 475
118 475
117 475
116 475
115 475
114 475
113 475
112 475
112 474
111 474
110 474
109 474
109 473
108 473
107 473
107 472
106 472
106 471
105 471
105 470
104 470
103 470
102 470
101 470
100 470
100 471
99 471
99 472
98 472
97 472
97 473
97 474
96 474
96 475
96 476
96 477
96 478
96 479
96 480
97 480
97 481
98 481
98 482
99 482
99 483
100 483
100 484
99 484
99 485
99 486
98 486
98 487
98 488
97 488
97 489
96 489
95 489
94 489
94 490
93 490
92 490
92 491
91 491
91 492
90 492
154 498
155 498
156 498
157 498
157 499
158 499
322 311
323 311
322 312
321 312
321 313
320 313
320 314
320 315
320 316
320 317
320 318
320 319
320 320
319 320
319 321
318 321
318 322
317 322
317 323
324 311
325 311
325 312
326 312
327 312
327 313
328 313
329 313
330 313
330 314
331 314
331 315
331 316
332 316
332 317
333 317
334 317
334 316
335 316
336 316
337 316
337 315
338 315
338 314
339 314
339 313
340 313
341 313
342 313
343 313
344 313
345 313
346 313
346 314
346 315
346 316
346 317
346 318
346 319
346 320
346 321
346 322
347 322
348 322
348 323
348 324
349 324
349 325
349 326
349 327
350 327
350 328
351 328
352 328
353 328
354 328
355 328
356 328
356 327
357 327
358 327
359 327
359 326
360 326
360 325
361 325
362 325
363 325
363 324
364 324
364 323
364 322
364 321
364 320
365 320
366 320
367 320
368 320
369 320
369 319
370 319
370 318
371 318
372 318
373 318
374 318
375 318
376 318
377 318
377 319
378 319
379 319
380 319
381 319
382 319
383 319
384 319
385 319
386 319
387 319
388 319
389 319
390 319
390 318
390 317
391 317
391 316
391 315
392 315
392 314
392 313
122 451
123 451
121 451
121 450
121 449
120 449
120 448
120 447
120 446
120 445
119 445
119 444
119 443
118 443
118 442
118 441
118 440
118 439
118 438
118 437
119 437
119 436
120 436
120 435
120 434
121 434
121 433
121 432
121 431
120 431
119 431
119 430
118 430
118 429
117 429
117 428
117 427
116 427
116 426
116 425
116 424
116 423
117 423
117 422
117 421
118 421
118 420
119 420
120 420
121 420
122 420
123 420
124 420
125 420
126 420
127 420
127 419
126 419
126 418
126 417
125 417
125 416
125 415
125 414
125 413
125 412
125 411
125 410
125 409
126 409
126 408
127 408
127 407
127 406
127 405
126 405
126 404
126 403
126 402
126 401
126 400
126 399
126 398
125 398
125 397
126 397
127 397
127 396
128 396
129 396
129 395
130 395
131 395
132 395
132 394
133 394
134 394
134 393
134 392
134 391
134 390
134 389
134 388
134 387
134 386
134 385
134 384
134 383
134 382
134 381
134 380
133 380
133 379
133 378
132 378
132 377
132 376
131 376
130 376
129 376
128 376
127 376
126 376
126 375
126 374
126 373
126 372
126 371
126 370
126 369
126 368
125 368
125 367
124 367
123 367
122 367
121 367
120 367
119 367
118 367
117 367
116 367
115 367
114 367
113 367
112 367
112 366
111 366
110 366
109 366
108 366
107 366
106 366
105 366
104 366
104 365
103 365
102 365
101 365
100 365
99 365
98 365
98 366
97 366
97 365
96 365
95 365
95 364
94 364
94 363
94 362
94 361
94 360
94 359
94 358
94 357
94 356
94 355
94 354
94 353
94 352
94 351
94 350
94 349
94 348
94 347
94 346
94 345
94 344
94 343
93 343
92 343
92 342
92 341
92 340
92 339
91 339
91 338
91 337
91 336
91 335
91 334
91 333
90 333
90 332
90 331
90 330
90 329
90 328
90 327
90 326
90 325
91 325
92 325
93 325
94 325
95 325
95 324
95 323
95 322
95 321
95 320
95 319
95 318
95 317
96 317
96 316
96 315
97 315
97 314
98 314
98 313
99 313
99 312
99 311
100 311
100 310
101 310
101 309
101 308
101 307
101 306
102 306
103 306
104 306
105 306
106 306
107 306
108 306
109 306
110 306
110 305
110 304
111 304
111 303
111 302
112 302
112 301
112 300
113 300
113 299
114 299
114 298
114 297
115 297
116 297
116 296
117 296
117 295
118 295
118 294
119 294
119 293
120 293
120 292
121 292
121 291
122 291
122 290
123 290
124 290
124 289
125 289
125 288
126 288
124 451
125 451
125 452
126 452
126 453
125 453
125 454
124 454
123 454
122 454
122 455
121 455
121 456
121 457
121 458
121 459
122 459
122 460
123 460
123 461
124 461
124 462
125 462
125 463
126 463
126 464
126 465
126 466
126 467
126 468
127 468
127 469
127 470
127 471
127 472
127 473
126 473
126 474
126 475
125 475
124 475
124 476
123 476
122 476
291 238
292 238
290 238
289 238
289 239
288 239
287 239
286 239
285 239
284 239
283 239
282 239
282 240
283 240
283 241
283 242
283 243
282 243
282 244
281 244
280 244
279 244
278 244
277 244
276 244
275 244
274 244
274 243
273 243
272 243
272 242
271 242
271 241
270 241
269 241
268 241
267 241
266 241
265 241
264 241
263 241
262 241
261 241
261 240
260 240
260 239
259 239
259 238
258 238
258 237
258 236
258 235
258 234
258 233
258 232
258 231
258 230
257 230
257 229
256 229
255 229
255 228
254 228
253 228
252 228
251 228
250 228
249 228
248 228
248 227
247 227
246 227
245 227
244 227
243 227
242 227
242 226
241 226
241 225
240 225
240 224
239 224
238 224
238 223
237 223
237 224
236 224
235 224
235 225
234 225
233 225
232 225
231 225
230 225
229 225
228 225
227 225
227 224
226 224
225 224
225 223
224 223
224 222
224 221
224 220
224 219
224 218
224 217
224 216
223 216
223 215
222 215
222 214
221 214
220 214
219 214
218 214
217 214
216 214
216 213
215 213
214 213
214 212
213 212
212 212
212 211
211 211
211 210
211 209
211 208
211 207
210 207
210 206
209 206
208 206
207 206
207 205
207 204
207 203
207 202
207 201
207 200
207 199
208 199
208 198
209 198
209 197
209 196
209 195
209 194
209 193
209 192
209 191
209 190
209 189
209 188
209 187
209 186
209 185
208 185
208 184
208 183
207 183
207 182
207 181
206 181
205 181
205 180
205 179
205 178
205 177
205 176
205 175
205 174
206 174
206 173
207 173
207 172
207 171
207 170
207 169
207 168
207 167
208 167
209 167
210 167
210 168
211 168
212 168
213 168
214 168
214 167
214 166
214 165
215 165
216 165
216 164
217 164
218 164
219 164
220 164
220 165
221 165
222 165
222 164
223 164
224 164
224 163
225 163
225 162
226 162
226 161
227 161
293 238
294 238
295 238
295 239
296 239
296 240
297 240
297 241
298 241
283 216
284 216
282 216
281 216
280 216
279 216
278 216
277 216
277 217
277 218
276 218
276 219
275 219
274 219
274 220
273 220
273 221
273 222
272 222
272 223
272 224
271 224
271 225
270 225
270 226
269 226
269 227
268 227
268 228
268 229
267 229
267 230
267 231
267 232
266 232
266 233
265 233
265 234
264 234
263 234
262 234
261 234
261 235
261 236
261 237
261 238
261 239
285 216
286 216
287 216
288 216
289 216
290 216
291 216
292 216
292 217
292 218
293 218
294 218
295 218
296 218
297 218
298 218
298 219
299 219
300 219
300 218
301 218
302 218
303 218
304 218
305 218
305 217
306 217
307 217
308 217
309 217
310 217
311 217
312 217
313 217
314 217
315 217
315 216
316 216
316 215
317 215
318 215
318 216
319 216
319 217
320 217
320 218
320 219
321 219
321 220
322 220
322 219
322 218
322 217
322 216
322 215
323 215
324 215
324 214
325 214
325 213
326 213
326 212
327 212
327 211
328 211
329 211
330 211
331 211
332 211
333 211
333 212
334 212
335 212
336 212
337 212
338 212
339 212
339 211
340 211
340 212
341 212
341 213
342 213
342 214
342 215
342 216
342 217
343 217
343 218
343 219
344 219
344 220
345 220
345 221
346 221
347 221
348 221
349 221
350 221
350 222
351 222
351 223
352 223
352 222
353 222
354 222
354 221
355 221
356 221
356 220
357 220
357 219
358 219
359 219
359 218
360 218
361 218
362 218
363 218
364 218
365 218
400 357
400 358
400 356
400 355
401 355
401 354
401 353
401 352
401 351
401 350
401 349
401 348
401 347
400 347
400 346
399 346
398 346
398 345
397 345
397 344
396 344
395 344
394 344
393 344
393 343
392 343
392 342
393 342
393 341
393 340
393 339
393 338
393 337
393 336
393 335
394 335
394 334
394 333
395 333
395 332
395 331
396 331
396 330
396 329
396 328
395 328
395 327
394 327
393 327
392 327
391 327
391 326
391 325
391 324
390 324
390 323
390 322
390 321
390 320
400 359
400 360
400 361
400 362
400 363
401 363
401 364
402 364
402 365
403 365
403 366
403 367
403 368
403 369
403 370
403 371
403 372
403 373
402 373
402 374
401 374
400 374
400 373
399 373
398 373
397 373
396 373
395 373
395 374
394 374
394 375
393 375
393 376
393 377
393 378
393 379
393 380
393 381
393 382
393 383
393 384
393 385
394 385
394 386
395 386
396 386
396 387
409 293
409 294
408 293
408 292
408 291
407 291
407 290
406 290
406 289
406 288
405 288
405 287
405 286
405 285
405 284
404 284
404 283
403 283
403 282
402 282
402 281
402 280
402 279
402 278
403 278
404 278
405 278
406 278
407 278
408 278
409 278
410 278
410 277
411 277
412 277
412 276
413 276
413 275
413 274
414 274
414 273
415 273
415 272
416 272
416 271
417 271
418 271
419 271
419 272
419 273
419 274
419 275
419 276
420 276
420 277
421 277
410 294
410 295
411 295
412 295
412 296
413 296
414 296
415 296
416 296
417 296
418 296
419 296
420 296
420 297
37 93
37 92
37 94
37 95
37 96
37 97
37 98
37 99
36 99
36 100
36 101
35 101
35 102
35 103
35 104
34 104
34 105
33 105
33 106
33 107
34 107
34 108
34 109
34 110
34 111
35 111
35 112
36 112
36 113
37 113
37 114
38 114
38 115
39 115
39 116
39 117
40 117
40 118
40 119
40 120
40 121
41 121
41 122
41 123
42 123
42 124
43 124
43 125
43 126
44 126
45 126
45 127
46 127
46 128
46 129
47 129
47 130
47 131
48 131
48 132
48 133
48 134
48 135
48 136
48 137
48 138
49 138
50 138
51 138
52 138
53 138
54 138
55 138
56 138
57 138
57 139
57 140
57 141
57 142
57 143
57 144
57 145
37 91
37 90
36 90
36 89
36 88
35 88
34 88
34 87
33 87
32 87
31 87
31 86
32 86
33 86
34 86
35 86
36 86
37 86
37 85
38 85
39 85
39 84
40 84
40 83
41 83
41 82
42 82
43 82
43 81
44 81
45 81
46 81
47 81
48 81
48 80
48 79
48 78
48 77
48 76
49 76
49 75
49 74
49 73
49 72
49 71
49 70
49 69
49 68
49 67
49 66
49 65
49 64
49 63
49 62
49 61
49 60
50 60
50 59
50 58
50 57
50 56
50 55
50 54
49 54
49 53
50 53
50 52
51 52
52 52
53 52
53 51
54 51
54 50
55 50
329 150
329 151
329 149
328 149
328 148
328 147
328 146
328 145
329 145
329 144
329 143
329 142
329 141
329 140
329 139
329 138
329 137
328 137
328 136
327 136
327 135
326 135
326 134
326 133
326 132
326 131
326 130
326 129
326 128
325 128
324 128
324 129
323 129
322 129
322 130
321 130
321 131
320 131
320 132
319 132
318 132
318 133
317 133
317 134
316 134
316 133
316 132
315 132
315 131
314 131
314 130
313 130
330 151
331 151
332 151
333 151
334 151
335 151
335 152
334 152
334 153
334 154
334 155
334 156
334 157
334 158
333 158
333 159
332 159
332 160
331 160
331 161
330 161
330 162
330 163
331 163
332 163
332 164
333 164
334 164
335 164
335 165
336 165
337 165
337 166
338 166
339 166
339 167
339 168
338 168
338 169
338 170
338 171
338 172
338 173
338 174
338 175
338 176
338 177
338 178
338 179
339 179
340 179
341 179
342 179
343 179
344 179
344 180
344 181
345 181
345 182
344 182
344 183
344 184
343 184
343 185
343 186
343 187
343 188
343 189
343 190
343 191
343 192
343 193
344 193
345 193
345 194
346 194
346 195
345 195
345 196
345 197
345 198
345 199
345 200
345 201
344 201
344 202
343 202
343 203
342 203
342 204
341 204
340 204
339 204
338 204
337 204
336 204
336 205
337 205
338 205
338 206
338 207
338 208
338 209
338 210
338 211
324 187
325 187
323 187
323 188
322 188
322 189
321 189
321 190
321 191
320 191
320 192
319 192
319 193
319 194
318 194
318 195
318 196
318 197
317 197
317 198
316 198
316 199
315 199
315 200
314 200
314 201
313 201
313 202
313 203
313 204
312 204
312 205
312 206
312 207
312 208
312 209
312 210
312 211
312 212
313 212
314 212
314 213
315 213
316 213
316 214
317 214
325 186
326 186
326 185
327 185
327 184
327 183
327 182
328 182
328 181
329 181
329 180
330 180
331 180
332 180
333 180
334 180
335 180
336 180
336 179
337 179
276 190
276 191
276 189
276 188
276 187
276 186
275 186
274 186
274 185
273 185
273 184
272 184
272 183
271 183
270 183
269 183
268 183
267 183
267 182
266 182
266 181
265 181
265 180
265 179
264 179
264 178
264 177
263 177
262 177
261 177
260 177
259 177
259 178
258 178
257 178
257 179
256 179
256 178
255 178
255 177
254 177
254 176
254 175
253 175
253 174
254 174
254 173
254 172
254 171
254 170
253 170
253 169
252 169
251 169
250 169
249 169
276 192
276 193
276 194
276 195
276 196
276 197
276 198
276 199
277 199
277 200
277 201
277 202
277 203
277 204
277 205
277 206
277 207
276 207
276 208
277 208
278 208
279 208
280 208
280 209
280 210
280 211
280 212
280 213
279 213
279 214
279 215
257 464
257 463
257 465
257 466
257 467
257 468
257 469
257 470
256 470
255 470
255 471
254 471
254 472
253 472
252 472
252 473
251 473
250 473
250 474
249 474
249 475
248 475
248 476
247 476
247 477
246 477
245 477
244 477
243 477
242 477
241 477
240 477
239 477
238 477
237 477
257 462
257 461
257 460
257 459
258 459
259 459
260 459
261 459
262 459
263 459
263 460
263 461
264 461
265 461
265 462
266 462
267 462
268 462
269 462
270 462
271 462
272 462
273 462
274 462
275 462
275 461
276 461
276 462
277 462
278 462
279 462
280 462
281 462
282 462
283 462
284 462
285 462
286 462
287 462
311 288
311 287
311 289
312 289
312 290
312 291
313 291
313 292
314 292
314 293
314 294
315 294
315 295
316 295
316 296
316 297
316 298
317 298
317 299
317 300
318 300
318 301
319 301
319 302
319 303
320 303
320 304
320 305
320 306
321 306
321 307
321 308
321 309
321 310
321 311
310 287
310 286
310 285
311 285
311 284
312 284
312 283
313 283
314 283
315 283
316 283
317 283
317 282
318 282
319 282
320 282
321 282
321 281
322 281
323 281
324 281
325 281
326 281
326 280
327 280
328 280
328 279
329 279
329 278
329 277
329 276
329 275
330 275
330 274
330 273
330 272
330 271
330 270
330 269
330 268
329 268
329 267
329 266
329 265
329 264
328 264
328 263
328 262
327 262
327 261
328 261
328 260
329 260
330 260
331 260
332 260
332 259
333 259
333 258
333 257
334 257
334 256
334 255
335 255
335 254
336 254
336 255
336 256
336 257
337 257
337 258
337 259
338 259
338 260
339 260
340 260
341 260
342 260
343 260
344 260
345 260
346 260
67 492
66 492
68 492
69 492
70 492
71 492
71 493
71 494
71 495
72 495
72 496
72 497
73 497
73 496
73 495
73 494
74 494
75 494
76 494
77 494
78 494
78 493
79 493
80 493
81 493
82 493
83 493
84 493
85 493
86 493
87 493
88 493
89 493
89 492
65 492
64 492
63 492
62 492
61 492
61 491
60 491
46 317
47 317
45 317
45 316
44 316
43 316
43 317
43 318
43 319
43 320
43 321
42 321
42 322
41 322
41 323
40 323
39 323
38 323
38 324
37 324
36 324
36 323
35 323
34 323
34 322
33 322
32 322
31 322
30 322
30 321
30 320
29 320
29 319
28 319
28 318
28 317
27 317
27 316
26 316
25 316
24 316
24 315
23 315
22 315
22 314
21 314
21 313
21 312
22 312
22 311
22 310
22 309
22 308
22 307
23 307
23 306
24 306
25 306
25 305
26 305
26 304
27 304
27 303
28 303
29 303
29 302
30 302
31 302
31 301
32 301
32 300
33 300
34 300
34 299
35 299
35 298
35 297
35 296
34 296
34 295
34 294
33 294
33 293
32 293
32 292
32 291
31 291
31 290
31 289
31 288
31 287
30 287
30 286
29 286
28 286
28 285
29 285
30 285
31 285
32 285
33 285
34 285
35 285
36 285
36 284
36 283
36 282
35 282
35 281
35 280
35 279
35 278
35 277
35 276
35 275
36 275
36 274
37 274
37 273
38 273
39 273
39 272
40 272
41 272
41 271
42 271
42 270
43 270
43 269
43 268
44 268
44 267
44 266
45 266
46 266
47 266
47 267
48 267
49 267
49 268
50 268
51 268
52 268
53 268
54 268
55 268
56 268
57 268
57 269
58 269
58 270
58 271
58 272
59 272
59 273
60 273
61 273
61 274
62 274
63 274
64 274
65 274
66 274
66 273
67 273
67 272
68 272
68 271
68 270
68 269
69 269
69 268
69 267
70 267
70 266
70 265
70 264
70 263
70 262
70 261
70 260
70 259
70 258
71 258
72 258
73 258
74 258
75 258
76 258
77 258
78 258
79 258
80 258
81 258
81 259
82 259
82 260
82 261
82 262
82 263
82 264
82 265
83 265
83 266
84 266
85 266
85 267
86 267
86 268
87 268
48 317
49 317
50 317
51 317
52 317
53 317
53 318
54 318
54 319
55 319
55 320
56 320
57 320
57 321
58 321
59 321
59 322
59 323
59 324
59 325
59 326
60 326
60 327
61 327
61 328
61 329
61 330
61 331
61 332
61 333
61 334
62 334
62 335
63 335
64 335
65 335
66 335
67 335
68 335
69 335
70 335
70 334
70 333
71 333
71 332
71 331
72 331
72 330
72 329
72 328
73 328
74 328
75 328
76 328
77 328
78 328
79 328
79 327
80 327
81 327
82 327
83 327
84 327
85 327
86 327
87 327
88 327
89 327
89 326
416 382
417 382
416 383
415 383
415 384
415 385
414 385
413 385
413 386
412 386
411 386
410 386
409 386
408 386
407 386
406 386
405 386
404 386
403 386
402 386
402 387
401 387
400 387
399 387
398 387
397 387
418 382
419 382
420 382
420 381
421 381
421 380
422 380
280 471
280 470
280 472
280 473
280 474
280 475
281 475
281 476
282 476
282 477
283 477
280 469
280 468
280 467
280 466
280 465
280 464
279 464
279 463
278 463
277 463
75 366
75 365
75 367
75 368
75 369
75 370
75 371
75 372
76 372
76 373
77 373
78 373
78 374
79 374
80 374
81 374
82 374
83 374
83 373
83 372
84 372
84 371
84 370
85 370
85 369
86 369
87 369
87 368
88 368
89 368
90 368
91 368
91 367
92 367
92 366
93 366
94 366
95 366
96 366
75 364
75 363
75 362
75 361
75 360
74 360
74 359
73 359
72 359
72 358
71 358
71 357
70 357
70 358
69 358
68 358
67 358
66 358
65 358
64 358
63 358
63 357
62 357
61 357
61 356
60 356
60 355
59 355
58 355
58 354
57 354
57 353
57 352
57 351
57 350
57 349
57 348
57 347
58 347
58 346
58 345
58 344
58 343
59 343
59 342
60 342
60 341
60 340
61 340
61 339
61 338
61 337
61 336
62 336
504 23
503 23
504 24
505 24
505 25
506 25
507 25
507 26
508 26
509 26
510 26
510 27
511 27
511 28
511 29
511 30
511 31
511 32
511 33
511 34
511 35
510 35
509 35
509 36
508 36
507 36
507 37
507 38
506 38
506 39
506 40
506 41
506 42
506 43
506 44
506 45
505 45
505 46
505 47
504 47
504 48
504 49
504 50
504 51
503 51
503 52
502 52
502 53
501 53
500 53
499 53
499 54
498 54
498 55
497 55
497 56
497 57
497 58
497 59
497 60
496 60
496 61
495 61
495 62
495 63
495 64
495 65
495 66
495 67
495 68
495 69
494 69
494 70
493 70
493 71
492 71
492 72
491 72
491 73
490 73
489 73
488 73
488 74
487 74
487 75
487 76
487 77
487 78
486 78
486 79
486 80
485 80
485 81
485 82
484 82
484 83
483 83
503 22
503 21
502 21
502 20
502 19
502 18
502 17
502 16
502 15
502 14
502 13
502 12
501 12
501 11
500 11
500 10
499 10
499 9
498 9
498 10
497 10
497 11
496 11
495 11
495 12
494 12
493 12
492 12
491 12
490 12
489 12
489 13
488 13
488 14
488 15
487 15
487 16
486 16
486 17
485 17
485 18
484 18
483 18
483 19
483 20
482 20
482 21
481 21
481 22
480 22
479 22
478 22
477 22
476 22
475 22
474 22
473 22
472 22
471 22
470 22
470 23
469 23
468 23
468 24
467 24
466 24
466 25
465 25
465 26
465 27
464 27
463 27
462 27
461 27
460 27
459 27
458 27
457 27
456 27
456 28
455 28
455 29
454 29
454 30
453 30
452 30
452 31
451 31
451 32
450 32
450 33
449 33
449 34
334 297
334 298
335 297
335 296
335 295
335 294
334 294
334 293
333 293
333 292
332 292
331 292
331 291
330 291
333 298
333 299
332 299
332 300
332 301
331 301
331 302
330 302
330 303
329 303
329 304
328 304
328 305
327 305
327 306
327 307
326 307
326 308
326 309
326 310
326 311
511 488
511 489
511 487
511 486
511 485
511 484
511 483
511 482
511 481
511 480
511 479
511 478
511 477
511 476
511 475
511 474
511 473
511 472
511 471
511 470
511 469
511 468
511 467
511 466
511 465
510 465
509 465
508 465
508 464
507 464
506 464
505 464
504 464
503 464
502 464
501 464
500 464
500 463
499 463
499 462
498 462
498 461
497 461
497 460
497 459
497 458
511 490
511 491
511 492
511 493
511 494
511 495
510 495
509 495
508 495
507 495
506 495
505 495
504 495
504 496
504 497
504 498
504 499
504 500
504 501
504 502
504 503
504 504
504 505
504 506
504 507
505 507
505 508
506 508
506 509
507 509
507 510
508 510
508 511
509 511
316 482
316 483
316 481
317 481
318 481
318 480
319 480
320 480
320 479
321 479
322 479
323 479
324 479
325 479
325 478
326 478
326 477
327 477
327 476
328 476
328 475
329 475
330 475
331 475
332 475
333 475
334 475
334 476
335 476
336 476
336 477
337 477
316 484
316 485
316 486
316 487
316 488
316 489
316 490
316 491
316 492
317 492
317 493
318 493
318 494
319 494
319 495
320 495
320 496
320 497
320 498
319 498
319 499
318 499
318 500
317 500
316 500
316 501
315 501
315 502
314 502
314 503
313 503
313 504
312 504
312 503
312 502
312 501
312 500
312 499
311 499
311 498
311 497
310 497
310 496
310 495
309 495
309 494
308 494
307 494
306 494
305 494
305 495
304 495
304 496
303 496
302 496
302 495
301 495
301 494
300 494
300 493
299 493
299 492
298 492
298 491
297 491
297 490
296 490
296 489
295 489
295 488
295 487
295 486
296 486
296 485
297 485
297 484
298 484
299 484
300 484
300 483
300 482
300 481
300 480
301 480
301 479
301 478
302 478
302 477
302 476
302 475
302 474
301 474
301 473
300 473
299 473
298 473
297 473
296 473
296 472
295 472
295 471
294 471
294 470
294 469
293 469
293 468
292 468
292 467
291 467
290 467
290 466
289 466
289 465
288 465
288 464
288 463
287 463
150 251
150 250
150 252
150 253
149 253
148 253
147 253
146 253
145 253
144 253
143 253
142 253
141 253
140 253
139 253
138 253
138 252
137 252
136 252
135 252
135 251
134 251
133 251
133 250
132 250
132 249
132 248
132 247
132 246
131 246
130 246
129 246
129 245
128 245
127 245
127 244
126 244
126 243
125 243
125 242
125 241
124 241
124 240
123 240
122 240
122 239
121 239
121 238
120 238
119 238
118 238
118 237
118 236
150 249
150 248
150 247
150 246
151 246
151 245
152 245
152 244
153 244
154 244
155 244
156 244
157 244
158 244
158 243
159 243
159 242
160 242
160 241
161 241
162 241
162 240
163 240
163 239
163 238
163 237
163 236
163 235
164 235
164 236
165 236
165 237
165 238
166 238
166 239
166 240
166 241
167 241
167 242
168 242
169 242
170 242
171 242
172 242
173 242
174 242
175 242
176 242
177 242
177 241
178 241
178 240
178 239
178 238
179 238
179 237
180 237
180 236
180 235
180 234
180 233
180 232
180 231
181 231
181 230
182 230
183 230
184 230
185 230
186 230
187 230
187 229
188 229
188 228
188 227
189 227
189 226
190 226
190 225
190 224
190 223
190 222
190 221
190 220
191 220
191 219
192 219
192 218
193 218
193 217
193 216
193 215
193 214
194 214
195 214
195 213
196 213
197 213
198 213
198 212
199 212
200 212
201 212
201 211
202 211
203 211
204 211
204 210
205 210
206 210
207 210
208 210
209 210
210 210
210 209
210 208
230 272
230 273
230 271
231 271
231 270
231 269
231 268
231 267
232 267
233 267
233 266
234 266
235 266
235 265
236 265
237 265
238 265
239 265
240 265
241 265
242 265
243 265
244 265
245 265
246 265
247 265
248 265
248 264
249 264
250 264
251 264
252 264
253 264
253 263
254 263
254 262
254 261
254 260
255 260
255 259
255 258
255 257
256 257
257 257
258 257
259 257
259 256
259 255
259 254
259 253
259 252
259 251
258 251
258 250
257 250
257 249
257 248
257 247
257 246
257 245
258 245
258 244
259 244
259 243
260 243
260 242
261 242
230 274
230 275
230 276
230 277
230 278
230 279
230 280
230 281
230 282
231 282
231 283
231 284
232 284
232 285
232 286
233 286
233 287
234 287
235 287
235 288
236 288
237 288
237 289
237 290
238 290
238 291
0 153
0 154
0 152
0 151
0 150
0 149
0 148
0 147
0 146
0 145
0 144
0 143
0 142
0 141
1 141
2 141
3 141
3 140
3 139
3 138
3 137
3 136
3 135
4 135
4 134
5 134
5 133
6 133
6 132
6 131
6 130
6 129
6 128
6 127
7 127
8 127
8 126
9 126
10 126
11 126
12 126
13 126
14 126
15 126
16 126
16 125
17 125
17 124
18 124
19 124
20 124
21 124
22 124
23 124
24 124
25 124
25 123
26 123
26 122
27 122
27 121
27 120
28 120
28 119
28 118
28 117
29 117
29 116
30 116
31 116
32 116
32 115
33 115
33 114
34 114
34 113
35 113
0 155
0 156
0 157
0 158
0 159
0 160
1 160
2 160
3 160
4 160
5 160
5 161
6 161
7 161
7 162
8 162
8 163
9 163
9 164
10 164
10 165
10 166
10 167
10 168
10 169
10 170
10 171
9 171
9 172
10 172
10 173
11 173
11 174
11 175
11 176
11 177
11 178
10 178
10 179
10 180
9 180
9 181
9 182
8 182
8 183
7 183
7 184
6 184
6 185
5 185
5 186
5 187
4 187
4 188
4 189
4 190
4 191
3 191
3 192
4 192
4 193
5 193
5 194
6 194
6 195
7 195
8 195
8 196
9 196
9 197
10 197
10 198
11 198
11 199
12 199
13 199
13 200
14 200
15 200
16 200
16 201
17 201
18 201
19 201
20 201
21 201
22 201
23 201
24 201
24 200
25 200
25 199
26 199
26 198
26 197
27 197
27 196
27 195
27 194
28 194
28 193
29 193
30 193
30 192
31 192
32 192
32 191
33 191
33 190
34 190
34 189
35 189
35 188
36 188
36 187
37 187
37 186
38 186
38 185
39 185
39 184
40 184
40 183
41 183
41 182
42 182
42 181
42 180
170 488
170 487
170 489
170 490
170 491
171 491
172 491
172 490
173 490
173 489
174 489
175 489
176 489
177 489
178 489
179 489
180 489
180 490
181 490
182 490
183 490
184 490
185 490
186 490
187 490
188 490
189 490
190 490
190 489
191 489
192 489
192 488
192 487
193 487
193 486
193 485
193 484
194 484
195 484
196 484
197 484
198 484
199 484
199 483
200 483
201 483
202 483
202 482
203 482
204 482
204 481
205 481
206 481
207 481
208 481
209 481
210 481
211 481
212 481
213 481
213 482
214 482
215 482
216 482
217 482
217 483
218 483
219 483
219 484
220 484
221 484
221 485
222 485
223 485
223 484
224 484
225 484
225 483
226 483
227 483
227 482
228 482
229 482
230 482
230 481
231 481
231 480
232 480
233 480
233 479
234 479
235 479
235 478
236 478
236 477
170 486
169 486
169 485
169 484
169 483
169 482
169 481
168 481
168 480
167 480
167 479
166 479
165 479
164 479
163 479
162 479
161 479
160 479
159 479
158 479
157 479
156 479
155 479
155 480
154 480
154 481
154 482
154 483
154 484
154 485
153 485
153 486
152 486
152 487
152 488
152 489
152 490
151 490
151 491
151 492
150 492
150 493
150 494
149 494
149 495
149 496
149 497
281 411
280 411
282 411
282 412
283 412
284 412
284 413
285 413
285 414
286 414
286 415
286 416
286 417
287 417
288 417
288 418
289 418
289 419
290 419
291 419
291 420
292 420
293 420
294 420
294 421
294 422
294 423
295 423
295 424
295 425
295 426
294 426
294 427
293 427
293 428
293 429
293 430
294 430
294 431
294 432
294 433
295 433
295 434
295 435
295 436
295 437
295 438
295 439
295 440
294 440
294 441
293 441
293 442
293 443
293 444
293 445
292 445
292 446
292 447
291 447
291 448
291 449
290 449
290 450
289 450
289 451
288 451
288 452
288 453
288 454
288 455
288 456
288 457
288 458
287 458
287 459
287 460
287 461
280 410
279 410
279 409
279 408
278 408
278 407
278 406
278 405
277 405
277 404
277 403
278 403
278 402
278 401
278 400
278 399
279 399
279 398
279 397
279 396
278 396
278 395
278 394
277 394
277 393
277 392
276 392
276 391
276 390
276 389
276 388
276 387
275 387
275 386
275 385
275 384
275 383
275 382
275 381
274 381
273 381
273 380
272 380
271 380
270 380
269 380
268 380
267 380
267 379
266 379
266 378
265 378
265 377
264 377
264 376
263 376
263 375
262 375
262 374
262 373
262 372
263 372
263 371
263 370
263 369
263 368
264 368
264 367
264 366
264 365
264 364
264 363
265 363
266 363
266 362
267 362
267 361
267 360
266 360
266 359
266 358
266 357
265 357
265 356
266 356
266 355
266 354
267 354
267 353
267 352
267 351
268 351
268 350
269 350
269 349
269 348
269 347
270 347
270 346
270 345
271 345
271 344
272 344
273 344
273 343
274 343
274 342
275 342
275 341
276 341
276 340
277 340
277 339
277 338
278 338
278 337
279 337
280 337
281 337
282 337
282 336
283 336
284 336
284 335
285 335
285 334
286 334
286 333
287 333
288 333
289 333
290 333
291 333
292 333
292 332
293 332
294 332
294 331
295 331
295 330
296 330
297 330
297 331
298 331
298 332
299 332
299 333
299 334
299 335
300 335
300 334
300 333
300 332
300 331
300 330
301 330
301 329
302 329
302 328
303 328
303 327
304 327
305 327
305 326
306 326
307 326
308 326
309 326
310 326
311 326
311 325
312 325
312 324
313 324
314 324
315 324
316 324
316 323
374 456
375 456
373 456
372 456
371 456
370 456
369 456
369 455
368 455
368 454
367 454
366 454
365 454
364 454
363 454
362 454
362 455
361 455
360 455
360 456
359 456
358 456
357 456
356 456
355 456
354 456
353 456
352 456
351 456
350 456
349 456
348 456
348 457
348 458
348 459
348 460
347 460
346 460
345 460
344 460
343 460
342 460
341 460
340 460
339 460
339 461
338 461
337 461
336 461
335 461
334 461
333 461
332 461
331 461
331 460
331 459
330 459
330 460
330 461
330 462
330 463
330 464
330 465
330 466
330 467
331 467
331 468
331 469
331 470
331 471
331 472
331 473
331 474
376 456
377 456
378 456
379 456
380 456
381 456
382 456
383 456
384 456
385 456
386 456
387 456
388 456
389 456
390 456
391 456
391 455
392 455
392 454
393 454
393 453
393 452
394 452
394 451
395 451
395 450
395 449
396 449
396 448
397 448
397 447
397 446
397 445
397 444
398 444
398 443
399 443
400 443
400 442
401 442
402 442
402 441
403 441
404 441
405 441
405 440
406 440
407 440
407 439
407 438
407 437
407 436
407 435
407 434
407 433
408 433
409 433
409 432
410 432
410 431
409 431
409 430
409 429
409 428
408 428
408 427
407 427
406 427
405 427
405 426
404 426
403 426
403 425
402 425
401 425
401 424
400 424
400 423
401 423
401 422
402 422
402 421
403 421
403 420
404 420
404 419
405 419
405 418
405 417
405 416
405 415
405 414
405 413
405 412
404 412
404 411
403 411
403 410
402 410
402 409
402 408
401 408
401 407
401 406
401 405
401 404
401 403
401 402
401 401
401 400
401 399
401 398
401 397
401 396
401 395
401 394
401 393
401 392
401 391
401 390
401 389
401 388
220 288
220 289
220 287
220 286
221 286
221 285
221 284
222 284
222 283
223 283
224 283
224 282
224 281
225 281
225 280
226 280
227 280
228 280
229 280
220 290
220 291
220 292
219 292
218 292
218 293
217 293
216 293
216 294
215 294
215 295
214 295
306 17
306 18
306 16
306 15
306 14
305 14
305 13
304 13
304 12
304 11
303 11
303 10
302 10
301 10
300 10
299 10
298 10
297 10
296 10
295 10
294 10
294 9
294 8
293 8
293 7
292 7
291 7
290 7
289 7
288 7
287 7
287 6
288 6
288 5
289 5
289 4
289 3
289 2
289 1
290 1
290 0
289 0
288 0
287 0
286 0
285 0
284 0
283 0
282 0
282 1
281 1
281 2
281 3
280 3
280 4
279 4
278 4
277 4
276 4
276 5
275 5
274 5
273 5
272 5
271 5
270 5
269 5
269 6
268 6
267 6
266 6
265 6
265 7
264 7
263 7
263 8
263 9
263 10
262 10
261 10
261 11
260 11
260 12
259 12
259 13
258 13
258 14
257 14
257 15
256 15
256 16
255 16
254 16
254 17
253 17
252 17
251 17
250 17
249 17
248 17
248 16
306 19
306 20
306 21
305 21
305 22
306 22
306 23
307 23
308 23
309 23
309 24
309 25
310 25
310 26
310 27
310 28
310 29
310 30
310 31
310 32
310 33
309 33
309 34
309 35
309 36
309 37
310 37
310 38
310 39
311 39
311 40
311 41
311 42
311 43
311 44
311 45
311 46
311 47
312 47
313 47
314 47
314 48
314 49
314 50
314 51
315 51
315 52
316 52
316 53
317 53
317 54
317 55
317 56
317 57
317 58
318 58
318 59
319 59
319 60
320 60
320 61
320 62
320 63
320 64
320 65
320 66
321 66
322 66
322 67
323 67
324 67
71 453
72 453
70 453
69 453
68 453
68 452
67 452
67 451
66 451
65 451
65 450
64 450
64 449
64 448
63 448
63 447
63 446
62 446
62 445
62 444
62 443
62 442
62 441
62 440
62 439
63 439
63 438
64 438
64 437
63 437
63 436
63 435
63 434
63 433
63 432
63 431
63 430
63 429
62 429
62 430
61 430
60 430
59 430
58 430
57 430
56 430
55 430
55 431
55 432
54 432
54 431
53 431
52 431
51 431
50 431
50 430
49 430
48 430
47 430
47 429
46 429
45 429
45 428
45 427
44 427
44 426
44 425
44 424
44 423
44 422
44 421
44 420
44 419
44 418
43 418
43 417
42 417
42 416
41 416
40 416
40 415
39 415
39 414
38 414
38 413
37 413
37 412
36 412
36 411
36 410
35 410
35 409
35 408
35 407
35 406
34 406
34 405
34 404
33 404
33 403
33 402
33 401
33 400
33 399
33 398
33 397
33 396
32 396
32 395
31 395
31 394
30 394
30 393
30 392
29 392
29 391
28 391
27 391
26 391
25 391
25 390
24 390
23 390
23 389
22 389
22 388
22 387
21 387
21 386
21 385
21 384
21 383
20 383
20 382
21 382
22 382
23 382
24 382
25 382
26 382
27 382
28 382
29 382
29 383
30 383
31 383
32 383
33 383
34 383
35 383
36 383
37 383
38 383
39 383
40 383
41 383
42 383
42 382
42 381
42 380
42 379
42 378
43 378
43 377
44 377
44 376
45 376
46 376
47 376
48 376
49 376
50 376
50 377
51 377
52 377
53 377
54 377
55 377
56 377
57 377
58 377
59 377
60 377
61 377
62 377
63 377
64 377
65 377
66 377
66 376
66 375
67 375
68 375
68 374
69 374
70 374
71 374
72 374
73 374
74 374
75 374
76 374
77 374
73 453
74 453
75 453
76 453
77 453
78 453
78 452
79 452
80 452
81 452
82 452
83 452
83 453
84 453
85 453
86 453
86 454
87 454
87 455
88 455
88 456
89 456
90 456
90 457
91 457
91 458
91 459
92 459
92 460
93 460
93 461
94 461
94 462
94 463
95 463
96 463
97 463
97 464
98 464
99 464
100 464
100 463
101 463
102 463
103 463
104 463
104 464
105 464
105 465
106 465
106 466
106 467
106 468
106 469
106 470
193 456
193 457
194 456
194 455
195 455
195 454
196 454
196 453
197 453
197 452
198 452
198 451
193 458
192 458
192 459
192 460
192 461
191 461
191 462
191 463
190 463
190 464
190 465
189 465
189 466
189 467
188 467
188 468
187 468
187 469
186 469
186 470
186 471
186 472
186 473
185 473
185 474
185 475
184 475
184 476
184 477
183 477
183 478
183 479
183 480
182 480
182 481
181 481
181 482
180 482
180 483
179 483
179 484
179 485
179 486
179 487
179 488
202 337
201 337
202 338
203 338
203 339
204 339
205 339
206 339
207 339
208 339
209 339
210 339
211 339
212 339
213 339
214 339
215 339
216 339
217 339
218 339
219 339
220 339
221 339
221 340
222 340
222 341
223 341
224 341
224 342
225 342
225 343
226 343
227 343
228 343
229 343
229 344
230 344
231 344
232 344
233 344
234 344
235 344
236 344
237 344
238 344
238 345
239 345
240 345
241 345
242 345
243 345
244 345
245 345
245 346
245 347
245 348
246 348
246 349
246 350
246 351
247 351
247 352
248 352
248 353
249 353
250 353
251 353
251 354
252 354
252 355
253 355
254 355
255 355
256 355
257 355
257 356
258 356
259 356
259 357
260 357
261 357
262 357
263 357
264 357
201 336
201 335
201 334
200 334
200 333
200 332
200 331
200 330
200 329
200 328
200 327
200 326
200 325
200 324
201 324
202 324
202 323
202 322
202 321
202 320
202 319
202 318
202 317
202 316
202 315
202 314
202 313
203 313
204 313
204 312
205 312
206 312
207 312
208 312
209 312
210 312
211 312
211 311
211 310
211 309
211 308
211 307
212 307
212 306
212 305
212 304
213 304
213 303
214 303
215 303
215 302
215 301
215 300
215 299
215 298
215 297
215 296
