494 308
495 308
493 308
492 308
491 308
490 308
490 309
489 309
496 308
497 308
498 308
498 309
499 309
500 309
501 309
502 309
503 309
504 309
505 309
506 309
507 309
508 309
509 309
510 309
510 310
511 310
468 299
468 300
468 298
468 297
469 297
469 296
470 296
471 296
472 296
472 295
473 295
473 294
474 294
474 293
475 293
475 292
475 291
475 290
475 289
476 289
476 288
477 288
478 288
479 288
480 288
481 288
482 288
482 289
483 289
483 290
483 291
483 292
483 293
484 293
484 294
485 294
485 295
485 296
486 296
486 297
486 298
486 299
486 300
486 301
486 302
486 303
487 303
487 304
487 305
487 306
487 307
487 308
488 308
488 309
468 301
467 301
467 302
466 302
466 303
466 304
465 304
465 305
465 306
465 307
465 308
465 309
465 310
465 311
464 311
464 312
464 313
465 313
465 314
466 314
466 315
467 315
467 316
468 316
469 316
469 317
470 317
471 317
472 317
473 317
474 317
475 317
476 317
476 318
476 319
477 319
477 320
478 320
478 321
479 321
479 322
480 322
480 323
481 323
482 323
483 323
484 323
485 323
486 323
486 324
487 324
487 323
488 323
489 323
489 322
489 321
489 320
489 319
489 318
489 317
489 316
489 315
489 314
489 313
489 312
489 311
489 310
483 152
482 152
484 152
485 152
486 152
486 151
487 151
487 152
487 153
487 154
488 154
488 155
488 156
488 157
488 158
488 159
488 160
488 161
488 162
488 163
489 163
490 163
491 163
492 163
493 163
494 163
481 152
480 152
480 151
479 151
478 151
477 151
476 151
475 151
474 151
473 151
472 151
471 151
470 151
470 150
469 150
469 149
469 148
468 148
468 147
467 147
469 435
470 435
469 436
469 437
469 438
469 439
469 440
470 440
470 441
470 442
470 443
470 444
470 445
469 445
469 446
468 446
467 446
466 446
465 446
465 447
464 447
464 448
463 448
463 449
463 450
462 450
462 451
461 451
461 452
461 453
461 454
461 455
460 455
460 456
470 434
470 433
471 433
471 432
471 431
472 431
472 430
473 430
474 430
475 430
476 430
477 430
477 429
478 429
479 429
480 429
481 429
481 428
482 428
483 428
483 427
484 427
484 426
484 425
485 425
485 424
485 423
485 422
486 422
486 421
486 420
486 419
486 418
487 418
487 417
488 417
488 416
489 416
489 417
490 417
490 418
491 418
491 419
491 420
492 420
492 421
492 422
493 422
494 422
495 422
496 422
497 422
497 423
498 423
498 422
499 422
499 421
499 420
500 420
500 419
501 419
501 418
502 418
502 417
503 417
503 416
504 416
505 416
506 416
507 416
508 416
509 416
509 417
510 417
510 418
510 419
511 419
511 420
511 421
503 111
503 112
504 111
505 111
506 111
506 110
506 109
506 108
506 107
506 106
506 105
507 105
507 104
507 103
507 102
507 101
507 100
507 99
508 99
508 98
509 98
509 97
502 112
501 112
500 112
500 113
499 113
499 114
499 115
500 115
500 116
500 117
500 118
500 119
500 120
499 120
499 121
498 121
497 121
497 122
498 122
498 123
499 123
499 124
500 124
500 125
501 125
501 126
501 127
501 128
501 129
501 130
501 131
500 131
500 132
499 132
498 132
497 132
496 132
495 132
494 132
493 132
492 132
491 132
491 131
490 131
489 131
489 132
488 132
488 133
487 133
487 134
487 135
486 135
486 136
485 136
484 136
484 135
483 135
483 134
482 134
481 134
480 134
479 134
478 134
477 134
476 134
476 135
476 136
476 137
476 138
476 139
476 140
476 141
476 142
477 142
477 143
477 144
477 145
477 146
477 147
477 148
476 148
475 148
475 149
474 149
473 149
472 149
471 149
470 149
498 367
497 367
499 367
500 367
501 367
502 367
502 368
503 368
503 369
504 369
504 370
505 370
505 371
505 372
506 372
506 373
507 373
507 374
507 375
507 376
507 377
507 378
507 379
507 380
506 380
505 380
505 381
504 381
504 382
503 382
502 382
502 383
501 383
501 384
500 384
500 385
500 386
499 386
499 387
498 387
498 388
498 389
497 389
496 389
496 390
495 390
495 391
495 392
496 392
496 393
496 394
496 395
496 396
496 397
496 398
496 399
496 400
496 401
496 402
496 403
496 404
496 405
495 405
495 406
494 406
493 406
493 407
492 407
492 408
491 408
490 408
490 409
489 409
488 409
488 410
487 410
487 411
487 412
488 412
488 413
488 414
488 415
496 367
495 367
494 367
493 367
493 368
492 368
492 369
491 369
491 370
490 370
490 369
490 368
490 367
490 366
490 365
490 364
490 363
490 362
490 361
490 360
491 360
492 360
492 359
493 359
493 358
492 358
492 357
492 356
492 355
492 354
492 353
492 352
492 351
492 350
493 350
493 349
493 348
493 347
494 347
494 346
494 345
495 345
495 344
496 344
496 343
496 342
495 342
494 342
493 342
492 342
491 342
491 341
490 341
490 340
491 340
491 339
492 339
492 338
493 338
494 338
494 337
494 336
495 336
495 335
495 334
496 334
496 333
495 333
495 332
495 331
494 331
494 330
493 330
493 329
492 329
492 328
491 328
491 327
491 326
490 326
490 325
489 325
489 324
488 324
480 333
480 332
480 334
480 335
479 335
479 336
478 336
477 336
476 336
476 337
475 337
475 338
474 338
474 339
474 340
474 341
474 342
474 343
475 343
475 344
475 345
475 346
475 347
476 347
476 348
477 348
477 349
478 349
478 350
479 350
479 351
480 351
480 352
481 352
482 352
483 352
484 352
485 352
486 352
487 352
488 352
489 352
490 352
491 352
491 351
480 331
480 330
480 329
480 328
480 327
480 326
480 325
480 324
481 324
504 181
505 181
504 182
503 182
503 183
502 183
502 184
501 184
501 185
501 186
500 186
500 187
500 188
500 189
500 190
501 190
501 191
502 191
502 192
501 192
501 193
500 193
500 194
500 195
499 195
499 196
499 197
499 198
499 199
499 200
499 201
499 202
499 203
500 203
501 203
502 203
502 204
503 204
503 205
503 206
503 207
503 208
503 209
502 209
502 210
502 211
501 211
501 212
500 212
500 213
500 214
499 214
499 215
499 216
499 217
499 218
499 219
500 219
501 219
502 219
502 220
503 220
503 221
504 221
504 222
504 223
504 224
504 225
503 225
503 226
503 227
502 227
501 227
501 228
500 228
499 228
499 229
498 229
498 230
497 230
497 231
496 231
495 231
494 231
493 231
492 231
491 231
490 231
489 231
489 232
488 232
488 233
487 233
486 233
485 233
484 233
483 233
482 233
481 233
481 234
480 234
480 235
479 235
479 236
479 237
479 238
478 238
478 239
478 240
478 241
478 242
478 243
478 244
477 244
477 245
476 245
476 246
476 247
476 248
476 249
475 249
475 250
475 251
475 252
475 253
475 254
475 255
475 256
474 256
474 257
474 258
474 259
473 259
473 260
473 261
473 262
473 263
505 180
505 179
505 178
505 177
505 176
505 175
506 175
506 174
507 174
507 173
508 173
509 173
509 172
510 172
511 172
511 171
511 170
511 169
511 168
511 167
510 167
510 166
510 165
510 164
510 163
510 162
509 162
508 162
508 161
507 161
507 160
506 160
505 160
504 160
504 161
503 161
502 161
502 162
501 162
500 162
499 162
498 162
497 162
496 162
495 162
495 163
490 76
491 76
490 77
489 77
488 77
487 77
487 78
486 78
485 78
485 79
484 79
483 79
482 79
482 80
481 80
481 81
481 82
481 83
481 84
481 85
482 85
482 86
482 87
483 87
484 87
484 88
485 88
485 87
486 87
487 87
487 86
488 86
489 86
489 85
490 85
491 85
492 85
493 85
494 85
494 86
494 87
494 88
494 89
494 90
494 91
494 92
494 93
494 94
494 95
494 96
495 96
496 96
497 96
498 96
499 96
500 96
501 96
502 96
503 96
504 96
505 96
506 96
507 96
508 96
509 96
491 75
491 74
491 73
491 72
491 71
491 70
491 69
491 68
491 67
491 66
491 65
491 64
491 63
491 62
491 61
491 60
491 59
491 58
491 57
492 57
492 56
493 56
493 55
494 55
494 54
494 53
495 53
496 53
496 52
497 52
498 52
498 51
497 51
497 50
496 50
496 49
496 48
495 48
494 48
494 47
493 47
493 46
492 46
491 46
490 46
490 45
489 45
489 44
488 44
488 43
487 43
486 43
485 43
484 43
483 43
482 43
482 42
482 41
482 40
482 39
482 38
482 37
482 36
482 35
482 34
481 34
481 33
481 32
481 31
481 30
481 29
480 29
480 28
479 28
478 28
477 28
476 28
475 28
474 28
474 27
473 27
473 26
472 26
471 26
471 25
470 25
469 25
468 25
467 25
466 25
465 25
464 25
463 25
462 25
461 25
460 25
460 24
459 24
459 23
458 23
458 22
458 21
458 20
458 19
458 18
459 18
459 17
460 17
460 16
461 16
462 16
462 15
462 14
462 13
462 12
463 12
463 11
463 10
463 9
463 8
463 7
463 6
463 5
463 4
463 3
503 276
503 275
503 277
503 278
503 279
503 280
503 281
503 282
503 283
504 283
504 284
505 284
505 285
505 286
505 287
505 288
505 289
505 290
505 291
505 292
505 293
504 293
504 294
503 294
502 294
501 294
501 295
500 295
499 295
498 295
498 296
497 296
497 297
497 298
496 298
496 299
495 299
495 300
494 300
494 301
494 302
494 303
494 304
494 305
494 306
494 307
493 307
492 307
491 307
503 274
503 273
503 272
503 271
503 270
503 269
504 269
505 269
506 269
506 268
506 267
507 267
507 266
507 265
507 264
507 263
507 262
506 262
506 261
505 261
504 261
504 260
503 260
502 260
502 259
501 259
501 258
500 258
499 258
499 259
498 259
497 259
496 259
495 259
494 259
493 259
493 260
492 260
491 260
491 259
490 259
489 259
488 259
487 259
486 259
485 259
484 259
483 259
483 260
482 260
481 260
481 261
480 261
480 260
479 260
479 259
478 259
478 258
477 258
476 258
475 258
501 144
501 145
501 143
501 142
501 141
501 140
501 139
500 139
499 139
498 139
497 139
497 138
497 137
497 136
497 135
497 134
497 133
498 133
502 145
502 146
502 147
502 148
502 149
502 150
502 151
503 151
504 151
505 151
506 151
507 151
507 152
508 152
508 153
508 154
508 155
508 156
508 157
508 158
508 159
507 159
408 455
409 455
407 455
406 455
406 454
405 454
404 454
404 453
403 453
403 452
402 452
401 452
401 451
400 451
400 450
409 456
410 456
411 456
411 457
412 457
413 457
414 457
415 457
416 457
417 457
417 456
418 456
418 455
419 455
419 454
420 454
420 455
421 455
421 456
421 457
422 457
422 458
423 458
423 459
424 459
425 459
425 460
426 460
427 460
427 461
427 462
428 462
428 463
429 463
430 463
431 463
431 464
431 465
431 466
431 467
431 468
431 469
431 470
431 471
431 472
431 473
431 474
431 475
431 476
430 476
430 477
431 477
432 477
433 477
433 478
434 478
435 478
436 478
436 479
436 480
436 481
436 482
435 482
435 483
435 484
436 484
437 484
438 484
439 484
440 484
441 484
442 484
443 484
443 483
443 482
444 482
444 481
444 480
445 480
446 480
447 480
448 480
449 480
450 480
451 480
452 480
453 480
454 480
455 480
456 480
457 480
458 480
458 481
459 481
460 481
461 481
462 481
463 481
463 480
464 480
465 480
465 479
464 479
464 478
464 477
464 476
464 475
464 474
465 474
465 473
466 473
466 472
467 472
467 471
467 470
467 469
467 468
467 467
467 466
467 465
468 465
468 464
468 463
468 462
467 462
466 462
465 462
464 462
463 462
462 462
461 462
460 462
460 461
460 460
460 459
460 458
460 457
97 14
98 14
97 15
97 16
96 16
96 17
95 17
95 18
94 18
93 18
92 18
91 18
90 18
89 18
89 17
88 17
87 17
86 17
85 17
84 17
83 17
83 18
83 19
83 20
82 20
81 20
80 20
79 20
78 20
77 20
76 20
75 20
74 20
74 19
74 18
74 17
74 16
74 15
74 14
74 13
74 12
74 11
74 10
74 9
74 8
74 7
74 6
74 5
74 4
74 3
74 2
74 1
74 0
73 0
72 0
71 0
70 0
69 0
68 0
67 0
66 0
65 0
64 0
63 0
62 0
61 0
60 0
59 0
58 0
57 0
56 0
55 0
54 0
53 0
52 0
51 0
50 0
49 0
48 0
47 0
46 0
45 0
44 0
43 0
42 0
41 0
40 0
39 0
38 0
37 0
36 0
35 0
34 0
33 0
32 0
31 0
30 0
29 0
28 0
27 0
26 0
25 0
24 0
23 0
22 0
21 0
20 0
19 0
18 0
17 0
16 0
15 0
14 0
13 0
12 0
11 0
10 0
9 0
8 0
7 0
6 0
5 0
4 0
3 0
2 0
1 0
0 0
0 1
0 2
0 3
0 4
0 5
0 6
0 7
0 8
0 9
0 10
0 11
0 12
0 13
0 14
0 15
0 16
0 17
0 18
0 19
0 20
0 21
0 22
0 23
0 24
0 25
0 26
0 27
0 28
0 29
0 30
0 31
0 32
0 33
0 34
0 35
0 36
0 37
0 38
0 39
0 40
0 41
0 42
0 43
0 44
0 45
0 46
0 47
0 48
0 49
0 50
0 51
0 52
0 53
0 54
0 55
0 56
0 57
0 58
0 59
0 60
0 61
0 62
0 63
0 64
0 65
0 66
0 67
0 68
0 69
0 70
0 71
0 72
0 73
0 74
0 75
0 76
0 77
0 78
0 79
0 80
0 81
0 82
0 83
0 84
0 85
0 86
0 87
0 88
0 89
0 90
0 91
0 92
0 93
0 94
0 95
0 96
0 97
0 98
0 99
0 100
0 101
0 102
0 103
0 104
0 105
0 106
0 107
0 108
0 109
0 110
0 111
0 112
0 113
0 114
0 115
0 116
0 117
0 118
0 119
0 120
0 121
0 122
0 123
0 124
0 125
0 126
0 127
0 128
0 129
0 130
0 131
0 132
0 133
0 134
0 135
0 136
1 136
2 136
3 136
4 136
5 136
6 136
7 136
8 136
9 136
10 136
11 136
12 136
13 136
14 136
15 136
16 136
17 136
18 136
19 136
20 136
21 136
22 136
23 136
24 136
24 137
24 138
24 139
24 140
24 141
24 142
24 143
24 144
24 145
24 146
24 147
24 148
24 149
24 150
24 151
24 152
24 153
24 154
24 155
24 156
24 157
24 158
24 159
24 160
24 161
24 162
24 163
24 164
24 165
24 166
24 167
24 168
24 169
24 170
24 171
24 172
24 173
24 174
24 175
24 176
24 177
24 178
24 179
24 180
24 181
24 182
24 183
24 184
24 185
24 186
24 187
24 188
24 189
24 190
24 191
24 192
24 193
24 194
24 195
24 196
24 197
24 198
24 199
24 200
24 201
24 202
24 203
24 204
24 205
24 206
24 207
24 208
24 209
24 210
24 211
24 212
24 213
24 214
24 215
24 216
24 217
24 218
24 219
24 220
24 221
24 222
24 223
24 224
24 225
24 226
24 227
24 228
24 229
24 230
24 231
24 232
24 233
24 234
24 235
24 236
24 237
24 238
24 239
24 240
24 241
24 242
24 243
24 244
24 245
24 246
24 247
24 248
24 249
24 250
24 251
24 252
24 253
24 254
24 255
24 256
24 257
24 258
24 259
24 260
24 261
24 262
24 263
24 264
24 265
24 266
24 267
24 268
24 269
24 270
24 271
24 272
24 273
24 274
24 275
24 276
24 277
24 278
24 279
24 280
24 281
24 282
24 283
24 284
24 285
24 286
24 287
24 288
24 289
24 290
24 291
24 292
24 293
24 294
24 295
24 296
25 296
26 296
27 296
28 296
29 296
30 296
31 296
32 296
33 296
34 296
35 296
36 296
37 296
38 296
39 296
40 296
41 296
42 296
43 296
44 296
45 296
46 296
47 296
48 296
49 296
50 296
51 296
52 296
53 296
54 296
55 296
56 296
57 296
58 296
59 296
60 296
61 296
62 296
63 296
64 296
65 296
66 296
67 296
68 296
69 296
70 296
71 296
72 296
73 296
74 296
75 296
76 296
77 296
78 296
78 295
78 294
78 293
78 292
78 291
78 290
78 289
78 288
78 287
79 287
79 286
79 285
80 285
80 284
80 283
80 282
81 282
81 281
82 281
82 282
83 282
83 283
84 283
84 284
85 284
85 285
86 285
86 286
86 287
87 287
87 288
87 289
87 290
87 291
87 292
87 293
87 294
87 295
87 296
88 296
89 296
90 296
91 296
92 296
93 296
94 296
95 296
96 296
97 296
98 296
99 296
100 296
101 296
102 296
103 296
104 296
105 296
106 296
107 296
108 296
109 296
110 296
111 296
112 296
113 296
114 296
115 296
116 296
117 296
118 296
119 296
120 296
120 297
120 298
120 299
120 300
120 301
120 302
120 303
120 304
120 305
120 306
120 307
120 308
120 309
120 310
120 311
120 312
120 313
120 314
120 315
120 316
120 317
120 318
120 319
120 320
120 321
120 322
120 323
120 324
120 325
120 326
120 327
120 328
120 329
120 330
120 331
120 332
120 333
120 334
120 335
120 336
120 337
120 338
120 339
120 340
120 341
120 342
120 343
120 344
120 345
120 346
120 347
120 348
120 349
120 350
120 351
120 352
120 353
120 354
120 355
120 356
120 357
120 358
120 359
120 360
120 361
120 362
120 363
120 364
120 365
120 366
120 367
120 368
120 369
120 370
120 371
120 372
120 373
120 374
120 375
120 376
120 377
120 378
120 379
120 380
120 381
120 382
120 383
120 384
120 385
120 386
120 387
120 388
120 389
120 390
120 391
120 392
121 392
122 392
123 392
124 392
125 392
126 392
127 392
128 392
129 392
130 392
131 392
132 392
133 392
134 392
135 392
136 392
137 392
138 392
139 392
140 392
141 392
142 392
143 392
144 392
145 392
146 392
147 392
148 392
149 392
150 392
151 392
152 392
153 392
154 392
155 392
156 392
157 392
158 392
159 392
160 392
161 392
162 392
163 392
164 392
165 392
166 392
167 392
168 392
169 392
170 392
171 392
172 392
173 392
174 392
175 392
176 392
177 392
178 392
179 392
180 392
181 392
182 392
183 392
184 392
185 392
186 392
187 392
188 392
189 392
190 392
191 392
192 392
193 392
194 392
195 392
196 392
197 392
198 392
199 392
200 392
201 392
202 392
203 392
204 392
205 392
206 392
207 392
208 392
209 392
210 392
211 392
212 392
213 392
214 392
215 392
216 392
217 392
218 392
219 392
220 392
221 392
222 392
223 392
224 392
225 392
226 392
227 392
228 392
229 392
230 392
231 392
232 392
233 392
234 392
235 392
236 392
237 392
238 392
239 392
240 392
241 392
242 392
243 392
244 392
245 392
246 392
247 392
248 392
249 392
250 392
251 392
252 392
253 392
254 392
255 392
256 392
257 392
258 392
259 392
260 392
261 392
262 392
263 392
264 392
265 392
266 392
267 392
268 392
269 392
270 392
271 392
272 392
273 392
274 392
275 392
276 392
277 392
278 392
279 392
280 392
281 392
282 392
283 392
284 392
285 392
286 392
287 392
288 392
289 392
290 392
291 392
292 392
293 392
294 392
295 392
296 392
297 392
298 392
299 392
300 392
301 392
302 392
303 392
304 392
305 392
306 392
307 392
308 392
309 392
310 392
311 392
312 392
312 391
312 390
312 389
312 388
313 388
314 388
315 388
316 388
317 388
318 388
319 388
320 388
321 388
322 388
323 388
324 388
325 388
326 388
327 388
328 388
328 387
328 386
328 385
328 384
328 383
328 382
329 382
330 382
331 382
332 382
333 382
334 382
335 382
336 382
337 382
338 382
339 382
340 382
341 382
342 382
343 382
344 382
345 382
346 382
347 382
348 382
349 382
350 382
351 382
352 382
353 382
353 381
354 381
355 381
356 381
357 381
358 381
359 381
360 381
361 381
361 382
361 383
362 383
363 383
364 383
365 383
366 383
367 383
368 383
368 382
369 382
369 381
370 381
371 381
371 380
371 379
371 378
372 378
373 378
374 378
374 377
374 376
375 376
375 375
376 375
376 374
377 374
378 374
379 374
380 374
381 374
382 374
383 374
384 374
385 374
386 374
387 374
388 374
389 374
390 374
391 374
392 374
393 374
393 373
393 372
393 371
393 370
393 369
394 369
394 368
394 367
394 366
393 366
393 365
393 364
393 363
393 362
393 361
394 361
395 361
396 361
397 361
398 361
399 361
400 361
401 361
402 361
403 361
404 361
405 361
406 361
407 361
408 361
409 361
410 361
411 361
412 361
413 361
413 360
414 360
415 360
416 360
417 360
418 360
419 360
420 360
421 360
422 360
422 359
423 359
423 358
424 358
424 357
425 357
426 357
427 357
428 357
428 358
428 359
429 359
430 359
431 359
432 359
433 359
434 359
434 358
435 358
436 358
437 358
438 358
439 358
440 358
441 358
442 358
443 358
444 358
445 358
446 358
447 358
447 359
448 359
449 359
450 359
451 359
452 359
453 359
453 360
452 360
452 361
452 362
452 363
452 364
452 365
452 366
452 367
452 368
453 368
453 369
454 369
454 370
454 371
455 371
456 371
457 371
458 371
458 372
459 372
459 373
460 373
460 374
460 375
460 376
460 377
461 377
461 378
462 378
462 379
463 379
464 379
465 379
466 379
467 379
468 379
469 379
470 379
470 378
470 377
471 377
471 376
471 375
472 375
473 375
474 375
475 375
475 374
476 374
477 374
477 373
478 373
478 372
479 372
479 371
480 371
480 370
481 370
482 370
483 370
483 371
484 371
484 372
485 372
486 372
487 372
488 372
489 372
490 372
490 371
99 14
99 13
100 13
100 12
101 12
101 11
102 11
102 10
102 9
103 9
103 8
104 8
104 7
104 6
105 6
105 5
106 5
106 4
107 4
108 4
108 5
109 5
110 5
111 5
111 6
112 6
113 6
113 7
114 7
114 8
115 8
115 9
116 9
87 275
87 276
87 274
87 273
87 272
87 271
87 270
87 269
87 268
87 267
87 266
86 266
85 266
84 266
83 266
82 266
81 266
80 266
79 266
78 266
77 266
77 267
87 277
87 278
87 279
87 280
86 280
85 280
84 280
83 280
83 281
