19 18 17 16 15 14 12 13 21 22 23 24 25 26 
19 20 331 330 329 328 327 326 319 318 320 321 322 323 324 325 
19 67 66 65 64 63 62 61 60 59 58 57 55 56 68 69 70 71 72 
48 47 46 45 43 44 49 50 51 52 53 
48 712 711 710 709 708 707 706 705 704 696 695 697 698 699 700 701 702 703 
48 2686 2685 2684 2683 2682 2681 2680 2679 2678 2677 2676 2675 2673 2674 2687 2688 2689 2690 2691 2692 2693 2694 2695 2696 2697 2698 2699 2700 2701 2702 2703 2704 2705 2706 2707 2708 2709 2710 2711 2712 2713 2714 2715 2716 2717 2718 2719 2720 2721 2722 2723 2724 2725 2726 2727 2728 2729 2730 2731 2732 2733 2734 2735 2736 2737 2738 2739 2740 2741 2742 2743 2744 2745 2746 2747 2748 2749 2750 2751 2752 2753 2754 2755 2756 2757 2758 2759 2760 2761 2762 2763 2764 2765 2766 2767 2768 2769 2770 2771 2772 2773 2774 2775 2776 2777 2778 2779 2780 2781 2782 2783 2784 2785 2786 2787 2788 2789 2790 2791 2792 2793 2794 6371 6370 6369 6368 6367 6366 6365 6364 6363 6362 6361 6360 6359 6358 6357 6356 6355 6354 6353 6352 6351 6350 6349 6348 6347 6346 6345 6344 6343 6342 6341 6340 6339 6338 6300 6299 6301 6302 6303 6304 6305 6306 6307 6308 6309 6310 6311 6312 6313 6314 6315 6316 6317 6318 6319 6320 6321 6322 6323 6324 6325 6326 6327 6328 6329 6330 6331 6332 6333 6334 6335 6336 6337 4671 
53 54 
53 5187 5186 5185 5184 5183 5182 5181 5180 5179 5178 5177 5176 5175 5174 5173 5172 5171 5170 5169 5168 5167 5166 5143 5142 5144 5145 5146 5147 5148 5149 5150 5151 5152 5153 5154 5155 5156 5157 5158 5159 5160 5161 5162 5163 5164 5165 4163 
72 73 74 75 76 77 78 79 80 81 82 83 84 85 86 
72 584 583 582 581 580 579 578 577 576 575 574 573 572 571 570 569 568 567 566 565 
86 103 102 101 100 99 98 97 96 95 94 93 92 91 90 89 87 88 104 105 106 107 108 109 
86 405 404 403 402 401 400 399 398 397 396 395 394 393 392 391 390 389 388 387 386 385 384 383 382 381 380 371 370 372 373 374 375 376 377 378 379 
109 952 951 950 949 948 947 946 945 944 943 942 941 940 939 938 937 936 935 934 933 932 931 912 911 913 914 915 916 917 918 
109 1196 1195 1194 1193 1192 1191 1190 1189 1188 1187 1186 1185 1184 1183 1182 1181 1180 1179 1178 1176 1177 1197 1198 1199 1200 1201 1202 
120 119 118 117 116 115 114 113 112 110 111 122 123 124 125 126 127 228 227 226 225 224 223 222 220 221 229 230 231 232 233 234 235 236 5434 5433 5432 5431 5430 5429 5428 5427 5426 5425 5424 5423 5422 5421 5420 5419 5418 5417 5416 5415 5414 5413 5412 5411 5410 5409 5408 5407 5383 5382 5384 5385 5386 5387 5388 5389 5390 5391 5392 5393 5394 5395 5396 5397 5398 5399 5400 5401 5402 5403 5404 5405 5406 1659 
120 121 
120 418 417 416 415 414 413 412 411 410 409 408 406 407 419 420 421 422 423 424 425 426 2991 2990 2989 2988 2987 2986 2985 2984 2983 2982 2981 2980 2979 2978 2977 2976 2975 2974 2973 2972 2971 2970 2969 2968 2967 2966 2965 2964 2963 
140 139 138 137 136 135 134 129 128 130 131 132 133 1268 1267 1266 1265 1264 1263 1262 1261 1260 1259 1258 1257 1256 1255 1254 1253 1252 1250 1251 1269 1270 1271 1272 1273 974 
140 141 645 644 643 642 641 640 639 638 637 636 635 634 633 632 631 630 629 628 
140 682 681 680 679 678 677 676 675 674 673 672 671 670 669 668 667 665 666 683 684 685 686 687 688 689 690 691 692 693 694 897 896 895 894 893 892 891 890 889 888 887 886 885 884 883 882 881 880 879 878 877 876 875 873 874 898 899 900 901 902 903 904 905 906 907 908 909 
151 150 149 148 147 146 145 144 142 143 159 160 161 162 163 
151 152 153 154 155 156 157 158 42 41 40 39 38 37 36 35 34 33 28 27 29 30 31 32 537 536 535 534 533 532 531 530 529 528 527 520 519 521 522 523 524 525 526 1460 
151 369 368 367 366 365 364 363 362 361 360 353 352 354 355 356 
163 1302 1301 1300 1299 1298 1297 1296 1295 1294 1293 1292 1290 1291 1303 1304 1305 1306 1307 1308 
163 1644 1643 1642 1641 1640 1639 1638 1637 1636 1635 1634 1616 1615 1617 1618 1619 1620 1621 1622 1623 1624 1625 1626 1627 1628 1629 1630 
189 188 187 186 185 184 182 183 191 192 193 194 195 196 197 198 199 200 201 202 203 204 205 206 207 208 209 210 211 212 213 214 215 216 217 218 219 6 5 4 3 2 0 1 7 8 9 10 11 7638 7637 7636 7635 7634 7633 7632 7631 7630 7629 7628 7627 7626 7625 7624 7623 7622 7621 7620 7619 7618 7617 7616 7615 7614 7613 7612 7611 7610 7609 7608 7607 7606 7605 7604 7603 7602 7601 7600 7599 7598 7597 7596 7595 7594 7593 7592 7591 7590 7589 7588 7587 7586 7585 7584 7583 7582 7581 7580 7579 7578 7577 7576 7575 7574 7573 7572 7571 7570 7569 7568 7567 7566 7565 7564 7563 7562 7561 7560 7559 7558 7557 7556 7555 7554 7553 7552 7551 7550 7549 7548 7547 7546 7545 7544 7543 7542 7541 7540 7539 7538 7537 7536 7535 7534 7533 7532 7531 7530 7529 7528 7527 7526 7525 7524 7523 7522 7521 7520 7519 7518 7516 7517 7639 7640 7641 7642 7643 7644 7645 7646 7647 7648 7649 7650 7651 7652 7653 7654 8644 8643 8642 8641 8640 8639 8638 8637 8636 8635 8634 8633 8632 8631 8630 8629 8628 8627 8626 8625 8624 8623 8622 8621 8620 8619 8618 8617 8616 8615 8614 8613 8612 8611 8610 8609 8608 8607 8606 8605 8604 8603 8602 8601 8600 8599 8598 8597 8596 8510 8509 8511 8512 8513 8514 8515 8516 8517 8518 8519 8520 8521 8522 8523 8524 8525 8526 8527 8528 8529 8530 8531 8532 8533 8534 8535 8536 8537 8538 8539 8540 8541 8542 8543 8544 8545 8546 8547 8548 8549 8550 8551 8552 8553 8554 8555 8556 8557 8558 8559 8560 8561 8562 8563 8564 8565 8566 8567 8568 8569 8570 8571 8572 8573 8574 8575 8576 8577 8578 8579 8580 8581 8582 8583 8584 8585 8586 8587 8588 8589 8590 8591 8592 8593 8594 8595 5778 
189 190 1145 1144 1143 1142 1141 1140 1139 1138 1137 1136 1135 1134 1133 1132 1131 1130 1129 1128 1127 1126 1125 1119 1118 1120 1121 1122 1123 1124 1044 1043 1042 1041 1040 1039 1038 1037 1036 1035 1027 1026 1028 1029 1030 1031 1032 1033 1034 1245 1244 1243 1242 1241 1240 1239 1237 1238 1246 1247 1248 1249 918 
189 551 550 549 548 539 538 540 541 542 543 544 545 546 547 2072 2071 2070 2069 2068 2067 2066 2065 
249 248 247 246 245 244 243 242 241 240 239 237 238 250 251 252 253 254 255 256 257 258 259 260 261 262 263 
263 264 265 266 267 268 269 270 271 272 273 274 275 276 277 278 279 280 281 282 294 293 292 291 290 289 288 287 286 285 283 284 295 296 297 298 299 300 301 302 303 
263 317 316 315 314 313 312 305 304 306 307 308 309 310 311 1408 1407 1406 1405 1404 1403 1402 1401 1400 1399 1398 1397 1396 1395 1394 1378 1377 1379 1380 1381 1382 1383 1384 1385 1386 1387 1388 1389 1390 1391 1392 1393 1655 1654 1653 1652 1651 1650 1649 1648 1647 1645 1646 1656 1657 1658 1659 
303 872 871 870 869 868 867 857 856 858 859 860 861 862 863 864 865 866 
303 1280 1279 1278 1277 1276 1274 1275 1281 1282 1283 1284 1285 1286 1287 1288 1289 594 
356 357 358 359 518 517 516 515 514 513 512 511 510 509 508 507 506 505 504 503 502 501 500 499 498 497 496 487 486 488 489 490 491 492 493 494 495 2892 2891 2890 2889 2888 2887 2886 2884 2885 2893 2894 2895 2896 2897 2898 2899 2900 2901 2902 2903 2904 2905 2906 2907 2908 2909 2910 2911 2912 2913 2914 2915 2916 2917 2918 2919 2920 2921 2922 2923 2924 2925 2926 2927 2928 2929 2930 2931 2932 2933 2934 2935 2203 
356 467 466 465 464 463 456 455 457 458 459 460 461 
461 462 
461 764 763 762 761 760 759 758 757 756 755 754 753 752 751 750 749 748 747 746 745 744 743 741 742 765 766 767 768 769 770 771 772 773 5078 5077 5076 5075 5074 5073 5072 5071 5070 5069 5068 5067 5066 5065 5064 5063 5062 5061 5060 5059 5058 5057 5056 5055 5054 5053 5052 5051 5018 5017 5019 5020 5021 5022 5023 5024 5025 5026 5027 5028 5029 5030 5031 5032 5033 5034 5035 5036 5037 5038 5039 5040 5041 5042 5043 5044 5045 5046 5047 5048 5049 5050 1460 
471 470 468 469 480 481 482 483 484 485 1849 1848 1847 1846 1845 1844 1843 1842 1841 
471 472 473 474 475 476 477 478 479 3018 3017 3016 3015 3014 3013 3012 3011 3010 3009 3008 3007 3006 3005 3004 3003 3002 2993 2992 2994 2995 2996 2997 2998 2999 3000 3001 5689 5688 5687 5686 5685 5684 5682 5683 5690 5691 5692 5693 5694 5695 5696 5697 5698 5699 5700 5701 5702 5703 5704 5705 5706 5707 5708 5709 5710 5711 1513 1512 1511 1510 1509 1508 1507 1506 1505 1504 1503 1502 1501 1500 1499 1498 1497 1483 1482 1484 1485 1486 1487 1488 1489 1490 1491 1492 1493 1494 1495 1496 1443 
471 4831 4830 4829 4828 4827 4826 4825 4824 4823 4822 4821 4820 4819 4818 4817 4816 4815 4814 4788 4787 4789 4790 4791 4792 4793 4794 4795 4796 4797 4798 4799 4800 4801 4802 4803 4804 4805 4806 4807 4808 4809 4810 4811 4812 4813 7314 7313 7312 7311 7310 7309 7308 7307 7306 7305 7304 7303 7302 7301 7300 7299 7298 7297 7296 7295 7294 7293 7292 7290 7291 7315 7316 7317 7318 7319 7320 7321 7322 7323 7324 7325 7326 7327 7328 7329 7330 7331 7332 7333 7334 7335 7336 7337 7338 7339 7340 7341 7342 7343 6956 
565 564 563 562 561 560 559 558 557 556 555 554 552 553 585 586 587 588 589 590 591 592 593 594 
565 784 783 782 781 780 779 778 777 776 774 775 785 786 787 788 789 790 791 792 793 794 795 796 797 1667 1666 1665 1664 1663 1662 1661 1660 1659 
594 595 596 597 598 599 
628 627 626 601 600 602 603 604 605 606 607 608 609 610 611 612 613 614 615 616 617 618 619 620 621 622 623 624 625 1537 1536 1535 1534 1533 1532 1531 1530 1529 1528 1527 1526 1525 1524 1523 1522 1521 1520 1519 1518 1517 1516 1514 1515 1538 1539 1540 1541 1542 1543 1544 1545 1546 1547 
628 718 714 713 715 716 717 
652 651 650 649 648 646 647 655 656 657 658 659 660 661 662 663 664 
652 653 654 987 986 985 984 983 982 981 980 979 978 977 976 975 974 
652 8125 8124 8123 8122 8121 8120 8119 8118 8117 8116 8115 8114 8113 8112 8111 8110 8109 8108 8107 8106 8105 8104 8103 8102 8101 8100 8099 8098 8097 8096 8095 8094 8093 8092 8091 8090 8089 8088 8087 8086 8085 8084 8083 8082 8081 8080 8079 8078 8077 8076 8075 8074 8073 8072 7964 7963 7965 7966 7967 7968 7969 7970 7971 7972 7973 7974 7975 7976 7977 7978 7979 7980 7981 7982 7983 7984 7985 7986 7987 7988 7989 7990 7991 7992 7993 7994 7995 7996 7997 7998 7999 8000 8001 8002 8003 8004 8005 8006 8007 8008 8009 8010 8011 8012 8013 8014 8015 8016 8017 8018 8019 8020 8021 8022 8023 8024 8025 8026 8027 8028 8029 8030 8031 8032 8033 8034 8035 8036 8037 8038 8039 8040 8041 8042 8043 8044 8045 8046 8047 8048 8049 8050 8051 8052 8053 8054 8055 8056 8057 8058 8059 8060 8061 8062 8063 8064 8065 8066 8067 8068 8069 8070 8071 7765 7764 7763 7762 7761 7760 7759 7758 7757 7756 7755 7754 7753 7752 7751 7743 7742 7744 7745 7746 7747 7748 7749 7750 7663 7662 7661 7660 7659 7658 7657 7655 7656 7664 7665 7666 7667 7668 7669 7670 7671 7672 7673 7674 7675 7676 7677 7678 7679 7680 7681 7682 7683 7684 7685 7686 7687 7688 7689 7690 7691 7692 7693 7694 7695 7696 7697 7698 7699 7700 7701 7702 7703 7704 7705 7706 7707 7708 7709 7710 7711 7712 7713 7714 7715 7716 7717 7718 7719 7720 7721 7722 7723 7724 7725 7726 7727 7728 7729 7730 7731 7732 7733 7734 7735 7736 7737 7738 7739 7740 7741 3367 
733 732 731 730 729 728 727 726 725 724 723 722 721 719 720 735 736 737 738 739 740 2826 2825 2824 2823 2822 2821 2820 2819 2818 2817 2816 2815 2814 2813 2812 2811 2810 2809 2796 2795 2797 2798 2799 2800 2801 2802 2803 2804 2805 2806 2807 2808 1049 
733 734 
733 3110 3109 3108 3107 3106 3105 3104 3103 3102 3101 3100 3099 3098 3097 3096 3077 3076 3078 3079 3080 3081 3082 3083 3084 3085 3086 3087 3088 3089 3090 3091 3092 3093 3094 3095 1089 
734 4337 4336 4335 4334 4333 4332 4331 4330 4329 4328 4327 4326 4325 4324 4323 4322 4321 4320 4319 4318 4317 4316 4315 4314 4313 4312 4311 4310 4309 4308 4307 4306 4305 4304 4303 4302 4301 4300 4299 4298 4297 4296 4295 4294 4293 4292 4291 4290 4289 4288 4287 4286 4285 4284 4283 4282 4281 4280 4279 4278 4277 4276 4275 4274 4273 4272 4271 4270 4269 4268 4267 4266 4265 4264 4263 4262 4261 4260 4259 4258 4257 4256 4255 4254 4253 4252 4251 4250 4249 4248 4247 4246 4245 4244 4243 4242 4241 4240 4239 4238 4237 4236 4235 4234 4233 4232 4231 
734 8227 8226 8225 8224 8223 8222 8221 8220 8219 8218 8217 8216 8215 8214 8213 8212 8211 8210 8209 8208 8207 8206 8205 8204 8203 8202 8201 8200 8199 8198 8197 8196 8195 8194 8193 8192 8191 8190 8189 8188 8187 8186 8185 8184 8182 8183 8228 8229 8230 8231 8232 8233 8234 8235 8236 
816 815 814 813 812 811 810 809 808 807 806 805 804 803 802 801 800 798 799 829 830 831 832 833 834 835 836 
816 817 818 819 820 821 822 823 824 825 826 827 828 1815 1814 1813 1812 1811 1810 1809 1808 1807 1805 1806 1816 1817 1818 1819 1820 1821 1822 1823 1824 1825 1826 1827 1828 1829 1830 1831 1832 1833 1584 
816 1429 1428 1427 1426 1425 1424 1423 1422 1421 1420 1419 1418 1417 1416 1415 1414 1413 1412 1411 1409 1410 1430 1431 1432 1433 1434 
836 837 838 839 840 841 842 843 844 845 846 847 848 849 850 851 852 853 854 855 
836 1614 1613 1612 1611 1610 1609 1608 1607 1606 1575 1574 1576 1577 1578 1579 1580 1581 1582 1583 1584 
909 910 1573 1572 1571 1570 1569 1568 1567 1566 1565 1564 1563 1562 1561 1560 1559 1558 1557 1556 1555 1554 1553 1552 1551 1550 1549 1548 1547 
909 2187 2186 2185 2184 2183 2182 2181 2180 2179 2147 2146 2148 2149 2150 2151 2152 2153 2154 2155 2156 2157 2158 2159 2160 2161 2162 2163 2164 2165 2166 2167 2168 2169 2170 2171 2172 2173 2174 2175 2176 2177 2178 1011 
918 919 920 921 922 923 924 925 926 927 928 929 930 
974 973 972 971 970 969 968 967 966 965 964 963 962 961 960 959 958 957 956 955 953 954 988 989 990 991 992 993 994 995 996 997 998 999 1000 
1000 1001 1002 1003 1004 1005 1006 1007 1008 1009 1010 1011 
1000 1329 1328 1327 1325 1326 1330 1331 1332 1333 1334 1335 1336 1337 1338 1339 1340 1341 1342 1343 1344 1345 1346 1347 1348 
1011 1012 1013 1014 1015 1016 1017 1018 1019 1020 1021 1022 1023 1024 1025 1170 1169 1168 1167 1166 1165 1164 1163 1162 1161 1160 1159 1158 1157 1156 1155 
1049 1048 1047 1045 1046 1081 1082 1083 1084 1085 1086 1087 1088 1089 
1049 1050 1051 1052 1053 1054 1055 1056 1057 1058 1059 1060 1061 1062 1063 1064 1065 1066 1067 1068 1069 1070 1071 1072 1073 1074 1075 1076 1077 1078 1079 1080 1236 1235 1234 1233 1232 1231 1230 1229 1228 1227 1226 1225 1224 1223 1222 1221 1220 1219 1218 1217 1216 1215 1214 1213 1212 1211 1210 1209 1208 1207 1206 1205 1204 1203 1202 
1089 1930 1929 1928 1927 1926 1925 1924 1923 1922 1921 1920 1919 1917 1918 1931 1932 1933 1934 1935 1936 1937 1938 1939 1940 1941 1942 1943 1944 1945 1946 1947 1948 1949 1950 1951 1952 1953 1954 1955 1956 1957 1958 1959 1960 1961 1962 1963 
1152 1151 1150 1149 1148 1146 1147 1171 1172 1173 1174 1175 338 337 336 335 334 332 333 339 340 341 342 343 344 345 346 347 348 349 350 351 1324 1323 1322 1321 1320 1319 1318 1317 1310 1309 1311 1312 1313 1314 1315 1316 
1152 1153 1154 1155 
1152 4608 4607 4606 4605 4604 4603 4602 4601 4600 4599 4598 4597 4596 4595 4594 4593 4591 4592 4609 4610 4611 4612 4613 4614 4615 4616 4617 4618 4619 4620 4621 4622 4623 4624 4625 4626 4627 4628 4629 4630 3525 3524 3523 3522 3521 3520 3519 3518 3517 3516 3515 3514 3513 3512 3511 3495 3494 3496 3497 3498 3499 3500 3501 3502 3503 3504 3505 3506 3507 3508 3509 3510 3840 3839 3838 3837 3836 3835 3834 3833 3832 3831 3830 3829 3828 3827 3826 3825 3824 3823 3822 3821 3820 3819 
1155 2839 2838 2837 2836 2828 2827 2829 2830 2831 2832 2833 2834 2835 1375 
1202 8737 8736 8735 8734 8733 8732 8731 8730 8729 8728 8727 8726 8725 8724 8723 8722 8721 8720 8719 8718 8717 8716 8715 8714 8713 8712 8711 8710 8709 8708 8707 8706 8705 8704 8703 8702 8701 8700 8699 8698 8697 8687 8686 8688 8689 8690 8691 8692 8693 8694 8695 8696 
1369 1368 1367 1366 1365 1364 1363 1362 1361 1360 1359 1358 1357 1356 1355 1354 1353 1352 1351 1349 1350 1370 1371 1372 1373 1374 1375 
1375 1376 
1434 1435 
1434 2946 2945 2944 2943 2942 2941 2940 2939 2938 2936 2937 2947 2948 2949 2950 2951 2952 2953 2954 2955 2956 2957 2958 2959 2960 2961 2962 2963 
1443 1442 1441 1440 1439 1438 1436 1437 1461 1462 1463 1464 1465 1466 1467 1468 1469 1470 1471 1472 1473 1474 1475 1476 1477 1478 1479 1480 
1443 1444 1445 1446 1447 1448 1449 1450 1451 1452 1453 1454 1455 1456 1457 1458 1459 1460 
1480 1481 
1480 2883 2882 2881 2880 2879 2878 2877 2876 2875 2874 2863 2862 2864 2865 2866 2867 2868 2869 2870 2871 2872 2873 1841 
1547 2363 2362 2361 2360 2359 2358 2357 2356 2355 2354 2353 2352 2351 2350 2349 2348 2347 2346 2344 2345 2364 2365 2366 2367 2368 2369 2370 2371 2372 2373 2374 2375 2376 2377 2378 
1584 1585 1586 1587 1588 1589 1590 1591 1592 1593 1594 1595 1596 1597 1598 1599 1600 1601 1602 1603 1604 1605 1104 1103 1102 1101 1100 1099 1098 1097 1096 1095 1094 1093 1092 1090 1091 1105 1106 1107 1108 1109 1110 1111 1112 1113 1114 1115 1116 1117 174 173 172 171 170 169 168 167 166 164 165 175 176 177 178 179 180 181 454 453 452 451 450 449 448 447 446 445 444 443 442 441 440 439 438 437 436 435 428 427 429 430 431 432 433 434 6530 6529 6528 6527 6526 6525 6524 6523 6522 6521 6520 6519 6518 6517 6516 6515 6514 6513 6512 6511 6510 6509 6508 6507 6506 6505 6503 6504 6531 6532 6533 6534 6535 6536 6537 6538 6539 6540 6541 8278 8277 8276 8275 8274 8273 8272 8271 8270 8269 8268 8267 8266 8265 8264 8263 8262 8261 8260 8259 8258 8257 8256 8255 8254 8253 8252 8251 8250 8249 8248 8247 8246 8245 8244 8243 8242 8241 8240 8239 8237 8238 8279 8280 8281 8282 8283 8284 8285 8286 8287 8288 8289 8290 8291 8292 8293 8294 8295 8296 8297 8298 8299 8300 8301 8302 8303 8304 8305 8306 8307 8308 8309 8310 8311 8312 8313 8314 8315 8316 8317 8318 8319 8320 8321 8322 8323 8324 8325 8326 8327 8328 8329 8330 8331 8332 8333 8334 8335 8336 8337 8338 8339 8340 8341 8342 8343 8344 8345 8346 8347 8348 8349 8350 8351 8352 8353 8354 8355 8356 8357 8358 8359 8360 8361 8362 8363 8364 8365 8366 8367 8368 8369 8370 8371 8372 8373 8374 8375 8376 8377 8378 8379 8380 8381 8382 8383 8384 8385 8386 8387 8388 8389 8390 8391 8392 8393 8394 8395 8396 8397 8398 8399 8400 8401 8402 8403 8404 8405 8406 8407 8408 8409 8410 5295 5294 5293 5292 5291 5290 5289 5288 5287 5286 5285 5284 5283 5282 5281 5280 5279 5278 5277 5250 5249 5251 5252 5253 5254 5255 5256 5257 5258 5259 5260 5261 5262 5263 5264 5265 5266 5267 5268 5269 5270 5271 5272 5273 5274 5275 5276 2286 2285 2284 2283 2282 2281 2280 2279 2278 2277 2276 2275 2274 2273 2272 2271 2270 2269 2268 2267 2266 2265 2264 2263 2189 2188 2190 2191 2192 2193 2194 2195 2196 2197 2198 2199 2200 2201 2202 2203 
1630 1631 1632 1633 
1630 5141 5140 5139 5138 5137 5136 5135 5134 5133 5132 5131 5130 5129 5128 5127 5126 5125 5124 5123 5122 5121 5120 5119 5118 5117 5116 5115 5114 5113 5112 5111 5110 5109 5108 5107 5106 5105 5104 5103 5102 5101 5100 5099 5098 5080 5079 5081 5082 5083 5084 5085 5086 5087 5088 5089 5090 5091 5092 5093 5094 5095 5096 5097 2861 
1676 1675 1674 1673 1672 1671 1670 1668 1669 1677 1678 1679 1680 1681 1682 1683 1684 1685 1686 1687 1688 1689 1690 1691 1692 1693 1694 1695 1696 1697 1698 1699 1700 1701 1702 1703 1704 1705 1706 1707 1708 1709 1710 1711 1712 1713 1714 1715 1716 
1716 1717 2476 2475 2474 2473 2472 2471 2470 2469 2468 2467 2466 2465 2464 2463 2462 2461 2460 2459 2458 2457 2456 2455 2454 2453 2452 2451 2450 2449 2448 2447 2446 2445 2444 2443 2442 2441 2440 2439 2438 2437 2436 2435 2434 2433 2432 2431 2430 2429 2428 2427 2426 2425 2424 2423 2422 2421 2420 2419 2381 2380 2382 2383 2384 2385 2386 2387 2388 2389 2390 2391 2392 2393 2394 2395 2396 2397 2398 2399 2400 2401 2402 2403 2404 2405 2406 2407 2408 2409 2410 
1716 3796 3795 3794 3793 3792 3791 3790 3789 3788 3787 3786 3785 3784 3783 3782 3781 3780 3779 3778 3777 3776 3775 3774 3773 3772 3771 3770 3769 3768 3767 3766 3765 3764 3763 3762 3761 3760 3759 3758 3757 3756 3755 3754 3753 3752 3751 3750 3749 3748 3747 3746 3745 3744 3743 3742 3741 3740 3739 3738 3737 3736 3735 3734 3733 3732 3731 3730 3729 3728 3727 3726 3725 3724 3723 3722 3721 3720 3719 3718 3717 3716 3715 3714 3713 
1783 1782 1781 1780 1779 1778 1777 1776 1775 1774 1773 1772 1771 1770 1769 1768 1767 1766 1765 1764 1763 1762 1761 1760 1759 1758 1757 1756 1755 1754 1753 1752 1751 1750 1749 1748 1747 1746 1745 1744 1743 1742 1741 1740 1739 1738 1737 1736 1735 1734 1733 1732 1731 1730 1729 1728 1727 1726 1725 1724 1723 1722 1721 1720 1718 1719 1797 1798 1799 1800 1801 1802 1803 
1783 1784 1785 1786 1787 
1783 4590 4589 4588 4587 4586 4585 4584 4583 4582 4581 4580 4579 4578 4577 4576 4575 4574 4573 4572 4571 4570 4569 4568 4567 4566 4565 4564 4563 4562 4561 4560 4559 4558 4557 4556 4555 4554 4553 4552 4551 4550 4549 4548 4547 4546 4545 4544 4543 4542 4541 4540 4539 4538 4537 4536 4535 4534 4533 4532 4531 4530 4529 4528 4527 4526 
1787 1788 1789 1790 1791 1792 1793 1794 1795 1796 2053 2052 2051 2050 2049 2048 2047 2046 2045 2044 2043 2042 2041 2040 2039 2038 2037 2036 2035 2034 2033 2032 1979 1978 1980 1981 1982 1983 1984 1985 1986 1987 1988 1989 1990 1991 1992 
1787 2031 2030 2029 2028 2027 2026 2025 2024 2023 2022 2021 2020 2019 2018 2017 2016 2015 2014 2013 2012 2011 2010 2009 2008 2007 2006 2005 2004 2003 2002 2001 2000 1999 1998 1997 1996 1995 1994 1993 1992 
1803 1804 
1803 4496 4495 
1841 1840 1839 1838 1837 1836 1834 1835 1850 1851 1852 1853 1854 1855 1856 1857 1858 1859 1860 
1889 1888 1887 1886 1885 1884 1883 1882 1881 1880 1879 1878 1877 1876 1875 1874 1873 1872 1871 1870 1869 1868 1867 1866 1865 1864 1863 1861 1862 1895 1896 1897 1898 1899 1900 1901 1902 1903 1904 1905 1906 1907 1908 1909 1910 1911 1912 1913 1914 1915 1916 4786 4785 4784 4783 4782 4781 4780 4779 4778 4777 4776 4775 4774 4773 4772 4771 4770 4769 4768 4767 4766 4765 4764 4763 4762 4761 4760 4759 4758 4757 4756 4742 4741 4743 4744 4745 4746 4747 4748 4749 4750 4751 4752 4753 4754 4755 3463 
1889 1890 1891 1892 1893 1894 2134 
1889 7443 7442 7441 7440 7439 7438 7437 7436 7435 7434 7433 7432 7431 7430 7429 7428 7427 7426 7425 7424 7423 7422 7421 7420 7419 7345 7344 7346 7347 7348 7349 7350 7351 7352 7353 7354 7355 7356 7357 7358 7359 7360 7361 7362 7363 7364 7365 7366 7367 7368 7369 7370 7371 7372 7373 7374 7375 7376 7377 7378 7379 7380 7381 7382 7383 7384 7385 7386 7387 7388 7389 7390 7391 7392 7393 7394 7395 7396 7397 7398 7399 7400 7401 7402 7403 7404 7405 7406 7407 7408 7409 7410 7411 7412 7413 7414 7415 7416 7417 7418 2573 
1963 1964 1965 1966 1967 1968 1969 1970 1971 1972 1973 1974 1975 1976 1977 
1963 7289 7288 7287 7286 7285 7284 7283 7282 7281 7280 7279 7278 7277 7276 7275 7274 7273 7272 7271 7270 7269 7268 7267 7266 7265 7264 7263 7262 7261 7260 7259 7258 7257 7256 7255 7254 7253 7252 7251 7250 7249 7248 7247 7246 7245 7244 7243 7242 7241 7240 7239 7238 7237 7236 7235 7234 7233 7232 7231 7230 7229 7228 7227 7226 7155 7154 7156 7157 7158 7159 7160 7161 7162 7163 7164 7165 7166 7167 7168 7169 7170 7171 7172 7173 7174 7175 7176 7177 7178 7179 7180 7181 7182 7183 7184 7185 7186 7187 7188 7189 7190 7191 7192 7193 7194 7195 7196 7197 7198 7199 7200 7201 7202 7203 7204 7205 7206 7207 7208 7209 7210 7211 7212 7213 7214 7215 7216 7217 7218 7219 7220 7221 7222 7223 7224 7225 6156 
1992 2638 2637 2636 2635 2634 2633 2632 2631 2630 2629 2628 2627 2626 2625 2624 2623 2622 2621 
2065 2064 2063 2062 2061 2060 2059 2058 2057 2056 2054 2055 2073 2074 2075 2076 2077 2078 2079 2080 2081 2082 2083 2084 2085 2086 2087 2088 2089 2090 2091 2092 2093 5362 5361 5360 5359 5358 5357 5356 5355 5354 5353 5352 5351 5350 5349 5348 5347 5346 5345 5344 5343 5342 5341 5340 5339 5338 5337 5336 5335 5334 5333 5332 5331 5330 5329 5328 5327 5326 5325 5324 5323 5322 5321 5320 5319 5318 5317 5316 5315 5314 5313 5312 5311 5310 5309 5308 5307 5306 5305 5304 5303 5302 5301 5300 5299 5298 5296 5297 5363 5364 5365 5366 5367 5368 5369 5370 5371 5372 5373 5374 5375 5376 5377 5378 5379 5380 5381 2861 
2065 6926 6925 6924 6923 6922 6921 6920 6919 6918 6917 6916 6915 6914 6913 6912 6911 6910 6909 6908 6907 6906 6905 6904 6903 6902 6901 6900 6899 6898 6897 6896 6895 6894 6893 6892 6891 6890 6889 6888 6887 6886 6885 6884 6883 6882 6881 6880 6879 6878 6877 6876 6875 6874 6873 6872 6871 6870 6869 6868 6867 6866 6865 6864 6863 6862 6861 6860 6859 6858 6857 6856 6855 6854 6853 6851 6852 6927 6928 6929 6930 6931 6932 6933 6934 6935 6936 6937 6938 6939 6940 6941 6942 6943 6944 6945 6946 6947 6948 6949 6950 6951 6952 6953 6954 6955 6956 
2134 2133 2132 2131 2130 2129 2128 2127 2126 2125 2124 2123 2122 2121 2120 2119 2118 2117 2116 2115 2114 2113 2112 2111 2110 2109 2108 2107 2106 2105 2104 2103 2102 2101 2100 2099 2098 2097 2096 2094 2095 2135 2136 2137 2138 2139 2140 2141 2142 2143 2144 
2134 2559 2558 2557 2556 2555 2554 2553 2552 2551 2550 2549 2548 2547 2546 2545 2544 2543 2542 2541 2540 2539 2538 2537 2536 2535 2534 2533 2532 2531 2530 2529 2528 2527 2478 2477 2479 2480 2481 2482 2483 2484 2485 2486 2487 2488 2489 2490 2491 2492 2493 2494 2495 2496 2497 2498 2499 2500 2501 2502 2503 2504 2505 2506 2507 2508 2509 2510 2511 2512 2513 
2144 2145 
2144 2526 2525 2524 2523 2522 2521 2520 2519 2518 2517 2516 2515 2514 2513 
2203 2204 2205 2206 2207 2208 2209 2210 2211 2212 2213 2214 2215 2216 2217 2218 2219 2220 2221 2222 2223 2224 2225 2226 2227 2228 2229 2230 2231 2232 2233 2234 2235 2236 2237 2238 2239 2240 2241 2242 2243 2244 2245 2246 2247 2248 2249 2250 2251 2252 2253 2254 2255 2256 2257 2258 2259 2260 2261 
2261 2262 
2261 2330 2329 2328 2327 2326 2325 2324 2323 2322 2321 2320 2319 2318 2317 2316 2315 2314 2313 2312 2311 2310 2309 2308 2307 2306 2305 2304 2303 2302 2301 2300 2299 2298 2297 2296 2295 2294 2293 2292 2291 2290 2289 2287 2288 2331 2332 2333 2334 2335 2336 2337 2338 2339 2340 2341 2342 2343 
2262 3368 3367 
2262 3918 3917 3916 3915 3914 3913 3912 3911 3910 3909 3908 3907 3906 3905 3904 3903 3902 3901 3900 3899 3898 3897 3896 3895 3894 3893 3892 3891 3890 3889 3888 3887 3886 3885 3884 3883 3882 3881 3880 3879 3878 3877 3876 3842 3841 3843 3844 3845 3846 3847 3848 3849 3850 3851 3852 3853 3854 3855 3856 3857 3858 3859 3860 3861 3862 3863 3864 3865 3866 3867 3868 3869 3870 3871 3872 3873 3874 3875 3819 
2378 2379 
2378 5248 5247 5246 5245 5244 5243 5242 5241 5240 5239 5238 5237 5236 5235 5234 5233 5232 5231 5230 5229 5228 5227 5226 5225 5189 5188 5190 5191 5192 5193 5194 5195 5196 5197 5198 5199 5200 5201 5202 5203 5204 5205 5206 5207 5208 5209 5210 5211 5212 5213 5214 5215 5216 5217 5218 5219 5220 5221 5222 5223 5224 3263 
2410 2411 2412 2413 2414 2415 2416 2417 2418 
2410 6502 6501 6500 6499 6498 6497 6496 6495 6494 6493 6492 6491 6490 6489 6488 6487 6486 6485 6484 6483 6482 6481 6480 6479 6478 6477 6476 6475 6474 6473 6472 6471 6470 6469 6468 6467 6466 6465 6464 6463 6462 6461 6373 6372 6374 6375 6376 6377 6378 6379 6380 6381 6382 6383 6384 6385 6386 6387 6388 6389 6390 6391 6392 6393 6394 6395 6396 6397 6398 6399 6400 6401 6402 6403 6404 6405 6406 6407 6408 6409 6410 6411 6412 6413 6414 6415 6416 6417 6418 6419 6420 6421 6422 6423 6424 6425 6426 6427 6428 6429 6430 6431 6432 
2513 4913 4912 4911 4910 4909 4908 4907 4906 4905 4904 4903 4902 
2573 2572 2571 2570 2569 2568 2567 2566 2565 2564 2563 2562 2560 2561 2639 2640 2641 2642 2643 2644 2645 2646 2647 2648 2649 2650 2651 2652 2653 2654 2655 2656 2657 2658 2659 2660 2661 2662 2663 
2573 2574 2575 2576 2577 2578 2579 2580 2581 2582 2583 2584 2585 2586 2587 2588 2589 2590 2591 2592 2593 2594 2595 2596 2597 2598 2599 2600 2601 2602 2603 2604 2605 2606 2607 2608 2609 2610 2611 2612 2613 2614 2615 2616 2617 2618 2619 2620 2621 
2621 2672 2671 2670 2669 2668 2667 2666 2665 2664 2663 
2663 6718 6717 6716 6715 6714 6713 6712 6711 6710 6709 6708 6707 6706 6705 6704 6703 6702 6701 6700 6699 6698 6697 6696 6695 6694 6693 6692 6691 6690 6689 6688 6687 6686 6685 6684 6683 6682 6681 6680 6679 6678 6677 6676 6675 6674 6673 6672 6671 6670 6669 6668 6667 6666 6665 6664 6663 6662 6661 6660 6659 6658 6657 6656 6655 6654 6653 6652 6651 6650 6649 6648 6647 6646 6645 6644 6643 6642 6641 6640 6639 6638 6637 6636 6635 6634 6633 6632 6631 6630 6629 6628 6627 6626 6625 6624 6623 6622 6621 6620 6619 6618 6617 6616 6615 6614 6613 6612 6611 6610 6609 6608 6607 6606 6605 6604 6603 6602 6601 6600 6599 6598 6597 6596 6595 6594 6593 6592 6591 6590 6589 6588 6587 6586 6585 6584 6583 6582 6581 6580 6579 6578 6577 6576 6575 6574 6573 6572 6571 6570 6569 6568 6567 6566 6565 6564 6563 6562 6561 6560 6559 6558 6557 6556 6555 6554 6553 6552 6551 6550 6549 6548 6547 6546 6545 6544 6542 6543 6719 6720 6721 6722 6723 6724 6725 6726 6727 6728 6729 6730 6731 6732 6733 6734 6735 6736 6737 6738 6739 6740 6741 6742 6743 6744 6745 6746 6747 6748 6749 6750 6751 6752 6753 6754 6755 6756 6757 6758 6759 6760 6761 6762 6763 6764 6765 6766 6767 6768 6769 6770 6771 6772 6773 6774 6775 6776 6777 6778 6779 6780 6781 6782 6783 6784 6785 6786 6787 6788 6789 6790 6791 6792 6793 6794 6795 6796 6797 6798 6799 6800 6801 6802 6803 6804 6805 6806 6807 6808 6809 6810 6811 6812 6813 6814 6815 6816 6817 6818 6819 6820 6821 6822 6823 6824 6825 6826 6827 6828 6829 6830 6831 6832 6833 6834 6835 6836 6837 6838 6839 6840 6841 6842 6843 6844 6845 6846 6847 6848 6849 6850 3641 3640 3639 3638 3637 3636 3635 3634 3633 3632 3631 3630 3629 3628 3627 3626 3625 3624 3623 3622 3621 3620 3619 3618 3617 3616 3615 3614 3613 3612 3611 3610 3609 3608 3607 3606 3605 3604 3603 3602 3601 3600 3599 3598 3597 3596 3595 3594 3593 3592 3591 3590 3589 3588 3587 3586 3585 3584 3583 3582 3581 3580 3579 3578 3577 3576 3575 3574 3573 3572 3571 3570 3569 3568 3567 3566 3565 3564 3563 3562 3561 3560 3559 3558 3557 3556 3555 3554 3553 3552 3551 3550 3549 3548 3547 3527 3526 3528 3529 3530 3531 3532 3533 3534 3535 3536 3537 3538 3539 3540 3541 3542 3543 3544 3545 
2846 2845 2844 2843 2842 2840 2841 2847 2848 2849 2850 2851 2852 2853 2854 2855 2856 2857 2858 2859 2860 2861 
2963 3300 3299 3298 3297 3296 3295 3294 3293 3292 3291 3290 3289 3288 3287 3286 3285 3284 3283 3282 3281 3280 3279 3278 3276 3277 3301 3302 3303 3304 3305 3306 3307 3308 3309 3310 3311 3312 3313 3314 3315 3316 3317 3318 3319 3320 3321 3322 3323 6174 6173 6172 6171 6170 6169 6168 6167 6166 6165 6164 6163 6162 6161 6160 6159 6158 6157 6156 
3066 3065 3064 3063 3062 3061 3060 3059 3058 3057 3056 3055 3054 3053 3052 3051 3050 3049 3048 3047 3046 3045 3044 3043 3042 3041 3040 3039 3038 3037 3036 3035 3034 3033 3032 3031 3030 3029 3028 3020 3019 3021 3022 3023 3024 3025 3026 3027 3188 3187 3186 3185 3184 3183 3182 3181 3180 3179 3178 3177 3176 3175 3174 3173 3172 3171 3170 3169 3168 3167 3166 3165 3164 3163 3162 3161 3160 3159 3158 3157 3156 3155 3154 3153 3152 3151 
3066 3067 3068 3069 3070 3071 3072 3073 3074 3075 
3066 3386 3385 3384 3383 3382 3381 
3116 3115 3114 3113 3111 3112 3119 3120 3121 3122 3123 8181 8180 8179 8178 8177 8176 8175 8174 8173 8172 8171 8170 8169 8168 8167 8166 8165 8127 8126 8128 8129 8130 8131 8132 8133 8134 8135 8136 8137 8138 8139 8140 8141 8142 8143 8144 8145 8146 8147 8148 8149 8150 8151 8152 8153 8154 8155 8156 8157 8158 8159 8160 8161 8162 8163 8164 5622 5621 5620 5619 5618 5617 5616 5615 5614 5613 5587 5586 5588 5589 5590 5591 5592 5593 5594 5595 5596 5597 5598 5599 5600 5601 5602 5603 5604 5605 5606 5607 5608 5609 5610 5611 5612 3275 
3116 3117 3118 5016 5015 5014 5013 5012 5011 5010 5009 5008 5007 5006 5005 5004 5003 5002 5001 5000 4999 4998 4997 4996 4995 4994 4993 4992 4991 4990 4989 4988 4987 4986 4985 4984 4983 4982 4915 4914 4916 4917 4918 4919 4920 4921 4922 4923 4924 4925 4926 
3116 4481 4480 4479 4478 4477 4476 4475 4474 4473 4472 4471 4470 4469 4468 4467 4416 4415 4417 4418 4419 4420 4421 4422 4423 4424 4425 4426 4427 
3148 3147 3146 3145 3144 3143 3142 3141 3140 3139 3138 3137 3136 3135 3134 3133 3132 3131 3130 3129 3128 3127 3126 3124 3125 3189 3190 3191 3192 3193 3194 
3148 3149 3150 3151 
3148 3680 3679 3678 3677 3676 3675 3674 3673 3672 3671 3670 3669 3668 3667 3666 3665 3664 3663 3662 3661 3660 3659 3658 3657 3656 3655 3654 3653 3643 3642 3644 3645 3646 3647 3648 3649 3650 3651 3652 3228 3227 3226 3225 3224 3223 3222 3221 3220 3219 3218 3217 3216 3215 3214 3213 3212 3211 3210 3209 3208 3207 3206 3205 3204 3203 3202 3201 3200 3199 3198 3197 3196 3195 3194 
3151 5585 5584 5583 5582 5581 5580 5579 5578 5577 5576 5575 5574 5573 5572 5571 5570 5569 5568 5567 5566 5565 5564 5563 5562 5561 5560 5559 5558 5557 5556 5555 5554 5553 5552 5551 5550 5549 5548 5547 5546 5545 5544 5543 5542 5541 5540 5539 5538 5537 5536 5492 5491 5493 5494 5495 5496 5497 5498 5499 5500 5501 5502 5503 5504 5505 5506 5507 5508 5509 5510 5511 5512 5513 5514 5515 5516 5517 5518 5519 5520 5521 5522 5523 5524 5525 5526 5527 5528 5529 5530 5531 5532 5533 5534 5535 4062 
3194 3493 3492 3491 3490 3489 3488 3487 3469 3468 3470 3471 3472 3473 3474 3475 
3246 3245 3244 3243 3242 3241 3240 3239 3238 3237 3236 3235 3234 3233 3232 3231 3229 3230 3247 3248 3249 3250 3251 3252 3253 3254 3255 3256 3257 3258 3259 3260 3261 3262 3263 
3263 3264 3265 3266 3267 3268 3269 3270 3271 3272 3273 3274 3275 
3275 5991 5990 5989 5988 5987 5986 5985 5984 5983 5982 5981 5980 5979 5978 5977 5976 5975 5974 5973 5972 5971 5970 5969 5968 5967 5966 5965 5964 5963 5962 5961 5960 5959 5958 5957 5956 5955 5954 5953 5952 5951 5950 5949 5948 5947 5946 5945 5944 5943 5942 5941 5940 5939 5938 5937 5936 5935 5934 5933 5932 5931 5815 5814 5816 5817 5818 5819 5820 5821 5822 5823 5824 5825 5826 5827 5828 5829 5830 5831 5832 5833 5834 5835 5836 5837 5838 5839 5840 5841 5842 5843 5844 5845 
3333 3332 3331 3330 3329 3328 3327 3326 3324 3325 3335 3336 3337 3338 3339 3340 3341 3342 3343 3344 3345 3346 3347 3348 3349 3350 3351 3352 3353 3354 3355 3356 3357 3358 3359 3360 3361 3362 3363 3364 3365 3366 3367 
3333 3334 
3333 3805 3804 3803 3802 3801 3800 3799 3797 3798 3806 3807 3808 3809 3810 3811 3812 3813 3814 3815 3816 3817 3818 3819 
3381 3380 3379 3378 3377 3376 3375 3374 3373 3372 3371 3369 3370 3387 3388 3389 3390 3391 3392 3393 3394 3395 3396 3397 3398 3399 3400 3401 3402 3403 3404 3405 
3381 4203 4202 4201 4200 4198 4199 4204 4205 4206 4207 4208 4209 4210 4211 4212 4213 4214 4215 4216 4217 4218 4219 4220 4221 4222 4223 4224 4225 4226 4227 4228 4229 4230 4231 
3463 3462 3461 3460 3459 3458 3457 3456 3455 3454 3453 3452 3407 3406 3408 3409 3410 3411 3412 3413 3414 3415 3416 3417 3418 3419 3420 3421 3422 3423 3424 3425 3426 3427 3428 3429 3430 3431 3432 3433 3434 3435 3436 3437 3438 3439 3440 3441 3442 3443 3444 3445 3446 3447 3448 3449 3450 3451 3963 3962 3961 3960 3959 3958 3957 3956 3955 3954 3953 3952 3951 3950 3949 3948 3947 3946 3945 3944 3943 3942 3941 3940 3939 3938 3937 3936 3935 3934 3933 3932 3931 3930 3929 3928 3927 3926 3925 3924 3923 3922 3921 3919 3920 3964 3965 3966 3967 3968 3969 3970 3971 
3463 3464 3465 3466 3467 
3475 3476 3477 3478 3479 3480 3481 3482 3483 3484 3485 3486 
3475 7962 7961 7960 7959 7958 7957 7956 7955 7954 7953 7952 7951 7950 7949 7948 7947 7946 7945 7944 7943 7942 7941 7940 7939 7938 7937 7936 7935 7934 7933 7932 7931 7930 7929 7928 7927 7926 7925 7924 7923 7922 7921 7920 7919 7918 7917 7916 7915 7914 7913 7912 7911 7910 7909 7908 7907 7906 7895 7894 7896 7897 7898 7899 7900 7901 7902 7903 7904 7905 
3545 3546 
3545 5930 5929 5928 5927 5926 5925 5924 5923 5922 5921 5920 5919 5918 5917 5916 5915 5914 5913 5912 5911 5910 5909 5908 5907 5906 5905 5904 5903 5902 5901 5900 5899 5898 5897 5896 5895 5894 5893 5892 5891 5890 5889 5888 5887 5886 5885 5884 
3702 3701 3700 3699 3698 3697 3696 3695 3694 3693 3692 3691 3690 3689 3688 3687 3686 3685 3684 3683 3681 3682 3703 3704 3705 3706 3707 3708 3709 3710 3711 3712 3713 
3702 5470 5469 5468 5467 5466 5465 5464 5463 5462 5461 5460 5459 5458 5457 5456 5455 5454 5453 5452 5451 5450 5449 5448 5447 5446 5445 5444 5443 5442 5441 5440 5439 5438 5437 5435 5436 5471 5472 5473 5474 5475 5476 5477 5478 5479 5480 5481 5482 5483 5484 5485 5486 5487 5488 5489 5490 
3702 5644 5643 5642 5641 5640 5639 5638 5637 5636 5635 5634 5633 5632 5631 5630 5629 5628 5627 5626 5625 5623 5624 5645 5646 5647 5648 5649 5650 5651 5652 5653 5654 5655 5656 5657 5658 5659 5660 5661 5662 5663 5664 5665 5666 5667 5668 5669 5670 5671 5672 5673 5674 5675 5676 5677 5678 5679 5680 5681 4154 4153 4152 4151 4150 4149 4148 4147 4146 4145 4144 4142 4143 4155 4156 4157 4158 4159 4160 4161 4162 4163 
3713 4414 4413 4412 4411 4410 4409 4408 4407 4406 4405 4404 4403 4402 4401 4400 4399 4398 4397 4396 4395 4394 4393 4392 4391 4339 4338 4340 4341 4342 4343 4344 4345 4346 4347 4348 4349 4350 4351 4352 4353 4354 4355 4356 4357 4358 4359 4360 4361 4362 4363 4364 4365 4366 4367 4368 4369 4370 4371 4372 4373 4374 4375 4376 4377 4378 4379 4380 4381 4382 4383 4384 4385 4386 4387 4388 4389 4390 4231 
3971 3972 3973 3974 3975 3976 3977 3978 3979 3980 3981 3982 3983 3984 3985 3986 3987 3988 3989 3990 3991 3992 3993 3994 3995 3996 3997 3998 3999 4000 4001 4002 4003 4004 4005 4006 4007 4008 4009 4010 4011 4012 4013 4014 4015 4016 4017 4018 4019 4020 4021 4022 4023 4024 4025 4026 4027 4028 4029 4030 4031 4032 4033 4034 4035 4036 4037 4038 4039 4040 4041 4042 4043 4044 4045 4046 4047 4048 4049 4050 4051 4052 4053 4054 4055 4056 4057 4058 4059 4060 4061 4062 
3971 4881 4880 4879 4878 4877 4876 4875 4874 4873 4872 4871 4870 4869 4868 4867 4866 4865 4864 4863 4862 4861 4860 4859 4858 4857 4856 4855 4854 4853 4852 4851 4850 4849 4848 4847 4846 4845 4844 4843 4842 4841 4840 4839 4838 4837 4836 4835 4834 4832 4833 4882 4883 4884 4885 4886 4887 4888 4889 4890 4891 4892 4893 4894 4895 4896 4897 4898 4899 4900 4901 4902 
4062 4063 4064 4065 4066 4067 4068 4069 4070 4071 4072 4073 4074 4075 4076 4077 4078 4079 4080 4081 4082 4083 
4083 4084 4085 4086 4087 4088 4089 4090 4091 4092 4093 4094 4095 4096 4097 4098 4099 4100 4101 4102 4103 4104 4105 4106 4107 4108 4109 
4083 6077 6076 6075 6074 6073 6072 6071 6070 6069 6068 6067 6066 6065 6064 6063 6062 6061 6060 6059 6058 6057 6056 6055 6054 6053 6052 6051 6050 6049 6048 6047 6046 6045 6044 6043 6042 6041 6040 6039 6038 6031 6030 6032 6033 6034 6035 6036 6037 4128 
4109 4110 4111 4112 4113 4114 4115 4116 4117 4118 4119 4120 
4109 6009 6008 6007 6006 6005 6004 6003 6002 6001 6000 5999 5998 5997 5996 5995 5994 5992 5993 6010 6011 6012 6013 6014 6015 6016 6017 6018 6019 6020 6021 6022 6023 6024 6025 6026 6027 6028 6029 4646 
4128 4127 4126 4125 4124 4123 4121 4122 4133 4134 4135 4136 4137 4138 4139 4140 4141 4729 4728 4727 4726 4725 4724 4723 4722 4721 4720 4719 4718 4717 4716 4715 4714 4713 4712 4711 
4128 4129 4130 4131 4132 
4163 4164 4165 4166 4167 4168 4169 4170 4171 4172 4173 4174 4175 4176 4177 4178 4179 4180 4181 4182 4183 4184 4185 4186 4187 4188 4189 4190 4191 4192 4193 4194 4195 4196 4197 
4427 4428 4429 4430 4431 4432 4433 4434 4435 4436 4437 4438 4439 4440 4441 4442 4443 4444 4445 4446 4447 4448 4449 4450 4451 4452 4453 4454 4455 4456 4457 4458 4459 4460 4461 4462 4463 4464 4465 4466 6298 6297 6296 6295 6294 6293 6292 6291 6290 6289 6288 6287 6286 6285 6284 6283 6282 6281 6280 6279 6278 6277 6276 6275 6274 6273 6272 6271 6270 6269 6268 6267 6266 6265 6264 6263 6262 6261 6260 6259 6258 6257 6256 6255 6254 6253 6252 6251 6250 6249 6248 6247 6246 6176 6175 6177 6178 6179 6180 6181 6182 6183 6184 6185 6186 6187 6188 6189 6190 6191 6192 6193 6194 6195 6196 6197 6198 6199 6200 6201 6202 6203 6204 6205 6206 6207 6208 6209 6210 6211 6212 6213 6214 6215 6216 6217 6218 6219 6220 6221 6222 6223 6224 6225 6226 6227 6228 6229 6230 6231 6232 6233 6234 6235 6236 6237 6238 6239 6240 6241 6242 6243 6244 6245 5884 
4427 7863 7862 7861 7860 7859 7858 7857 7856 7855 7854 7853 7852 7851 7850 7849 7848 7847 7846 7845 7844 7843 7842 7841 7840 7839 7838 7837 7836 7835 7834 7833 7832 7831 7830 7829 7828 7827 7826 7825 7824 7823 7822 7821 7820 7819 7818 7817 7816 7815 7814 7813 7812 7811 7810 7809 7808 7807 7806 7805 7804 7803 7802 7801 7800 7799 7798 7797 7796 7795 7794 7793 7792 7791 7790 7789 7788 7787 7786 7785 7784 7783 7782 7781 7780 7779 7778 7777 7776 7775 7774 7773 7772 7771 7770 7769 7768 7766 7767 7864 7865 7866 7867 7868 7869 7870 7871 7872 7873 7874 7875 7876 7877 7878 7879 7880 7881 7882 7883 7884 7885 7886 7887 7888 7889 7890 7891 7892 7893 4495 
4495 4494 4493 4492 4491 4490 4489 4488 4487 4486 4485 4484 4482 4483 4497 4498 4499 4500 4501 4502 4503 4504 4505 4506 4507 4508 4509 4510 4511 4512 4513 4514 4515 4516 4517 4518 4519 4520 4521 4522 4523 4524 4525 4526 
4526 7138 7137 7136 7135 7134 7133 7132 7131 7130 7129 7128 7127 7126 7125 7124 7123 7122 7121 7120 7119 7118 7117 7116 7115 7114 7113 7112 7111 7110 7109 7108 7107 7106 7105 7104 7103 7102 7101 7100 7099 7098 7097 7096 7095 7094 7093 7092 7091 7089 7090 7139 7140 7141 7142 7143 7144 7145 7146 7147 7148 7149 7150 7151 7152 7153 5793 
4637 4636 4635 4634 4633 4631 4632 4648 4649 4650 4651 4652 4653 4654 4655 4656 4657 4658 4659 4660 4661 4662 4663 4664 4665 4666 4667 4668 4669 4670 4671 
4637 4638 4639 4640 4641 4642 4643 4644 4645 4646 
4637 4740 4739 4738 4737 4736 4735 4734 4733 4731 4730 4732 4711 
4646 4647 
4671 4672 4673 4674 4675 4676 4677 4678 4679 4680 4681 4682 4683 4684 4685 4686 4687 4688 4689 4690 4691 4692 4693 4694 4695 4696 4697 4698 4699 4700 4701 4702 4703 4704 4705 4706 4707 4708 4709 4710 4711 
4902 5741 5740 5739 5738 5737 5736 5735 5734 5733 5732 5731 5730 5729 5728 5727 5726 5725 5724 5723 5722 5721 5720 5719 5718 5717 5716 5715 5714 5712 5713 5742 5743 5744 5745 5746 5747 5748 5749 5750 5751 5752 5753 5754 5755 5756 5757 5758 5759 5760 5761 5762 5763 5764 5765 5766 5767 5768 5769 5770 5771 5772 5773 5774 5775 5776 5777 5778 
4926 4927 4928 4929 4930 4931 4932 4933 4934 4935 4936 4937 4938 4939 4940 4941 4942 4943 4944 4945 4946 4947 4948 4949 4950 4951 4952 4953 4954 4955 4956 4957 4958 4959 4960 4961 4962 4963 4964 4965 4966 4967 4968 4969 4970 4971 4972 4973 4974 4975 4976 4977 4978 4979 4980 4981 8685 8684 8683 8682 8681 8680 8679 8678 8677 8676 8675 8674 8673 8672 8671 8670 8669 8668 8667 8666 8665 8664 8663 8662 8661 8660 8659 8658 8657 8656 8646 8645 8647 8648 8649 8650 8651 8652 8653 8654 8655 
4926 7088 7087 7086 7085 7084 7083 7082 7081 7080 7079 7078 7077 7076 7075 7074 7073 7072 7071 7070 7069 7068 7067 7066 7065 7064 7063 7062 7061 7060 7059 7058 7057 7056 7055 7054 7053 7052 7051 7050 7049 7048 7047 7046 7045 7044 7043 7042 7041 7040 7039 7038 7037 7036 7035 7034 7033 7032 7031 7030 7029 7028 7027 7026 7025 7024 7023 7022 7021 7020 7019 7018 7017 7016 7015 7014 7013 7012 7011 7010 7009 7008 7007 7006 7005 7004 7003 7002 7001 7000 6999 6998 6997 6996 6995 6994 6993 6992 6991 6990 6989 6988 6987 6986 6985 6984 6983 6982 6981 6980 6979 6978 6977 6976 6975 6974 6973 6972 6971 6970 6969 6968 6967 6966 6965 6964 6963 6962 6961 6960 6959 6958 6957 6956 
5778 5779 5780 5781 5782 5783 5784 5785 5786 5787 5788 5789 5790 5791 5792 5793 
5793 5794 5795 5796 5797 5798 5799 5800 5801 5802 5803 5804 5805 5806 5807 5808 5809 5810 5811 5812 5813 
5845 5846 5847 5848 5849 5850 5851 5852 5853 5854 5855 5856 5857 5858 5859 5860 5861 5862 5863 5864 5865 5866 5867 5868 5869 5870 5871 5872 5873 5874 5875 5876 5877 5878 5879 5880 5881 5882 5883 5884 
5845 7490 7489 7488 7487 7486 7485 7484 7483 7482 7481 7480 7479 7478 7477 7476 7475 7474 7473 7472 7471 7470 7469 7468 7467 7466 7465 7464 7463 7462 7461 7460 7459 7458 7457 7456 7455 7454 7453 7452 7451 7450 7449 7448 7447 7446 7444 7445 7491 7492 7493 7494 7495 7496 7497 7498 7499 7500 7501 7502 7503 7504 7505 7506 7507 7508 7509 7510 7511 7512 7513 7514 7515 
6156 6155 6154 6153 6152 6151 6150 6149 6148 6147 6146 6145 6144 6143 6142 6141 6140 6139 6138 6137 6136 6135 6134 6133 6132 6131 6130 6129 6128 6127 6126 6125 6124 6123 6122 6121 6120 6119 6118 6117 6116 6115 6114 6113 6112 6111 6079 6078 6080 6081 6082 6083 6084 6085 6086 6087 6088 6089 6090 6091 6092 6093 6094 6095 6096 6097 6098 6099 6100 6101 6102 6103 6104 6105 6106 6107 6108 6109 6110 6460 6459 6458 6457 6456 6455 6454 6453 6452 6451 6450 6449 6448 6447 6446 6445 6444 6443 6442 6441 6440 6439 6438 6437 6436 6435 6434 6433 6432 
6432 8485 8484 8483 8482 8481 8480 8479 8478 8477 8476 8475 8474 8473 8472 8471 8470 8469 8468 8467 8466 8465 8464 8463 8462 8461 8460 8459 8458 8457 8456 8455 8454 8453 8452 8451 8450 8449 8448 8447 8446 8445 8444 8443 8442 8441 8440 8439 8438 8437 8436 8435 8434 8433 8432 8431 8430 8429 8428 8427 8426 8425 8424 8423 8422 8421 8420 8419 8418 8417 8416 8415 8414 8413 8411 8412 8486 8487 8488 8489 8490 8491 8492 8493 8494 8495 8496 8497 8498 8499 8500 8501 8502 8503 8504 8505 8506 8507 8508 
