384 28
384 29
384 27
384 26
385 26
385 25
385 24
386 24
386 23
387 23
387 22
388 22
389 22
389 21
390 21
390 20
391 20
392 20
393 20
394 20
394 21
395 21
396 21
396 22
397 22
397 23
397 24
397 25
398 25
398 26
398 27
398 28
398 29
398 30
398 31
398 32
398 33
397 33
397 34
396 34
395 34
395 35
396 35
397 35
398 35
399 35
400 35
401 35
401 36
402 36
402 37
403 37
404 37
404 38
405 38
406 38
406 39
406 40
406 41
407 41
407 42
407 43
408 43
409 43
410 43
410 44
411 44
411 45
412 45
412 46
411 46
411 47
411 48
411 49
411 50
411 51
411 52
412 52
412 53
412 54
413 54
413 55
414 55
415 55
415 56
416 56
417 56
384 30
384 31
385 31
385 32
385 33
386 33
386 34
387 34
388 34
388 35
389 35
390 35
391 35
392 35
393 35
394 35
464 92
464 93
464 91
464 90
464 89
463 89
463 88
463 87
463 86
463 85
463 84
463 83
463 82
462 82
461 82
460 82
459 82
458 82
457 82
456 82
455 82
454 82
453 82
452 82
451 82
450 82
450 81
449 81
449 80
448 80
448 79
447 79
447 78
447 77
447 76
446 76
446 75
445 75
444 75
443 75
442 75
442 74
441 74
441 73
441 72
441 71
441 70
441 69
442 69
442 68
443 68
444 68
444 67
445 67
446 67
446 66
447 66
447 65
447 64
448 64
448 63
448 62
448 61
448 60
448 59
448 58
448 57
448 56
448 55
448 54
448 53
449 53
449 52
450 52
451 52
452 52
453 52
454 52
455 52
456 52
457 52
457 53
458 53
458 54
459 54
459 53
459 52
460 52
460 51
461 51
461 50
461 49
462 49
462 48
462 47
462 46
462 45
461 45
461 44
460 44
460 43
459 43
459 42
459 41
458 41
457 41
457 40
456 40
456 39
455 39
455 38
454 38
453 38
453 37
452 37
451 37
451 36
450 36
450 35
450 34
450 33
450 32
450 31
450 30
450 29
450 28
450 27
450 26
450 25
450 24
450 23
449 23
448 23
447 23
446 23
445 23
444 23
443 23
442 23
441 23
441 22
440 22
439 22
439 21
438 21
437 21
436 21
435 21
434 21
433 21
432 21
431 21
431 22
430 22
430 23
429 23
429 24
428 24
428 25
428 26
428 27
428 28
427 28
427 29
426 29
425 29
424 29
423 29
422 29
421 29
420 29
420 30
420 31
420 32
420 33
420 34
419 34
419 35
419 36
418 36
418 37
418 38
417 38
417 39
417 40
417 41
417 42
417 43
416 43
416 44
415 44
415 45
414 45
413 45
464 94
464 95
464 96
464 97
464 98
464 99
463 99
462 99
462 100
461 100
461 101
460 101
459 101
458 101
457 101
456 101
455 101
454 101
454 102
453 102
453 103
452 103
451 103
451 104
450 104
450 105
449 105
448 105
448 106
447 106
447 107
446 107
446 108
445 108
445 109
444 109
443 109
443 110
442 110
441 110
440 110
439 110
438 110
437 110
436 110
435 110
434 110
433 110
432 110
431 110
430 110
430 109
429 109
428 109
427 109
426 109
425 109
424 109
423 109
422 109
421 109
420 109
419 109
418 109
417 109
416 109
415 109
414 109
413 109
413 108
412 108
411 108
410 108
410 109
409 109
409 110
409 111
408 111
408 112
408 113
408 114
408 115
408 116
408 117
408 118
408 119
408 120
408 121
407 121
407 122
407 123
406 123
406 124
406 125
405 125
405 126
404 126
404 127
403 127
403 128
402 128
402 129
401 129
401 130
400 130
400 131
400 132
400 133
400 134
399 134
399 135
399 136
398 136
398 137
397 137
397 138
396 138
395 138
394 138
393 138
393 139
392 139
392 140
392 141
392 142
392 143
392 144
392 145
391 145
391 146
391 147
390 147
390 148
390 149
391 149
392 149
392 150
393 150
394 150
395 150
396 150
396 151
397 151
397 152
397 153
398 153
398 154
398 155
399 155
400 155
400 156
401 156
401 157
402 157
402 158
402 159
403 159
403 160
403 161
404 161
404 162
404 163
404 164
404 165
404 166
404 167
404 168
405 168
405 169
405 170
405 171
406 171
406 172
406 173
406 174
406 175
405 175
405 176
404 176
404 177
403 177
403 178
403 179
403 180
403 181
403 182
403 183
403 184
403 185
403 186
403 187
403 188
403 189
403 190
403 191
403 192
403 193
402 193
402 194
401 194
401 195
401 196
401 197
401 198
401 199
401 200
402 200
402 201
403 201
403 202
403 203
404 203
404 204
404 205
405 205
405 206
405 207
405 208
406 208
406 209
407 209
408 209
409 209
410 209
410 210
411 210
411 211
410 211
409 211
409 212
408 212
408 213
407 213
407 214
407 215
407 216
407 217
407 218
407 219
407 220
407 221
407 222
407 223
407 224
407 225
407 226
408 226
408 227
408 228
409 228
409 229
410 229
411 229
411 230
412 230
412 231
412 232
412 233
412 234
412 235
413 235
413 236
414 236
415 236
416 236
417 236
417 237
418 237
353 203
352 203
354 203
354 204
355 204
355 205
356 205
356 206
357 206
358 206
359 206
359 207
360 207
361 207
361 206
362 206
363 206
363 205
364 205
364 206
365 206
365 207
366 207
366 208
367 208
367 209
368 209
369 209
370 209
371 209
372 209
372 208
373 208
374 208
374 209
375 209
375 210
376 210
377 210
378 210
379 210
380 210
381 210
382 210
383 210
384 210
385 210
385 211
385 212
386 212
386 213
386 214
386 215
386 216
385 216
385 217
385 218
385 219
385 220
385 221
385 222
385 223
385 224
386 224
386 225
387 225
388 225
389 225
389 226
390 226
391 226
392 226
392 227
393 227
393 228
393 229
394 229
394 230
394 231
394 232
394 233
394 234
394 235
394 236
395 236
396 236
396 237
397 237
398 237
399 237
400 237
401 237
401 236
402 236
402 235
403 235
404 235
405 235
406 235
407 235
408 235
409 235
410 235
411 235
351 203
351 202
350 202
349 202
349 201
348 201
348 200
347 200
414 68
415 68
414 67
413 67
413 66
412 66
411 66
411 65
410 65
409 65
409 66
408 66
407 66
406 66
405 66
405 67
405 68
404 68
403 68
403 69
402 69
401 69
400 69
399 69
398 69
397 69
397 68
396 68
395 68
395 67
394 67
394 66
393 66
393 65
392 65
392 64
392 63
391 63
391 62
391 61
390 61
390 60
389 60
389 59
388 59
387 59
387 58
386 58
386 57
386 56
385 56
385 55
385 54
385 53
385 52
385 51
385 50
386 50
386 49
386 48
386 47
386 46
386 45
387 45
387 44
388 44
389 44
390 44
391 44
391 43
391 42
391 41
391 40
392 40
392 39
392 38
392 37
393 37
393 36
394 36
415 69
416 69
416 70
417 70
417 71
418 71
418 72
419 72
420 72
421 72
422 72
423 72
424 72
424 71
425 71
426 71
427 71
428 71
429 71
430 71
431 71
432 71
433 71
434 71
435 71
436 71
437 71
437 72
438 72
439 72
439 73
440 73
369 132
369 133
369 131
369 130
369 129
368 129
368 128
367 128
367 127
366 127
366 126
365 126
365 125
364 125
364 124
363 124
363 123
362 123
361 123
360 123
359 123
358 123
357 123
356 123
356 122
355 122
355 121
354 121
354 120
353 120
352 120
351 120
350 120
349 120
348 120
348 121
347 121
347 122
346 122
346 121
345 121
345 120
345 119
344 119
344 118
343 118
343 117
342 117
342 116
342 115
342 114
342 113
341 113
341 112
340 112
340 111
340 110
339 110
338 110
338 109
337 109
337 108
336 108
336 107
335 107
335 106
335 105
335 104
335 103
335 102
335 101
336 101
336 100
336 99
337 99
337 98
338 98
338 97
339 97
340 97
340 96
341 96
342 96
343 96
344 96
345 96
345 95
346 95
346 94
347 94
347 93
347 92
347 91
347 90
347 89
347 88
347 87
347 86
347 85
347 84
347 83
347 82
347 81
348 81
349 81
350 81
351 81
352 81
353 81
354 81
355 81
356 81
357 81
357 82
358 82
358 83
359 83
359 84
360 84
361 84
362 84
363 84
364 84
365 84
365 85
366 85
367 85
367 86
368 86
369 86
369 87
370 87
370 88
370 89
370 90
370 91
370 92
370 93
370 94
371 94
372 94
373 94
374 94
375 94
376 94
377 94
378 94
379 94
379 95
380 95
381 95
382 95
383 95
384 95
385 95
385 94
386 94
386 95
387 95
387 96
388 96
389 96
390 96
391 96
391 97
392 97
392 98
392 99
393 99
393 100
394 100
394 101
395 101
396 101
396 102
397 102
398 102
399 102
400 102
400 103
401 103
402 103
402 104
403 104
403 105
404 105
404 106
405 106
406 106
407 106
408 106
409 106
410 106
410 107
411 107
369 134
369 135
369 136
369 137
370 137
371 137
372 137
373 137
374 137
375 137
376 137
377 137
378 137
378 138
378 139
379 139
379 140
379 141
379 142
379 143
380 143
380 144
381 144
381 145
382 145
383 145
383 146
383 147
383 148
383 149
383 150
384 150
384 151
385 151
385 150
386 150
386 149
387 149
388 149
389 149
389 148
408 458
409 458
407 458
407 457
406 457
405 457
404 457
403 457
402 457
401 457
400 457
399 457
398 457
398 458
398 459
398 460
397 460
397 459
396 459
395 459
394 459
393 459
392 459
391 459
391 458
390 458
390 457
389 457
389 456
389 455
389 454
389 453
389 452
389 451
389 450
389 449
389 448
389 447
389 446
389 445
389 444
390 444
391 444
392 444
393 444
410 458
410 459
411 459
411 460
411 461
411 462
411 463
411 464
411 465
411 466
411 467
412 467
413 467
414 467
415 467
416 467
417 467
418 467
419 467
420 467
421 467
422 467
423 467
424 467
424 466
424 465
425 465
425 464
425 463
426 463
426 462
427 462
428 462
429 462
430 462
430 461
431 461
432 461
433 461
434 461
435 461
436 461
437 461
438 461
438 460
438 459
438 458
359 77
360 77
358 77
358 78
358 79
357 79
357 80
360 76
361 76
361 75
361 74
361 73
361 72
361 71
362 71
362 70
363 70
363 69
363 68
364 68
365 68
366 68
367 68
368 68
369 68
370 68
371 68
372 68
373 68
374 68
375 68
375 67
376 67
376 66
377 66
378 66
379 66
379 65
380 65
380 64
380 63
380 62
380 61
380 60
380 59
380 58
380 57
380 56
379 56
379 55
380 55
380 54
381 54
382 54
383 54
384 54
384 53
429 59
428 59
430 59
431 59
432 59
433 59
434 59
435 59
435 58
436 58
437 58
438 58
439 58
440 58
441 58
442 58
442 57
443 57
443 56
444 56
445 56
445 55
446 55
447 55
447 54
427 59
426 59
426 58
425 58
424 58
424 57
423 57
422 57
422 56
421 56
420 56
419 56
418 56
360 297
361 297
359 297
358 297
357 297
356 297
356 298
355 298
355 299
354 299
354 300
353 300
353 301
352 301
351 301
350 301
349 301
348 301
347 301
346 301
346 300
345 300
344 300
344 299
343 299
343 298
342 298
341 298
340 298
339 298
338 298
337 298
336 298
335 298
335 297
334 297
334 296
334 295
334 294
334 293
334 292
333 292
333 291
333 290
333 289
333 288
333 287
333 286
332 286
332 285
332 284
331 284
331 283
331 282
330 282
330 281
329 281
329 280
329 279
329 278
328 278
328 277
328 276
328 275
329 275
329 274
329 273
329 272
330 272
330 271
331 271
332 271
333 271
334 271
335 271
336 271
337 271
337 270
338 270
361 296
361 295
361 294
362 294
362 293
363 293
363 292
364 292
365 292
365 291
366 291
367 291
367 290
368 290
369 290
369 289
370 289
371 289
371 288
372 288
373 288
373 287
373 286
374 286
374 285
374 284
374 283
374 282
375 282
375 281
375 280
375 279
375 278
375 277
375 276
375 275
375 274
375 273
376 273
376 272
377 272
377 271
378 271
378 270
379 270
380 270
380 269
381 269
381 268
382 268
382 267
383 267
383 266
383 265
384 265
384 264
384 263
385 263
385 262
386 262
387 262
388 262
389 262
390 262
391 262
392 262
392 263
393 263
394 263
395 263
396 263
397 263
398 263
399 263
399 262
400 262
400 261
401 261
402 261
403 261
404 261
405 261
406 261
407 261
408 261
409 261
410 261
411 261
412 261
413 261
414 261
415 261
416 261
416 260
417 260
418 260
418 259
419 259
419 258
419 257
419 256
419 255
419 254
419 253
419 252
419 251
419 250
419 249
419 248
419 247
419 246
418 246
418 245
418 244
419 244
419 243
419 242
419 241
419 240
419 239
419 238
419 237
418 143
419 143
417 143
416 143
415 143
414 143
414 142
414 141
413 141
413 140
413 139
412 139
412 138
411 138
411 137
410 137
409 137
408 137
407 137
407 138
406 138
405 138
404 138
403 138
402 138
401 138
400 138
399 138
398 138
420 143
421 143
421 144
422 144
423 144
424 144
425 144
426 144
427 144
428 144
429 144
429 143
430 143
430 142
430 141
430 140
430 139
430 138
430 137
429 137
429 136
429 135
428 135
428 134
428 133
428 132
428 131
428 130
428 129
428 128
428 127
428 126
428 125
428 124
427 124
427 123
426 123
426 122
426 121
425 121
425 120
425 119
424 119
424 118
424 117
424 116
424 115
424 114
424 113
424 112
424 111
424 110
423 110
488 441
488 442
488 440
488 439
488 438
488 437
488 436
487 436
487 435
487 434
487 433
487 432
486 432
485 432
484 432
483 432
482 432
482 431
481 431
481 430
480 430
480 429
479 429
478 429
478 428
477 428
476 428
476 427
475 427
475 426
475 425
474 425
473 425
472 425
471 425
470 425
469 425
468 425
467 425
466 425
465 425
464 425
463 425
462 425
462 426
462 427
462 428
462 429
461 429
460 429
459 429
458 429
457 429
456 429
455 429
454 429
453 429
453 430
453 431
453 432
453 433
453 434
453 435
453 436
453 437
453 438
453 439
452 439
451 439
451 440
450 440
449 440
448 440
448 441
447 441
447 442
447 443
447 444
447 445
447 446
446 446
445 446
444 446
444 447
443 447
443 448
442 448
442 449
441 449
441 450
441 451
440 451
440 452
439 452
439 453
439 454
439 455
439 456
438 456
438 457
488 443
488 444
488 445
488 446
489 446
489 447
490 447
490 448
491 448
491 449
492 449
493 449
493 450
493 451
493 452
493 453
494 453
494 454
494 455
494 456
494 457
494 458
494 459
495 459
495 460
495 461
496 461
496 462
497 462
497 463
498 463
498 464
499 464
500 464
501 464
502 464
503 464
504 464
505 464
505 463
506 463
507 463
508 463
509 463
510 463
511 463
511 462
511 461
511 460
511 459
511 458
511 457
511 456
511 455
511 454
511 453
511 452
511 451
499 445
500 445
498 445
498 444
498 443
497 443
497 444
497 445
497 446
497 447
496 447
496 448
495 448
495 449
495 450
495 451
495 452
495 453
501 445
502 445
503 445
504 445
505 445
505 446
506 446
507 446
507 447
508 447
509 447
509 448
510 448
510 449
510 450
511 450
366 258
367 258
365 258
364 258
363 258
362 258
361 258
361 259
361 260
360 260
360 261
359 261
358 261
358 262
357 262
357 263
356 263
355 263
355 264
354 264
353 264
353 265
352 265
351 265
350 265
350 266
350 267
349 267
349 268
349 269
349 270
349 271
348 271
348 270
347 270
346 270
345 270
344 270
343 270
342 270
341 270
340 270
339 270
368 258
369 258
370 258
371 258
372 258
372 259
372 260
373 260
373 261
373 262
374 262
374 263
374 264
375 264
375 265
376 265
377 265
377 266
378 266
378 267
379 267
379 268
380 268
480 417
480 418
481 417
482 417
483 417
484 417
485 417
486 417
487 417
487 416
487 415
487 414
486 414
486 413
486 412
486 411
486 410
485 410
485 409
484 409
484 408
484 407
484 406
484 405
484 404
484 403
483 403
483 402
482 402
482 401
482 400
481 400
481 401
481 402
481 403
481 404
480 404
480 405
479 405
479 406
478 406
478 407
477 407
477 408
477 409
476 409
475 409
474 409
473 409
472 409
471 409
470 409
470 408
469 408
469 407
468 407
468 406
479 418
478 418
477 418
477 419
476 419
475 419
475 420
474 420
474 421
473 421
473 422
473 423
474 423
474 424
475 424
318 111
319 111
317 111
316 111
315 111
315 110
315 109
315 108
315 107
315 106
315 105
315 104
315 103
315 102
315 101
315 100
315 99
314 99
314 98
313 98
313 97
312 97
312 96
311 96
311 95
310 95
310 94
309 94
309 93
308 93
308 92
307 92
307 91
307 90
307 89
307 88
307 87
306 87
306 86
305 86
304 86
303 86
302 86
301 86
300 86
299 86
298 86
297 86
296 86
296 85
295 85
295 84
294 84
294 83
293 83
293 82
292 82
292 81
293 81
293 80
293 79
293 78
293 77
293 76
293 75
293 74
293 73
293 72
293 71
293 70
293 69
293 68
293 67
293 66
293 65
292 65
292 64
292 63
293 63
294 63
295 63
296 63
297 63
298 63
298 62
299 62
299 61
299 60
300 60
300 61
300 62
301 62
301 63
301 64
301 65
302 65
302 66
303 66
303 67
304 67
304 68
320 111
321 111
322 111
322 112
323 112
324 112
325 112
326 112
327 112
328 112
329 112
330 112
331 112
332 112
333 112
333 113
334 113
334 114
334 115
334 116
335 116
336 116
337 116
338 116
339 116
339 115
340 115
340 114
341 114
344 381
345 381
343 381
343 380
343 379
342 379
342 378
342 377
342 376
342 375
342 374
342 373
343 373
343 372
344 372
344 371
345 371
346 371
346 370
347 370
347 369
348 369
348 368
348 367
349 367
350 367
351 367
352 367
353 367
354 367
354 368
355 368
356 368
357 368
358 368
359 368
359 369
358 369
358 370
358 371
358 372
358 373
358 374
358 375
358 376
358 377
357 377
357 378
357 379
357 380
357 381
357 382
357 383
357 384
358 384
359 384
360 384
360 385
361 385
361 386
362 386
363 386
364 386
365 386
365 387
366 387
367 387
367 388
368 388
369 388
370 388
371 388
372 388
372 387
373 387
374 387
375 387
376 387
377 387
378 387
379 387
380 387
380 388
381 388
382 388
382 389
383 389
383 390
383 391
383 392
383 393
383 394
383 395
383 396
383 397
383 398
382 398
381 398
381 399
380 399
380 400
381 400
381 401
381 402
381 403
381 404
381 405
380 405
380 406
379 406
379 407
379 408
379 409
379 410
379 411
379 412
379 413
379 414
379 415
380 415
380 416
381 416
382 416
383 416
384 416
384 417
384 418
384 419
385 419
385 420
386 420
386 421
386 422
386 423
386 424
386 425
386 426
387 426
387 427
387 428
388 428
388 429
389 429
390 429
391 429
392 429
393 429
394 429
394 430
394 431
394 432
394 433
394 434
395 434
395 435
395 436
395 437
395 438
395 439
395 440
395 441
395 442
395 443
394 443
394 444
345 382
346 382
347 382
347 383
348 383
348 384
349 384
350 384
350 385
351 385
352 385
353 385
354 385
355 385
355 384
356 384
495 469
495 468
494 469
493 469
493 470
492 470
492 471
491 471
491 472
490 472
490 473
490 474
489 474
488 474
487 474
486 474
485 474
485 473
484 473
484 472
483 472
482 472
481 472
480 472
479 472
478 472
477 472
476 472
475 472
474 472
473 472
472 472
471 472
470 472
469 472
468 472
467 472
466 472
465 472
464 472
463 472
462 472
461 472
460 472
459 472
458 472
457 472
457 473
456 473
456 474
455 474
454 474
454 473
453 473
453 472
452 472
452 471
451 471
451 470
451 469
450 469
450 468
449 468
449 467
448 467
448 466
448 465
448 464
448 463
447 463
447 462
446 462
445 462
444 462
443 462
442 462
441 462
440 462
440 461
440 460
439 460
439 459
439 458
496 468
497 468
497 467
498 467
498 466
498 465
347 229
346 229
348 229
349 229
350 229
350 230
351 230
352 230
353 230
353 229
354 229
355 229
355 228
356 228
356 227
357 227
357 226
358 226
358 225
359 225
359 224
359 223
360 223
360 222
361 222
361 221
362 221
363 221
363 220
364 220
364 219
365 219
366 219
366 218
367 218
367 217
368 217
368 216
368 215
368 214
368 213
368 212
368 211
368 210
369 210
370 210
371 210
346 228
345 228
344 228
344 227
343 227
342 227
341 227
341 226
340 226
340 225
340 224
339 224
339 223
338 223
337 223
336 223
336 222
335 222
334 222
334 223
334 224
334 225
334 226
334 227
333 227
333 228
332 228
332 227
332 226
331 226
330 226
329 226
328 226
327 226
326 226
325 226
324 226
323 226
322 226
321 226
320 226
319 226
318 226
317 226
316 226
316 227
316 228
316 229
316 230
316 231
316 232
317 232
317 233
317 234
318 234
318 235
319 235
319 236
319 237
319 238
319 239
319 240
319 241
319 242
320 242
320 243
320 244
321 244
321 245
321 246
321 247
321 248
321 249
321 250
321 251
322 251
322 252
323 252
323 253
324 253
325 253
326 253
327 253
328 253
329 253
330 253
331 253
332 253
333 253
334 253
334 252
335 252
336 252
337 252
338 252
338 253
339 253
339 254
339 255
340 255
340 256
341 256
341 257
342 257
342 258
343 258
343 259
344 259
344 260
345 260
345 261
345 262
344 262
344 263
343 263
343 264
343 265
343 266
342 266
342 267
341 267
341 268
340 268
340 269
339 269
369 160
368 160
369 159
369 158
370 158
370 157
370 156
370 155
369 155
369 154
369 153
369 152
369 151
369 150
369 149
369 148
370 148
370 147
371 147
371 146
372 146
373 146
373 145
374 145
375 145
376 145
377 145
377 144
378 144
379 144
368 161
367 161
367 162
366 162
365 162
365 163
364 163
364 164
363 164
362 164
361 164
360 164
359 164
358 164
357 164
357 163
356 163
356 162
355 162
355 161
354 161
353 161
352 161
351 161
350 161
349 161
348 161
347 161
346 161
345 161
344 161
344 162
343 162
343 161
343 160
343 159
343 158
343 157
343 156
343 155
343 154
342 154
342 153
342 152
342 151
342 150
342 149
342 148
343 148
343 147
343 146
343 145
342 145
342 144
342 143
341 143
340 143
340 142
340 141
340 140
340 139
340 138
340 137
340 136
340 135
340 134
340 133
341 133
341 132
342 132
342 131
342 130
343 130
343 129
343 128
344 128
344 127
345 127
345 126
346 126
346 125
346 124
346 123
347 123
340 201
339 201
341 201
342 201
343 201
344 201
345 201
346 201
346 200
338 201
337 201
336 201
335 201
334 201
333 201
332 201
331 201
330 201
330 202
331 202
331 203
332 203
332 204
332 205
332 206
332 207
333 207
333 208
333 209
334 209
334 210
334 211
334 212
334 213
334 214
334 215
334 216
334 217
334 218
334 219
334 220
334 221
335 221
426 324
427 324
425 324
424 324
423 324
422 324
421 324
420 324
419 324
419 325
419 326
418 326
418 327
417 327
417 328
417 329
416 329
416 330
416 331
415 331
415 332
414 332
414 333
413 333
413 334
412 334
411 334
411 335
410 335
409 335
408 335
407 335
406 335
406 336
405 336
405 337
404 337
403 337
402 337
401 337
400 337
399 337
398 337
397 337
396 337
396 336
395 336
395 335
395 334
395 333
395 332
395 331
394 331
393 331
393 332
392 332
391 332
390 332
389 332
388 332
387 332
387 331
386 331
385 331
385 330
384 330
383 330
382 330
381 330
381 329
380 329
379 329
378 329
377 329
376 329
375 329
374 329
373 329
373 330
372 330
371 330
371 331
370 331
369 331
369 332
369 333
368 333
368 334
367 334
367 335
366 335
365 335
364 335
363 335
363 334
362 334
362 333
361 333
360 333
359 333
358 333
357 333
356 333
355 333
355 332
354 332
354 333
353 333
352 333
351 333
350 333
349 333
349 334
348 334
347 334
347 335
347 336
346 336
346 337
346 338
345 338
345 339
344 339
344 340
343 340
343 341
343 342
343 343
343 344
343 345
343 346
342 346
342 347
342 348
342 349
342 350
342 351
342 352
342 353
342 354
342 355
343 355
343 356
344 356
344 357
345 357
345 358
345 359
345 360
345 361
345 362
346 362
346 363
346 364
347 364
347 365
347 366
347 367
347 368
428 324
429 324
430 324
431 324
431 325
432 325
433 325
434 325
435 325
436 325
437 325
438 325
439 325
439 326
438 326
438 327
438 328
438 329
438 330
438 331
438 332
438 333
438 334
439 334
439 335
439 336
439 337
439 338
438 338
438 339
438 340
438 341
438 342
437 342
437 343
437 344
437 345
436 345
436 346
435 346
435 347
434 347
433 347
433 348
432 348
431 348
430 348
430 347
429 347
428 347
427 347
426 347
425 347
424 347
423 347
422 347
421 347
420 347
420 346
420 345
419 345
419 344
418 344
418 343
417 343
417 342
416 342
416 341
415 341
415 340
414 340
414 339
414 338
413 338
413 337
413 336
413 335
398 383
398 384
398 382
398 381
399 381
399 380
400 380
400 379
399 379
398 379
397 379
396 379
395 379
395 378
394 378
394 377
393 377
392 377
391 377
390 377
389 377
388 377
388 376
389 376
389 375
389 374
389 373
389 372
389 371
389 370
388 370
387 370
386 370
385 370
384 370
383 370
382 370
381 370
381 369
380 369
380 368
379 368
379 367
378 367
377 367
376 367
375 367
375 368
374 368
373 368
373 369
373 370
372 370
372 371
371 371
370 371
370 372
369 372
369 371
368 371
367 371
366 371
365 371
364 371
364 370
363 370
362 370
361 370
361 369
360 369
360 368
398 385
398 386
398 387
398 388
398 389
399 389
399 390
400 390
400 391
401 391
401 392
401 393
402 393
402 394
403 394
403 395
403 396
403 397
403 398
402 398
402 399
402 400
401 400
400 400
400 401
399 401
399 402
398 402
398 403
397 403
397 404
397 405
396 405
395 405
394 405
393 405
392 405
391 405
390 405
389 405
389 404
388 404
387 404
386 404
385 404
384 404
383 404
382 404
387 80
387 79
387 81
388 81
388 82
389 82
389 83
390 83
390 84
391 84
392 84
392 85
393 85
394 85
395 85
396 85
397 85
398 85
399 85
400 85
401 85
401 86
402 86
403 86
404 86
405 86
406 86
407 86
408 86
408 87
408 88
408 89
408 90
408 91
408 92
408 93
408 94
408 95
409 95
409 96
409 97
409 98
410 98
410 99
410 100
410 101
410 102
410 103
410 104
410 105
386 79
386 78
385 78
384 78
384 77
383 77
382 77
382 76
381 76
380 76
380 75
379 75
379 74
379 73
379 72
379 71
379 70
379 69
379 68
379 67
449 135
449 134
450 135
450 136
451 136
452 136
452 137
453 137
454 137
455 137
456 137
457 137
458 137
459 137
460 137
461 137
461 138
462 138
463 138
464 138
465 138
465 139
466 139
466 140
466 141
467 141
467 142
448 134
447 134
447 133
446 133
446 132
445 132
444 132
443 132
442 132
441 132
441 131
440 131
440 130
440 129
439 129
438 129
437 129
436 129
435 129
434 129
434 128
433 128
433 127
432 127
431 127
431 126
430 126
430 125
429 125
415 385
416 385
414 385
414 386
413 386
412 386
411 386
411 387
410 387
410 388
409 388
409 389
409 390
408 390
408 391
408 392
407 392
406 392
406 393
405 393
405 394
404 394
404 395
404 396
416 384
416 383
417 383
417 382
418 382
418 381
418 380
419 380
419 379
419 378
420 378
420 377
421 377
421 376
422 376
422 375
423 375
423 374
423 373
423 372
423 371
423 370
423 369
423 368
423 367
423 366
423 365
423 364
423 363
423 362
423 361
423 360
423 359
423 358
423 357
423 356
422 356
422 355
421 355
421 354
420 354
420 353
420 352
420 351
420 350
420 349
420 348
411 449
410 449
412 449
413 449
414 449
415 449
415 448
416 448
417 448
418 448
419 448
420 448
420 449
421 449
421 450
422 450
423 450
424 450
425 450
426 450
427 450
428 450
429 450
430 450
431 450
432 450
433 450
434 450
434 451
435 451
435 452
436 452
436 453
436 454
437 454
437 455
437 456
409 449
408 449
407 449
406 449
405 449
404 449
403 449
403 448
403 447
402 447
402 446
401 446
400 446
399 446
399 445
398 445
397 445
396 445
395 445
395 444
369 322
369 321
369 323
369 324
369 325
369 326
369 327
369 328
370 328
370 329
370 330
369 320
369 319
369 318
369 317
369 316
368 316
368 315
367 315
367 314
366 314
366 313
366 312
366 311
367 311
367 310
367 309
367 308
367 307
367 306
368 306
368 305
368 304
367 304
367 303
367 302
367 301
367 300
367 299
367 298
366 298
366 297
366 296
366 295
366 294
366 293
365 293
380 287
379 287
381 287
382 287
383 287
384 287
384 288
385 288
385 289
385 290
386 290
386 291
387 291
387 292
387 293
388 293
388 294
389 294
389 295
389 296
389 297
389 298
389 299
389 300
390 300
390 301
390 302
390 303
390 304
390 305
390 306
390 307
391 307
391 308
391 309
391 310
392 310
392 311
392 312
393 312
393 313
394 313
394 314
394 315
394 316
394 317
394 318
394 319
393 319
393 320
392 320
392 321
392 322
391 322
391 323
391 324
391 325
391 326
391 327
392 327
392 328
393 328
393 329
393 330
394 330
378 287
377 287
376 287
375 287
374 287
357 148
358 148
356 148
356 149
355 149
355 150
354 150
354 151
353 151
353 152
353 153
352 153
352 154
352 155
352 156
352 157
352 158
352 159
352 160
353 160
358 147
358 146
358 145
358 144
359 144
359 143
360 143
361 143
361 142
362 142
363 142
363 141
364 141
364 140
365 140
366 140
366 139
367 139
368 139
369 139
370 139
371 139
372 139
372 138
373 138
374 138
375 138
376 138
377 138
463 349
463 348
464 349
464 350
464 351
465 351
465 352
465 353
465 354
465 355
465 356
465 357
464 357
464 358
464 359
464 360
464 361
464 362
464 363
464 364
464 365
464 366
464 367
465 367
465 368
466 368
466 369
467 369
467 370
468 370
468 371
469 371
470 371
471 371
472 371
473 371
474 371
475 371
476 371
477 371
478 371
479 371
480 371
481 371
481 372
482 372
483 372
484 372
485 372
486 372
487 372
488 372
489 372
490 372
490 373
491 373
491 374
491 375
492 375
492 376
493 376
494 376
495 376
496 376
496 377
496 378
497 378
497 379
497 380
496 380
496 381
495 381
494 381
494 382
493 382
493 383
493 384
492 384
492 385
491 385
491 386
490 386
489 386
488 386
487 386
487 387
486 387
485 387
485 388
484 388
483 388
482 388
482 389
481 389
480 389
479 389
478 389
478 390
479 390
480 390
480 391
481 391
481 392
481 393
481 394
481 395
481 396
481 397
481 398
481 399
462 348
461 348
460 348
460 347
459 347
459 346
459 345
459 344
459 343
459 342
459 341
459 340
459 339
459 338
459 337
458 337
457 337
456 337
455 337
455 336
454 336
454 335
454 334
454 333
454 332
454 331
454 330
454 329
454 328
453 328
453 327
452 327
451 327
451 326
450 326
450 325
449 325
448 325
447 325
446 325
445 325
444 325
444 324
443 324
443 323
442 323
442 324
441 324
441 325
440 325
326 186
326 185
326 187
326 188
326 189
326 190
326 191
326 192
326 193
326 194
326 195
326 196
326 197
327 197
327 198
328 198
328 199
329 199
329 200
329 201
327 185
327 184
327 183
327 182
328 182
328 181
327 181
327 180
327 179
326 179
326 178
326 177
325 177
325 176
325 175
325 174
325 173
325 172
325 171
325 170
326 170
326 169
327 169
327 168
327 167
328 167
328 166
329 166
330 166
331 166
332 166
333 166
334 166
335 166
336 166
337 166
338 166
339 166
339 165
340 165
341 165
341 164
342 164
342 163
343 163
422 426
421 426
423 426
424 426
425 426
426 426
427 426
428 426
428 425
429 425
430 425
430 424
430 423
431 423
431 422
431 421
432 421
432 420
433 420
434 420
434 419
435 419
435 418
436 418
436 417
436 416
436 415
436 414
437 414
437 415
438 415
439 415
440 415
441 415
442 415
443 415
444 415
445 415
446 415
447 415
448 415
448 416
447 416
447 417
447 418
447 419
448 419
448 420
448 421
449 421
449 422
450 422
451 422
452 422
453 422
454 422
455 422
455 423
456 423
456 424
457 424
458 424
459 424
460 424
461 424
461 425
461 426
461 427
461 428
420 426
419 426
418 426
417 426
417 425
416 425
415 425
414 425
413 425
412 425
411 425
410 425
409 425
409 426
408 426
407 426
407 427
406 427
406 428
405 428
404 428
403 428
402 428
401 428
400 428
399 428
398 428
397 428
396 428
396 429
395 429
395 430
270 20
270 19
269 20
269 21
269 22
269 23
269 24
269 25
269 26
268 26
268 27
268 28
268 29
268 30
268 31
268 32
268 33
268 34
269 34
269 35
269 36
269 37
269 38
269 39
269 40
268 40
268 41
268 42
267 42
267 43
267 44
266 44
266 45
267 45
268 45
269 45
270 45
271 45
271 46
272 46
273 46
273 47
274 47
274 48
274 49
274 50
274 51
274 52
274 53
274 54
273 54
273 55
273 56
272 56
272 57
271 57
271 58
271 59
272 59
273 59
274 59
275 59
276 59
276 60
277 60
277 61
278 61
278 62
279 62
279 63
279 64
279 65
279 66
279 67
279 68
279 69
279 70
279 71
279 72
279 73
279 74
279 75
279 76
280 76
281 76
281 77
282 77
282 78
282 79
283 79
283 80
284 80
285 80
286 80
287 80
288 80
289 80
290 80
291 80
291 81
270 18
270 17
270 16
271 16
271 15
271 14
271 13
271 12
271 11
270 11
269 11
269 10
268 10
267 10
267 9
266 9
266 8
266 7
265 7
265 6
264 6
264 5
263 5
263 4
262 4
262 3
261 3
260 3
259 3
259 4
258 4
258 5
258 6
257 6
257 7
256 7
255 7
254 7
253 7
252 7
251 7
250 7
249 7
248 7
247 7
247 8
246 8
246 7
245 7
244 7
243 7
242 7
241 7
241 8
241 9
241 10
241 11
240 11
240 12
240 13
239 13
239 14
239 15
238 15
238 16
237 16
236 16
236 17
235 17
234 17
234 18
235 18
235 19
236 19
237 19
237 20
238 20
238 21
238 22
238 23
238 24
238 25
238 26
238 27
239 27
239 28
239 29
240 29
240 30
240 31
241 31
241 32
241 33
241 34
241 35
241 36
241 37
241 38
242 38
242 39
242 40
243 40
243 41
244 41
245 41
246 41
247 41
248 41
249 41
250 41
250 40
251 40
252 40
253 40
253 39
254 39
254 40
255 40
255 41
256 41
256 42
256 43
257 43
257 44
257 45
258 45
258 46
259 46
260 46
261 46
262 46
263 46
264 46
265 46
265 45
442 208
442 209
441 208
441 207
440 207
440 206
439 206
439 205
438 205
437 205
436 205
435 205
434 205
433 205
432 205
431 205
430 205
429 205
429 206
429 207
428 207
428 208
427 208
427 207
426 207
425 207
424 207
423 207
422 207
421 207
420 207
419 207
419 208
418 208
418 209
417 209
416 209
416 210
415 210
414 210
413 210
412 210
443 209
443 210
444 210
444 211
445 211
445 212
445 213
446 213
446 214
446 215
446 216
446 217
446 218
446 219
446 220
445 220
445 221
444 221
444 222
443 222
443 223
443 224
443 225
443 226
442 226
442 227
441 227
441 228
440 228
440 229
439 229
438 229
437 229
436 229
436 230
435 230
434 230
434 231
433 231
433 232
432 232
431 232
431 233
430 233
430 234
429 234
428 234
428 235
427 235
427 236
426 236
426 237
425 237
424 237
423 237
422 237
421 237
420 237
404 291
404 292
404 290
404 289
404 288
404 287
405 287
405 286
406 286
406 285
406 284
407 284
407 283
408 283
408 282
408 281
409 281
409 280
409 279
408 279
408 278
408 277
408 276
408 275
409 275
409 274
409 273
409 272
409 271
409 270
409 269
409 268
409 267
409 266
409 265
408 265
408 264
408 263
408 262
404 293
404 294
404 295
403 295
402 295
402 296
401 296
400 296
399 296
398 296
398 297
397 297
397 298
396 298
396 299
395 299
395 300
394 300
394 301
393 301
392 301
391 301
391 302
400 311
401 311
399 311
398 311
397 311
396 311
395 311
394 311
393 311
402 311
403 311
404 311
405 311
406 311
406 310
407 310
408 310
409 310
410 310
411 310
412 310
413 310
414 310
415 310
416 310
417 310
418 310
419 310
420 310
421 310
422 310
423 310
424 310
425 310
425 311
424 311
423 311
422 311
421 311
420 311
420 312
420 313
420 314
420 315
420 316
420 317
419 317
419 318
419 319
418 319
418 320
418 321
417 321
417 322
418 322
418 323
418 324
418 325
505 321
505 322
505 320
505 319
504 319
504 318
503 318
503 317
502 317
502 316
501 316
500 316
499 316
498 316
498 315
497 315
497 314
497 313
497 312
497 311
497 310
497 309
496 309
495 309
494 309
493 309
492 309
491 309
490 309
489 309
488 309
487 309
486 309
485 309
484 309
483 309
482 309
481 309
480 309
479 309
478 309
477 309
476 309
475 309
475 310
476 310
477 310
477 311
477 312
477 313
478 313
478 314
479 314
479 315
479 316
479 317
478 317
478 318
477 318
477 319
476 319
476 320
476 321
475 321
475 322
475 323
475 324
475 325
475 326
474 326
474 327
473 327
473 328
473 329
472 329
472 330
471 330
471 331
470 331
470 332
469 332
469 333
468 333
468 334
467 334
466 334
465 334
464 334
463 334
462 334
461 334
460 334
459 334
459 335
458 335
458 336
457 336
456 336
505 323
505 324
505 325
505 326
505 327
505 328
505 329
505 330
505 331
505 332
505 333
505 334
505 335
505 336
504 336
504 337
504 338
503 338
503 339
503 340
503 341
503 342
503 343
502 343
502 344
501 344
450 174
451 174
450 175
449 175
448 175
447 175
447 176
446 176
445 176
445 177
444 177
444 178
443 178
443 179
443 180
442 180
442 181
441 181
440 181
440 182
439 182
439 183
438 183
438 184
437 184
437 185
436 185
435 185
435 186
434 186
433 186
433 187
432 187
431 187
431 188
430 188
429 188
429 189
429 190
428 190
428 191
428 192
427 192
427 193
427 194
427 195
427 196
427 197
427 198
427 199
427 200
427 201
427 202
427 203
427 204
427 205
427 206
451 173
452 173
452 172
453 172
453 171
453 170
454 170
454 169
455 169
455 168
455 167
455 166
455 165
455 164
455 163
455 162
455 161
455 160
456 160
456 159
456 158
457 158
457 157
457 156
457 155
457 154
458 154
458 153
459 153
460 153
460 152
461 152
462 152
463 152
464 152
464 151
464 150
464 149
464 148
464 147
464 146
464 145
465 145
465 144
466 144
466 143
467 143
466 402
466 401
466 403
466 404
466 405
467 405
467 406
466 400
466 399
466 398
466 397
466 396
466 395
466 394
467 394
467 393
467 392
467 391
466 391
466 390
465 390
465 389
464 389
464 388
463 388
462 388
461 388
460 388
459 388
459 387
458 387
458 386
458 385
457 385
457 384
457 383
456 383
456 382
456 381
457 381
457 380
458 380
459 380
459 379
460 379
461 379
461 378
461 377
462 377
462 376
462 375
462 374
462 373
462 372
462 371
462 370
462 369
463 369
463 368
464 368
449 386
449 385
448 386
448 387
447 387
446 387
446 388
445 388
444 388
443 388
442 388
441 388
440 388
439 388
438 388
438 387
437 387
436 387
436 386
435 386
434 386
433 386
433 385
433 384
432 384
432 383
431 383
431 382
430 382
430 381
429 381
429 380
428 380
428 379
427 379
426 379
426 378
425 378
425 377
424 377
424 376
423 376
450 385
450 384
451 384
452 384
452 383
453 383
454 383
454 382
455 382
247 63
246 63
248 63
249 63
250 63
250 64
250 65
249 65
249 66
249 67
249 68
249 69
249 70
249 71
249 72
249 73
248 73
248 74
249 74
249 75
250 75
251 75
252 75
253 75
254 75
255 75
255 74
256 74
256 73
257 73
258 73
258 72
259 72
260 72
261 72
262 72
262 71
263 71
263 70
264 70
264 69
264 68
264 67
264 66
264 65
264 64
263 64
263 63
263 62
263 61
263 60
264 60
265 60
266 60
267 60
268 60
268 59
269 59
270 59
270 58
245 63
244 63
244 62
243 62
242 62
241 62
240 62
239 62
238 62
237 62
236 62
235 62
234 62
234 63
233 63
233 64
233 65
233 66
233 67
233 68
233 69
233 70
233 71
232 71
232 72
232 73
232 74
232 75
232 76
232 77
232 78
233 78
233 79
233 80
234 80
234 81
234 82
235 82
235 83
235 84
236 84
236 85
237 85
238 85
239 85
240 85
241 85
242 85
243 85
244 85
245 85
246 85
247 85
248 85
249 85
249 84
250 84
250 83
251 83
252 83
253 83
253 82
254 82
254 81
254 80
254 79
254 78
254 77
254 76
491 277
492 277
491 278
490 278
490 279
490 280
489 280
489 281
489 282
489 283
488 283
488 284
487 284
487 285
487 286
487 287
487 288
487 289
487 290
487 291
486 291
486 292
486 293
486 294
487 294
487 295
487 296
488 296
488 297
488 298
488 299
488 300
488 301
488 302
488 303
488 304
488 305
488 306
488 307
488 308
487 308
486 308
485 308
492 276
493 276
493 275
493 274
494 274
494 273
495 273
495 272
496 272
497 272
497 271
498 271
499 271
499 270
500 270
500 269
500 268
500 267
500 266
500 265
500 264
500 263
500 262
501 262
501 263
501 264
502 264
503 264
504 264
505 264
506 264
507 264
508 264
508 265
509 265
509 266
510 266
510 267
511 267
511 268
501 354
501 353
501 355
501 356
501 357
501 358
501 359
501 360
501 361
501 362
500 362
499 362
498 362
497 362
497 363
497 364
498 364
498 365
498 366
498 367
498 368
498 369
498 370
498 371
498 372
498 373
498 374
498 375
498 376
498 377
498 378
498 379
501 352
501 351
501 350
501 349
501 348
501 347
501 346
501 345
181 227
181 228
181 226
182 226
182 225
183 225
183 224
184 224
184 225
185 225
186 225
186 226
187 226
187 227
187 228
187 229
187 230
188 230
188 231
189 231
190 231
191 231
192 231
193 231
193 230
194 230
194 229
195 229
195 228
195 227
196 227
196 226
196 225
196 224
196 223
196 222
196 221
196 220
197 220
197 219
197 218
198 218
198 217
199 217
199 218
200 218
200 219
200 220
201 220
202 220
203 220
204 220
205 220
206 220
207 220
208 220
209 220
209 221
210 221
211 221
211 222
211 223
211 224
211 225
211 226
211 227
211 228
211 229
212 229
213 229
214 229
215 229
216 229
217 229
218 229
219 229
219 230
220 230
221 230
221 231
222 231
223 231
224 231
224 232
225 232
226 232
227 232
228 232
229 232
230 232
231 232
231 231
232 231
232 230
232 229
233 229
233 228
234 228
234 229
235 229
236 229
237 229
238 229
239 229
240 229
240 230
240 231
240 232
241 232
241 231
241 230
241 229
241 228
241 227
242 227
243 227
244 227
244 226
244 225
244 224
244 223
245 223
245 222
245 221
246 221
246 220
247 220
247 219
248 219
248 218
248 217
248 216
248 215
248 214
248 213
248 212
248 211
248 210
249 210
249 209
250 209
251 209
252 209
253 209
254 209
255 209
256 209
256 210
257 210
258 210
259 210
260 210
261 210
262 210
263 210
264 210
265 210
265 209
266 209
266 208
267 208
268 208
268 207
268 206
269 206
269 205
269 204
269 203
270 203
270 202
270 201
269 201
269 200
269 199
269 198
269 197
269 196
268 196
268 195
268 194
268 193
267 193
267 192
266 192
266 191
266 190
265 190
265 189
265 188
265 187
264 187
264 186
264 185
264 184
264 183
264 182
265 182
265 181
265 180
266 180
266 179
267 179
267 178
268 178
268 177
269 177
270 177
270 176
271 176
271 175
272 175
273 175
274 175
275 175
276 175
276 176
277 176
278 176
279 176
280 176
281 176
282 176
283 176
284 176
284 175
285 175
286 175
287 175
288 175
289 175
289 174
290 174
291 174
291 173
292 173
292 172
293 172
293 171
293 170
293 169
293 168
293 167
293 166
293 165
294 165
295 165
295 164
295 163
294 163
294 162
293 162
293 161
294 161
295 161
296 161
297 161
298 161
299 161
300 161
301 161
302 161
303 161
303 160
304 160
304 159
305 159
305 158
305 157
305 156
305 155
305 154
306 154
306 153
306 152
306 151
306 150
306 149
306 148
306 147
306 146
306 145
306 144
306 143
306 142
307 142
308 142
308 141
308 140
308 139
308 138
309 138
309 137
309 136
310 136
310 135
311 135
311 134
311 133
311 132
312 132
312 131
313 131
313 130
314 130
314 129
315 129
315 128
315 127
315 126
315 125
316 125
316 124
316 123
315 123
315 122
315 121
315 120
315 119
315 118
315 117
315 116
315 115
315 114
315 113
315 112
181 229
181 230
180 230
180 231
179 231
179 230
178 230
177 230
177 229
176 229
176 228
175 228
174 228
173 228
172 228
171 228
171 227
170 227
170 226
169 226
168 226
167 226
166 226
165 226
164 226
163 226
162 226
161 226
161 227
475 183
474 183
476 183
477 183
478 183
479 183
480 183
481 183
481 184
482 184
483 184
483 183
484 183
484 182
484 181
485 181
486 181
486 180
486 179
486 178
486 177
486 176
486 175
487 175
487 174
488 174
489 174
490 174
491 174
492 174
492 173
493 173
494 173
494 172
495 172
495 171
495 170
496 170
496 169
496 168
497 168
497 169
498 169
499 169
500 169
501 169
501 170
502 170
502 171
502 172
502 173
502 174
502 175
502 176
502 177
502 178
502 179
502 180
501 180
500 180
500 181
501 181
502 181
502 182
503 182
503 183
504 183
504 184
504 185
504 186
505 186
505 187
504 187
504 188
503 188
502 188
502 189
501 189
501 190
500 190
500 191
499 191
498 191
497 191
497 192
496 192
495 192
495 193
495 194
494 194
494 195
494 196
494 197
494 198
494 199
494 200
494 201
494 202
494 203
493 203
493 204
492 204
492 205
473 183
472 183
471 183
471 184
470 184
470 185
469 185
468 185
468 184
467 184
466 184
465 184
464 184
464 183
464 182
463 182
463 181
462 181
462 180
462 179
462 178
462 177
461 177
461 176
460 176
460 175
459 175
459 174
458 174
458 173
458 172
458 171
457 171
456 171
456 170
455 170
250 261
249 261
251 261
252 261
253 261
254 261
255 261
255 260
256 260
257 260
257 259
257 258
257 257
258 257
258 258
259 258
259 259
260 259
261 259
261 260
262 260
263 260
264 260
265 260
265 259
266 259
266 258
267 258
268 258
268 257
269 257
270 257
271 257
272 257
273 257
274 257
274 256
275 256
276 256
277 256
278 256
279 256
280 256
281 256
282 256
283 256
283 257
284 257
285 257
286 257
287 257
288 257
289 257
289 258
290 258
291 258
291 259
291 260
291 261
291 262
291 263
291 264
291 265
291 266
291 267
291 268
291 269
291 270
290 270
290 271
289 271
289 272
290 272
290 273
291 273
291 274
291 275
292 275
292 276
293 276
293 277
294 277
295 277
296 277
297 277
298 277
299 277
300 277
300 276
301 276
302 276
303 276
304 276
305 276
306 276
307 276
308 276
308 275
309 275
309 274
310 274
311 274
311 273
312 273
313 273
314 273
315 273
315 274
316 274
317 274
318 274
319 274
320 274
321 274
322 274
323 274
324 274
325 274
326 274
326 275
327 275
327 276
248 261
247 261
246 261
246 262
245 262
245 263
245 264
244 264
244 265
244 266
243 266
243 267
243 268
242 268
242 269
241 269
241 270
240 270
239 270
239 269
238 269
238 268
237 268
236 268
236 267
235 267
234 267
234 266
233 266
233 265
232 265
232 264
232 263
232 262
232 261
232 260
232 259
231 259
231 258
230 258
230 257
231 257
232 257
232 256
233 256
233 255
234 255
234 254
235 254
235 253
235 252
235 251
235 250
235 249
235 248
235 247
235 246
234 246
234 245
233 245
232 245
231 245
230 245
230 244
231 244
232 244
232 243
232 242
232 241
232 240
232 239
232 238
232 237
232 236
232 235
231 235
231 234
231 233
352 460
351 460
353 460
354 460
355 460
356 460
357 460
358 460
359 460
360 460
361 460
362 460
363 460
363 459
363 458
363 457
363 456
363 455
363 454
363 453
363 452
363 451
364 451
364 450
364 449
364 448
364 447
364 446
364 445
364 444
364 443
364 442
365 442
366 442
367 442
368 442
369 442
370 442
371 442
372 442
373 442
374 442
375 442
376 442
376 443
377 443
378 443
379 443
380 443
381 443
382 443
383 443
384 443
385 443
385 442
385 441
385 440
386 440
386 441
387 441
387 442
388 442
388 443
389 443
350 460
349 460
348 460
347 460
346 460
345 460
344 460
343 460
343 461
342 461
341 461
340 461
340 460
340 459
339 459
339 458
338 458
338 457
338 456
338 455
339 455
339 454
339 453
339 452
339 451
340 451
340 450
340 449
340 448
340 447
340 446
340 445
339 445
338 445
338 444
337 444
336 444
335 444
334 444
333 444
332 444
331 444
331 443
332 443
332 442
332 441
332 440
332 439
332 438
332 437
331 437
331 436
330 436
330 435
329 435
329 434
330 434
331 434
332 434
333 434
333 433
334 433
334 432
335 432
335 431
335 430
335 429
334 429
334 428
333 428
332 428
332 427
331 427
331 426
331 425
330 425
330 424
329 424
328 424
328 423
327 423
327 422
327 421
327 420
326 420
326 419
327 419
327 418
328 418
329 418
330 418
330 417
331 417
331 416
332 416
333 416
333 415
334 415
335 415
336 415
336 414
335 414
334 414
334 413
334 412
334 411
334 410
333 410
332 410
331 410
330 410
329 410
329 409
328 409
328 408
328 407
328 406
328 405
328 404
328 403
328 402
328 401
327 401
327 400
327 399
327 398
327 397
326 397
325 397
325 396
324 396
323 396
323 395
322 395
322 394
321 394
320 394
320 393
319 393
318 393
318 392
318 391
319 391
319 390
320 390
320 389
321 389
321 388
322 388
322 387
322 386
322 385
322 384
322 383
322 382
321 382
321 381
321 380
321 379
322 379
322 378
323 378
323 377
323 376
322 376
322 375
321 375
321 374
321 373
321 372
321 371
321 370
321 369
321 368
321 367
321 366
321 365
321 364
321 363
321 362
321 361
321 360
322 360
322 359
322 358
323 358
324 358
325 358
326 358
327 358
327 359
328 359
328 360
329 360
329 361
329 362
330 362
330 363
331 363
331 364
331 365
332 365
332 366
333 366
334 366
334 367
335 367
335 368
336 368
336 369
337 369
337 370
338 370
338 371
339 371
339 372
340 372
341 372
342 372
178 26
178 27
177 26
176 26
175 26
174 26
174 25
173 25
172 25
172 24
173 24
173 23
174 23
174 22
174 21
175 21
175 20
175 19
175 18
175 17
175 16
175 15
175 14
174 14
173 14
172 14
171 14
170 14
169 14
168 14
168 13
167 13
167 14
166 14
166 15
166 16
166 17
165 17
164 17
164 18
163 18
162 18
161 18
161 17
160 17
160 16
159 16
159 15
159 14
158 14
157 14
156 14
155 14
155 13
154 13
153 13
153 12
152 12
151 12
150 12
149 12
148 12
147 12
146 12
145 12
145 13
144 13
144 14
143 14
143 15
143 16
143 17
143 18
142 18
142 19
142 20
141 20
141 21
140 21
140 22
139 22
138 22
138 23
137 23
136 23
135 23
134 23
133 23
133 24
134 24
135 24
135 25
136 25
136 26
136 27
136 28
136 29
136 30
136 31
136 32
136 33
136 34
136 35
136 36
136 37
136 38
137 38
137 39
138 39
139 39
139 38
140 38
141 38
141 37
142 37
143 37
143 36
144 36
145 36
146 36
146 37
147 37
148 37
148 38
149 38
149 39
149 40
149 41
149 42
150 42
150 43
150 44
150 45
150 46
150 47
150 48
150 49
150 50
149 50
149 51
149 52
149 53
149 54
149 55
149 56
148 56
148 57
147 57
146 57
145 57
144 57
144 58
143 58
142 58
142 59
141 59
141 60
140 60
140 61
141 61
141 62
142 62
142 63
143 63
143 64
143 65
143 66
143 67
143 68
143 69
143 70
143 71
144 71
145 71
146 71
146 72
147 72
148 72
148 73
149 73
150 73
150 74
150 75
150 76
150 77
150 78
151 78
151 79
151 80
152 80
152 81
152 82
152 83
152 84
152 85
152 86
151 86
151 87
150 87
150 88
150 89
149 89
148 89
148 88
147 88
146 88
146 87
145 87
145 86
144 86
144 87
144 88
144 89
144 90
144 91
143 91
143 92
142 92
142 93
141 93
141 94
141 95
140 95
140 96
140 97
140 98
140 99
140 100
140 101
140 102
140 103
139 103
138 103
137 103
136 103
135 103
134 103
133 103
133 104
133 105
133 106
133 107
132 107
131 107
130 107
129 107
128 107
127 107
126 107
125 107
125 108
125 109
125 110
125 111
125 112
125 113
179 27
179 28
180 28
180 29
180 30
180 31
181 31
181 32
181 33
181 34
182 34
182 35
182 36
182 37
183 37
183 38
183 39
183 40
183 41
183 42
183 43
183 44
183 45
184 45
184 46
184 47
185 47
185 46
186 46
186 45
187 45
187 44
188 44
189 44
189 43
190 43
191 43
191 42
192 42
193 42
194 42
195 42
196 42
197 42
198 42
199 42
200 42
201 42
201 41
202 41
202 40
203 40
203 39
204 39
205 39
206 39
207 39
208 39
209 39
210 39
210 38
210 37
211 37
211 36
211 35
212 35
212 34
213 34
213 33
214 33
215 33
216 33
217 33
218 33
219 33
220 33
220 32
221 32
221 33
222 33
223 33
223 34
224 34
224 35
224 36
224 37
224 38
224 39
224 40
224 41
225 41
226 41
227 41
228 41
229 41
230 41
230 42
231 42
232 42
232 43
233 43
234 43
235 43
236 43
237 43
238 43
239 43
240 43
240 42
241 42
241 41
241 40
241 39
173 206
172 206
174 206
175 206
175 205
176 205
176 204
177 204
177 203
178 203
178 202
178 201
178 200
178 199
178 198
178 197
178 196
178 195
178 194
179 194
179 193
180 193
180 192
181 192
181 191
181 190
181 189
181 188
180 188
180 187
180 186
179 186
179 185
179 184
179 183
179 182
179 181
179 180
180 180
180 179
179 179
179 178
178 178
177 178
177 177
176 177
175 177
174 177
173 177
172 177
171 177
170 177
169 177
168 177
167 177
166 177
165 177
165 176
164 176
164 177
164 178
163 178
163 179
163 180
162 180
162 181
162 182
162 183
162 184
162 185
161 185
161 186
160 186
160 185
159 185
159 184
158 184
158 183
158 182
157 182
157 181
156 181
156 180
155 180
154 180
154 179
153 179
153 178
152 178
152 177
151 177
151 176
150 176
150 175
149 175
149 174
149 173
149 172
148 172
147 172
146 172
145 172
144 172
143 172
142 172
141 172
141 171
140 171
140 170
139 170
138 170
138 169
171 206
170 206
169 206
168 206
168 207
168 208
168 209
168 210
167 210
167 211
166 211
166 212
166 213
166 214
166 215
166 216
167 216
167 217
168 217
168 218
169 218
169 219
169 220
169 221
169 222
169 223
169 224
169 225
186 173
186 172
186 174
186 175
186 176
186 177
185 177
185 178
184 178
183 178
182 178
182 179
181 179
186 171
186 170
186 169
186 168
186 167
186 166
186 165
186 164
186 163
186 162
186 161
186 160
186 159
186 158
186 157
186 156
186 155
186 154
186 153
186 152
187 152
187 151
188 151
189 151
190 151
190 150
190 149
190 148
190 147
190 146
190 145
189 145
188 145
187 145
186 145
186 144
186 143
186 142
186 141
186 140
186 139
185 139
184 139
183 139
182 139
181 139
180 139
179 139
178 139
177 139
177 138
176 138
176 139
176 140
176 141
176 142
176 143
176 144
176 145
175 145
175 146
175 147
175 148
175 149
174 149
174 150
174 151
173 151
173 152
172 152
172 151
171 151
170 151
169 151
168 151
167 151
166 151
165 151
164 151
163 151
162 151
161 151
161 150
161 149
161 148
161 147
160 147
159 147
158 147
157 147
156 147
155 147
154 147
153 147
152 147
151 147
150 147
149 147
148 147
148 146
148 145
148 144
148 143
147 143
147 142
147 141
146 141
146 140
145 140
145 139
144 139
144 138
143 138
143 137
142 137
142 136
141 136
140 136
139 136
139 135
138 135
138 134
138 133
137 133
137 132
136 132
136 131
135 131
135 130
134 130
134 129
133 129
133 128
133 127
132 127
132 126
132 125
131 125
131 124
130 124
130 123
129 123
129 122
129 121
128 121
128 120
127 120
127 119
127 118
126 118
126 117
126 116
126 115
126 114
126 113
502 246
502 245
502 247
503 247
503 248
504 248
505 248
505 249
505 250
505 251
505 252
505 253
505 254
504 254
504 255
504 256
504 257
504 258
504 259
503 259
502 259
502 260
501 260
501 261
501 245
501 244
500 244
500 243
499 243
499 242
498 242
498 241
498 240
498 239
498 238
498 237
498 236
498 235
498 234
498 233
499 233
500 233
501 233
501 232
502 232
503 232
504 232
505 232
506 232
506 231
507 231
508 231
509 231
509 230
510 230
511 230
511 229
511 228
511 227
511 226
511 225
510 225
510 224
509 224
509 223
508 223
508 222
507 222
507 221
507 220
506 220
506 219
505 219
504 219
503 219
502 219
501 219
501 218
500 218
499 218
498 218
497 218
496 218
495 218
494 218
494 217
494 216
493 216
493 215
492 215
492 214
492 213
492 212
491 212
491 211
491 210
491 209
491 208
491 207
491 206
491 205
394 489
394 488
393 489
393 490
392 490
392 491
392 492
393 492
393 493
394 493
394 494
394 495
394 496
394 497
394 498
394 499
394 500
394 501
394 502
394 503
394 504
395 504
395 488
395 487
396 487
396 486
397 486
397 485
398 485
398 484
398 483
398 482
399 482
399 481
399 480
400 480
400 479
401 479
401 478
401 477
402 477
402 476
403 476
403 475
404 475
405 475
406 475
406 474
407 474
407 473
408 473
408 472
408 471
409 471
409 470
409 469
409 468
410 468
411 468
412 468
413 468
318 321
318 320
319 321
319 322
320 322
321 322
321 323
322 323
323 323
324 323
324 324
325 324
326 324
326 325
327 325
327 326
328 326
328 327
328 328
328 329
328 330
327 330
327 331
327 332
327 333
327 334
327 335
328 335
328 336
329 336
329 337
330 337
330 338
330 339
331 339
331 340
332 340
332 341
333 341
333 342
334 342
334 343
335 343
335 344
336 344
337 344
338 344
339 344
340 344
341 344
342 344
342 345
317 320
317 319
316 319
315 319
314 319
313 319
313 318
313 317
313 316
313 315
313 314
313 313
313 312
313 311
313 310
313 309
312 309
312 308
311 308
311 307
311 306
310 306
310 305
309 305
309 304
308 304
308 303
308 302
307 302
307 301
307 300
306 300
306 299
307 299
308 299
309 299
310 299
311 299
312 299
312 298
313 298
313 297
314 297
314 296
314 295
314 294
314 293
315 293
315 292
315 291
316 291
317 291
318 291
319 291
320 291
321 291
321 292
322 292
322 293
323 293
323 294
324 294
325 294
326 294
327 294
327 295
327 296
328 296
328 297
329 297
330 297
331 297
331 298
332 298
333 298
334 298
191 201
192 201
191 200
190 200
190 199
189 199
189 198
188 198
188 197
188 196
187 196
187 195
186 195
186 194
186 193
185 193
185 192
185 191
185 190
185 189
186 189
186 188
187 188
187 187
188 187
188 186
187 186
187 185
187 184
187 183
187 182
186 182
186 181
186 180
185 180
185 179
193 201
194 201
195 201
196 201
197 201
197 202
198 202
198 203
198 204
198 205
198 206
198 207
198 208
198 209
199 209
199 210
200 210
200 211
201 211
201 212
201 213
201 214
201 215
200 215
200 216
199 216
283 379
282 379
284 379
285 379
286 379
287 379
288 379
289 379
289 380
290 380
290 379
290 378
291 378
292 378
293 378
294 378
295 378
296 378
296 377
297 377
297 376
297 375
296 375
296 374
296 373
296 372
296 371
296 370
295 370
295 369
296 369
296 368
296 367
297 367
298 367
299 367
300 367
301 367
302 367
303 367
304 367
305 367
305 368
306 368
306 369
307 369
307 370
308 370
309 370
309 371
310 371
310 372
310 373
311 373
311 374
311 375
311 376
311 377
312 377
312 378
312 379
313 379
313 380
313 381
313 382
313 383
314 383
314 382
314 381
314 380
315 380
316 380
317 380
318 380
319 380
320 380
281 379
280 379
280 378
279 378
279 377
279 376
278 376
278 375
278 374
278 373
278 372
278 371
278 370
278 369
278 368
279 368
279 367
278 367
278 366
277 366
276 366
275 366
275 365
274 365
273 365
273 364
273 363
273 362
273 361
274 361
274 360
274 359
275 359
275 358
276 358
276 357
277 357
277 356
278 356
278 355
278 354
278 353
278 352
278 351
277 351
277 350
276 350
275 350
275 349
275 348
275 347
275 346
275 345
275 344
275 343
275 342
275 341
274 341
274 340
274 339
273 339
273 338
272 338
272 337
271 337
270 337
269 337
269 336
268 336
267 336
266 336
266 335
265 335
265 334
264 334
263 334
263 333
262 333
262 332
261 332
260 332
260 331
259 331
258 331
257 331
257 330
256 330
256 329
255 329
254 329
254 328
253 328
253 327
252 327
252 326
251 326
251 325
250 325
250 324
249 324
249 323
248 323
248 322
247 322
247 321
246 321
246 320
245 320
245 319
245 318
245 317
244 317
243 317
243 316
242 316
241 316
241 315
240 315
239 315
239 314
238 314
237 314
236 314
235 314
234 314
234 313
233 313
233 312
233 311
232 311
232 310
231 310
231 309
230 309
230 308
229 308
228 308
227 308
226 308
226 307
225 307
224 307
224 306
223 306
222 306
221 306
220 306
220 305
220 304
220 303
220 302
220 301
220 300
220 299
220 298
220 297
220 296
220 295
220 294
220 293
220 292
219 292
219 291
218 291
218 290
217 290
217 289
216 289
216 288
215 288
215 287
215 286
214 286
213 286
213 285
212 285
212 284
212 283
212 282
212 281
213 281
213 280
213 279
214 279
214 278
215 278
215 277
216 277
217 277
218 277
219 277
220 277
221 277
222 277
223 277
223 278
224 278
225 278
225 279
226 279
227 279
228 279
228 278
229 278
229 277
230 277
230 276
231 276
231 275
232 275
232 274
232 273
233 273
233 272
233 271
233 270
233 269
233 268
233 267
96 460
95 460
97 460
98 460
99 460
100 460
94 460
94 459
93 459
93 458
93 457
93 456
92 456
92 455
91 455
70 264
70 265
70 263
70 262
70 261
71 261
71 260
72 260
72 259
70 266
70 267
70 268
70 269
70 270
69 270
90 57
90 56
89 57
89 58
88 58
87 58
86 58
85 58
84 58
83 58
82 58
81 58
80 58
80 59
80 60
80 61
80 62
80 63
80 64
80 65
80 66
79 66
78 66
78 67
79 67
80 67
80 68
80 69
80 70
80 71
80 72
80 73
80 74
80 75
79 75
79 76
78 76
78 77
77 77
76 77
75 77
74 77
73 77
72 77
71 77
71 78
72 78
72 79
72 80
72 81
72 82
72 83
73 83
73 84
74 84
74 85
75 85
75 86
76 86
76 87
76 88
75 88
75 89
75 90
74 90
74 91
73 91
72 91
72 92
71 92
71 93
71 94
91 56
91 55
92 55
92 54
93 54
93 53
94 53
94 52
93 52
93 51
93 50
93 49
93 48
93 47
93 46
93 45
94 45
94 44
95 44
95 43
95 42
95 41
95 40
96 40
97 40
98 40
99 40
99 39
98 39
97 39
96 39
95 39
94 39
93 39
93 38
92 38
91 38
91 37
90 37
90 36
90 35
90 34
90 33
90 32
91 32
91 31
91 30
92 30
92 29
93 29
94 29
95 29
96 29
97 29
98 29
99 29
100 29
100 28
99 28
99 27
98 27
98 26
98 25
97 25
97 24
97 23
97 22
97 21
97 20
97 19
97 18
96 18
96 17
96 16
96 15
95 15
95 14
94 14
94 13
93 13
93 12
92 12
92 11
92 10
93 10
93 9
94 9
94 8
95 8
96 8
97 8
98 8
99 8
100 8
101 8
102 8
103 8
104 8
105 8
106 8
107 8
108 8
109 8
110 8
110 7
111 7
112 7
112 6
113 6
113 5
113 4
113 3
114 3
114 2
114 1
115 1
116 1
117 1
118 1
118 0
119 0
120 0
121 0
122 0
122 1
123 1
124 1
125 1
125 0
126 0
127 0
128 0
129 0
130 0
131 0
132 0
133 0
134 0
135 0
136 0
136 1
137 1
137 2
138 2
139 2
140 2
141 2
141 1
142 1
142 0
143 0
143 1
143 2
143 3
144 3
144 4
145 4
145 5
146 5
146 6
146 7
146 8
146 9
146 10
146 11
150 432
150 433
150 431
150 430
149 430
149 429
148 429
148 428
147 428
147 427
150 434
150 435
150 436
150 437
151 437
151 438
99 451
99 452
99 450
99 449
99 448
99 447
99 446
99 445
99 444
99 443
99 442
99 441
99 440
98 452
98 453
97 453
96 453
95 453
94 453
93 453
92 453
92 454
198 60
197 60
199 60
200 60
201 60
202 60
203 60
204 60
205 60
206 60
207 60
208 60
209 60
210 60
211 60
212 60
213 60
214 60
214 59
215 59
215 60
215 61
215 62
216 62
216 63
217 63
217 64
217 65
218 65
218 66
218 67
219 67
219 68
220 68
221 68
222 68
223 68
224 68
225 68
226 68
226 69
227 69
228 69
228 70
229 70
230 70
231 70
232 70
196 60
195 60
194 60
194 61
193 61
193 62
192 62
192 63
191 63
190 63
190 64
189 64
188 64
187 64
186 64
186 65
185 65
185 64
184 64
184 63
184 62
183 62
183 61
182 61
182 60
182 59
181 59
181 58
180 58
180 57
180 56
180 55
180 54
180 53
179 53
179 52
178 52
178 51
178 50
179 50
180 50
181 50
182 50
182 49
183 49
183 48
184 48
90 463
90 462
90 464
89 464
88 464
88 465
87 465
87 466
86 466
86 467
85 467
85 468
84 468
84 469
83 469
83 470
82 470
81 470
81 471
80 471
79 471
79 470
78 470
77 470
77 469
76 469
76 468
75 468
74 468
73 468
72 468
72 467
71 467
70 467
70 466
69 466
69 465
68 465
90 461
90 460
90 459
90 458
90 457
90 456
91 456
51 458
51 457
51 459
50 459
50 460
50 461
51 461
51 462
51 463
51 464
51 465
52 465
52 466
52 467
53 467
53 468
52 457
53 457
53 456
54 456
54 455
53 455
52 455
51 455
51 454
50 454
50 453
49 453
49 452
48 452
48 451
48 450
47 450
47 449
47 448
47 447
47 446
47 445
48 445
48 444
49 444
50 444
50 443
59 465
60 465
58 465
57 465
56 465
55 465
55 466
54 466
54 467
61 465
62 465
63 465
64 465
65 465
66 465
67 465
383 494
382 494
383 493
384 493
384 492
385 492
386 492
387 492
388 492
389 492
390 492
391 492
381 494
381 495
380 495
380 496
379 496
378 496
378 495
377 495
376 495
376 494
375 494
374 494
374 493
373 493
372 493
371 493
370 493
369 493
368 493
367 493
366 493
366 492
365 492
365 491
364 491
364 490
364 489
364 488
364 487
364 486
364 485
364 484
364 483
364 482
364 481
363 481
363 480
363 479
362 479
361 479
361 480
360 480
359 480
358 480
357 480
356 480
355 480
355 479
354 479
354 478
354 477
353 477
353 476
353 475
352 475
352 474
353 474
353 473
353 472
353 471
353 470
353 469
353 468
354 468
354 467
354 466
355 466
355 465
355 464
355 463
355 462
355 461
356 461
27 221
26 221
27 222
28 222
28 223
29 223
29 224
30 224
30 225
31 225
31 226
25 221
25 220
24 220
24 219
23 219
23 218
22 218
21 218
21 217
20 217
19 217
19 216
116 301
117 301
116 302
115 302
115 303
114 303
114 304
113 304
113 305
112 305
112 306
111 306
110 306
109 306
109 307
108 307
108 308
107 308
107 309
108 309
108 310
109 310
109 311
109 312
109 313
110 313
110 314
110 315
110 316
110 317
111 317
111 318
111 319
111 320
111 321
111 322
111 323
111 324
111 325
110 325
110 326
109 326
109 327
110 327
110 328
111 328
111 329
111 330
112 330
112 331
113 331
113 332
113 333
114 333
114 334
114 335
114 336
115 336
115 337
115 338
116 338
116 339
116 340
116 341
116 342
116 343
116 344
116 345
116 346
116 347
117 347
118 347
118 348
119 348
120 348
121 348
121 349
122 349
123 349
123 350
123 351
124 351
124 352
117 300
118 300
118 299
119 299
119 298
120 298
121 298
122 298
123 298
124 298
124 297
125 297
125 296
126 296
111 395
112 395
111 394
111 393
111 392
111 391
111 390
111 389
111 388
111 387
111 386
111 385
111 384
110 384
112 396
113 396
113 397
113 398
113 399
113 400
113 401
114 401
114 402
115 402
115 403
116 403
117 403
117 402
118 402
119 402
120 402
120 401
121 401
121 400
121 399
122 399
123 399
124 399
125 399
126 399
127 399
127 400
127 401
127 402
127 403
127 404
127 405
127 406
127 407
127 408
127 409
127 410
128 410
128 411
129 411
129 412
130 412
131 412
132 412
133 412
133 413
134 413
134 414
135 414
135 415
136 415
137 415
138 415
138 416
139 416
139 417
140 417
141 417
142 417
143 417
144 417
145 417
146 417
146 418
146 419
147 419
147 420
147 421
147 422
148 422
148 423
148 424
148 425
148 426
148 427
97 380
98 380
96 380
95 380
94 380
94 379
93 379
92 379
92 378
91 378
90 378
89 378
88 378
87 378
87 379
86 379
86 380
86 381
86 382
86 383
86 384
85 384
85 385
84 385
84 386
84 387
83 387
99 380
100 380
101 380
101 379
101 378
102 378
102 377
102 376
103 376
103 375
104 375
104 376
105 376
105 377
105 378
105 379
106 379
106 380
106 381
107 381
107 382
108 382
109 382
109 383
110 383
71 240
71 241
71 239
71 238
71 237
71 236
71 235
72 235
72 234
72 233
73 233
73 232
72 232
72 231
71 231
71 230
70 230
70 229
69 229
68 229
67 229
66 229
65 229
64 229
63 229
62 229
61 229
60 229
59 229
58 229
57 229
56 229
55 229
54 229
53 229
52 229
51 229
50 229
49 229
49 228
49 227
48 227
48 226
47 226
46 226
45 226
44 226
43 226
43 225
42 225
42 224
41 224
41 223
41 222
40 222
39 222
39 221
38 221
37 221
36 221
36 220
35 220
35 221
34 221
34 222
34 223
34 224
33 224
33 225
32 225
71 242
71 243
71 244
71 245
71 246
71 247
71 248
71 249
71 250
71 251
71 252
71 253
72 253
72 254
72 255
72 256
72 257
72 258
130 427
131 427
129 427
128 427
127 427
127 426
126 426
125 426
125 425
124 425
124 424
123 424
123 425
122 425
122 426
122 427
121 427
121 428
120 428
119 428
118 428
117 428
116 428
115 428
114 428
113 428
113 429
112 429
112 430
111 430
111 431
110 431
110 432
110 433
109 433
109 434
108 434
108 435
107 435
107 436
106 436
105 436
104 436
103 436
102 436
102 437
101 437
101 438
101 439
100 439
100 440
132 427
133 427
133 426
133 425
134 425
134 424
135 424
136 424
137 424
138 424
139 424
140 424
141 424
142 424
143 424
144 424
145 424
145 425
145 426
146 426
146 427
88 310
89 310
87 310
86 310
85 310
84 310
83 310
83 311
82 311
81 311
81 312
80 312
90 310
90 309
90 308
91 308
91 307
92 307
92 306
93 306
94 306
94 305
95 305
95 304
96 304
96 303
97 303
98 303
99 303
100 303
101 303
102 303
103 303
104 303
105 303
105 304
105 305
105 306
106 306
106 307
107 307
16 481
16 482
16 480
15 480
14 480
13 480
13 479
12 479
11 479
11 478
10 478
10 477
9 477
9 476
9 475
9 474
8 474
8 473
8 472
8 471
8 470
8 469
8 468
8 467
9 467
10 467
11 467
12 467
12 466
13 466
13 465
13 464
13 463
13 462
13 461
13 460
13 459
14 459
14 458
14 457
15 457
16 457
16 456
17 456
18 456
19 456
19 455
20 455
20 454
20 453
20 452
20 451
20 450
21 450
21 451
21 452
21 453
21 454
22 454
23 454
24 454
25 454
26 454
26 455
27 455
27 456
28 456
29 456
29 457
30 457
31 457
32 457
33 457
34 457
34 458
34 459
34 460
34 461
34 462
34 463
34 464
34 465
34 466
35 466
36 466
36 467
37 467
38 467
38 468
39 468
40 468
41 468
42 468
43 468
43 469
44 469
44 470
45 470
46 470
46 469
47 469
48 469
49 469
50 469
51 469
52 469
52 468
16 483
16 484
16 485
16 486
16 487
17 487
17 488
18 488
19 488
19 489
20 489
21 489
21 490
21 491
21 492
21 493
21 494
22 494
22 495
22 496
23 496
24 496
24 497
25 497
26 497
27 497
28 497
29 497
30 497
31 497
32 497
33 497
33 498
34 498
34 499
35 499
35 500
35 501
35 502
35 503
35 504
35 505
35 506
34 506
33 506
33 507
32 507
32 508
32 509
31 509
31 510
31 511
30 511
70 505
70 506
69 505
69 504
69 503
69 502
69 501
69 500
69 499
69 498
69 497
69 496
69 495
69 494
68 494
68 493
67 493
67 492
66 492
65 492
65 491
64 491
63 491
63 490
62 490
62 489
62 488
62 487
62 486
62 485
62 484
62 483
62 482
62 481
61 481
60 481
59 481
59 480
58 480
58 479
58 478
57 478
57 477
56 477
56 476
56 475
55 475
55 474
55 473
55 472
55 471
55 470
55 469
54 469
54 468
70 507
70 508
71 508
72 508
73 508
74 508
75 508
76 508
76 507
76 506
77 506
77 505
78 505
78 504
79 504
11 426
11 427
11 425
11 424
10 424
10 423
10 422
10 421
9 421
8 421
7 421
6 421
5 421
4 421
3 421
2 421
1 421
0 421
11 428
11 429
11 430
11 431
11 432
10 432
9 432
9 433
8 433
7 433
7 434
7 435
7 436
7 437
7 438
7 439
7 440
7 441
7 442
7 443
6 443
6 444
6 445
6 446
6 447
5 447
5 448
5 449
5 450
5 451
5 452
5 453
6 453
6 454
7 454
7 455
7 456
8 456
9 456
10 456
11 456
12 456
12 457
12 458
13 458
97 480
97 479
97 481
97 482
98 482
98 483
99 483
100 483
101 483
101 484
102 484
102 485
103 485
103 486
103 487
104 487
104 488
105 488
106 488
107 488
108 488
109 488
109 489
110 489
111 489
112 489
113 489
114 489
115 489
115 490
116 490
117 490
117 491
117 492
117 493
117 494
118 494
119 494
119 495
120 495
97 478
97 477
98 477
98 476
98 475
99 475
99 474
100 474
100 473
101 473
101 472
101 471
101 470
102 470
102 469
103 469
103 468
102 468
102 467
101 467
101 466
101 465
101 464
101 463
101 462
101 461
101 460
26 279
26 280
26 278
26 277
26 276
26 275
26 274
26 273
25 273
25 272
24 272
24 271
23 271
23 270
22 270
22 269
21 269
21 268
20 268
20 267
19 267
18 267
18 266
17 266
17 265
16 265
15 265
15 264
14 264
13 264
13 263
12 263
11 263
11 262
10 262
10 261
10 260
10 259
10 258
9 258
9 257
8 257
7 257
7 256
6 256
6 255
5 255
4 255
4 254
3 254
3 253
3 252
3 251
2 251
2 250
1 250
26 281
26 282
25 282
25 283
24 283
23 283
23 284
22 284
21 284
20 284
20 285
19 285
19 286
18 286
18 287
17 287
17 288
17 289
16 289
16 290
15 290
15 291
15 292
14 292
14 293
14 294
13 294
12 294
12 295
11 295
10 295
10 296
10 297
9 297
9 298
9 299
9 300
9 301
8 301
7 301
7 302
6 302
5 302
5 303
5 304
4 304
4 305
4 306
3 306
3 307
3 308
3 309
3 310
3 311
2 311
1 311
1 312
0 312
0 313
1 313
1 314
2 314
3 314
4 314
5 314
6 314
6 315
7 315
7 316
8 316
8 317
9 317
9 318
9 319
9 320
9 321
9 322
9 323
9 324
9 325
9 326
9 327
8 327
8 328
8 329
8 330
8 331
8 332
8 333
8 334
9 334
9 335
10 335
10 336
10 337
11 337
11 338
12 338
12 339
13 339
13 340
13 341
14 341
15 341
15 342
16 342
17 342
18 342
19 342
20 342
21 342
22 342
23 342
24 342
25 342
25 343
25 344
25 345
26 345
26 346
26 347
26 348
26 349
26 350
26 351
26 352
26 353
26 354
26 355
26 356
26 357
26 358
26 359
26 360
27 360
27 361
28 361
29 361
30 361
31 361
32 361
33 361
33 362
34 362
35 362
35 363
36 363
138 464
138 465
138 463
138 462
138 461
139 461
140 461
141 461
142 461
143 461
144 461
145 461
146 461
138 466
138 467
138 468
138 469
138 470
138 471
138 472
137 472
137 473
137 474
136 474
136 475
135 475
134 475
133 475
132 475
131 475
130 475
130 474
129 474
129 473
129 472
128 472
127 472
126 472
125 472
124 472
123 472
123 471
122 471
122 470
121 470
121 469
120 469
119 469
119 468
118 468
117 468
116 468
115 468
115 467
115 466
114 466
113 466
112 466
111 466
110 466
109 466
108 466
107 466
106 466
105 466
105 467
104 467
104 468
104 334
104 333
104 335
104 336
103 336
103 337
102 337
102 338
101 338
100 338
100 339
104 332
104 331
104 330
105 330
105 329
106 329
107 329
107 328
108 328
108 327
67 407
68 407
67 406
66 406
66 405
65 405
65 404
65 403
65 402
65 401
65 400
65 399
65 398
64 398
63 398
62 398
62 397
62 396
61 396
61 395
62 395
62 394
63 394
63 393
64 393
65 393
65 392
65 391
65 390
66 390
66 389
67 389
67 388
68 388
68 387
69 387
69 386
70 386
70 385
71 385
71 384
72 384
73 384
74 384
75 384
76 384
77 384
78 384
79 384
80 384
80 385
81 385
81 386
82 386
82 387
68 408
68 409
68 410
68 411
68 412
68 413
68 414
69 414
69 415
68 415
68 416
67 416
66 416
65 416
64 416
63 416
62 416
61 416
60 416
59 416
58 416
58 417
57 417
57 418
56 418
40 399
39 399
40 400
41 400
42 400
42 401
43 401
44 401
44 402
45 402
46 402
47 402
48 402
49 402
50 402
51 402
52 402
53 402
53 401
54 401
55 401
55 400
56 400
57 400
58 400
59 400
60 400
60 399
61 399
61 398
61 397
38 399
38 398
37 398
36 398
36 397
35 397
34 397
34 396
33 396
32 396
31 396
30 396
30 395
29 395
29 394
28 394
27 394
27 393
26 393
26 392
25 392
25 391
24 391
24 390
23 390
23 389
22 389
22 388
21 388
21 387
21 386
21 385
21 384
20 384
20 383
19 383
19 382
19 381
19 380
19 379
19 378
18 378
17 378
16 378
16 377
16 376
16 375
16 374
15 374
15 373
15 372
14 372
14 371
13 371
13 370
13 369
13 368
13 367
13 366
13 365
13 364
13 363
13 362
13 361
14 361
14 360
15 360
16 360
16 359
17 359
18 359
19 359
20 359
21 359
22 359
23 359
24 359
25 359
33 214
33 213
33 215
33 216
33 217
33 218
33 219
34 219
35 219
33 212
33 211
33 210
33 209
33 208
34 208
34 207
75 308
75 307
76 308
76 309
77 309
77 310
78 310
78 311
79 311
79 312
74 307
74 306
74 305
73 305
73 304
73 303
72 303
72 302
71 302
71 301
71 300
70 300
70 299
69 299
68 299
67 299
66 299
65 299
64 299
63 299
62 299
82 362
83 362
81 362
80 362
79 362
78 362
77 362
76 362
75 362
75 363
76 363
76 364
77 364
77 365
77 366
77 367
77 368
78 368
78 369
78 370
79 370
79 371
79 372
80 372
80 373
79 373
79 374
78 374
78 375
78 376
78 377
77 377
77 378
76 378
76 379
76 380
76 381
76 382
76 383
84 362
85 362
86 362
86 361
86 360
87 360
87 359
88 359
89 359
90 359
91 359
92 359
92 358
93 358
94 358
95 358
96 358
97 358
98 358
99 358
100 358
100 357
101 357
101 356
102 356
103 356
104 356
104 355
105 355
106 355
106 354
107 354
107 353
106 353
106 352
105 352
104 352
103 352
103 351
102 351
102 350
101 350
101 349
100 349
100 348
99 348
99 347
99 346
98 346
98 345
98 344
98 343
98 342
98 341
98 340
99 340
99 339
50 268
50 267
51 268
52 268
53 268
54 268
54 269
55 269
56 269
56 270
57 270
57 271
58 271
58 272
58 273
59 273
60 273
61 273
62 273
63 273
64 273
65 273
65 272
66 272
67 272
67 271
68 271
69 271
49 267
48 267
47 267
46 267
45 267
44 267
43 267
42 267
42 268
41 268
40 268
40 269
39 269
38 269
37 269
37 270
36 270
36 271
36 272
35 272
35 273
35 274
35 275
34 275
34 274
33 274
32 274
31 274
30 274
29 274
28 274
27 274
134 363
135 363
133 363
132 363
131 363
130 363
130 364
129 364
129 365
128 365
128 364
127 364
127 363
127 362
127 361
127 360
127 359
127 358
127 357
127 356
127 355
126 355
126 354
126 353
125 353
125 352
136 363
137 363
138 363
139 363
139 364
140 364
140 365
141 365
142 365
143 365
144 365
145 365
145 364
146 364
146 363
147 363
147 362
148 362
148 361
149 361
149 360
150 360
150 359
150 358
150 357
150 356
150 355
150 354
150 353
149 353
149 352
148 352
148 351
147 351
7 113
7 112
7 114
7 115
7 116
8 116
8 117
8 118
8 119
8 120
8 121
7 121
7 122
7 123
7 124
7 125
7 126
7 127
7 128
8 128
9 128
10 128
10 129
11 129
12 129
12 130
13 130
13 131
14 131
14 132
14 133
15 133
15 134
15 135
16 135
16 136
17 136
17 137
18 137
19 137
20 137
21 137
22 137
23 137
24 137
24 138
24 139
24 140
24 141
25 141
25 142
25 143
25 144
25 145
25 146
25 147
25 148
26 148
26 149
25 149
24 149
24 150
23 150
23 151
22 151
22 152
22 153
21 153
21 154
20 154
20 155
19 155
19 156
18 156
17 156
7 111
7 110
6 110
6 109
5 109
4 109
4 108
3 108
2 108
2 107
1 107
0 107
9 407
8 407
10 407
10 406
11 406
11 405
12 405
12 404
12 403
13 403
13 402
13 401
13 400
14 400
15 400
15 399
16 399
16 398
17 398
17 397
18 397
18 396
18 395
18 394
19 394
19 393
20 393
21 393
22 393
22 392
23 392
24 392
8 408
7 408
6 408
6 409
5 409
4 409
4 410
3 410
2 410
1 410
0 410
0 411
0 412
0 413
0 414
0 415
0 416
0 417
0 418
0 419
0 420
54 200
55 200
53 200
52 200
52 201
51 201
51 202
50 202
49 202
49 203
48 203
47 203
47 204
46 204
46 205
45 205
45 206
44 206
43 206
42 206
41 206
40 206
39 206
38 206
37 206
36 206
35 206
35 207
56 200
57 200
57 199
58 199
58 198
59 198
59 199
60 199
61 199
62 199
63 199
64 199
65 199
66 199
67 199
68 199
68 198
69 198
69 197
68 197
68 196
68 195
68 194
68 193
68 192
67 192
67 191
67 190
67 189
67 188
67 187
67 186
67 185
67 184
66 184
66 183
65 183
38 180
39 180
37 180
36 180
35 180
35 181
34 181
34 182
33 182
33 183
32 183
32 184
31 184
30 184
29 184
29 183
28 183
27 183
26 183
25 183
25 182
24 182
24 181
23 181
23 180
22 180
22 179
22 178
21 178
21 177
21 176
20 176
20 175
19 175
18 175
18 174
17 174
17 173
16 173
16 172
16 171
16 170
16 169
16 168
16 167
15 167
15 166
15 165
15 164
16 164
16 163
16 162
16 161
16 160
16 159
16 158
16 157
17 157
39 179
40 179
41 179
41 178
41 177
42 177
42 176
43 176
43 175
44 175
45 175
46 175
47 175
48 175
48 176
49 176
49 177
50 177
50 178
51 178
52 178
52 179
53 179
54 179
54 180
54 181
54 182
54 183
54 184
54 185
55 185
55 186
55 187
56 187
56 188
56 189
57 189
57 190
57 191
57 192
57 193
58 193
58 194
58 195
58 196
58 197
33 120
32 120
34 120
35 120
36 120
37 120
38 120
39 120
31 120
30 120
30 121
30 122
30 123
30 124
30 125
30 126
30 127
30 128
30 129
30 130
30 131
29 131
28 131
27 131
27 132
26 132
26 133
25 133
25 134
25 135
25 136
25 137
25 138
53 323
54 323
52 323
51 323
50 323
49 323
48 323
47 323
46 323
45 323
44 323
43 323
42 323
41 323
41 322
41 321
41 320
41 319
41 318
41 317
41 316
41 315
40 315
39 315
38 315
37 315
36 315
35 315
34 315
33 315
33 314
32 314
32 313
32 312
31 312
31 311
30 311
30 310
30 309
29 309
29 308
29 307
28 307
28 306
27 306
26 306
26 305
25 305
25 304
25 303
25 302
24 302
24 301
24 300
24 299
24 298
24 297
24 296
24 295
23 295
23 294
23 293
23 292
22 292
22 291
21 291
21 290
20 290
20 289
19 289
19 288
18 288
55 323
56 323
56 324
57 324
58 324
58 325
59 325
59 326
60 326
61 326
61 325
61 324
61 323
61 322
61 321
61 320
61 319
62 319
62 318
63 318
325 486
325 485
325 487
325 488
325 489
324 489
324 490
323 490
323 491
323 492
322 492
322 493
322 494
322 495
322 496
322 497
321 497
321 498
320 498
319 498
319 499
318 499
317 499
316 499
316 498
315 498
314 498
314 497
313 497
313 496
312 496
311 496
311 495
311 494
310 494
310 493
310 492
310 491
310 490
309 490
309 489
308 489
307 489
306 489
305 489
304 489
304 488
303 488
303 487
302 487
302 486
302 485
301 485
300 485
299 485
298 485
297 485
296 485
295 485
294 485
293 485
292 485
291 485
290 485
290 484
290 483
290 482
290 481
290 480
290 479
290 478
290 477
289 477
289 478
289 479
289 480
289 481
288 481
288 482
288 483
287 483
286 483
285 483
284 483
283 483
282 483
281 483
281 484
280 484
279 484
278 484
277 484
276 484
275 484
275 483
275 482
276 482
276 481
276 480
276 479
276 478
276 477
276 476
276 475
276 474
276 473
276 472
276 471
276 470
276 469
276 468
276 467
276 466
276 465
276 464
275 464
275 463
274 463
274 462
273 462
273 461
273 460
272 460
272 459
272 458
272 457
272 456
271 456
271 455
270 455
270 454
269 454
268 454
267 454
266 454
265 454
265 453
264 453
264 452
263 452
262 452
261 452
260 452
259 452
259 451
258 451
257 451
256 451
255 451
254 451
253 451
252 451
252 450
251 450
250 450
250 449
250 448
249 448
248 448
248 447
247 447
246 447
246 446
245 446
244 446
244 445
243 445
242 445
242 444
241 444
241 443
240 443
240 442
240 441
239 441
239 440
239 439
238 439
238 438
237 438
236 438
235 438
234 438
234 437
233 437
232 437
232 436
231 436
231 435
230 435
229 435
229 434
228 434
227 434
226 434
226 433
225 433
225 432
225 431
224 431
223 431
223 430
222 430
222 429
221 429
221 428
220 428
220 427
220 426
219 426
219 425
219 424
219 423
219 422
219 421
218 421
218 420
218 419
218 418
218 417
218 416
219 416
219 415
219 414
220 414
220 413
221 413
221 412
222 412
222 411
223 411
223 410
223 409
223 408
223 407
222 407
222 406
222 405
221 405
220 405
220 404
219 404
218 404
217 404
217 403
216 403
216 402
216 401
215 401
215 400
214 400
214 399
213 399
213 398
212 398
212 397
211 397
211 396
210 396
210 395
209 395
209 394
208 394
207 394
206 394
205 394
204 394
203 394
203 395
202 395
201 395
200 395
199 395
198 395
197 395
196 395
195 395
194 395
193 395
192 395
192 394
191 394
191 393
190 393
190 392
189 392
189 391
189 390
188 390
188 389
188 388
187 388
186 388
186 387
186 386
186 385
186 384
186 383
187 383
188 383
189 383
190 383
190 382
191 382
191 381
192 381
192 380
192 379
192 378
192 377
192 376
192 375
192 374
192 373
192 372
192 371
192 370
192 369
192 368
192 367
191 367
190 367
190 366
190 365
189 365
189 364
188 364
187 364
187 363
186 363
185 363
184 363
183 363
183 362
182 362
181 362
180 362
179 362
178 362
177 362
177 361
178 361
179 361
179 360
179 359
179 358
179 357
179 356
180 356
180 355
180 354
180 353
180 352
180 351
180 350
180 349
180 348
180 347
179 347
178 347
177 347
177 346
176 346
176 345
175 345
175 344
175 343
175 342
175 341
175 340
175 339
174 339
173 339
173 338
172 338
171 338
170 338
170 337
169 337
168 337
168 336
168 335
167 335
167 334
167 333
166 333
166 332
165 332
165 331
166 331
166 330
167 330
167 329
168 329
168 328
169 328
169 327
169 326
169 325
169 324
168 324
168 323
168 322
167 322
167 321
166 321
166 320
166 319
165 319
165 318
164 318
163 318
163 317
162 317
161 317
160 317
159 317
158 317
157 317
156 317
155 317
155 316
155 315
155 314
155 313
155 312
155 311
155 310
154 310
154 309
153 309
153 308
152 308
152 307
151 307
151 306
150 306
149 306
149 305
148 305
147 305
147 304
146 304
145 304
145 303
144 303
144 302
144 301
144 300
144 299
144 298
143 298
143 297
143 296
143 295
143 294
142 294
142 293
141 293
141 294
141 295
141 296
141 297
141 298
140 298
140 299
139 299
138 299
138 300
137 300
136 300
135 300
134 300
133 300
132 300
132 299
131 299
130 299
129 299
129 298
128 298
128 297
127 297
127 296
325 484
325 483
325 482
325 481
325 480
325 479
325 478
325 477
326 477
327 477
328 477
329 477
330 477
331 477
332 477
332 478
333 478
334 478
335 478
336 478
337 478
338 478
339 478
339 477
339 476
339 475
339 474
340 474
340 473
341 473
341 472
342 472
342 471
342 470
342 469
342 468
342 467
342 466
342 465
342 464
342 463
342 462
