27 26 25 24 23 22 21 20 19 18 17 16 15 14 1 0 2 3 4 5 6 7 8 9 10 11 12 13 2822 2821 2820 2819 2818 2817 2816 2815 2814 2813 2812 2811 2810 2809 2808 2807 2806 2805 2804 2803 2802 2801 2800 2799 2798 2797 2796 2795 2794 2793 2792 2791 2790 2789 2788 2787 2786 2785 2784 2783 2782 2781 2780 2779 2778 2777 2776 2775 2774 2773 2772 2771 2770 2769 2768 2767 2766 2765 2764 2763 2762 2761 2760 2759 2758 2757 2756 2755 2754 2753 2752 2751 2750 2749 2748 2747 2733 2732 2734 2735 2736 2737 2738 2739 2740 2741 2742 2743 2744 2745 2746 
27 28 29 30 42 41 40 39 38 37 36 35 34 33 31 32 43 44 45 46 47 48 49 821 820 819 818 817 816 815 814 813 812 811 810 809 
27 64 63 62 61 60 59 58 57 56 55 54 53 52 50 51 65 66 67 68 69 70 372 371 370 369 368 367 366 365 364 363 362 361 360 359 358 357 356 342 341 343 344 345 346 347 348 349 350 351 352 353 354 355 156 
82 81 80 79 78 77 76 75 74 73 71 72 84 85 86 87 88 89 90 91 506 505 504 
82 83 914 913 912 911 910 909 908 907 906 905 904 903 902 901 900 899 898 897 896 895 894 893 892 891 890 889 888 887 886 884 885 915 916 917 918 919 920 921 922 923 924 925 926 927 928 929 102 101 100 99 98 97 96 95 94 92 93 103 104 105 
82 189 188 187 186 185 184 183 182 181 180 179 178 177 176 175 174 173 172 170 171 190 191 192 193 194 195 196 197 198 199 200 201 1078 1077 1076 1075 1074 1073 1072 1071 1070 1069 1068 1067 1066 1065 1064 1063 1062 1061 1060 1059 1058 1057 1056 1055 1054 1053 1052 1035 1034 1036 1037 1038 1039 1040 1041 1042 1043 1044 1045 1046 1047 1048 1049 1050 1051 
105 106 1936 1935 1934 1933 1932 1931 1930 1929 1928 1927 1926 1925 1924 1923 1922 1921 1920 1919 1918 1917 1916 1914 1915 1937 1938 1939 1940 1941 1942 1943 1944 1945 1946 1947 1948 563 
105 711 710 709 708 707 706 705 704 703 702 701 700 699 698 697 696 695 694 693 692 691 690 689 688 687 686 685 684 682 683 712 713 714 715 716 717 718 719 720 721 722 723 724 725 726 727 728 729 730 731 732 733 734 735 736 737 738 739 740 741 742 743 744 745 746 747 748 749 750 751 752 753 754 672 671 670 669 668 667 666 665 664 663 662 661 660 659 658 657 656 655 654 653 652 651 650 649 648 646 647 673 674 675 676 677 678 679 680 681 128 
110 109 107 108 112 113 114 115 116 117 118 119 120 121 418 
110 111 630 
110 259 258 257 256 255 254 253 252 236 235 237 238 239 240 241 242 243 244 245 246 247 248 249 250 251 
128 127 126 125 124 122 123 129 130 131 
128 234 233 232 231 
148 147 146 145 144 143 142 141 140 139 138 137 136 135 134 132 133 149 150 151 152 153 154 155 156 
156 157 158 169 168 167 166 160 159 161 162 163 164 
164 165 
164 292 291 290 289 288 287 286 285 284 283 282 281 280 279 278 277 276 275 274 273 272 261 260 262 263 264 265 266 267 268 269 270 
231 230 229 228 227 226 225 224 223 222 221 220 219 218 217 216 215 214 213 212 203 202 204 205 206 207 208 209 210 211 393 392 391 390 389 388 387 386 385 384 383 382 381 380 374 373 375 376 377 378 379 
231 3040 3039 3038 3037 3036 3035 3034 3033 3032 3031 3030 3029 3028 3027 3026 3025 3024 3023 3022 3021 3020 3019 3018 3017 3016 3015 3014 3013 3012 3011 3010 3009 3008 3007 3006 3005 3004 3003 3002 3001 3000 2999 2998 2997 2996 2995 2994 2993 2992 2991 2990 2989 2988 2987 2986 2985 2984 2983 2982 2981 2980 2979 2978 2977 2976 2975 2974 2973 2972 2970 2971 3041 3042 3043 3044 3045 3046 3047 3048 3049 3050 3051 3052 3053 3054 3055 3056 3057 3058 3059 3060 3061 3062 3063 3064 3065 3066 3067 3068 3069 490 489 488 487 486 485 484 483 482 464 463 465 466 467 468 469 470 471 472 473 474 475 476 477 478 479 480 481 418 
270 271 
270 443 442 441 440 439 438 437 436 435 434 433 432 431 430 429 428 427 426 425 424 423 422 421 420 419 395 394 396 397 398 399 400 401 402 403 404 405 406 407 408 409 410 411 412 413 414 415 416 417 418 
305 304 303 302 301 300 299 298 297 296 295 293 294 329 330 331 332 333 334 335 336 337 338 339 340 603 602 601 600 599 598 597 596 566 565 567 568 569 570 571 572 573 
305 306 307 308 309 310 311 312 313 314 315 316 317 318 319 320 321 322 323 324 325 326 327 328 
305 528 527 526 525 524 523 522 521 520 519 517 518 529 530 531 532 533 534 535 
328 455 454 453 452 451 450 449 448 447 446 444 445 456 457 458 459 460 461 462 
328 645 644 643 642 641 640 639 638 637 636 635 634 633 632 631 605 604 606 607 608 609 610 611 612 613 614 615 616 617 618 619 620 621 622 623 624 625 626 627 628 629 630 
504 503 502 501 500 499 498 497 496 495 494 493 491 492 507 508 509 510 511 512 513 514 515 516 
504 1012 1011 1010 1009 1008 1007 1006 1005 1004 1003 1002 1001 1000 999 998 997 996 995 994 993 992 991 990 989 988 987 986 985 984 983 982 981 980 979 978 977 976 975 974 973 959 958 960 961 962 963 964 965 966 967 968 969 970 971 972 861 
535 536 537 538 539 540 541 542 543 544 545 546 547 548 549 550 551 552 553 554 555 556 557 558 559 560 561 562 563 
535 957 956 955 954 953 952 951 950 949 948 947 946 945 944 943 942 941 931 930 932 933 934 935 936 937 938 939 940 
563 564 
573 574 575 576 577 578 579 580 581 582 583 584 585 586 587 588 589 590 591 592 593 594 595 
573 828 827 826 825 824 822 823 829 830 831 832 833 834 835 836 861 
630 764 763 762 761 760 759 758 757 755 756 765 766 767 768 769 770 771 772 773 774 775 776 777 778 779 780 781 782 783 784 785 786 787 788 789 790 791 792 793 794 795 796 797 798 799 800 801 802 803 804 805 806 807 808 809 
809 1025 1024 1023 1022 1021 1020 1019 1018 1017 1016 1015 1013 1014 1026 1027 1028 1029 1030 1031 1032 1033 
861 860 859 858 857 856 855 854 853 852 851 850 849 848 847 846 845 844 843 842 841 840 839 837 838 862 863 864 865 866 867 868 869 870 871 872 873 874 875 876 877 878 879 880 881 882 883 
1033 1314 1313 1312 1311 1310 1309 1308 1307 1306 1305 1304 1303 1302 1301 1300 1299 1298 1297 1296 1295 1294 1293 1292 1291 1290 1289 1288 1287 1286 1285 1284 1283 1282 1274 1273 1275 1276 1277 1278 1279 1280 1281 
1033 5367 5366 5365 5364 5363 5362 5361 5360 5359 5358 5357 5356 5355 5354 5353 5352 5351 5350 5349 5348 5347 5346 5345 5344 5343 5342 5341 5340 5339 5338 5337 5336 5335 5334 5333 5332 5331 5330 5329 5328 5327 5326 5325 5324 5323 5322 5321 5320 5319 5318 5317 5316 5315 5314 5313 5312 5311 5310 5309 5308 5307 5306 5305 5304 5303 5302 5301 5300 5299 5298 5297 5296 5295 5294 5152 5151 5153 5154 5155 5156 5157 5158 5159 5160 5161 5162 5163 5164 5165 5166 5167 5168 5169 5170 5171 5172 5173 5174 5175 5176 5177 5178 5179 5180 5181 5182 5183 5184 5185 5186 5187 5188 5189 5190 5191 5192 5193 5194 5195 5196 5197 5198 5199 5200 5201 5202 5203 5204 5205 5206 5207 5208 5209 5210 5211 5212 5213 5214 5215 5216 5217 5218 5219 5220 5221 5222 5223 5224 5225 5226 5227 5228 5229 5230 5231 5232 5233 5234 5235 5236 5237 5238 5239 5240 5241 5242 5243 5244 5245 5246 5247 5248 5249 5250 5251 5252 5253 5254 5255 5256 5257 5258 5259 5260 5261 5262 5263 5264 5265 5266 5267 5268 5269 5270 5271 5272 5273 5274 5275 5276 5277 5278 5279 5280 5281 5282 5283 5284 5285 5286 5287 5288 5289 5290 5291 5292 5293 5150 5149 5148 5147 5146 5145 5144 5143 5142 5141 5140 5139 5138 5137 5136 5135 5134 5133 5132 5131 5130 5129 5128 5127 5126 5125 5124 5123 5042 5041 5043 5044 5045 5046 5047 5048 5049 5050 5051 5052 5053 5054 5055 5056 5057 5058 5059 5060 5061 5062 5063 5064 5065 5066 5067 5068 5069 5070 5071 5072 5073 5074 5075 5076 5077 5078 5079 5080 5081 5082 5083 5084 5085 5086 5087 5088 5089 5090 5091 5092 5093 5094 5095 5096 5097 5098 5099 5100 5101 5102 5103 5104 5105 5106 5107 5108 5109 5110 5111 5112 5113 5114 5115 5116 5117 5118 5119 5120 5121 5122 4662 4661 4660 4659 4658 4657 4656 4655 4654 4653 4652 4651 4650 4649 4648 4647 4646 4645 4644 4643 4642 4641 4640 4639 
1154 1153 1152 1151 1150 1149 1148 1147 1146 1145 1144 1143 1142 1141 1140 1139 1138 1137 1136 1135 1134 1133 1132 1131 1130 1129 1128 1127 1126 1125 1124 1123 1122 1121 1120 1119 1118 1117 1116 1115 1114 1113 1112 1111 1110 1109 1108 1107 1106 1105 1104 1103 1102 1101 1100 1099 1098 1097 1096 1095 1094 1093 1092 1091 1090 1089 1088 1087 1086 1085 1084 1083 1082 1081 1079 1080 1177 1178 1179 1180 1181 1182 1183 1184 1185 1186 1187 1188 1189 1190 1191 1192 1193 1194 1195 1196 1197 1198 1199 1200 1201 1202 1203 1204 1205 1206 1207 1208 1209 1210 1211 1212 1213 1214 1215 1216 1217 1218 1219 1220 1221 1222 1223 1224 1225 1226 1227 1228 1229 1230 1231 1232 
1154 1155 1156 1157 1158 1159 1160 1161 1162 1163 1164 1165 1166 1167 1168 1169 1170 1171 1172 1173 1174 1175 
1154 1333 1332 1331 1330 1329 1328 1327 1326 1316 1315 1317 1318 1319 1320 1321 1322 1323 1324 1325 2731 2730 2729 2728 2727 2726 2725 2724 2723 2722 2721 2720 2719 2718 2717 2716 2715 2714 2713 2712 2711 2710 2709 2708 2707 2706 2705 2704 2703 2702 2701 2700 2699 2698 2697 2696 2695 2694 2693 2692 2691 2690 2689 2688 2687 2686 2685 2684 2683 2682 2681 2680 2679 2678 2677 2676 2675 2674 2673 2672 2671 2670 2669 2668 2667 2666 2665 2664 2663 2662 2661 2660 2659 2658 2657 2656 2655 2654 2653 2652 2651 2650 2649 2648 2647 2646 2645 2644 2643 2642 2540 2539 2541 2542 2543 2544 2545 2546 2547 2548 2549 2550 2551 2552 2553 2554 2555 2556 2557 2558 2559 2560 2561 2562 2563 2564 2565 2566 2567 2568 2569 2570 2571 2572 2573 2574 2575 2576 2577 2578 2579 2580 2581 2582 2583 2584 2585 2586 2587 2588 2589 2590 2591 2592 2593 2594 2595 2596 2597 2598 2599 2600 2601 2602 2603 2604 2605 2606 2607 2608 2609 2610 2611 2612 2613 2614 2615 2616 2617 2618 2619 2620 2621 2622 2623 2624 2625 2626 2627 2628 2629 2630 2631 2632 2633 2634 2635 2636 2637 2638 2639 2640 2641 3505 3504 3503 3502 3501 3500 3499 3498 3497 3496 3495 3494 3493 3492 3491 3490 3489 3488 3487 3486 3485 3484 3483 3482 3481 3480 3479 3478 3477 3476 3475 3474 3473 3472 3471 3470 3469 3468 3467 3466 3465 3464 3463 3462 3461 3460 3459 3458 3457 3456 3455 3454 3453 3452 3451 3450 3449 3448 3447 3446 3445 3444 3443 3442 3441 3440 3439 3438 3437 3436 3435 3434 3433 3432 3431 3430 3429 3428 3427 3426 3425 3424 3423 3422 3421 3420 3419 3418 3417 3416 3415 3414 3413 3412 3411 3410 3409 3408 3407 3406 3405 3404 3403 3402 3401 3400 3286 3285 3287 3288 3289 3290 3291 3292 3293 3294 3295 3296 3297 3298 3299 3300 3301 3302 3303 3304 3305 3306 3307 3308 3309 
1175 1176 
1175 1577 1576 1575 1574 1573 1572 1571 1570 1569 1568 1567 1566 1565 1564 1563 1562 1561 1560 1559 1558 1557 1556 1555 1554 1553 1513 1512 1514 1515 1516 1517 1518 1519 1520 1521 1522 1523 1524 1525 1526 1527 1528 1529 1530 1531 1532 1533 1534 1535 1536 1537 1538 1539 1540 1541 1542 1543 1544 1545 1546 1547 1548 1549 1550 1551 1552 
1232 1233 1234 1235 1236 1237 1238 1239 1240 1241 1242 1243 1244 1245 1246 1247 1248 1249 1250 1251 1252 1253 1254 1255 1256 1257 1258 1259 1260 1261 1262 1263 1264 1265 1266 1267 1268 1269 1270 1271 1272 
1232 1913 1912 1911 1910 1909 1908 1907 1906 1905 1904 1903 1902 1901 1900 1899 1898 1897 1896 1895 1894 1893 1892 1891 1890 1889 1888 1887 1886 1885 1884 1883 1882 1881 1880 1879 1878 1877 1876 1875 1874 1873 1872 1871 
1398 1397 1396 1395 1394 1393 1392 1391 1390 1389 1388 1387 1386 1385 1384 1383 1382 1381 1380 1379 1378 1377 1376 1375 1374 1373 1372 1371 1370 1369 1368 1367 1366 1365 1364 1363 1362 1361 1360 1359 1358 1357 1356 1355 1354 1353 1352 1351 1350 1349 1348 1347 1346 1345 1344 1343 1342 1341 1340 1339 1338 1337 1336 1334 1335 1405 1406 1407 1408 1409 1410 1411 1412 1413 1414 1415 1416 1417 1418 1419 1420 1421 1422 1423 1424 1425 1426 1427 1428 1429 1430 1431 1432 1433 1434 1435 1436 1437 1438 1439 1440 1441 1442 1443 1444 1445 1446 1447 1448 1449 1450 1451 1798 1797 1796 1795 1794 1793 1792 1791 1790 1789 1788 1787 1786 1785 1784 1783 1782 1781 1780 1779 1778 1777 1776 1775 1774 1773 1772 1771 1770 1769 1768 1767 1766 1765 1764 1763 1762 1761 1760 1759 1758 1757 1756 1755 1754 1753 1752 1751 1750 1749 1748 1747 1746 1745 1744 1743 1742 1741 1740 1739 1738 1737 1736 1735 1734 1733 1732 1731 1730 1729 1728 1727 1726 1725 1724 1723 1722 1721 1720 1719 1718 1717 1716 1715 1714 1713 1712 1711 1710 1709 1708 1707 1706 1705 1704 1703 1702 1701 1700 1699 1698 1697 1696 1695 1694 1693 1692 1691 1690 1689 1688 1687 1686 1685 1684 1683 1682 1681 1680 1679 1678 1677 1676 1675 1674 1673 1672 1671 1670 1669 1668 1667 1666 1665 1664 1663 1662 1661 1660 1659 1658 1657 1656 1655 1654 1653 1652 1651 1650 1649 1648 1647 1646 1645 1644 1643 1642 1641 1640 1639 1638 1637 1636 1635 1634 1633 1632 1631 1630 1629 1628 1627 1626 1625 1624 1623 1622 1621 1620 1619 1618 1617 1616 1615 1614 1613 1612 1611 1610 1609 1608 1607 1606 1605 1604 1603 1602 1601 1600 1599 1598 1597 1596 1595 1594 1593 1592 1591 1590 1589 1588 1587 1586 1585 1584 1583 1582 1581 1580 1578 1579 1799 1800 1801 1802 1803 1804 1805 1806 1807 1808 1809 1810 1811 1812 1813 1814 1815 1816 1817 1818 1819 1820 1821 1822 1823 1824 1825 1826 1827 1828 1829 1830 1831 1832 1833 1834 1835 1836 1837 1838 1839 1840 1841 1842 1843 1844 1845 1846 1847 1848 1849 1850 1851 1852 1853 1854 1855 1856 1857 1858 1859 1860 1861 1862 1863 1864 1865 1866 1867 1868 1869 1870 1871 
1398 1399 1400 1401 1402 1403 1404 
1398 1511 1510 1509 1508 1507 1506 1505 1504 1503 1502 1501 1500 1499 1498 1497 1496 1495 1494 1493 1492 1491 1490 1489 1488 1487 1486 1453 1452 1454 1455 1456 1457 1458 1459 1460 1461 1462 1463 1464 1465 1466 1467 1468 1469 1470 
1470 1471 1472 1473 1474 1475 1476 1477 1478 1479 1480 1481 1482 1483 1484 1485 
1470 2244 2243 2242 2241 2240 2239 2238 2237 2236 2235 2234 2233 2232 2231 2230 2229 2228 2227 2226 2224 2225 2245 2246 2247 2248 2249 2250 2251 2252 2253 2254 2255 2256 2257 2258 2259 2260 2261 2262 2263 2264 2265 2266 2267 2193 
1871 2118 2117 2116 2115 2114 2113 2112 2111 2110 2109 2108 2107 2106 2105 2104 2103 2102 2101 2100 2099 2098 2097 2096 2095 2094 2093 2092 2091 2090 2089 2088 2087 2086 2085 2084 2083 2082 2081 2080 2079 2078 2077 2076 2075 2074 1950 1949 1951 1952 1953 1954 1955 1956 1957 1958 1959 1960 1961 1962 1963 1964 1965 1966 1967 1968 1969 1970 1971 1972 1973 1974 1975 1976 1977 1978 1979 1980 1981 1982 1983 1984 1985 1986 1987 1988 1989 1990 1991 1992 1993 1994 1995 1996 1997 1998 1999 2000 2001 2002 2003 2004 2005 2006 2007 2008 2009 2010 2011 2012 2013 2014 2015 2016 2017 2018 2019 2020 2021 2022 2023 2024 2025 2026 2027 2028 2029 2030 2031 2032 2033 2034 2035 2036 2037 2038 2039 2040 2041 2042 2043 2044 2045 2046 2047 2048 2049 2050 2051 2052 2053 2054 2055 2056 2057 2058 2059 2060 2061 2062 2063 2064 2065 2066 2067 2068 2069 2070 2071 2072 2073 2538 2537 2536 2535 2534 2533 2532 2531 2530 2529 2528 2527 2526 2525 2524 2523 2522 2521 2520 2519 2518 2517 2516 2515 2514 2513 2512 2511 2510 2509 2508 2507 2506 2505 2504 2503 2502 
2193 2192 2191 2190 2189 2188 2187 2186 2120 2119 2121 2122 2123 2124 2125 2126 2127 2128 2129 2130 2131 2132 2133 2134 2135 2136 2137 2138 2139 2140 2141 2142 2143 2144 2145 2146 2147 2148 2149 2150 2151 2152 2153 2154 2155 2156 2157 2158 2159 2160 2161 2162 2163 2164 2165 2166 2167 2168 2169 2170 2171 2172 2173 2174 2175 2176 2177 2178 2179 2180 2181 2182 2183 2184 2185 2382 2381 2380 2379 2378 2377 2376 2375 2374 2373 2372 2269 2268 2270 2271 2272 2273 2274 2275 2276 2277 2278 2279 2280 2281 2282 2283 2284 2285 2286 2287 2288 2289 2290 2291 2292 2293 2294 2295 2296 2297 2298 2299 2300 2301 2302 2303 2304 2305 2306 2307 2308 2309 2310 2311 2312 2313 2314 2315 2316 2317 2318 2319 
2193 2194 2195 2196 2197 2198 2199 2200 2201 2202 2203 2204 2205 2206 2207 2208 2209 2210 2211 2212 2213 2214 2215 2216 2217 2218 2219 2220 2221 2222 2223 
2319 2320 2321 2322 2323 2324 2325 2326 2327 2328 2329 2330 2331 2332 2333 2334 2335 2336 2337 2338 2339 2340 2341 2342 2343 2344 2345 2346 2347 2348 2349 2350 2351 2352 2353 2354 2355 2356 2357 2358 2359 2360 2361 2362 2363 2364 2365 2366 2367 2368 2369 2370 2371 
2319 2867 2866 2865 2864 2863 2862 2861 2860 2859 2858 2857 2856 2855 2854 2853 2852 2851 2850 2849 2848 2847 2846 2845 2844 2843 2842 2841 2840 2839 2838 2837 2836 2835 2834 2833 2832 2831 2830 2829 2828 2827 2826 2825 2823 2824 2868 2869 2870 2871 2872 2873 2874 2875 2876 2877 2878 2879 2880 2881 2882 2883 2884 2885 2886 2887 2888 2889 2890 2891 
2424 2423 2422 2421 2420 2419 2418 2417 2416 2415 2414 2413 2412 2411 2410 2409 2408 2407 2406 2405 2404 2403 2402 2401 2400 2399 2398 2397 2396 2395 2394 2393 2392 2391 2390 2389 2388 2387 2386 2385 2383 2384 2444 2445 2446 2447 2448 2449 2450 2451 2452 2453 2454 2455 2456 2457 2458 2459 2460 2461 2462 2463 2464 2465 2466 2467 2468 2469 2470 2471 2472 2473 2474 2475 2476 2477 2478 2479 2480 2481 2482 2483 2484 2485 2486 2487 2488 2489 2490 2491 2492 2493 2494 2495 2496 2497 2498 2499 2500 2501 2502 
2424 2425 2426 2427 2428 2429 2430 2431 2432 2433 2434 2435 2436 2437 2438 2439 2440 2441 2442 2443 
2424 4007 4006 4005 4004 4003 4002 4001 4000 3999 3998 3997 3996 3995 3994 3993 3992 3991 3990 3989 3988 3987 3986 3985 3984 3983 3982 3981 3980 3979 3978 3977 3976 3975 3974 3973 3972 3971 3970 3969 3968 3967 3966 3965 3964 3963 3962 3961 3960 3959 3958 3957 3956 3955 3954 3953 3952 3951 3950 3949 3948 3947 3946 3945 3944 3943 3942 3941 3940 3939 3938 3937 3936 3935 3934 3933 3932 3931 3930 3929 3928 3927 3926 3925 3924 3923 3922 3921 3920 3919 3918 3917 3916 3915 3914 3913 3912 3911 3910 3909 3908 3907 3906 3905 3904 3903 3902 3901 3900 3899 3898 3897 3896 3895 3894 3893 3892 3891 3890 3889 3888 3887 3886 3885 3884 3883 3882 3881 3880 3879 3878 3877 3876 3875 3874 3873 3872 3871 3870 3869 3868 3867 3866 3865 3864 3863 3862 3861 3860 3859 3858 3857 3856 3855 3854 3853 3852 3851 3850 3849 3848 3847 3846 3845 3844 3843 3841 3842 4008 4009 4010 4011 4012 4013 4014 4015 4016 4017 4018 4019 4020 4021 
2502 3185 3184 3183 3182 3181 3180 3179 3178 3177 3176 3175 3174 3173 3172 3171 3170 3169 3168 3167 3166 3165 3164 3163 3162 3161 3160 3159 3158 3157 3156 3155 3154 3153 3152 3151 3150 3149 3148 3147 3146 3145 3144 3143 3142 3141 3140 3139 3138 3137 3136 3135 3134 3133 3132 3131 3130 3129 3128 3127 3126 3125 3124 3123 3122 3121 3120 3119 3118 3117 3116 3115 3114 3113 3112 3111 3110 3109 3108 3107 3106 3105 3104 3103 3102 3101 3100 3099 3098 3097 3096 3095 3094 3093 3092 3091 3090 3089 3088 3087 3086 3085 3084 3083 3082 3081 3080 3079 3078 3077 3076 3075 3074 3073 3072 3070 3071 3186 3187 3188 3189 3190 3191 3192 3193 3827 3826 3825 3824 3823 3822 3821 3820 3819 3818 3817 3816 3815 3814 3813 3812 3811 3810 3809 3808 3807 3806 3805 3804 3803 3802 3801 3800 3799 3798 3797 3796 3795 3794 3793 3792 3791 3790 3789 3788 3787 3786 3785 3784 3783 3782 3781 3780 3779 3778 3777 3776 3775 3774 3773 3772 3771 3770 3769 3768 3767 3766 3765 3764 3763 3762 3761 3760 3759 3758 3757 3756 3755 3754 3753 3752 3751 3750 3749 3748 3747 3746 3745 3744 3743 3742 3741 3740 3739 3738 3736 3737 3828 3829 3830 3831 3832 3833 3834 3835 3836 3837 3838 3839 3840 
2891 2892 2893 2894 2895 2896 2897 2898 2899 2900 2901 2902 2903 2904 2905 2906 2907 2908 2909 2910 2911 2912 2913 2914 2915 2916 2917 2918 2919 
2891 3237 3236 3235 3234 3233 3232 3231 3230 3229 3228 3227 3226 3225 3224 3223 3222 3221 3220 3219 3218 3217 3195 3194 3196 3197 3198 3199 3200 3201 3202 3203 3204 3205 3206 3207 3208 3209 3210 3211 3212 3213 
2919 2920 2921 2922 2923 2924 2925 2926 2927 2928 2929 2930 2931 2932 2933 2934 2935 2936 2937 2938 2939 2940 2941 2942 2943 2944 2945 2946 2947 2948 2949 2950 2951 2952 2953 2954 2955 2956 2957 2958 2959 2960 2961 2962 2963 2964 2965 2966 2967 2968 2969 
2919 3715 3714 3713 3712 3711 3710 3709 3708 3707 3706 3705 3704 3703 3702 3701 3700 3699 3698 3697 3696 3695 3694 3693 3692 3691 3690 3689 3688 3687 3686 3685 3684 3683 3682 3681 3680 3679 3678 3677 3676 3675 3674 3673 3672 3671 3670 3669 3668 3667 3666 3665 3664 3663 3662 3661 3660 3659 3658 3657 3656 3655 3654 3653 3652 3651 3650 3649 3648 3647 3646 3645 3644 3643 3642 3641 3640 3639 3638 3637 3636 3635 3634 3633 3632 3631 3630 3629 3628 3627 3626 3625 3624 3623 3622 3621 3620 3619 3618 3617 3616 3615 3614 3613 3612 3611 3610 3609 3608 3607 3606 3605 3604 3603 3602 3601 3600 3599 3598 3597 3596 3595 3594 3593 3592 3591 3590 3589 3588 3587 3586 3585 3584 3583 3582 3581 3580 3579 3578 3577 3576 3575 3574 3573 3572 3571 3570 3569 3568 3567 3566 3565 3564 3563 3562 3561 3560 3559 3558 3557 3556 3555 3554 3553 3552 3551 3550 3549 3548 3547 3546 3545 3544 3543 3542 3541 3540 3539 3538 3537 3536 3535 3534 3533 3532 3531 3530 3529 3528 3527 3526 3525 3524 3523 3522 3521 3520 3519 3518 3517 3516 3515 3514 3513 3512 3511 3510 3509 3508 3506 3507 3716 3717 3718 3719 3720 3721 3722 3723 3724 3725 3726 3727 3728 3729 3730 3731 3732 3733 3734 3735 
3213 3214 3215 3216 3284 3283 3282 3281 3280 3279 3278 3277 3276 3275 3274 3273 3272 3271 3270 3269 3268 3267 3266 3265 3264 3263 3262 3261 3260 3259 3258 3257 3256 3255 3254 3253 3252 3239 3238 3240 3241 3242 3243 3244 3245 3246 3247 3248 3249 3250 3251 
3213 5040 5039 5038 5037 5036 5035 5034 5033 5032 5031 5030 5029 5028 5027 5026 5025 5024 5023 5022 5021 5020 5019 5018 5017 5016 5015 5014 5013 5012 5011 5010 5009 5008 5007 5006 5005 5004 5003 5002 5001 5000 4999 4998 4997 4996 4995 4994 4993 4992 4991 4990 4989 4988 4987 4986 4985 4984 4983 4982 4981 4980 4979 4978 4977 4976 4975 4974 4973 4972 4971 4970 4969 4968 4967 4966 4965 4964 4963 4962 4961 4960 4959 4958 4957 4956 4955 4954 4953 4952 4951 4950 4949 4948 4947 4946 4945 4944 4943 4942 4941 4940 4939 4938 4937 4936 4935 4934 4933 4932 4931 4930 4929 4928 4927 4926 4925 4924 4923 4922 4921 4920 4919 4918 4917 4916 4915 4914 4913 4912 4911 4910 4909 4908 4907 4906 4905 4904 4903 4902 4901 4900 4899 4898 4897 4896 4895 4894 4893 4892 4891 4890 4889 4888 4887 4886 4885 4884 4883 4882 4881 4880 4879 4878 4877 4876 4875 4874 4873 4872 4871 4870 4869 4868 4867 4866 4865 4864 4863 4862 4861 4860 4859 4858 4857 4856 4855 4854 4853 4852 4851 4850 4849 4848 4847 4846 4845 4844 4843 4842 4841 4840 4839 4838 4837 4836 4835 4834 4833 4832 4831 4830 4829 4828 4827 4826 4825 4824 4823 4822 4821 4820 4819 4818 4817 4816 4815 4814 4813 4812 4811 4810 4809 4808 4807 4806 4805 4804 4803 4802 4801 4800 4799 4798 4797 4796 4795 4794 4793 4792 4791 4790 4789 4788 4787 4786 4785 4784 4783 4782 4781 4780 4779 4778 4777 4776 4775 4774 4773 4772 4771 4770 4769 4768 4767 4766 4765 4764 4763 4762 4761 4760 4759 4758 4757 4756 4755 4754 4753 4752 4751 4750 4749 4748 4747 4746 4745 4744 4743 4742 4741 4740 4739 4738 4737 4736 4735 4734 4733 4732 4731 4730 4729 4728 4727 4726 4725 4724 4723 4722 4721 4720 4719 4718 4717 4716 4715 4714 4713 4712 4711 4710 4709 4708 4707 4706 4705 4704 4703 4702 4701 4700 4699 4698 4697 4696 4695 4694 4693 4692 4691 4690 4689 4688 4687 4686 4685 4684 4683 4682 4681 4680 4679 4678 4677 4676 4675 4674 4673 4672 4671 4670 4669 4668 4667 4666 4665 4664 4663 4614 4613 4615 4616 4617 4618 4619 4620 4621 4622 4623 4624 4625 4626 4627 4628 4629 4630 4631 4632 4633 4634 4635 4636 4637 4638 4639 
3309 3310 3311 3312 3313 3314 3315 3316 3317 3318 3319 3320 3321 3322 3323 3324 3325 3326 3327 3328 3329 3330 3331 3332 3333 3334 3335 3336 3337 3338 3339 3340 3341 3342 3343 3344 3345 3346 3347 3348 3349 3350 3351 3352 3353 3354 3355 3356 3357 3358 3359 3360 3361 3362 3363 3364 3365 3366 3367 3368 3369 3370 3371 3372 3373 3374 3375 3376 3377 3378 3379 3380 3381 3382 3383 3384 3385 3386 3387 3388 3389 3390 3391 3392 3393 3394 3395 3396 3397 3398 3399 
3309 4083 4082 4081 4080 4079 4078 4077 4076 4075 4074 4073 4072 4071 4070 4069 4068 4067 4066 4065 4064 4063 4062 4061 4060 4059 4058 4057 4056 4055 4054 4053 4052 4051 4050 4049 4048 4047 4046 4045 4044 4043 4042 4041 4040 4039 4038 4037 4036 4035 4034 4033 4032 4031 4030 4029 4028 4027 4026 4025 4024 4022 4023 4084 4085 4086 4087 4088 4089 4090 4091 4092 4093 4094 4095 4096 4097 4098 4099 4100 4101 4102 4103 4104 4105 4106 4107 4299 4298 4297 4296 4295 4294 4293 4292 4291 4290 4289 4288 4287 4286 4285 4284 4283 4282 4281 4280 4279 4278 4277 4276 4275 4274 4273 4272 4271 4270 
4222 4221 4220 4219 4218 4217 4216 4215 4214 4213 4212 4211 4210 4209 4208 4207 4206 4205 4204 4203 4202 4201 4200 4199 4198 4197 4196 4195 4194 4193 4192 4191 4190 4189 4188 4187 4186 4185 4184 4183 4182 4181 4180 4179 4178 4177 4176 4175 4174 4173 4172 4171 4170 4169 4168 4167 4166 4165 4164 4163 4162 4161 4160 4159 4158 4157 4156 4155 4154 4153 4152 4151 4150 4149 4148 4147 4146 4145 4144 4143 4142 4141 4140 4139 4138 4137 4136 4135 4134 4133 4132 4131 4130 4129 4128 4127 4126 4125 4124 4123 4122 4121 4120 4119 4118 4117 4116 4115 4114 4113 4112 4111 4110 4108 4109 4300 4301 4302 4303 4304 4305 4306 4307 
4222 4223 4224 4225 4226 4227 4228 4229 4230 4231 4232 4233 4234 4235 4236 4237 4238 4239 4240 4241 4242 4243 4244 4245 4246 4247 4248 4249 4250 4251 4252 4253 4254 4255 4256 4257 4258 4259 4260 4261 4262 4263 4264 4265 4266 4267 4268 4269 4270 
4222 4586 4585 4584 4583 4582 4581 4580 4579 4578 4577 4576 4575 4574 4573 4572 4571 4570 
4270 4442 4441 4440 4439 4438 4437 4436 4435 4434 4433 4432 4309 4308 4310 4311 4312 4313 4314 4315 4316 4317 4318 4319 4320 4321 4322 4323 4324 4325 4326 4327 4328 4329 4330 4331 4332 4333 4334 4335 4336 4337 4338 4339 4340 4341 4342 4343 4344 4345 4346 4347 4348 4349 4350 4351 4352 4353 4354 4355 4356 4357 4358 4359 4360 4361 4362 4363 4364 4365 4366 4367 4368 4369 4370 4371 4372 4373 4374 4375 4376 4377 4378 4379 4380 4381 4382 4383 4384 4385 4386 4387 4388 4389 4390 4391 4392 4393 4394 4395 4396 4397 4398 4399 4400 4401 4402 4403 4404 4405 4406 4407 4408 4409 4410 4411 4412 4413 4414 4415 4416 4417 4418 4419 4420 4421 4422 4423 4424 4425 4426 4427 4428 4429 4430 4431 
4458 4457 4456 4455 4454 4453 4452 4451 4450 4449 4448 4447 4446 4445 4443 4444 4460 4461 4462 4463 4464 4465 4466 4467 4468 4469 4470 
4458 4459 
4458 4484 4483 4482 4481 4480 4479 4478 4477 4476 4475 4474 4473 4471 4472 4485 4486 4487 4488 4489 4490 4491 4492 4493 4494 4495 4496 4497 4498 4499 4500 4501 4502 4503 4504 4505 4506 4507 4508 4509 4510 4511 4512 4513 4514 4515 4516 4517 4518 4519 4520 4521 4522 4523 4524 4525 4526 4527 4528 4529 4530 4531 4532 4533 4534 4535 4536 4537 4538 4539 4540 4541 4542 4543 4544 4545 4546 4547 4548 4549 4550 4551 4552 4553 4554 4555 4556 4557 4558 4559 4560 4561 4562 4563 4564 4565 4566 4567 4568 4569 4570 
4570 4601 4600 4599 4598 4597 4596 4595 4594 4593 4592 4591 4590 4589 4587 4588 4602 4603 4604 4605 4606 4607 4608 4609 4610 4611 4612 
4639 5440 5439 5438 5437 5436 5435 5434 5433 5432 5431 5430 5429 5428 5427 5426 5425 5424 5423 5422 5421 5420 5419 5418 5417 5416 5415 5414 5413 5412 5411 5410 5409 5408 5407 5406 5369 5368 5370 5371 5372 5373 5374 5375 5376 5377 5378 5379 5380 5381 5382 5383 5384 5385 5386 5387 5388 5389 5390 5391 5392 5393 5394 5395 5396 5397 5398 5399 5400 5401 5402 5403 5404 5405 
