182 453
181 453
183 453
184 453
185 453
186 453
187 453
188 453
189 453
189 452
190 452
180 453
179 453
178 453
177 453
176 453
176 452
175 452
174 452
174 451
173 451
44 67
44 66
44 68
44 69
43 69
43 70
42 70
42 71
42 72
42 73
41 73
41 74
41 75
40 75
40 76
44 65
44 64
44 63
44 62
45 62
45 61
46 61
407 191
407 190
407 192
407 193
407 194
407 195
407 189
407 188
407 187
407 186
408 186
373 184
374 184
372 184
372 185
371 185
370 185
370 186
369 186
368 186
368 187
374 183
374 182
374 181
374 180
374 179
374 178
374 177
374 176
368 195
368 196
367 195
367 194
367 193
367 192
367 191
367 190
367 189
367 188
367 187
369 196
369 197
369 198
369 199
369 200
369 201
369 202
368 202
368 203
367 203
367 204
366 204
366 205
365 205
365 206
364 206
364 207
364 208
364 209
364 210
364 211
364 212
364 213
363 213
362 213
362 214
361 214
360 214
359 214
359 215
358 215
357 215
357 216
357 217
356 217
356 218
355 218
354 218
353 218
352 218
351 218
350 218
349 218
348 218
348 219
349 219
349 220
349 221
349 222
349 223
349 224
350 224
350 225
349 225
349 226
348 226
347 226
346 226
345 226
344 226
344 227
343 227
353 230
353 229
354 230
354 231
355 231
356 231
357 231
358 231
359 231
360 231
360 230
361 230
362 230
363 230
364 230
364 229
365 229
366 229
367 229
368 229
369 229
370 229
371 229
352 229
352 228
352 227
351 227
351 226
350 226
360 190
361 190
359 190
358 190
357 190
356 190
355 190
354 190
354 191
362 190
363 190
364 190
365 190
365 189
366 189
366 188
44 82
44 83
44 81
44 80
44 79
43 79
42 79
42 78
41 78
41 77
40 77
44 84
44 85
44 86
44 87
44 88
44 89
44 90
44 91
45 91
45 90
46 90
47 90
48 90
49 90
50 90
51 90
52 90
53 90
54 90
55 90
56 90
54 95
54 96
54 94
54 93
54 92
54 91
55 91
54 97
54 98
54 99
53 99
52 99
51 99
51 100
50 100
50 101
50 102
49 102
49 103
48 103
48 104
47 104
47 105
10 144
10 143
10 145
10 146
10 147
10 148
10 149
10 142
10 141
9 141
9 140
9 139
10 139
10 138
10 137
10 136
10 135
10 134
10 133
10 132
10 131
9 131
8 131
8 130
7 130
7 129
6 129
371 292
371 293
371 291
371 290
371 289
371 288
371 287
371 286
370 286
371 294
371 295
372 295
372 296
372 297
372 298
372 299
373 299
373 300
374 300
374 301
375 301
376 301
405 152
405 153
405 151
406 151
407 151
408 151
409 151
410 151
410 150
410 149
409 149
409 148
408 148
407 148
406 148
405 148
405 147
404 147
404 146
403 146
403 145
402 145
402 144
404 153
404 154
404 155
404 156
404 157
404 158
403 158
403 159
403 160
403 161
403 162
403 163
403 164
403 165
403 166
403 167
403 168
402 168
402 169
401 169
401 170
401 171
401 172
401 173
402 173
402 174
401 174
401 175
400 175
399 175
399 176
399 177
399 178
399 179
399 180
399 181
399 182
399 183
399 184
398 184
398 185
398 186
228 369
227 369
229 369
229 368
230 368
230 367
230 366
231 366
231 365
231 364
231 363
231 362
231 361
230 361
230 360
226 369
225 369
224 369
223 369
222 369
221 369
220 369
219 369
218 369
217 369
402 185
403 185
401 185
400 185
399 185
404 185
405 185
406 185
407 185
267 434
268 434
267 433
266 433
266 432
265 432
265 431
265 430
265 429
265 428
264 428
263 428
262 428
261 428
261 427
260 427
259 427
259 426
258 426
269 434
269 435
270 435
270 436
270 437
271 437
272 437
273 437
274 437
275 437
276 437
277 437
277 438
278 438
279 438
280 438
281 438
282 438
283 438
284 438
284 437
285 437
412 332
413 332
411 332
410 332
409 332
408 332
407 332
406 332
405 332
404 332
414 332
414 331
415 331
415 330
416 330
416 329
417 329
418 329
419 329
420 329
421 329
422 329
422 330
423 330
424 330
424 331
424 332
424 333
425 333
426 333
427 333
428 333
428 334
429 334
429 335
429 336
428 336
428 337
428 338
428 339
428 340
428 341
428 342
428 343
428 344
428 345
428 346
429 346
429 347
430 347
430 348
431 348
431 349
431 350
432 350
432 351
433 351
433 352
434 352
435 352
435 353
418 413
418 414
418 412
419 412
419 411
419 410
420 410
420 409
420 408
421 408
421 407
421 406
421 405
422 405
423 405
424 405
425 405
426 405
427 405
428 405
428 406
429 406
429 407
430 407
431 407
431 408
432 408
433 408
433 409
434 409
434 410
435 410
436 410
436 411
437 411
438 411
439 411
440 411
440 412
441 412
441 411
441 410
442 410
443 410
443 409
444 409
445 409
446 409
446 408
446 407
447 407
447 406
447 405
447 404
447 403
447 402
447 401
447 400
447 399
447 398
447 397
447 396
447 395
446 395
446 394
446 393
446 392
446 391
445 391
445 390
445 389
444 389
444 388
443 388
443 387
442 387
442 386
442 385
441 385
441 384
441 383
441 382
441 381
441 380
442 380
443 380
444 380
444 379
444 378
443 378
443 377
443 376
442 376
442 375
441 375
441 374
440 374
440 373
440 372
439 372
439 371
438 371
438 370
437 370
437 369
437 368
437 367
437 366
437 365
436 365
436 364
435 364
435 363
435 362
434 362
434 361
434 360
434 359
434 358
434 357
434 356
434 355
434 354
434 353
417 414
417 415
416 415
416 416
415 416
414 416
414 415
413 415
412 415
412 414
411 414
411 413
410 413
410 412
409 412
408 412
407 412
406 412
406 411
405 411
404 411
30 119
30 120
31 119
31 118
31 117
32 117
32 116
32 115
33 115
33 114
34 114
35 114
35 113
36 113
36 112
37 112
37 111
38 111
38 110
39 110
39 109
40 109
41 109
42 109
43 109
44 109
45 109
45 108
46 108
46 107
46 106
46 105
29 120
29 121
28 121
28 122
28 123
28 124
28 125
28 126
27 126
27 127
28 127
28 128
28 129
28 130
28 131
28 132
28 133
27 133
27 134
27 135
27 136
26 136
26 137
25 137
24 137
24 138
23 138
22 138
22 139
23 139
23 140
23 141
23 142
24 142
24 143
23 143
22 143
21 143
20 143
19 143
18 143
17 143
17 144
16 144
15 144
15 145
14 145
13 145
13 146
12 146
12 147
11 147
11 148
382 164
381 164
383 164
384 164
385 164
385 163
386 163
387 163
387 162
388 162
388 163
389 163
390 163
390 164
391 164
392 164
392 165
393 165
394 165
395 165
396 165
396 166
397 166
398 166
399 166
400 166
401 166
401 167
402 167
381 165
381 166
380 166
380 167
380 168
379 168
379 169
379 170
379 171
378 171
378 172
377 172
377 173
377 174
376 174
376 175
375 175
375 176
380 242
381 242
380 243
379 243
378 243
377 243
377 244
376 244
375 244
375 245
374 245
373 245
373 246
372 246
371 246
370 246
370 245
369 245
369 244
368 244
368 243
367 243
367 242
366 242
366 241
365 241
365 240
365 239
365 238
365 237
365 236
365 235
365 234
364 234
364 233
363 233
363 232
362 232
361 232
360 232
381 241
381 240
381 239
381 238
381 237
381 236
381 235
381 234
380 234
380 233
379 233
379 232
379 231
378 231
378 230
377 230
376 230
376 229
375 229
374 229
373 229
372 229
64 53
64 54
63 53
62 53
62 52
61 52
61 51
61 50
60 50
60 49
59 49
58 49
58 48
57 48
57 47
57 46
57 45
57 44
57 43
58 43
58 42
58 41
59 41
59 40
60 40
60 39
61 39
65 54
65 55
66 55
66 56
67 56
67 57
68 57
69 57
69 58
70 58
70 59
71 59
71 60
72 60
72 59
73 59
74 59
75 59
76 59
77 59
77 58
78 58
375 481
376 481
374 481
374 482
373 482
373 483
373 484
372 484
372 485
371 485
371 486
370 486
369 486
369 487
368 487
367 487
366 487
366 488
365 488
365 489
364 489
364 490
363 490
363 491
362 491
362 492
361 492
361 493
377 481
378 481
379 481
380 481
381 481
382 481
383 481
384 481
385 481
386 481
386 482
419 302
419 303
419 301
419 300
419 299
419 298
419 297
418 297
418 296
418 295
419 304
419 305
420 305
421 305
421 306
421 307
420 307
420 308
420 309
419 309
419 310
418 310
418 311
418 312
418 313
418 314
418 315
419 315
419 316
420 316
420 317
420 318
420 319
420 320
420 321
420 322
420 323
420 324
420 325
420 326
420 327
421 327
421 328
413 138
412 138
414 138
415 138
415 137
415 136
416 136
416 135
416 134
417 134
417 133
417 132
417 131
418 131
418 130
418 129
419 129
419 128
419 127
418 127
418 126
417 126
417 125
416 125
416 124
416 123
416 122
416 121
416 120
416 119
415 119
415 118
415 117
414 117
413 117
413 116
412 116
412 115
411 115
410 115
409 115
408 115
407 115
407 116
407 117
406 117
406 118
406 119
406 120
406 121
406 122
406 123
405 123
404 123
404 124
403 124
403 125
402 125
401 125
401 126
400 126
399 126
399 127
398 127
397 127
396 127
395 127
394 127
393 127
393 126
392 126
392 125
392 124
392 123
392 122
411 138
410 138
410 139
409 139
409 140
409 141
410 141
410 142
410 143
410 144
410 145
410 146
410 147
410 148
202 451
203 451
201 451
200 451
199 451
198 451
197 451
196 451
195 451
194 451
193 451
192 451
191 451
190 451
204 451
205 451
206 451
206 452
207 452
207 453
208 453
208 454
209 454
210 454
211 454
212 454
213 454
214 454
215 454
216 454
217 454
218 454
219 454
219 453
220 453
221 453
221 452
222 452
222 451
223 451
223 450
224 450
224 449
224 448
224 447
224 446
224 445
225 445
225 444
372 251
372 252
372 250
372 249
372 248
372 247
372 253
372 254
372 255
372 256
372 257
371 257
371 258
370 258
369 258
368 258
367 258
366 258
365 258
364 258
363 258
362 258
362 257
362 256
361 256
361 255
361 254
361 253
360 253
360 252
359 252
358 252
357 252
356 252
356 251
355 251
355 252
354 252
354 253
353 253
352 253
351 253
351 254
350 254
350 255
350 256
350 257
350 258
350 259
350 260
350 261
350 262
351 262
351 263
352 263
441 456
442 456
440 456
439 456
438 456
437 456
436 456
435 456
434 456
434 457
433 457
433 458
432 458
432 459
431 459
430 459
429 459
429 460
428 460
427 460
426 460
426 461
425 461
443 456
444 456
445 456
446 456
447 456
448 456
448 455
448 454
449 454
449 453
449 452
449 451
450 451
450 450
451 450
452 450
453 450
454 450
454 449
455 449
455 448
456 448
456 447
456 446
457 446
457 447
457 448
458 448
458 449
458 450
459 450
459 451
459 452
460 452
460 453
461 453
461 454
461 455
461 456
462 456
462 457
462 458
462 459
462 460
462 461
462 462
463 462
463 461
463 460
463 459
463 458
463 457
464 457
464 456
465 456
465 455
465 454
465 453
465 452
465 451
466 451
466 450
466 449
466 448
466 447
466 446
467 446
467 445
468 445
468 444
468 443
468 442
468 441
468 440
468 439
468 438
468 437
468 436
468 435
468 434
468 433
467 433
467 432
467 431
467 430
467 429
467 428
467 427
467 426
468 426
468 427
469 427
470 427
471 427
472 427
473 427
474 427
475 427
476 427
476 426
477 426
477 425
478 425
478 424
478 423
478 422
479 422
479 421
480 421
481 421
482 421
482 420
483 420
483 419
482 419
482 418
481 418
480 418
480 417
479 417
478 417
478 416
477 416
476 416
476 415
476 414
476 413
476 412
476 411
475 411
475 410
474 410
474 409
473 409
473 408
472 408
471 408
470 408
469 408
468 408
467 408
467 407
466 407
466 408
466 409
466 410
466 411
466 412
466 413
466 414
466 415
466 416
465 416
464 416
463 416
462 416
461 416
460 416
459 416
459 417
458 417
457 417
456 417
455 417
454 417
453 417
452 417
451 417
450 417
449 417
448 417
447 417
446 417
445 417
444 417
443 417
443 416
442 416
442 415
441 415
441 414
441 413
221 408
221 409
220 408
219 408
218 408
217 408
216 408
215 408
215 409
215 410
214 410
213 410
212 410
211 410
210 410
209 410
208 410
207 410
206 410
206 409
222 409
223 409
224 409
225 409
225 410
225 411
225 412
225 413
225 414
225 415
225 416
225 417
225 418
225 419
225 420
224 420
224 421
223 421
223 422
222 422
222 423
220 472
220 473
219 472
219 471
218 471
218 470
218 469
218 468
218 467
218 466
217 466
217 465
216 465
216 464
216 463
215 463
215 462
215 461
215 460
216 460
216 459
217 459
217 458
218 458
218 457
218 456
218 455
221 473
221 474
222 474
222 475
223 475
223 476
223 477
224 477
224 478
225 478
45 285
46 285
44 285
44 284
43 284
43 283
42 283
41 283
40 283
39 283
38 283
37 283
36 283
36 284
35 284
35 285
35 286
35 287
35 288
35 289
35 290
35 291
35 292
35 293
34 293
33 293
32 293
31 293
30 293
29 293
29 294
28 294
28 295
46 286
47 286
48 286
49 286
50 286
50 285
51 285
52 285
53 285
54 285
55 285
56 285
57 285
58 285
59 285
59 286
59 287
59 288
59 289
59 290
59 291
59 292
60 292
60 293
61 293
61 294
62 294
383 299
382 299
383 298
384 298
384 297
384 296
385 296
385 295
385 294
386 294
386 293
386 292
387 292
387 291
388 291
388 290
381 299
380 299
380 300
379 300
378 300
378 301
377 301
41 149
41 148
41 150
41 151
42 151
42 152
43 152
43 153
44 153
44 154
45 154
45 155
46 155
46 156
41 147
41 146
41 145
40 145
40 144
39 144
38 144
37 144
36 144
35 144
34 144
33 144
33 145
32 145
31 145
31 146
30 146
30 147
29 147
28 147
27 147
26 147
25 147
24 147
24 146
24 145
24 144
380 265
380 264
381 265
381 266
382 266
382 267
383 267
384 267
385 267
386 267
387 267
387 268
387 269
387 270
387 271
388 271
388 272
389 272
389 273
390 273
390 274
391 274
379 264
378 264
378 263
377 263
376 263
376 262
375 262
374 262
373 262
372 262
371 262
371 261
371 260
371 259
371 502
370 502
371 501
371 500
371 499
371 498
371 497
371 496
370 496
370 495
369 495
369 494
368 494
367 494
366 494
365 494
364 494
363 494
362 494
362 493
370 503
369 503
369 504
368 504
367 504
367 505
366 505
365 505
365 506
192 483
192 484
192 482
191 482
191 481
191 480
191 479
191 478
191 477
191 476
191 475
191 474
191 473
191 472
192 472
192 471
193 471
193 470
194 470
194 469
194 468
194 467
194 466
194 465
194 464
194 463
193 463
193 462
193 461
193 460
193 459
193 458
193 457
193 456
193 455
192 455
192 454
191 454
191 453
190 453
192 485
192 486
192 487
192 488
192 489
192 490
192 491
193 491
193 492
193 493
193 494
193 495
193 496
193 497
193 498
192 498
192 499
191 499
191 500
345 330
345 331
345 329
346 329
346 328
347 328
347 327
348 327
348 326
349 326
349 325
349 324
349 323
349 322
349 321
349 320
349 319
350 319
350 318
351 318
351 317
352 317
352 316
353 316
353 315
354 315
355 315
355 314
355 313
356 313
356 312
357 312
358 312
359 312
360 312
361 312
361 311
345 332
345 333
345 334
345 335
344 335
344 336
344 337
344 338
344 339
344 340
345 340
345 341
345 342
346 342
346 343
346 344
346 345
346 346
347 346
347 347
348 347
349 347
350 347
351 347
352 347
353 347
354 347
354 348
355 348
355 349
355 350
356 350
357 350
358 350
359 350
360 350
361 350
362 350
362 305
362 306
362 304
363 304
363 303
363 302
364 302
364 301
365 301
365 300
365 299
366 299
366 298
367 298
368 298
369 298
370 298
371 298
362 307
362 308
362 309
362 310
362 311
387 431
388 431
386 431
385 431
385 430
384 430
384 429
383 429
383 428
383 427
383 426
383 425
383 424
383 423
383 422
382 422
381 422
381 421
380 421
379 421
379 420
378 420
378 419
378 418
379 418
379 417
380 417
380 416
380 415
381 415
381 414
382 414
382 413
383 413
383 412
383 411
384 411
384 410
385 410
386 410
387 410
388 410
388 411
389 411
390 411
390 410
391 410
392 410
392 409
393 409
393 408
394 408
394 409
395 409
395 410
396 410
397 410
398 410
399 410
400 410
401 410
402 410
403 410
404 410
389 431
390 431
390 432
391 432
391 433
391 434
391 435
391 436
390 436
390 437
390 438
389 438
389 439
389 440
389 441
389 442
389 443
389 444
388 444
388 445
387 445
386 445
386 446
386 447
386 448
386 449
386 450
385 450
385 451
384 451
383 451
383 450
382 450
381 450
380 450
379 450
378 450
377 450
376 450
375 450
374 450
374 451
373 451
373 452
372 452
371 452
370 452
369 452
368 452
367 452
367 451
366 451
366 450
365 450
364 450
364 449
363 449
362 449
361 449
360 449
359 449
358 449
357 449
357 450
356 450
356 451
355 451
354 451
354 452
353 452
352 452
351 452
350 452
349 452
348 452
348 453
347 453
346 453
346 454
248 370
248 371
248 369
248 368
247 368
247 367
246 367
246 366
245 366
245 365
244 365
243 365
243 364
242 364
241 364
240 364
239 364
238 364
238 363
237 363
236 363
235 363
234 363
234 362
233 362
232 362
232 361
249 371
249 372
249 373
250 373
250 374
250 375
251 375
251 376
251 377
252 377
252 378
253 378
253 379
254 379
254 380
255 380
255 381
256 381
256 382
257 382
258 382
258 383
259 383
259 384
260 384
261 384
262 384
263 384
263 383
264 383
265 383
265 382
266 382
267 382
268 382
269 382
270 382
270 383
271 383
272 383
273 383
274 383
275 383
276 383
277 383
278 383
278 384
278 385
279 385
279 386
280 386
280 387
281 387
282 387
283 387
284 387
285 387
286 387
287 387
287 388
288 388
289 388
289 389
290 389
290 388
291 388
291 387
292 387
292 386
293 386
294 386
295 386
296 386
297 386
298 386
299 386
299 387
299 388
300 388
300 389
301 389
302 389
302 390
303 390
303 391
304 391
304 392
305 392
319 255
319 254
319 256
319 257
318 257
318 258
317 258
317 259
317 260
317 261
316 261
316 262
316 263
316 264
316 265
316 266
316 267
316 268
316 269
315 269
315 270
315 271
314 271
314 272
314 273
314 274
314 275
314 276
315 276
315 277
316 277
316 278
317 278
318 278
319 278
320 278
321 278
322 278
323 278
323 279
319 253
319 252
319 251
320 251
321 251
322 251
322 250
323 250
323 249
324 249
324 248
325 248
326 248
326 247
327 247
327 246
328 246
328 245
329 245
329 244
330 244
330 243
330 242
331 242
331 241
332 241
332 240
332 239
332 238
332 237
332 236
332 235
332 234
333 234
333 233
333 232
333 231
333 230
334 230
335 230
335 229
336 229
337 229
337 228
338 228
339 228
340 228
341 228
342 228
342 227
243 379
243 378
243 380
243 381
243 382
243 383
242 383
241 383
240 383
240 384
239 384
238 384
238 385
237 385
237 386
236 386
236 387
236 388
236 389
236 390
236 391
235 391
235 392
234 392
233 392
233 393
232 393
232 394
232 395
232 396
232 397
231 397
231 398
231 399
231 400
230 400
230 401
230 402
229 402
229 403
229 404
228 404
228 405
228 406
227 406
227 407
227 408
226 408
226 409
243 377
243 376
243 375
243 374
242 374
241 374
241 373
241 372
240 372
240 371
239 371
239 370
239 369
239 368
239 367
239 366
239 365
353 439
353 438
353 440
353 441
354 441
354 442
354 443
355 443
355 444
356 444
356 445
356 446
356 447
356 448
356 449
353 437
353 436
353 435
353 434
353 433
354 433
69 67
68 67
69 66
70 66
70 65
70 64
71 64
71 63
71 62
71 61
68 68
67 68
66 68
66 69
65 69
64 69
63 69
62 69
61 69
61 68
60 68
59 68
58 68
58 69
58 70
58 71
58 72
58 73
58 74
57 74
57 75
57 76
56 76
56 77
56 78
55 78
55 79
55 80
54 80
54 81
54 82
54 83
54 84
54 85
54 86
54 87
54 88
55 88
55 89
317 438
317 437
317 439
317 440
318 440
318 441
319 441
319 442
320 442
320 443
319 443
319 444
318 444
317 444
316 444
315 444
314 444
313 444
313 445
313 446
312 446
312 447
311 447
311 448
310 448
310 449
309 449
309 450
308 450
308 451
308 452
308 453
308 454
308 455
308 456
308 457
308 458
308 459
309 459
316 437
316 436
316 435
316 434
316 433
316 432
316 431
316 430
317 430
318 430
319 430
320 430
321 430
322 430
323 430
323 429
324 429
325 429
326 429
327 429
328 429
328 430
329 430
330 430
330 431
330 432
330 433
330 434
330 435
330 436
331 436
332 436
333 436
334 436
335 436
336 436
337 436
337 435
338 435
338 434
339 434
339 433
22 284
21 284
23 284
24 284
24 283
25 283
26 283
27 283
28 283
29 283
29 282
30 282
31 282
31 283
32 283
33 283
33 284
34 284
20 284
19 284
18 284
17 284
16 284
15 284
14 284
14 283
13 283
13 282
13 281
13 280
13 279
13 278
12 278
11 278
10 278
9 278
8 278
7 278
6 278
5 278
5 279
410 288
409 288
411 288
412 288
413 288
414 288
414 289
415 289
415 290
415 291
415 292
415 293
416 293
416 294
417 294
417 295
408 288
407 288
406 288
405 288
405 289
404 289
403 289
402 289
401 289
400 289
399 289
398 289
398 290
397 290
397 291
396 291
395 291
394 291
393 291
392 291
391 291
390 291
389 291
389 290
353 486
354 486
353 487
353 488
352 488
351 488
350 488
350 489
351 489
352 489
353 489
353 490
354 490
354 491
355 491
355 492
356 492
357 492
358 492
359 492
360 492
354 485
355 485
355 484
355 483
355 482
355 481
355 480
355 479
356 479
356 478
228 490
228 489
228 491
228 492
228 493
229 493
229 494
230 494
230 495
230 496
230 497
230 498
230 499
230 500
230 501
229 501
228 501
228 502
227 502
227 503
227 504
226 504
226 505
227 505
227 506
228 506
229 506
229 507
230 507
231 507
232 507
232 508
232 509
233 509
234 509
235 509
236 509
237 509
238 509
238 510
239 510
239 511
240 511
241 511
242 511
243 511
244 511
245 511
246 511
246 510
247 510
247 509
247 508
247 507
248 507
248 506
249 506
249 505
249 504
250 504
250 503
251 503
252 503
253 503
254 503
255 503
256 503
257 503
258 503
258 504
258 505
259 505
259 504
260 504
260 503
261 503
261 502
261 501
262 501
262 500
263 500
263 499
263 498
263 497
264 497
264 496
263 496
263 495
262 495
262 494
262 493
262 492
262 491
262 490
262 489
263 489
263 488
263 487
263 486
264 486
264 485
265 485
265 484
266 484
266 483
267 483
267 482
268 482
268 481
268 480
269 480
228 488
228 487
228 486
229 486
229 485
229 484
229 483
230 483
230 482
230 481
230 480
230 479
230 478
230 477
229 477
228 477
227 477
226 477
225 477
23 178
23 177
23 179
23 180
23 181
24 181
25 181
25 182
26 182
27 182
28 182
29 182
30 182
31 182
32 182
32 181
33 181
33 180
23 176
23 175
23 174
23 173
23 172
23 171
23 170
22 170
22 169
22 168
23 168
24 168
25 168
26 168
26 167
27 167
27 166
27 165
27 164
27 163
27 162
27 161
26 161
25 161
25 160
24 160
24 159
25 159
25 158
25 157
25 156
25 155
25 154
24 154
24 153
24 152
24 151
24 150
24 149
24 148
314 468
314 467
314 469
315 469
316 469
317 469
318 469
319 469
314 466
314 465
314 464
313 464
313 463
312 463
312 462
311 462
311 461
310 461
310 460
309 460
418 492
417 492
418 491
418 490
418 489
418 488
418 487
418 486
418 485
418 484
419 484
419 483
420 483
421 483
421 482
422 482
423 482
424 482
424 483
424 484
424 485
425 485
425 486
425 487
426 487
426 488
426 489
426 490
427 490
428 490
429 490
429 491
430 491
431 491
432 491
433 491
434 491
435 491
435 490
436 490
436 489
436 488
436 487
436 486
436 485
436 484
436 483
437 483
437 482
437 481
438 481
439 481
440 481
441 481
442 481
442 480
443 480
443 479
443 478
444 478
444 477
445 477
446 477
447 477
448 477
449 477
450 477
451 477
451 478
452 478
452 479
453 479
454 479
455 479
456 479
457 479
457 480
458 480
459 480
460 480
460 481
461 481
461 482
461 483
461 484
461 485
461 486
461 487
462 487
462 488
462 489
462 490
462 491
462 492
462 493
462 494
463 494
463 495
464 495
464 496
464 497
465 497
465 498
465 499
466 499
466 500
467 500
467 501
468 501
468 502
468 503
468 504
468 505
468 506
469 506
469 507
469 508
470 508
471 508
472 508
472 509
473 509
473 508
474 508
474 507
475 507
475 506
475 505
475 504
475 503
476 503
477 503
478 503
479 503
480 503
481 503
482 503
483 503
484 503
484 502
485 502
486 502
486 501
487 501
488 501
488 500
488 499
488 498
488 497
488 496
488 495
489 495
489 494
489 493
489 492
489 491
489 490
489 489
489 488
489 487
489 486
488 486
488 485
488 484
488 483
488 482
488 481
488 480
488 479
487 479
487 478
487 477
487 476
487 475
487 474
487 473
486 473
485 473
485 472
484 472
483 472
483 471
483 470
482 470
482 469
481 469
481 468
481 467
480 467
480 466
479 466
479 465
479 464
479 463
478 463
478 462
477 462
477 461
477 460
477 459
477 458
476 458
475 458
474 458
473 458
472 458
471 458
470 458
470 457
469 457
468 457
467 457
466 457
465 457
417 493
416 493
416 494
415 494
415 495
414 495
414 496
413 496
413 497
412 497
412 498
411 498
410 498
409 498
408 498
407 498
406 498
405 498
404 498
404 499
403 499
403 500
402 500
402 501
401 501
401 502
401 503
400 503
400 504
400 505
399 505
399 506
399 507
399 508
399 509
398 509
398 510
397 510
396 510
396 511
395 511
23 183
23 184
23 182
23 185
23 186
23 187
23 188
23 189
22 189
22 190
21 190
21 191
20 191
20 192
285 403
285 404
285 402
285 401
285 400
285 399
285 398
285 397
286 397
286 396
287 396
287 395
287 394
287 393
287 392
287 391
287 390
287 389
288 389
285 405
285 406
285 407
285 408
285 409
285 410
285 411
285 412
285 413
284 413
284 414
283 414
283 415
282 415
282 416
282 417
282 418
282 419
282 420
281 420
280 420
279 420
278 420
277 420
276 420
275 420
275 421
274 421
273 421
273 422
272 422
271 422
270 422
269 422
268 422
267 422
267 423
266 423
265 423
264 423
263 423
262 423
262 424
261 424
260 424
260 425
259 425
143 479
142 479
144 479
145 479
146 479
147 479
147 478
147 477
147 476
148 476
148 475
148 474
149 474
149 473
150 473
151 473
152 473
153 473
154 473
155 473
156 473
157 473
158 473
158 472
159 472
160 472
160 471
161 471
162 471
163 471
164 471
165 471
165 470
166 470
167 470
168 470
168 469
169 469
169 468
169 467
169 466
169 465
169 464
169 463
169 462
169 461
169 460
169 459
169 458
170 458
170 457
171 457
171 456
172 456
172 455
172 454
172 453
172 452
173 452
141 479
140 479
140 478
139 478
139 477
138 477
138 476
343 439
344 439
342 439
342 438
342 437
341 437
341 436
340 436
340 435
340 434
344 440
345 440
346 440
347 440
348 440
348 441
349 441
349 440
350 440
351 440
352 440
406 486
407 486
405 486
404 486
403 486
403 487
402 487
401 487
400 487
399 487
398 487
397 487
396 487
395 487
394 487
393 487
393 486
392 486
391 486
391 485
390 485
389 485
389 484
388 484
388 483
387 483
387 482
408 486
409 486
410 486
411 486
412 486
413 486
414 486
415 486
416 486
417 486
417 485
342 452
341 452
343 452
344 452
344 453
345 453
345 454
340 452
339 452
338 452
337 452
337 451
262 347
263 347
261 347
260 347
259 347
259 348
258 348
258 349
258 350
257 350
257 351
256 351
256 352
256 353
255 353
255 354
254 354
253 354
252 354
251 354
250 354
249 354
249 355
248 355
247 355
246 355
245 355
244 355
243 355
242 355
241 355
240 355
239 355
238 355
238 356
237 356
236 356
236 357
235 357
235 358
234 358
234 359
233 359
233 360
232 360
231 360
264 347
265 347
266 347
266 346
266 345
267 345
267 344
267 343
267 342
267 341
266 341
266 340
266 339
265 339
265 338
264 338
263 338
262 338
262 337
261 337
261 336
261 335
261 334
261 333
261 332
261 331
261 330
262 330
262 329
263 329
263 328
264 328
265 328
265 327
266 327
266 326
267 326
267 325
268 325
268 324
269 324
270 324
270 323
271 323
271 322
271 321
272 321
272 320
272 319
272 318
272 317
272 316
272 315
273 315
273 314
273 313
274 313
274 312
275 312
275 311
276 311
276 310
277 310
278 310
278 311
279 311
279 312
280 312
281 312
281 313
282 313
283 313
284 313
285 313
286 313
287 313
288 313
289 313
290 313
290 314
291 314
292 314
292 313
292 312
293 312
293 311
293 310
293 309
293 308
293 307
294 307
294 306
295 306
295 305
295 304
296 304
296 303
296 302
297 302
297 301
298 301
299 301
300 301
300 300
301 300
302 300
302 299
303 299
303 298
304 298
304 297
305 297
305 296
305 295
306 295
307 295
308 295
309 295
309 294
309 293
309 292
309 291
309 290
309 289
310 289
310 288
310 287
311 287
311 286
312 286
312 285
313 285
313 284
314 284
314 283
315 283
315 282
315 281
315 280
316 280
316 279
317 279
318 279
319 279
320 279
321 279
322 279
227 433
227 432
227 434
227 435
227 436
227 437
227 438
227 439
227 440
227 441
227 442
226 442
226 443
226 444
226 432
226 431
225 431
224 431
223 431
223 430
222 430
222 429
222 428
222 427
222 426
222 425
222 424
321 405
321 404
321 406
321 407
320 407
319 407
319 408
320 408
320 409
321 409
321 410
322 410
322 411
322 412
323 412
323 411
324 411
325 411
325 410
326 410
327 410
328 410
329 410
329 411
330 411
330 412
330 413
330 414
331 414
331 415
331 416
332 416
332 417
332 418
332 419
332 420
332 421
332 422
333 422
333 423
334 423
334 424
334 425
333 425
332 425
332 426
331 426
330 426
330 427
329 427
328 427
328 428
327 428
326 428
321 403
322 403
322 402
323 402
323 401
323 400
323 399
323 398
323 397
323 396
323 395
323 394
323 393
324 393
324 392
325 392
326 392
326 391
327 391
327 390
328 390
328 389
373 273
374 273
373 274
372 274
372 275
372 276
372 277
372 278
372 279
372 280
372 281
372 282
372 283
372 284
371 284
371 285
374 272
375 272
375 271
376 271
376 270
377 270
377 269
378 269
379 269
380 269
381 269
382 269
383 269
384 269
385 269
386 269
81 78
81 77
81 79
81 80
81 81
81 82
81 83
81 84
80 84
80 83
79 83
78 83
77 83
76 83
75 83
74 83
73 83
72 83
71 83
70 83
70 84
69 84
69 85
68 85
68 86
68 87
68 88
68 89
68 90
68 91
68 92
68 93
68 94
67 94
67 95
66 95
65 95
64 95
64 94
63 94
62 94
62 93
61 93
60 93
59 93
58 93
58 92
57 92
57 91
56 91
81 76
81 75
82 75
82 74
82 73
83 73
83 72
84 72
84 71
84 70
84 69
84 68
84 67
84 66
84 65
85 65
85 64
85 63
84 63
83 63
83 62
82 62
82 61
81 61
81 60
80 60
80 59
79 59
79 58
310 419
309 419
311 419
312 419
313 419
314 419
315 419
316 419
316 420
317 420
317 421
317 422
318 422
318 423
319 423
319 424
320 424
320 425
321 425
321 426
322 426
323 426
323 427
324 427
325 427
325 428
309 420
308 420
307 420
307 421
306 421
306 422
306 423
306 424
306 425
306 426
305 426
305 427
305 428
304 428
304 429
303 429
303 430
303 431
303 432
303 433
303 434
302 434
302 435
301 435
301 436
300 436
313 476
313 475
313 477
313 478
313 479
313 480
313 481
313 482
314 482
314 483
314 484
313 484
312 484
311 484
310 484
309 484
308 484
307 484
306 484
306 485
305 485
305 486
304 486
304 487
303 487
303 488
302 488
302 489
302 490
301 490
301 491
313 474
314 474
314 473
315 473
315 472
316 472
316 471
317 471
317 470
318 470
392 374
393 374
392 375
392 376
391 376
391 377
390 377
390 378
389 378
389 379
389 380
389 381
389 382
389 383
389 384
389 385
389 386
388 386
388 387
393 373
393 372
394 372
394 371
395 371
395 370
396 370
396 369
397 369
397 368
398 368
398 367
398 366
398 365
398 364
398 363
399 363
399 362
400 362
401 362
402 362
402 361
402 360
402 359
402 358
402 357
402 356
403 356
403 355
404 355
404 354
404 353
405 353
405 352
405 351
405 350
405 349
405 348
405 347
405 346
406 346
407 346
408 346
409 346
410 346
411 346
412 346
413 346
413 347
414 347
415 347
416 347
417 347
418 347
418 348
419 348
420 348
420 349
421 349
421 350
422 350
422 351
423 351
423 352
424 352
424 353
425 353
426 353
427 353
428 353
429 353
430 353
431 353
432 353
433 353
315 505
316 505
314 505
314 506
314 507
314 508
314 509
314 510
314 511
315 511
316 511
317 511
318 511
319 511
316 504
317 504
318 504
318 503
318 502
318 501
318 500
318 499
318 498
318 497
318 496
318 495
318 494
318 493
318 492
317 492
317 491
317 490
317 489
317 488
317 487
317 486
316 486
316 485
315 485
315 484
334 386
334 385
333 386
332 386
332 387
331 387
330 387
330 388
329 388
329 389
334 384
334 383
334 382
334 381
335 381
335 380
335 379
336 379
336 378
337 378
337 377
338 377
339 377
339 376
340 376
340 375
341 375
341 374
342 374
343 374
343 373
344 373
344 372
345 372
345 371
346 371
346 370
347 370
348 370
348 369
349 369
349 368
348 368
347 368
346 368
345 368
344 368
344 367
343 367
343 366
342 366
342 365
341 365
341 364
341 363
342 363
342 362
342 361
342 360
342 359
342 358
343 358
343 357
343 356
344 356
344 355
345 355
345 354
346 354
346 353
347 353
347 352
347 351
348 351
349 351
350 351
351 351
352 351
353 351
354 351
355 351
29 217
30 217
28 217
27 217
26 217
25 217
24 217
23 217
22 217
21 217
21 216
21 215
20 215
20 214
19 214
19 213
18 213
18 212
17 212
16 212
16 211
15 211
15 210
14 210
14 209
14 208
13 208
13 207
13 206
13 205
13 204
13 203
13 202
13 201
13 200
13 199
13 198
13 197
14 197
15 197
15 196
16 196
17 196
17 195
18 195
18 194
19 194
19 193
20 193
31 217
32 217
32 216
32 215
32 214
33 214
33 213
34 213
34 212
35 212
65 311
66 311
65 310
65 309
64 309
64 308
63 308
63 307
63 306
63 305
63 304
63 303
63 302
63 301
62 301
62 300
62 299
62 298
62 297
62 296
62 295
66 312
67 312
67 313
68 313
68 314
69 314
70 314
70 315
312 396
313 396
311 396
310 396
310 395
309 395
308 395
308 394
307 394
307 393
306 393
305 393
314 396
314 397
315 397
315 398
315 399
316 399
317 399
318 399
319 399
320 399
321 399
322 399
6 81
6 80
5 81
5 82
4 82
3 82
3 83
2 83
2 84
1 84
0 84
6 79
6 78
6 77
6 76
6 75
5 75
5 74
6 74
7 74
8 74
9 74
9 73
9 72
10 72
10 71
10 70
11 70
11 71
11 72
12 72
12 73
12 74
13 74
14 74
15 74
16 74
17 74
18 74
19 74
20 74
20 75
21 75
22 75
22 76
23 76
23 77
24 77
25 77
26 77
26 76
27 76
28 76
28 75
29 75
29 74
30 74
31 74
31 73
32 73
33 73
34 73
35 73
36 73
37 73
38 73
39 73
39 74
39 75
284 489
284 488
284 490
285 490
285 491
286 491
287 491
288 491
289 491
290 491
290 492
291 492
292 492
293 492
294 492
295 492
296 492
297 492
298 492
299 492
300 492
301 492
284 487
284 486
284 485
284 484
283 484
282 484
282 483
281 483
280 483
280 482
279 482
279 481
279 480
278 480
277 480
276 480
275 480
274 480
273 480
272 480
271 480
270 480
391 260
392 260
390 260
390 261
389 261
389 262
388 262
388 263
388 264
387 264
387 265
387 266
393 260
394 260
395 260
396 260
396 259
396 258
396 257
396 256
396 255
395 255
395 254
395 253
394 253
336 495
337 495
335 495
334 495
333 495
332 495
332 494
331 494
331 493
330 493
330 492
329 492
328 492
327 492
326 492
325 492
324 492
323 492
322 492
321 492
320 492
319 492
319 493
338 495
338 496
339 496
339 497
340 497
341 497
341 498
342 498
342 497
343 497
344 497
344 496
344 495
345 495
345 494
345 493
345 492
345 491
346 491
346 490
347 490
348 490
348 489
349 489
5 345
6 345
4 345
4 346
3 346
2 346
2 347
1 347
0 347
0 348
0 349
0 350
0 351
0 352
0 353
0 354
0 355
0 356
0 357
0 358
1 358
2 358
3 358
4 358
5 358
6 358
6 359
7 359
8 359
9 359
10 359
11 359
12 359
13 359
14 359
14 358
15 358
15 357
6 344
7 344
7 343
8 343
8 342
9 342
10 342
10 341
11 341
12 341
12 340
12 339
12 338
12 337
12 336
12 335
12 334
12 333
12 332
11 332
11 331
11 330
11 329
10 329
9 329
9 328
10 328
11 328
12 328
13 328
14 328
15 328
15 327
16 327
16 326
17 326
17 325
17 324
17 323
17 322
17 321
17 320
17 319
18 319
18 318
19 318
19 317
20 317
20 316
21 316
21 315
21 314
21 313
21 312
21 311
21 310
20 310
20 309
19 309
18 309
18 308
17 308
17 307
16 307
15 307
14 307
13 307
13 306
13 305
13 304
13 303
13 302
13 301
12 301
12 300
12 299
12 298
11 298
11 297
10 297
10 296
9 296
9 295
8 295
8 294
7 294
7 293
6 293
5 293
5 292
4 292
3 292
3 291
2 291
2 290
1 290
0 290
0 289
0 288
0 287
0 286
0 285
0 284
0 283
0 282
0 281
1 281
2 281
3 281
3 280
4 280
4 279
12 243
12 242
13 243
13 244
13 245
13 246
13 247
13 248
13 249
13 250
14 250
14 251
14 252
15 252
15 253
15 254
14 254
14 255
13 255
13 256
12 256
12 257
11 257
11 258
11 259
10 259
10 260
9 260
8 260
8 261
7 261
6 261
6 262
5 262
5 263
5 264
4 264
4 265
3 265
3 266
3 267
2 267
2 268
2 269
2 270
3 270
3 271
3 272
3 273
4 273
4 274
4 275
4 276
4 277
5 277
11 242
11 241
10 241
9 241
9 240
8 240
8 239
7 239
7 238
7 237
7 236
7 235
6 235
5 235
4 235
4 234
5 234
6 234
6 233
6 232
6 231
6 230
6 229
6 228
6 227
6 226
6 225
7 225
8 225
9 225
10 225
11 225
11 226
12 226
12 227
13 227
13 228
14 228
14 227
15 227
15 226
15 225
15 224
16 224
16 223
17 223
17 222
18 222
18 221
18 220
18 219
18 218
18 217
18 216
18 215
18 214
32 196
31 196
33 196
34 196
34 195
35 195
35 194
36 194
37 194
38 194
39 194
40 194
40 195
41 195
42 195
42 196
43 196
43 197
44 197
44 196
45 196
45 195
46 195
47 195
48 195
48 194
49 194
49 193
49 192
50 192
50 191
51 191
51 190
30 196
30 195
29 195
28 195
28 194
27 194
26 194
25 194
24 194
23 194
22 194
21 194
21 193
21 192
496 446
497 446
495 446
495 445
494 445
494 444
493 444
492 444
492 443
491 443
491 442
490 442
489 442
489 441
488 441
488 440
487 440
487 439
486 439
485 439
485 438
484 438
483 438
482 438
482 439
481 439
480 439
480 440
479 440
479 441
478 441
478 442
477 442
477 443
476 443
476 444
475 444
475 445
474 445
473 445
472 445
471 445
470 445
469 445
498 446
499 446
500 446
501 446
502 446
503 446
504 446
505 446
506 446
507 446
508 446
509 446
509 445
509 444
510 444
510 443
510 442
510 441
510 440
511 440
511 439
312 214
313 214
311 214
310 214
309 214
308 214
308 213
307 213
306 213
306 212
313 215
314 215
314 216
315 216
315 217
316 217
316 218
317 218
318 218
319 218
320 218
321 218
321 219
321 220
321 221
321 222
321 223
321 224
320 224
320 225
320 226
319 226
319 227
319 228
320 228
321 228
322 228
323 228
324 228
324 229
325 229
326 229
327 229
328 229
329 229
330 229
331 229
332 229
333 229
334 229
100 55
101 55
99 55
99 56
98 56
98 57
98 58
97 58
97 59
97 60
97 61
96 61
96 62
96 63
95 63
95 64
94 64
94 65
93 65
92 65
91 65
90 65
89 65
88 65
87 65
86 65
86 64
102 55
103 55
104 55
104 54
104 53
104 52
104 51
104 50
104 49
104 48
104 47
104 46
104 45
104 44
104 43
104 42
104 41
103 41
103 40
103 39
102 39
101 39
100 39
99 39
98 39
97 39
96 39
95 39
95 40
95 41
94 41
94 42
94 43
93 43
92 43
91 43
90 43
89 43
88 43
87 43
86 43
85 43
81 9
81 10
81 8
81 7
81 6
81 5
81 4
80 4
80 3
80 2
79 2
79 1
79 0
78 0
77 0
76 0
75 0
74 0
73 0
72 0
71 0
70 0
69 0
69 1
68 1
68 2
67 2
67 3
66 3
66 4
66 5
65 5
65 6
65 7
65 8
65 9
65 10
65 11
64 11
64 10
63 10
63 9
63 8
63 7
62 7
62 6
61 6
61 5
60 5
59 5
59 4
58 4
58 3
57 3
57 2
56 2
55 2
54 2
53 2
52 2
51 2
50 2
50 1
49 1
49 0
48 0
81 11
81 12
82 12
83 12
84 12
85 12
86 12
87 12
88 12
89 12
89 13
90 13
91 13
92 13
92 14
93 14
93 15
94 15
94 16
95 16
95 17
96 17
96 18
96 19
97 19
98 19
98 20
99 20
100 20
100 21
101 21
101 22
102 22
102 23
102 24
102 25
102 26
102 27
102 28
102 29
102 30
102 31
103 31
104 31
105 31
106 31
106 32
106 33
105 33
105 34
105 35
105 36
105 37
105 38
105 39
105 40
104 40
132 274
132 275
131 274
131 273
131 272
130 272
130 271
129 271
128 271
127 271
126 271
125 271
124 271
123 271
123 270
122 270
122 269
122 268
121 268
121 267
120 267
120 266
119 266
119 265
118 265
118 264
118 263
117 263
116 263
116 264
115 264
115 265
114 265
114 266
114 267
114 268
113 268
113 269
113 270
112 270
112 271
111 271
111 272
111 273
111 274
111 275
111 276
111 277
110 277
110 276
109 276
109 275
109 274
108 274
107 274
106 274
105 274
104 274
104 273
103 273
103 272
102 272
102 271
101 271
100 271
100 270
99 270
99 269
98 269
97 269
96 269
96 270
95 270
94 270
93 270
93 271
93 272
92 272
92 273
91 273
91 274
90 274
90 275
89 275
88 275
88 276
87 276
87 277
86 277
85 277
84 277
84 278
83 278
82 278
81 278
80 278
79 278
78 278
78 279
77 279
77 280
76 280
76 279
75 279
74 279
73 279
72 279
71 279
70 279
70 278
69 278
68 278
67 278
66 278
65 278
64 278
63 278
62 278
61 278
61 279
60 279
60 280
60 281
60 282
60 283
60 284
59 284
132 276
132 277
132 278
132 279
132 280
132 281
133 281
134 281
135 281
136 281
137 281
138 281
139 281
140 281
140 282
141 282
141 283
142 283
143 283
143 284
144 284
145 284
145 285
146 285
146 286
147 286
148 286
149 286
149 287
150 287
150 288
151 288
152 288
152 289
152 290
153 290
153 291
154 291
154 292
188 263
189 263
187 263
186 263
185 263
184 263
183 263
182 263
181 263
180 263
180 262
179 262
179 261
178 261
177 261
177 260
177 259
176 259
176 258
176 257
176 256
176 255
175 255
174 255
173 255
172 255
172 256
171 256
171 257
170 257
170 258
170 259
170 260
170 261
170 262
170 263
170 264
170 265
169 265
168 265
167 265
166 265
165 265
165 266
164 266
164 267
164 268
165 268
166 268
166 269
166 270
166 271
166 272
167 272
167 273
166 273
166 274
166 275
165 275
165 276
164 276
164 277
163 277
162 277
162 278
161 278
160 278
159 278
158 278
157 278
156 278
155 278
154 278
153 278
152 278
151 278
151 279
150 279
150 280
150 281
149 281
149 282
148 282
148 283
147 283
147 284
146 284
189 262
190 262
191 262
192 262
193 262
194 262
195 262
195 261
196 261
196 260
196 259
197 259
197 258
198 258
199 258
199 257
200 257
201 257
201 256
202 256
202 255
203 255
203 254
204 254
205 254
205 253
206 253
206 252
206 251
206 250
206 249
206 248
206 247
206 246
206 245
205 245
204 245
203 245
202 245
201 245
201 246
200 246
199 246
198 246
198 247
88 489
88 488
88 490
88 491
88 492
89 492
90 492
91 492
92 492
93 492
93 493
93 494
93 495
93 496
94 496
94 497
95 497
95 498
95 499
95 500
95 501
95 502
95 503
96 503
97 503
97 504
98 504
99 504
100 504
101 504
101 505
102 505
103 505
104 505
105 505
106 505
106 506
107 506
108 506
108 507
109 507
109 508
110 508
110 509
110 510
111 510
111 511
112 511
112 510
113 510
114 510
115 510
115 509
116 509
116 508
117 508
117 507
117 506
118 506
119 506
119 505
120 505
120 504
121 504
122 504
122 503
123 503
123 502
124 502
124 501
125 501
125 500
126 500
126 499
127 499
127 498
128 498
129 498
130 498
131 498
131 497
131 496
131 495
131 494
131 493
131 492
131 491
132 491
132 490
132 489
133 489
133 488
134 488
134 487
135 487
135 486
135 485
136 485
136 484
137 484
137 483
137 482
137 481
138 481
138 480
138 479
138 478
88 487
88 486
88 485
88 484
88 483
87 483
87 482
87 481
86 481
137 321
137 320
137 322
137 323
138 323
138 324
138 325
138 326
138 327
137 327
137 328
137 329
137 330
137 331
137 332
137 333
137 334
137 335
136 335
136 336
136 337
136 338
136 339
136 340
137 340
137 341
137 319
137 318
137 317
136 317
136 316
136 315
135 315
135 314
135 313
135 312
135 311
135 310
135 309
135 308
135 307
135 306
135 305
135 304
135 303
136 303
137 303
138 303
139 303
140 303
140 302
140 301
140 300
140 299
141 299
141 298
142 298
142 297
143 297
143 296
143 295
143 294
143 293
143 292
143 291
143 290
144 290
144 289
144 288
144 287
144 286
144 285
202 138
203 138
201 138
200 138
199 138
199 139
199 140
199 141
199 142
199 143
199 144
199 145
200 145
201 145
202 145
203 145
203 146
204 146
205 146
206 146
207 146
208 146
209 146
210 146
211 146
212 146
212 147
211 147
211 148
210 148
210 149
209 149
209 150
209 151
209 152
209 153
209 154
208 154
208 155
208 156
208 157
208 158
208 159
208 160
208 161
208 162
207 162
207 163
206 163
206 164
205 164
204 164
204 165
203 165
202 165
201 165
200 165
200 164
199 164
198 164
198 163
197 163
196 163
196 162
195 162
194 162
193 162
192 162
191 162
191 161
190 161
190 160
189 160
189 159
188 159
187 159
186 159
185 159
184 159
183 159
182 159
181 159
181 158
180 158
180 157
179 157
179 156
178 156
178 155
177 155
177 154
176 154
176 153
175 153
174 153
173 153
172 153
171 153
170 153
169 153
168 153
168 154
168 155
168 156
168 157
168 158
168 159
168 160
169 160
169 161
204 138
205 138
205 137
206 137
207 137
207 136
208 136
208 135
209 135
210 135
210 134
211 134
212 134
213 134
214 134
215 134
216 134
216 133
217 133
217 132
218 132
218 131
218 130
218 129
219 129
219 128
220 128
220 127
221 127
222 127
223 127
224 127
224 126
225 126
225 125
226 125
226 124
226 123
226 122
226 121
226 120
226 119
226 118
226 117
226 116
227 116
228 116
228 115
229 115
229 114
230 114
231 114
231 113
230 113
229 113
228 113
227 113
226 113
225 113
224 113
224 112
223 112
223 111
222 111
222 110
221 110
221 109
220 109
220 108
219 108
218 108
218 107
217 107
216 107
215 107
214 107
213 107
212 107
212 108
211 108
211 107
210 107
209 107
208 107
207 107
206 107
205 107
205 108
204 108
204 109
204 110
204 111
204 112
204 113
203 113
202 113
202 114
201 114
201 115
200 115
199 115
199 116
198 116
198 115
197 115
197 114
196 114
196 113
195 113
195 114
194 114
194 115
193 115
192 115
192 116
191 116
190 116
189 116
188 116
187 116
186 116
186 117
185 117
185 118
184 118
56 460
56 459
57 460
57 461
58 461
59 461
59 462
60 462
61 462
62 462
62 461
63 461
63 460
63 459
63 458
64 458
64 457
65 457
66 457
67 457
67 458
68 458
68 459
69 459
69 460
70 460
70 461
71 461
71 462
72 462
72 463
72 464
73 464
73 465
73 466
73 467
73 468
73 469
73 470
73 471
72 471
72 472
72 473
72 474
72 475
72 476
72 477
72 478
73 478
73 479
74 479
75 479
76 479
76 478
77 478
78 478
79 478
80 478
81 478
82 478
83 478
84 478
84 479
85 479
85 480
86 480
55 459
55 458
54 458
54 457
53 457
52 457
51 457
51 456
50 456
49 456
48 456
48 457
47 457
46 457
45 457
44 457
43 457
42 457
42 458
247 318
248 318
247 317
246 317
245 317
245 316
244 316
244 315
243 315
242 315
241 315
241 316
240 316
240 317
239 317
239 318
238 318
237 318
237 319
236 319
236 320
235 320
235 321
234 321
234 322
233 322
232 322
231 322
230 322
230 323
229 323
229 324
228 324
228 325
228 326
228 327
228 328
228 329
228 330
228 331
228 332
228 333
228 334
228 335
228 336
228 337
229 337
229 338
230 338
230 339
230 340
231 340
231 341
231 342
232 342
232 343
233 343
233 344
234 344
234 345
234 346
234 347
234 348
234 349
234 350
234 351
234 352
234 353
234 354
234 355
234 356
235 356
248 319
249 319
249 320
249 321
250 321
250 322
251 322
252 322
252 323
253 323
253 324
254 324
254 325
255 325
255 326
256 326
256 327
257 327
258 327
259 327
260 327
260 328
261 328
261 329
107 354
106 354
108 354
109 354
110 354
111 354
112 354
113 354
114 354
114 355
115 355
115 356
106 353
106 352
105 352
105 351
105 350
105 349
105 348
105 347
105 346
106 346
106 345
106 344
106 343
106 342
107 342
107 341
107 340
108 340
108 339
108 338
109 338
109 337
110 337
110 336
111 336
111 335
112 335
112 334
113 334
113 333
114 333
114 332
115 332
115 331
116 331
116 330
115 330
114 330
113 330
112 330
111 330
110 330
109 330
108 330
107 330
107 329
107 328
106 328
106 327
105 327
105 326
104 326
103 326
103 325
102 325
101 325
100 325
100 324
99 324
99 323
98 323
98 322
97 322
97 321
97 320
97 319
97 318
97 317
97 316
96 316
95 316
94 316
94 317
93 317
92 317
91 317
91 318
90 318
89 318
88 318
87 318
87 319
86 319
86 320
85 320
85 321
84 321
83 321
83 322
82 322
81 322
81 323
80 323
79 323
78 323
77 323
76 323
75 323
74 323
73 323
72 323
72 322
72 321
72 320
72 319
72 318
72 317
72 316
71 316
71 315
160 346
161 346
160 345
159 345
158 345
157 345
156 345
155 345
154 345
153 345
152 345
152 344
152 343
151 343
151 342
150 342
150 341
149 341
148 341
147 341
147 340
146 340
146 339
145 339
144 339
143 339
142 339
141 339
140 339
139 339
139 340
138 340
138 341
161 347
161 348
162 348
162 349
163 349
163 350
164 350
164 351
165 351
166 351
167 351
168 351
168 352
168 353
168 354
168 355
168 356
169 356
170 356
170 357
171 357
171 358
172 358
172 359
173 359
173 360
173 361
174 361
174 362
174 363
175 363
175 364
176 364
176 365
177 365
177 366
178 366
179 366
180 366
181 366
182 366
183 366
183 367
183 368
183 369
184 369
184 368
185 368
186 368
187 368
188 368
189 368
189 367
189 366
189 365
189 364
190 364
191 364
192 364
193 364
194 364
195 364
196 364
197 364
197 365
197 366
197 367
197 368
197 369
198 369
198 370
199 370
199 371
199 372
199 373
199 374
200 374
200 375
201 375
202 375
203 375
204 375
205 375
206 375
207 375
208 375
209 375
210 375
210 374
209 374
209 373
209 372
209 371
209 370
210 370
210 369
211 369
212 369
213 369
214 369
215 369
216 369
96 195
96 194
95 195
95 196
95 197
94 197
94 198
93 198
92 198
91 198
91 199
90 199
89 199
89 200
88 200
88 201
89 201
89 202
89 203
89 204
89 205
89 206
89 207
89 208
88 208
88 209
88 210
87 210
87 211
87 212
86 212
86 213
86 214
85 214
85 215
84 215
84 216
83 216
82 216
81 216
80 216
79 216
79 215
78 215
77 215
76 215
76 216
75 216
74 216
74 217
74 218
74 219
74 220
74 221
73 221
73 222
73 223
72 223
72 224
72 225
72 226
71 226
71 227
70 227
69 227
68 227
68 228
68 229
67 229
67 230
67 231
68 231
68 232
68 233
69 233
69 234
69 235
70 235
70 236
70 237
70 238
70 239
71 239
71 240
71 241
71 242
71 243
71 244
71 245
71 246
71 247
71 248
70 248
70 249
70 250
70 251
70 252
70 253
70 254
70 255
71 255
71 256
71 257
71 258
71 259
71 260
71 261
71 262
72 262
72 263
72 264
73 264
73 265
74 265
74 266
75 266
75 267
75 268
76 268
76 269
76 270
76 271
76 272
77 272
77 273
77 274
77 275
77 276
77 277
77 278
96 193
96 192
96 191
96 190
96 189
97 189
98 189
98 190
99 190
100 190
100 191
101 191
102 191
103 191
103 192
104 192
105 192
105 193
106 193
163 211
163 210
163 212
164 212
165 212
166 212
166 213
167 213
167 214
166 214
165 214
164 214
163 214
162 214
162 215
161 215
160 215
159 215
158 215
158 216
158 217
158 218
158 219
158 220
158 221
158 222
158 223
157 223
156 223
156 224
155 224
155 225
155 226
155 227
155 228
154 228
154 229
153 229
152 229
151 229
150 229
149 229
148 229
148 230
147 230
147 231
147 232
146 232
146 233
146 234
146 235
145 235
144 235
143 235
142 235
141 235
140 235
140 234
139 234
139 233
138 233
138 232
137 232
137 231
137 230
136 230
136 229
135 229
134 229
134 230
133 230
132 230
131 230
130 230
129 230
128 230
128 229
128 228
128 227
127 227
127 226
126 226
125 226
124 226
123 226
122 226
121 226
120 226
120 227
119 227
118 227
118 228
117 228
116 228
115 228
114 228
113 228
112 228
111 228
110 228
109 228
108 228
107 228
107 229
106 229
105 229
104 229
103 229
102 229
101 229
100 229
99 229
99 230
99 231
99 232
99 233
99 234
99 235
99 236
99 237
99 238
98 238
97 238
96 238
95 238
94 238
93 238
92 238
91 238
90 238
89 238
89 239
88 239
88 240
88 241
88 242
88 243
88 244
89 244
89 245
89 246
89 247
89 248
90 248
91 248
91 249
92 249
92 250
92 251
92 252
92 253
92 254
92 255
91 255
91 254
91 253
90 253
89 253
88 253
87 253
86 253
85 253
84 253
83 253
82 253
81 253
80 253
79 253
78 253
77 253
77 252
76 252
75 252
75 251
74 251
74 250
73 250
72 250
71 250
163 209
162 209
162 208
161 208
161 207
160 207
160 206
159 206
158 206
158 205
157 205
157 204
156 204
156 203
156 202
155 202
155 201
154 201
154 200
153 200
152 200
151 200
151 199
150 199
149 199
149 198
148 198
148 197
147 197
147 196
148 196
148 195
149 195
149 194
149 193
150 193
150 192
150 191
150 190
151 190
151 189
151 188
151 187
151 186
151 185
151 184
151 183
152 183
152 182
152 181
152 180
153 180
153 179
154 179
154 178
154 177
155 177
155 176
155 175
156 175
156 174
157 174
157 173
158 173
158 172
157 172
157 171
157 170
157 169
157 168
156 168
156 167
156 166
155 166
155 165
155 164
155 163
155 162
155 161
155 160
156 160
156 159
157 159
158 159
158 158
159 158
159 157
160 157
160 156
161 156
162 156
162 155
163 155
164 155
164 154
165 154
166 154
167 154
167 153
106 488
107 488
105 488
104 488
103 488
102 488
101 488
100 488
99 488
99 489
98 489
98 490
97 490
97 491
97 492
97 493
97 494
97 495
97 496
96 496
95 496
108 488
109 488
110 488
111 488
112 488
113 488
113 489
114 489
114 490
115 490
115 491
116 491
438 296
439 296
437 296
436 296
435 296
435 295
434 295
434 294
433 294
433 293
433 292
432 292
432 291
431 291
431 292
431 293
431 294
431 295
431 296
431 297
431 298
431 299
431 300
431 301
430 301
430 302
429 302
429 303
428 303
428 304
427 304
427 305
426 305
425 305
424 305
423 305
422 305
422 306
440 296
441 296
442 296
443 296
444 296
444 297
445 297
198 269
198 268
198 270
198 271
199 271
199 272
199 273
199 274
199 275
199 276
199 277
199 278
200 278
198 267
198 266
198 265
198 264
198 263
197 263
197 262
196 262
422 36
422 37
422 35
422 34
422 33
422 32
422 31
422 30
422 29
422 28
421 28
420 28
420 27
419 27
418 27
418 26
417 26
416 26
415 26
414 26
413 26
412 26
411 26
410 26
409 26
409 27
408 27
407 27
406 27
405 27
405 28
405 29
405 30
405 31
405 32
405 33
405 34
405 35
405 36
405 37
404 37
404 38
403 38
403 39
402 39
402 40
401 40
400 40
400 41
399 41
399 42
398 42
397 42
397 43
396 43
395 43
394 43
393 43
392 43
391 43
390 43
390 44
389 44
389 45
388 45
388 46
387 46
387 47
386 47
386 48
385 48
385 49
384 49
383 49
383 50
382 50
381 50
380 50
380 51
380 52
380 53
380 54
380 55
380 56
380 57
380 58
380 59
380 60
379 60
379 61
378 61
377 61
376 61
375 61
375 62
374 62
373 62
372 62
371 62
370 62
369 62
369 63
368 63
368 64
369 64
369 65
370 65
370 66
370 67
371 67
371 68
371 69
371 70
371 71
371 72
372 72
372 73
422 38
422 39
422 40
423 40
423 41
423 42
423 43
424 43
424 44
425 44
425 45
426 45
427 45
428 45
428 46
429 46
429 47
428 47
428 48
428 49
427 49
427 50
427 51
427 52
427 53
427 54
427 55
426 55
426 56
426 57
425 57
425 58
425 59
424 59
424 60
424 61
424 62
423 62
423 63
422 63
422 64
422 65
421 65
421 66
421 67
421 68
421 69
422 69
422 70
422 71
422 72
422 73
422 74
422 75
422 76
422 77
423 77
423 78
423 79
423 80
423 81
423 82
423 83
423 84
423 85
422 85
422 86
421 86
420 86
419 86
418 86
418 87
419 87
419 88
420 88
420 89
420 90
420 91
420 92
420 93
420 94
420 95
419 95
418 95
418 96
417 96
416 96
415 96
415 97
414 97
414 98
413 98
412 98
412 99
412 100
412 101
412 102
412 103
412 104
412 105
412 106
412 107
411 107
411 108
410 108
410 109
409 109
409 110
408 110
407 110
406 110
405 110
404 110
403 110
402 110
402 111
403 111
404 111
404 112
405 112
405 113
406 113
406 114
406 115
263 82
262 82
264 82
264 81
265 81
265 80
265 79
265 78
266 78
266 77
267 77
267 76
267 75
268 75
268 74
269 74
269 73
270 73
270 72
271 72
271 71
271 70
272 70
273 70
273 69
274 69
275 69
276 69
277 69
278 69
279 69
279 68
279 67
279 66
279 65
279 64
278 64
278 63
277 63
277 62
277 61
276 61
276 60
275 60
275 59
276 59
276 58
277 58
277 57
277 56
278 56
278 55
278 54
277 54
276 54
276 53
275 53
274 53
273 53
272 53
271 53
270 53
269 53
268 53
267 53
266 53
265 53
264 53
263 53
262 53
261 53
260 53
260 52
259 52
259 51
258 51
258 50
258 49
257 49
257 48
257 47
262 83
261 83
261 84
260 84
260 85
259 85
259 86
259 87
258 87
257 87
256 87
255 87
254 87
254 88
253 88
253 89
252 89
252 90
251 90
251 91
250 91
250 92
249 92
249 93
248 93
248 94
248 95
248 96
247 96
247 97
247 98
247 99
247 100
247 101
247 102
247 103
247 104
246 104
245 104
244 104
243 104
243 105
242 105
241 105
240 105
239 105
238 105
237 105
236 105
235 105
235 104
234 104
234 105
234 106
234 107
234 108
234 109
234 110
234 111
233 111
233 112
232 112
232 113
101 399
102 399
100 399
99 399
99 398
98 398
97 398
97 397
96 397
95 397
94 397
94 398
93 398
92 398
92 399
91 399
90 399
90 400
90 401
90 402
90 403
90 404
89 404
88 404
87 404
86 404
86 405
85 405
85 406
84 406
83 406
83 407
82 407
81 407
81 408
81 409
81 410
81 411
81 412
81 413
81 414
81 415
81 416
81 417
81 418
81 419
81 420
80 420
80 421
80 422
79 422
79 423
79 424
79 425
79 426
79 427
79 428
79 429
80 429
80 430
81 430
81 431
81 432
81 433
81 434
81 435
81 436
80 436
80 437
79 437
79 438
78 438
78 439
77 439
77 440
77 441
77 442
77 443
77 444
77 445
76 445
76 446
75 446
74 446
74 447
73 447
72 447
72 448
71 448
70 448
70 449
70 450
69 450
69 451
69 452
69 453
69 454
68 454
68 455
67 455
67 456
66 456
103 399
104 399
105 399
106 399
107 399
108 399
109 399
110 399
110 398
111 398
111 397
112 397
113 397
114 397
115 397
116 397
117 397
117 398
118 398
118 397
118 396
118 395
119 395
120 395
121 395
122 395
123 395
124 395
125 395
125 394
126 394
127 394
127 393
128 393
129 393
129 392
130 392
130 391
131 391
131 390
131 389
132 389
132 388
132 387
133 387
133 386
133 385
133 384
133 383
132 383
132 382
131 382
131 381
131 380
130 380
130 379
130 378
130 377
130 376
130 375
130 374
130 373
131 373
132 373
133 373
134 373
134 374
135 374
136 374
137 374
138 374
139 374
140 374
140 375
141 375
141 374
142 374
142 373
143 373
143 372
143 371
143 370
143 369
142 369
142 368
142 367
142 366
142 365
142 364
141 364
141 363
142 363
142 362
142 361
142 360
143 360
143 359
142 359
142 358
141 358
141 357
140 357
139 357
139 356
138 356
137 356
136 356
136 355
135 355
135 354
135 353
135 352
135 351
135 350
135 349
135 348
135 347
135 346
135 345
135 344
135 343
135 342
136 342
137 342
11 13
11 12
11 14
11 15
12 15
12 16
12 17
12 18
13 18
13 19
14 19
15 19
15 20
16 20
16 21
16 22
16 23
16 24
16 25
16 26
16 27
17 27
17 28
18 28
18 29
19 29
19 30
20 30
21 30
21 31
22 31
22 32
23 32
23 33
24 33
24 34
25 34
26 34
26 35
27 35
28 35
29 35
30 35
30 36
30 37
30 38
30 39
30 40
30 41
31 41
31 42
32 42
32 43
33 43
34 43
34 44
35 44
35 45
36 45
36 44
37 44
37 43
37 42
37 41
37 40
38 40
38 39
38 38
39 38
39 37
40 37
40 36
41 36
42 36
43 36
44 36
44 37
45 37
46 37
47 37
47 38
48 38
48 39
48 40
48 41
48 42
48 43
48 44
49 44
50 44
50 45
51 45
51 46
52 46
53 46
54 46
55 46
56 46
11 11
10 11
10 10
9 10
9 9
8 9
8 8
7 8
7 7
6 7
6 6
252 45
251 45
253 45
254 45
255 45
255 46
256 46
256 47
251 44
250 44
249 44
249 43
248 43
247 43
247 44
246 44
245 44
245 45
244 45
244 46
243 46
242 46
242 47
241 47
241 48
240 48
240 49
239 49
239 50
238 50
238 51
238 52
238 53
238 54
238 55
238 56
238 57
238 58
237 58
237 59
237 60
236 60
236 61
235 61
234 61
234 62
233 62
232 62
232 63
231 63
231 64
231 65
231 66
231 67
230 67
230 68
229 68
229 69
228 69
228 70
228 71
228 72
228 73
228 74
227 74
227 75
226 75
226 76
226 77
226 78
225 78
225 79
224 79
223 79
222 79
221 79
221 80
220 80
220 81
220 82
220 83
219 83
219 84
219 85
219 86
218 86
218 87
217 87
217 88
216 88
216 89
215 89
215 90
215 91
215 92
215 93
215 94
215 95
215 96
215 97
215 98
215 99
214 99
214 100
213 100
213 101
213 102
213 103
213 104
213 105
213 106
248 39
248 38
248 40
248 41
248 42
248 37
248 36
248 35
248 34
248 33
247 33
247 32
246 32
246 31
245 31
245 30
244 30
244 29
243 29
242 29
242 28
122 433
122 432
122 434
122 435
122 436
123 436
123 437
124 437
124 438
124 439
125 439
125 440
125 441
126 441
126 442
126 443
127 443
128 443
129 443
130 443
131 443
132 443
132 444
132 445
132 446
132 447
133 447
133 448
133 449
134 449
135 449
136 449
137 449
138 449
139 449
139 448
139 447
139 446
139 445
139 444
140 444
140 443
141 443
141 442
142 442
142 443
143 443
143 444
144 444
144 445
144 446
145 446
145 447
145 448
146 448
146 449
147 449
147 450
148 450
148 451
148 452
148 453
148 454
148 455
148 456
148 457
147 457
147 458
148 458
148 459
148 460
148 461
149 461
150 461
151 461
152 461
153 461
154 461
155 461
156 461
157 461
158 461
158 462
158 463
159 463
159 464
159 465
160 465
160 466
161 466
161 467
162 467
163 467
164 467
165 467
165 468
166 468
166 469
167 469
122 431
122 430
122 429
122 428
122 427
122 426
121 426
121 425
121 424
120 424
120 423
120 422
121 422
121 421
122 421
123 421
123 420
123 419
123 418
123 417
123 416
123 415
123 414
123 413
123 412
123 411
124 411
124 410
123 410
123 409
122 409
122 408
122 407
122 406
122 405
121 405
121 404
121 403
120 403
120 402
120 401
119 401
119 400
119 399
118 399
66 153
67 153
65 153
64 153
63 153
63 152
63 151
63 150
62 150
61 150
60 150
59 150
59 151
58 151
58 152
58 153
57 153
57 154
56 154
56 155
56 156
55 156
55 157
55 158
54 158
54 159
54 160
53 160
52 160
51 160
50 160
49 160
48 160
48 159
48 158
47 158
47 157
46 157
68 153
69 153
69 154
70 154
70 155
71 155
71 156
72 156
254 188
254 187
254 189
253 189
253 190
252 190
252 191
251 191
250 191
249 191
249 192
248 192
247 192
247 193
246 193
245 193
245 194
244 194
243 194
242 194
241 194
241 195
240 195
240 196
240 197
240 198
240 199
240 200
240 201
240 202
240 203
240 204
240 205
240 206
240 207
240 208
240 209
239 209
238 209
237 209
236 209
236 210
235 210
235 211
236 211
236 212
237 212
238 212
239 212
239 213
239 214
240 214
240 215
240 216
240 217
240 218
240 219
239 219
239 220
239 221
239 222
239 223
239 224
239 225
239 226
239 227
238 227
237 227
237 228
237 229
237 230
237 231
237 232
237 233
237 234
236 234
236 235
236 236
236 237
235 237
235 238
234 238
233 238
232 238
231 238
230 238
229 238
228 238
228 237
227 237
226 237
226 236
225 236
224 236
224 235
223 235
222 235
221 235
221 234
220 234
220 233
219 233
219 232
218 232
218 231
217 231
216 231
215 231
214 231
213 231
212 231
212 232
212 233
212 234
212 235
212 236
212 237
212 238
212 239
212 240
212 241
211 241
211 242
210 242
209 242
209 243
208 243
207 243
206 243
205 243
204 243
204 244
203 244
255 187
255 186
256 186
257 186
258 186
259 186
260 186
261 186
262 186
263 186
264 186
265 186
266 186
266 187
267 187
268 187
269 187
270 187
271 187
272 187
273 187
274 187
274 186
128 122
129 122
127 122
126 122
126 121
125 121
125 120
124 120
124 119
124 118
124 117
124 116
124 115
124 114
124 113
123 113
122 113
122 112
121 112
120 112
119 112
118 112
118 111
117 111
116 111
115 111
114 111
114 110
114 109
113 109
113 108
113 107
113 106
112 106
112 105
112 104
112 103
112 102
113 102
113 101
114 101
115 101
116 101
117 101
118 101
119 101
120 101
120 100
121 100
121 99
122 99
122 98
123 98
123 97
123 96
123 95
123 94
123 93
123 92
123 91
123 90
122 90
122 89
121 89
121 88
120 88
120 87
119 87
119 86
118 86
117 86
116 86
115 86
114 86
113 86
112 86
111 86
110 86
109 86
108 86
107 86
106 86
106 87
105 87
105 88
105 89
105 90
105 91
105 92
105 93
105 94
105 95
105 96
105 97
104 97
103 97
102 97
101 97
100 97
99 97
99 96
98 96
98 95
97 95
96 95
95 95
94 95
93 95
92 95
91 95
90 95
89 95
89 96
88 96
88 97
87 97
87 98
86 98
85 98
85 99
84 99
83 99
82 99
82 100
81 100
80 100
80 101
79 101
78 101
78 102
77 102
76 102
76 103
76 104
75 104
75 105
74 105
74 106
73 106
72 106
71 106
70 106
69 106
68 106
67 106
66 106
65 106
64 106
63 106
63 105
62 105
61 105
61 104
60 104
59 104
59 103
58 103
58 102
57 102
57 101
56 101
56 100
55 100
54 100
130 122
131 122
132 122
133 122
134 122
135 122
136 122
137 122
138 122
139 122
140 122
141 122
142 122
142 121
143 121
143 120
144 120
144 119
145 119
146 119
146 118
147 118
148 118
149 118
150 118
151 118
152 118
152 119
153 119
153 120
153 121
153 122
153 123
154 123
154 124
155 124
155 125
156 125
157 125
158 125
159 125
160 125
161 125
162 125
163 125
163 126
164 126
165 126
165 125
166 125
166 124
166 123
167 123
167 122
168 122
169 122
170 122
170 121
171 121
172 121
173 121
174 121
175 121
176 121
177 121
177 120
178 120
179 120
180 120
181 120
182 120
183 120
183 119
184 119
306 91
307 91
305 91
304 91
304 92
303 92
303 93
302 93
302 94
301 94
301 95
300 95
300 96
299 96
299 97
299 98
299 99
299 100
299 101
298 101
298 102
297 102
297 103
296 103
296 104
295 104
295 105
295 106
295 107
294 107
294 108
294 109
294 110
294 111
294 112
293 112
293 113
293 114
292 114
292 115
292 116
292 117
292 118
292 119
292 120
291 120
291 121
290 121
290 122
289 122
288 122
287 122
286 122
285 122
285 121
284 121
284 120
283 120
283 119
282 119
281 119
281 118
280 118
279 118
278 118
277 118
276 118
275 118
274 118
273 118
272 118
271 118
270 118
269 118
268 118
267 118
266 118
266 119
266 120
265 120
265 121
264 121
264 122
264 123
264 124
263 124
263 125
263 126
262 126
262 127
261 127
261 128
260 128
260 129
259 129
259 130
259 131
258 131
257 131
256 131
255 131
254 131
253 131
252 131
251 131
251 132
250 132
250 133
249 133
249 134
249 135
248 135
248 136
248 137
248 138
248 139
249 139
249 140
249 141
250 141
250 142
251 142
252 142
253 142
254 142
254 143
253 143
253 144
252 144
251 144
251 145
251 146
251 147
251 148
251 149
251 150
250 150
250 151
250 152
249 152
249 153
249 154
249 155
249 156
249 157
249 158
249 159
249 160
248 160
247 160
246 160
245 160
244 160
243 160
242 160
241 160
241 159
240 159
239 159
239 158
238 158
238 157
237 157
237 156
236 156
236 157
235 157
235 158
234 158
234 159
233 159
233 160
232 160
232 161
231 161
231 162
230 162
229 162
228 162
228 161
227 161
226 161
226 160
225 160
224 160
224 159
223 159
222 159
221 159
220 159
220 158
219 158
219 159
218 159
217 159
217 160
216 160
215 160
214 160
213 160
212 160
212 161
211 161
210 161
209 161
209 162
308 91
309 91
310 91
311 91
312 91
313 91
314 91
315 91
316 91
316 90
317 90
318 90
319 90
320 90
321 90
322 90
323 90
323 89
324 89
324 88
324 87
325 87
325 86
325 85
326 85
326 84
327 84
328 84
329 84
330 84
331 84
331 85
332 85
333 85
334 85
334 84
334 83
335 83
335 82
335 81
336 81
336 80
337 80
337 79
338 79
338 78
339 78
339 77
340 77
340 78
341 78
342 78
342 79
343 79
344 79
345 79
345 80
345 81
345 82
345 83
345 84
345 85
345 86
345 87
346 87
346 88
347 88
347 89
347 90
347 91
347 92
348 92
348 91
348 90
348 89
348 88
349 88
350 88
351 88
352 88
352 87
353 87
354 87
354 86
355 86
355 85
355 84
356 84
357 84
358 84
359 84
359 83
360 83
360 82
360 81
361 81
361 80
361 79
361 78
362 78
362 77
362 76
362 75
363 75
363 74
364 74
365 74
365 73
366 73
367 73
368 73
369 73
370 73
371 73
125 84
125 85
125 83
125 82
125 81
125 80
125 79
126 79
126 78
127 78
127 77
127 76
128 76
128 75
128 74
129 74
129 73
128 73
128 72
127 72
127 71
127 70
127 69
127 68
127 67
127 66
127 65
125 86
125 87
125 88
124 88
124 89
123 89
