312 483
312 484
312 482
312 481
312 480
312 479
312 478
312 477
312 476
312 475
312 474
312 473
311 473
311 474
310 474
309 474
308 474
307 474
306 474
305 474
304 474
303 474
302 474
301 474
301 475
312 485
312 486
311 486
311 487
311 488
310 488
309 488
308 488
307 488
307 489
306 489
306 490
305 490
305 491
304 491
303 491
303 492
303 493
303 494
303 495
303 496
303 497
303 498
303 499
302 499
301 499
300 499
299 499
299 500
299 501
299 502
298 502
297 502
296 502
296 503
295 503
294 503
294 504
294 505
293 505
292 505
291 505
291 506
291 507
291 508
291 509
290 509
289 509
288 509
287 509
286 509
285 509
284 509
283 509
282 509
281 509
280 509
279 509
278 509
277 509
276 509
275 509
274 509
273 509
272 509
271 509
270 509
269 509
268 509
268 508
268 507
267 507
266 507
265 507
264 507
264 506
263 506
262 506
262 505
262 504
262 503
262 502
261 502
260 502
260 501
260 500
259 500
259 499
259 498
259 497
259 496
259 495
259 494
259 493
259 492
259 491
259 490
259 489
259 488
259 487
259 486
259 485
259 484
259 483
259 482
259 481
259 480
259 479
259 478
259 477
259 476
259 475
259 474
259 473
259 472
259 471
259 470
259 469
259 468
259 467
259 466
259 465
259 464
259 463
259 462
259 461
259 460
259 459
259 458
259 457
259 456
258 456
258 455
258 454
258 453
258 452
258 451
258 450
258 449
258 448
258 447
258 446
258 445
258 444
258 443
258 442
258 441
258 440
258 439
258 438
258 437
258 436
258 435
258 434
258 433
257 433
257 432
256 432
256 431
255 431
255 430
254 430
254 429
254 428
253 428
253 427
253 426
253 425
253 424
253 423
253 422
253 421
253 420
253 419
253 418
253 417
253 416
253 415
253 414
253 413
253 412
253 411
253 410
253 409
253 408
253 407
253 406
253 405
253 404
253 403
253 402
253 401
253 400
253 399
253 398
253 397
253 396
253 395
253 394
253 393
253 392
253 391
253 390
253 389
253 388
253 387
253 386
253 385
253 384
253 383
253 382
253 381
253 380
253 379
253 378
253 377
253 376
253 375
253 374
253 373
253 372
253 371
253 370
253 369
253 368
253 367
253 366
253 365
253 364
253 363
253 362
253 361
253 360
253 359
253 358
253 357
253 356
253 355
253 354
253 353
253 352
253 351
252 351
252 350
252 349
252 348
252 347
252 346
251 346
250 346
250 347
250 348
250 349
250 350
249 350
248 350
247 350
246 350
246 351
246 352
245 352
244 352
243 352
242 352
241 352
240 352
239 352
238 352
237 352
236 352
235 352
234 352
233 352
232 352
232 351
232 350
232 349
232 348
232 347
232 346
232 345
232 344
232 343
232 342
232 341
232 340
232 339
232 338
232 337
232 336
232 335
232 334
232 333
232 332
232 331
232 330
232 329
232 328
232 327
232 326
232 325
232 324
232 323
232 322
232 321
232 320
232 319
232 318
232 317
232 316
232 315
232 314
232 313
232 312
232 311
232 310
232 309
232 308
232 307
232 306
232 305
232 304
232 303
232 302
232 301
232 300
232 299
232 298
232 297
232 296
232 295
232 294
232 293
232 292
232 291
232 290
232 289
232 288
232 287
232 286
232 285
232 284
232 283
232 282
232 281
232 280
232 279
232 278
232 277
232 276
232 275
232 274
232 273
232 272
232 271
232 270
232 269
232 268
232 267
232 266
232 265
232 264
232 263
232 262
232 261
232 260
232 259
232 258
232 257
232 256
232 255
232 254
232 253
232 252
232 251
232 250
232 249
232 248
232 247
232 246
232 245
232 244
232 243
232 242
232 241
232 240
232 239
232 238
232 237
232 236
232 235
232 234
232 233
232 232
232 231
232 230
232 229
232 228
232 227
232 226
232 225
232 224
232 223
232 222
232 221
232 220
232 219
232 218
232 217
232 216
232 215
232 214
232 213
232 212
232 211
232 210
232 209
232 208
232 207
232 206
232 205
232 204
232 203
232 202
232 201
232 200
232 199
232 198
232 197
232 196
232 195
232 194
232 193
232 192
232 191
232 190
232 189
232 188
232 187
232 186
232 185
232 184
232 183
232 182
232 181
232 180
232 179
232 178
232 177
232 176
232 175
232 174
232 173
232 172
232 171
232 170
232 169
232 168
232 167
232 166
232 165
232 164
232 163
232 162
232 161
232 160
232 159
232 158
232 157
232 156
232 155
232 154
232 153
232 152
232 151
232 150
232 149
232 148
232 147
232 146
232 145
232 144
232 143
232 142
232 141
232 140
232 139
232 138
232 137
232 136
232 135
232 134
232 133
232 132
232 131
232 130
232 129
232 128
232 127
232 126
232 125
232 124
232 123
232 122
232 121
232 120
232 119
232 118
232 117
232 116
232 115
232 114
232 113
232 112
232 111
232 110
232 109
232 108
232 107
232 106
232 105
232 104
232 103
232 102
232 101
232 100
232 99
232 98
232 97
232 96
232 95
232 94
232 93
232 92
232 91
232 90
232 89
232 88
232 87
232 86
232 85
232 84
232 83
232 82
232 81
232 80
232 79
232 78
232 77
232 76
232 75
232 74
232 73
232 72
232 71
232 70
232 69
232 68
232 67
232 66
232 65
232 64
232 63
232 62
232 61
232 60
232 59
232 58
232 57
232 56
231 56
230 56
229 56
228 56
227 56
226 56
225 56
224 56
223 56
222 56
221 56
220 56
220 55
220 54
220 53
220 52
219 52
218 52
217 52
216 52
216 51
216 50
216 49
216 48
216 47
216 46
216 45
216 44
216 43
216 42
216 41
216 40
215 40
214 40
213 40
212 40
211 40
210 40
209 40
208 40
207 40
206 40
205 40
204 40
203 40
202 40
201 40
200 40
200 39
200 38
200 37
200 36
199 36
198 36
197 36
196 36
195 36
194 36
193 36
192 36
191 36
190 36
189 36
188 36
188 35
188 34
188 33
188 32
188 31
188 30
187 30
186 30
185 30
184 30
184 29
184 28
183 28
182 28
181 28
180 28
180 27
180 26
179 26
178 26
177 26
176 26
175 26
174 26
173 26
172 26
171 26
170 26
169 26
168 26
167 26
166 26
165 26
164 26
163 26
162 26
161 26
160 26
159 26
158 26
158 25
158 24
158 23
158 22
158 21
158 20
158 19
158 18
158 17
158 16
158 15
158 14
159 14
160 14
161 14
162 14
163 14
164 14
165 14
166 14
167 14
168 14
168 13
168 12
168 11
168 10
168 9
168 8
168 7
168 6
168 5
168 4
168 3
168 2
168 1
168 0
167 0
166 0
165 0
164 0
163 0
162 0
161 0
160 0
159 0
158 0
157 0
156 0
155 0
154 0
153 0
152 0
151 0
150 0
149 0
148 0
147 0
146 0
145 0
144 0
143 0
142 0
141 0
140 0
139 0
138 0
137 0
136 0
136 1
136 2
136 3
136 4
136 5
136 6
136 7
136 8
136 9
136 10
136 11
136 12
136 13
136 14
136 15
136 16
136 17
136 18
136 19
136 20
136 21
136 22
136 23
136 24
136 25
136 26
136 27
136 28
136 29
136 30
136 31
136 32
136 33
136 34
136 35
136 36
136 37
136 38
136 39
136 40
136 41
136 42
136 43
136 44
136 45
136 46
136 47
136 48
136 49
136 50
136 51
136 52
136 53
136 54
136 55
136 56
136 57
136 58
136 59
136 60
136 61
136 62
136 63
136 64
136 65
136 66
136 67
136 68
136 69
136 70
136 71
136 72
136 73
136 74
136 75
136 76
136 77
136 78
136 79
136 80
136 81
136 82
136 83
136 84
136 85
136 86
136 87
136 88
136 89
136 90
136 91
136 92
136 93
136 94
136 95
136 96
136 97
136 98
136 99
136 100
136 101
136 102
136 103
136 104
136 105
136 106
136 107
136 108
136 109
136 110
136 111
136 112
136 113
136 114
136 115
136 116
136 117
136 118
136 119
136 120
136 121
136 122
136 123
136 124
136 125
136 126
136 127
136 128
136 129
136 130
136 131
136 132
136 133
136 134
136 135
136 136
136 137
136 138
136 139
136 140
136 141
136 142
136 143
136 144
136 145
136 146
136 147
136 148
136 149
136 150
136 151
136 152
136 153
136 154
136 155
136 156
136 157
136 158
136 159
136 160
136 161
136 162
136 163
136 164
136 165
136 166
136 167
136 168
136 169
136 170
136 171
136 172
136 173
136 174
136 175
136 176
136 177
136 178
136 179
136 180
136 181
136 182
136 183
136 184
136 185
136 186
136 187
136 188
136 189
136 190
136 191
136 192
136 193
136 194
136 195
136 196
136 197
136 198
136 199
136 200
136 201
136 202
136 203
136 204
136 205
136 206
136 207
136 208
136 209
136 210
136 211
136 212
136 213
136 214
136 215
136 216
136 217
136 218
136 219
136 220
136 221
136 222
136 223
136 224
136 225
136 226
136 227
136 228
136 229
136 230
136 231
136 232
136 233
136 234
136 235
136 236
136 237
136 238
136 239
136 240
136 241
136 242
136 243
136 244
136 245
136 246
136 247
136 248
135 248
134 248
133 248
132 248
131 248
130 248
129 248
128 248
127 248
126 248
125 248
124 248
123 248
122 248
121 248
120 248
119 248
118 248
117 248
116 248
115 248
114 248
113 248
112 248
111 248
110 248
109 248
108 248
107 248
106 248
105 248
104 248
103 248
102 248
101 248
100 248
99 248
98 248
97 248
96 248
95 248
94 248
93 248
92 248
91 248
90 248
89 248
88 248
87 248
86 248
85 248
84 248
83 248
82 248
81 248
80 248
79 248
78 248
77 248
76 248
75 248
74 248
73 248
72 248
71 248
70 248
69 248
68 248
67 248
66 248
65 248
64 248
63 248
62 248
61 248
60 248
59 248
58 248
57 248
56 248
55 248
54 248
53 248
52 248
51 248
50 248
49 248
48 248
47 248
46 248
45 248
44 248
43 248
42 248
41 248
40 248
39 248
38 248
37 248
36 248
35 248
34 248
33 248
32 248
31 248
30 248
29 248
28 248
27 248
26 248
25 248
24 248
24 247
24 246
24 245
24 244
24 243
24 242
24 241
24 240
24 239
24 238
24 237
24 236
24 235
24 234
24 233
24 232
23 232
22 232
21 232
20 232
19 232
18 232
17 232
16 232
15 232
14 232
13 232
12 232
11 232
10 232
9 232
8 232
8 231
8 230
8 229
8 228
8 227
8 226
8 225
8 224
8 223
8 222
8 221
8 220
8 219
8 218
8 217
8 216
8 215
8 214
8 213
8 212
8 211
8 210
8 209
8 208
8 207
8 206
8 205
8 204
8 203
8 202
8 201
8 200
8 199
8 198
8 197
8 196
8 195
8 194
8 193
8 192
8 191
8 190
8 189
8 188
8 187
8 186
8 185
8 184
8 183
8 182
8 181
8 180
8 179
8 178
8 177
8 176
8 175
8 174
8 173
8 172
8 171
8 170
8 169
8 168
8 167
8 166
8 165
8 164
8 163
8 162
8 161
8 160
8 159
8 158
8 157
8 156
8 155
8 154
8 153
8 152
8 151
8 150
8 149
8 148
8 147
8 146
8 145
8 144
8 143
8 142
8 141
8 140
8 139
8 138
8 137
8 136
8 135
8 134
8 133
8 132
8 131
8 130
8 129
8 128
8 127
8 126
8 125
8 124
8 123
8 122
8 121
8 120
8 119
8 118
8 117
8 116
8 115
8 114
8 113
8 112
8 111
8 110
8 109
8 108
8 107
8 106
8 105
8 104
8 103
8 102
8 101
8 100
8 99
8 98
8 97
8 96
8 95
8 94
8 93
8 92
8 91
8 90
8 89
8 88
8 87
8 86
8 85
8 84
8 83
8 82
8 81
8 80
8 79
8 78
8 77
8 76
8 75
8 74
8 73
8 72
8 71
8 70
8 69
8 68
7 68
7 67
7 66
7 65
7 64
6 64
5 64
5 63
5 62
5 61
5 60
4 60
3 60
2 60
1 60
0 60
0 59
0 58
0 57
0 56
0 55
0 54
0 53
0 52
0 51
0 50
0 49
0 48
0 47
0 46
0 45
0 44
0 43
0 42
0 41
0 40
0 39
0 38
0 37
0 36
0 35
0 34
0 33
0 32
0 31
0 30
0 29
0 28
0 27
0 26
0 25
0 24
0 23
0 22
0 21
0 20
0 19
0 18
0 17
0 16
0 15
0 14
0 13
0 12
0 11
0 10
0 9
0 8
0 7
0 6
0 5
0 4
0 3
0 2
0 1
0 0
1 0
2 0
3 0
4 0
5 0
6 0
7 0
8 0
9 0
10 0
11 0
12 0
13 0
14 0
15 0
16 0
17 0
18 0
19 0
20 0
21 0
22 0
23 0
24 0
24 1
24 2
24 3
24 4
24 5
24 6
24 7
24 8
24 9
24 10
24 11
24 12
24 13
24 14
24 15
24 16
24 17
24 18
24 19
24 20
24 21
24 22
24 23
24 24
25 24
25 25
25 26
25 27
25 28
25 29
25 30
25 31
25 32
25 33
25 34
25 35
25 36
25 37
25 38
25 39
25 40
25 41
25 42
25 43
25 44
25 45
25 46
25 47
25 48
25 49
25 50
25 51
25 52
25 53
25 54
25 55
25 56
25 57
25 58
25 59
25 60
25 61
25 62
25 63
25 64
25 65
25 66
25 67
25 68
25 69
25 70
25 71
25 72
25 73
25 74
25 75
25 76
25 77
25 78
25 79
25 80
25 81
25 82
25 83
25 84
26 84
26 85
26 86
26 87
26 88
26 89
26 90
26 91
26 92
27 92
28 92
29 92
30 92
31 92
32 92
33 92
34 92
35 92
36 92
37 92
38 92
39 92
40 92
40 91
41 91
42 91
43 91
44 91
45 91
46 91
47 91
48 91
49 91
50 91
50 90
51 90
52 90
53 90
54 90
54 91
55 91
56 91
57 91
58 91
59 91
60 91
61 91
62 91
63 91
64 91
64 92
65 92
66 92
66 91
66 90
67 90
67 89
68 89
69 89
69 88
70 88
71 88
71 87
72 87
73 87
73 86
74 86
75 86
75 85
76 85
76 84
77 84
78 84
78 83
79 83
79 82
79 81
80 81
81 81
81 82
82 82
83 82
84 82
85 82
86 82
86 81
86 80
86 79
86 78
86 77
87 77
87 76
88 76
88 75
89 75
89 74
90 74
90 73
91 73
