6 5 4 3 2 0 1 133 134 135 136 137 138 139 140 141 142 143 144 145 146 147 148 149 150 151 152 153 154 155 156 157 158 159 160 
6 7 8 9 10 11 12 13 14 15 16 17 18 19 20 21 22 23 24 25 26 27 28 29 30 31 32 33 34 35 36 37 38 39 40 41 42 43 44 45 46 47 48 49 50 51 52 53 54 55 56 57 58 59 60 61 62 63 64 65 66 67 68 69 70 71 72 73 74 75 76 77 78 79 80 81 82 83 84 85 86 87 88 89 90 91 92 93 94 95 96 97 98 99 100 101 102 103 104 
6 487 486 485 484 483 482 481 
104 105 106 107 108 109 110 111 112 113 114 115 116 117 118 119 120 121 122 123 124 125 126 127 128 129 130 131 132 187 186 185 184 183 182 181 180 179 178 177 176 175 174 173 172 171 170 169 168 167 166 165 163 164 188 189 190 191 192 193 194 195 196 
104 1473 1472 1471 1470 1469 1468 1467 1466 1465 1464 1463 1462 1461 1460 1459 1458 1457 1456 1455 1454 1453 1452 1451 1450 1449 1448 1447 1446 1445 1444 1442 1443 1474 1475 1476 1477 1478 1479 1480 1481 1482 1483 1484 1485 1486 1487 1488 1489 1490 1491 1492 1493 1494 1495 1496 1497 1498 1499 1500 1501 1502 1503 1504 1505 1506 1507 1508 1509 1510 1511 1512 1513 1514 1515 1298 
160 161 162 
160 1538 1537 1536 1535 1534 1533 1532 1531 1530 1529 1528 1527 1526 1525 1524 1523 1522 1521 1520 1519 1518 1516 1517 1539 1540 1541 1542 1543 1544 1545 1546 1547 1548 1549 1550 1551 1552 1553 1554 1555 1556 1557 1558 1559 1560 1561 1562 1563 1564 1565 481 
196 197 198 199 200 201 202 203 204 205 206 207 208 209 210 211 212 213 214 215 216 217 218 219 220 221 222 223 224 225 226 227 228 229 230 231 232 233 234 235 236 237 238 239 240 241 242 243 244 245 246 247 248 249 250 251 252 253 254 255 256 257 258 259 260 261 262 263 264 265 266 267 268 269 270 271 272 273 274 275 276 277 278 
196 1261 1260 1259 1258 1257 1256 1255 1254 1253 1252 1251 1250 1249 1248 1247 1246 1245 1244 1243 1242 1241 1240 1238 1239 1262 1263 1264 1265 1266 1267 1268 1269 1270 1271 1272 1273 1274 1275 1276 1277 1278 1279 1280 1281 1282 1283 1284 1285 1286 1287 1288 1289 1290 1291 1292 1293 1294 1295 1296 1297 1298 
278 279 280 281 282 283 284 285 286 287 288 289 290 291 292 293 294 295 296 297 298 299 300 301 302 303 304 305 306 307 308 309 310 311 312 313 314 
278 754 753 752 751 750 749 748 747 746 745 744 743 742 741 740 739 738 737 736 735 734 733 732 731 730 729 728 727 726 725 724 723 722 721 720 719 718 717 716 715 714 713 712 711 710 709 708 707 706 705 704 703 702 701 700 699 698 697 696 695 694 693 692 691 690 689 688 687 686 685 684 683 682 681 680 679 678 677 676 675 674 673 672 671 655 654 656 657 658 659 660 661 662 663 664 665 666 667 668 669 670 
314 315 316 317 318 319 320 321 322 323 324 325 326 327 328 329 330 331 332 333 334 335 336 337 338 339 340 341 342 343 344 345 346 347 348 349 350 351 352 353 354 355 356 357 358 359 360 361 362 363 364 365 366 367 368 369 370 371 372 373 374 375 376 377 378 379 380 381 382 383 384 385 386 387 388 389 390 391 392 393 394 395 396 397 398 399 
314 1175 1174 1173 1172 1171 1170 1169 1168 1167 1166 1165 1164 1163 1162 1161 1160 1159 1158 1157 1156 1155 1154 1153 1152 1151 1150 1149 1148 1147 1146 1145 1144 1143 1142 1141 1140 1139 1138 1137 1136 1135 1134 1133 1132 1131 1130 1129 1128 1127 1126 1125 1124 1123 1122 1121 1120 1119 1118 1117 1116 1115 1114 1113 1112 
399 400 401 402 403 404 405 406 407 408 409 410 411 412 
399 1858 1857 1856 1855 1854 1853 1852 1851 1850 1849 1848 1847 1846 1845 1844 1843 1842 1841 1840 1839 1838 1837 1836 1835 1834 1833 1832 1831 
412 413 414 415 416 417 418 419 420 421 422 423 424 425 426 427 428 429 430 431 432 433 434 435 436 437 438 439 440 441 442 443 444 445 446 447 448 
412 5034 5033 5032 5031 5030 5029 5028 5027 5026 5025 5024 5023 5022 5021 5020 5019 5018 5017 5016 5015 5014 5013 5012 5011 5010 5009 5008 5007 5006 5005 5004 5003 5002 5001 5000 4999 4998 4996 4997 5035 5036 5037 5038 5039 5040 5041 5042 5043 5044 5045 5046 5047 5048 3868 
448 449 450 451 452 453 454 455 456 457 458 459 460 461 462 463 464 465 466 467 468 469 470 471 472 473 474 475 476 477 478 479 480 481 
448 3857 3856 3855 3854 3853 3852 3851 3850 3849 3848 3847 3846 3845 3844 3843 3842 3841 3840 3839 3838 3837 3836 3835 3834 3833 3832 3831 3830 3829 3828 3827 3826 3825 3824 3823 3822 3821 3820 3819 3818 3817 3816 3815 3814 3813 3812 3811 3810 3809 3808 3807 3806 3805 3804 3803 3802 3801 3800 3799 3798 3797 3796 3795 3794 3793 3792 3791 3790 3789 3787 3788 3858 3859 3860 3861 3862 3863 3864 3865 3866 3867 3868 
495 494 493 492 491 490 488 489 582 583 584 585 586 587 588 589 590 591 592 593 594 595 596 597 598 
495 496 
495 2948 2947 2946 2945 2944 2943 2942 2941 2940 2939 2938 2937 2936 2935 2934 2933 2932 
496 497 498 499 500 501 502 503 504 505 506 507 508 509 510 511 512 513 514 515 516 517 518 519 520 521 522 523 524 525 526 527 528 529 530 531 532 533 534 535 536 537 538 539 540 541 
496 915 914 913 912 911 910 909 859 858 860 861 862 863 864 865 866 867 868 869 870 871 872 873 874 875 876 877 878 879 880 881 882 883 
541 542 543 544 545 546 547 548 549 550 551 552 553 554 555 556 557 558 559 560 561 562 563 564 565 566 567 568 569 570 571 572 573 574 575 576 577 578 579 580 
541 974 973 972 971 970 969 968 967 966 965 964 963 962 961 960 959 958 957 956 955 954 953 952 951 950 949 948 947 946 945 944 943 942 941 940 939 938 937 936 
580 581 
580 2494 2493 2492 2491 2490 2489 2488 2487 2486 2485 2484 2483 
581 829 828 827 826 825 824 823 822 
581 857 856 855 854 853 852 851 850 849 848 847 846 845 844 843 842 841 840 839 838 837 836 835 834 833 832 831 830 756 755 757 758 759 760 761 762 763 764 765 766 767 768 769 770 771 772 773 774 775 776 777 778 779 780 781 782 783 784 785 
598 599 600 601 602 603 604 605 606 607 608 609 610 611 612 613 614 615 616 617 618 619 620 621 622 623 624 625 626 627 628 629 630 631 632 633 634 635 636 637 638 639 640 641 642 643 644 645 646 647 648 649 650 651 652 
598 908 907 906 905 904 903 902 901 900 899 898 897 896 895 894 893 892 891 890 889 888 887 886 885 884 883 
652 653 
652 2987 2986 2985 2984 2983 2982 2981 2980 2979 2978 2977 2976 2975 2974 2973 2972 2971 2970 2969 2968 2967 2966 2965 2964 2963 2962 2961 2960 2959 2958 2957 2956 2955 2954 2953 2952 2951 2949 2950 2988 2989 2990 2991 2992 2993 2994 2995 2996 2997 2998 2999 3000 3001 3002 3003 3004 3005 3006 3007 3008 3009 3010 3011 3012 3013 3014 2328 
653 2443 
653 12734 12733 12732 12731 12730 12729 12728 12727 12726 12725 12724 12723 12722 12721 12720 12719 12718 12717 12716 12715 12714 12713 12712 12711 12710 12709 12652 12651 12653 12654 12655 12656 12657 12658 12659 12660 12661 12662 12663 12664 12665 12666 12667 12668 12669 12670 12671 12672 12673 12674 12675 12676 12677 12678 12679 12680 12681 12682 12683 12684 12685 12686 12687 12688 12689 12690 12691 12692 12693 12694 12695 12696 12697 12698 12699 12700 12701 12702 12703 12704 12705 12706 12707 12708 2443 
670 1441 1440 1439 1438 1437 1436 1435 1434 1433 1432 1431 1430 1429 1428 1427 1426 1425 1424 1423 1422 1421 1420 1419 1418 1417 1416 1415 1414 1413 1412 1411 1410 1409 1408 1407 1406 1405 1404 1403 1402 1401 1400 1399 1398 1397 1396 1395 1394 1393 1392 1391 1390 1389 1388 1387 1386 1385 1384 1383 1382 1381 1380 1379 1378 1377 1376 1375 1374 1373 1372 1371 1370 1369 1368 1367 1366 1365 1364 1363 1362 1361 1360 1359 1358 1357 1356 1355 1354 1353 1352 1351 1350 1349 1348 1347 1346 1345 
670 4042 4041 4040 4039 4038 4037 4036 4035 4034 4033 4032 4031 4030 4029 4028 4027 4026 4025 4024 4023 4022 4021 4020 4019 4018 4017 4016 4015 4014 4013 4012 4011 4010 4009 4008 4007 4006 4005 4004 4003 4002 4001 4000 3999 3998 3997 3996 3995 3994 3993 3992 3991 3990 3989 3988 3987 3986 3985 3984 3983 3982 3981 3980 3979 3978 3977 3976 3975 3974 3973 3972 3971 3970 3969 3968 3967 3966 3965 3964 3963 3962 3961 3960 3959 3958 3957 3956 3955 3954 3953 3952 3951 3950 3949 3948 3947 3946 3945 3944 3943 3942 
785 786 787 788 789 790 791 792 793 794 795 796 797 798 799 800 801 802 803 804 805 806 807 808 809 810 811 812 813 814 815 816 817 818 819 820 821 822 
785 2287 2286 2285 2284 2283 2282 2281 2280 2279 2278 2277 2276 2275 2274 2273 2272 2271 2270 2269 2268 2267 2266 2265 2264 2263 2262 
822 1010 1009 1008 1007 1006 1005 1004 1003 1002 1001 1000 999 998 997 996 995 994 993 992 991 990 989 988 987 986 985 984 983 982 981 980 979 978 977 976 975 917 916 918 919 920 921 922 923 
883 2382 2381 2380 2379 2378 2377 2376 2375 2374 2373 2372 2371 2370 2369 2368 2367 2366 2365 2364 2363 2362 2361 2360 2359 2358 2357 2356 2355 2354 2353 2352 
923 924 925 926 927 928 929 930 931 932 933 934 935 936 
923 1638 1637 1636 1635 1634 1633 1632 1631 1630 1629 1628 1627 1626 1625 1624 1623 1622 1621 1620 1619 1618 1617 1616 1615 1614 1613 1612 1611 1567 1566 1568 1569 1570 1571 1572 1573 1574 1575 1576 1577 1578 1579 1580 1581 1582 1583 1584 1585 1586 1587 1588 1589 1590 1591 1592 1593 1594 1595 1596 1597 1598 1599 1600 1601 1602 1603 1604 1605 1606 1607 1608 1609 1610 1024 
936 5597 5596 5595 5594 5593 5592 5591 5590 5589 5588 5587 5586 5585 5584 5583 5582 5581 5580 5579 5578 5577 5576 5575 5574 5573 5572 5571 5570 5569 5568 5567 5566 5565 5564 5563 5562 5561 5560 5559 5558 5557 5556 5555 5554 
1024 1023 1022 1021 1020 1019 1018 1017 1016 1015 1014 1013 1011 1012 1176 1177 1178 1179 1180 1181 1182 1183 1184 1185 1186 
1024 1025 1026 1027 1028 1029 1030 1031 1032 1033 1034 1035 1036 1037 1038 1039 1040 1041 1042 1043 1044 1045 1046 1047 1048 1049 1050 1051 1052 1053 1054 1055 1056 1057 1058 1059 1060 1061 1062 1063 1064 1065 1066 1067 1068 1069 1070 1071 1072 1073 1074 1075 1076 1077 1078 1079 1080 1081 1082 1083 1084 1085 1086 1087 1088 1089 1090 1091 1092 1093 1094 1095 1096 1097 1098 1099 1100 1101 1102 1103 1104 1105 1106 1107 1108 1109 1110 1111 1112 
1112 1237 1236 1235 1234 1233 1232 1231 1230 1229 1228 1227 
1186 1187 1188 1189 1190 1191 1192 1193 1194 1195 1196 1197 1198 1199 1200 1201 1202 1203 1204 1205 1206 1207 1208 1209 1210 1211 1212 1213 1214 1215 1216 1217 1218 1219 1220 1221 1222 1223 1224 1225 1226 1227 
1186 2236 2235 2234 2233 2232 2231 2230 2229 2228 2227 2226 2225 2224 2223 2222 2221 2220 2219 2218 2217 2216 2215 2214 2213 2212 2211 2210 2208 2209 2237 2238 2239 2240 2241 2242 2243 2244 2245 2246 2247 2248 2249 2250 2251 2252 2253 2254 2255 2256 2257 2258 2259 2260 2261 2262 
1227 4442 4441 4440 4439 4438 4437 4436 4435 4434 4433 4432 4431 4430 4429 4428 4427 4426 4425 4424 4423 4422 4421 4420 4419 4418 4417 4416 4415 4414 4413 4412 4411 4410 4409 4408 4407 4406 4405 4404 4403 4402 4401 4400 4399 4398 4397 4396 
1298 1299 1300 1301 1302 1303 1304 1305 1306 1307 1308 1309 1310 1311 1312 1313 1314 1315 1316 1317 1318 1319 1320 1321 1322 
1322 1323 1324 1325 1326 1327 1328 1329 1330 1331 1332 1333 1334 1335 1336 1337 1338 1339 1340 1341 1342 1343 1344 1345 
1322 13231 13230 13229 13228 13227 13226 13225 13224 13223 13222 13221 13220 13219 13218 13217 13216 13215 13214 13213 13212 13211 13210 13209 13208 13207 13206 13205 13204 13203 13202 13201 13200 13199 13198 13197 13196 13195 13194 13193 13192 13191 13190 13189 13188 13187 13186 13185 13184 13183 13182 13181 13180 13179 13178 13177 13176 13175 13174 13173 13172 13171 13170 13169 13168 13167 13166 13165 13164 13163 13162 13161 13160 13159 13158 13157 13156 13155 13154 13153 13152 13151 13150 13149 13148 13147 13146 13145 13144 13143 13142 13141 13140 13139 13138 13137 13136 13135 13134 13133 13132 13131 13130 13129 13128 13127 13126 13125 13124 13123 13122 13121 13120 13119 13118 13117 13116 13115 13114 13113 13112 13111 13110 13109 13108 13107 13106 13105 13104 13103 13102 13101 13100 13099 13098 13097 13096 13095 13094 13093 13092 13091 13090 13089 13088 13087 13086 13085 13084 13083 13082 13080 13081 13232 13233 13234 13235 13236 13237 13238 13239 13240 13241 13242 13243 13244 13245 13246 13247 13248 13249 13250 13251 13252 13253 13254 13255 13256 13257 13258 13259 13260 13261 13262 13263 13264 13265 13266 13267 13268 13269 13270 13271 13272 13273 13274 13275 13276 13277 13278 13279 13280 13281 13282 13283 13284 13285 13286 13287 13288 13289 13290 13291 13292 13293 13294 13295 13296 13297 13298 13299 13300 12560 
1345 4178 4177 4176 4175 4174 4173 4172 4171 4170 4169 4168 4167 4166 4165 4164 4163 4162 4161 4160 4159 4158 4157 4156 4155 4154 4153 4152 4151 4150 4149 4148 4147 4146 4145 4144 4143 4142 4141 4140 4139 4138 4137 4136 4135 4134 4133 4132 4131 4130 4128 4129 4179 4180 4181 4182 4183 4184 4185 4186 4187 4188 4189 
1695 1694 1693 1692 1691 1690 1689 1688 1687 1686 1685 1684 1683 1682 1640 1639 1641 1642 1643 1644 1645 1646 1647 1648 1649 1650 1651 1652 1653 1654 1655 1656 1657 1658 1659 1660 1661 1662 1663 1664 1665 1666 1667 1668 1669 1670 1671 1672 1673 1674 1675 1676 1677 1678 1679 1680 1681 3202 3201 3200 3199 3198 3197 3196 3195 3194 3192 3193 3203 3204 3205 3206 3207 3208 3209 3210 3211 3212 3213 3214 3215 3216 3217 3218 3219 3220 3221 3222 3223 3224 3225 3226 3227 3228 3229 3230 3231 3232 3233 3234 3235 3236 3237 3238 3239 3240 3241 1744 
1695 1696 1697 1698 1699 1700 1701 1702 1703 1704 1705 1706 1707 1708 1709 1710 1711 
1695 2761 2760 2759 2758 2757 2756 2755 2754 2744 2743 2745 2746 2747 2748 2749 2750 2751 2752 2753 2207 2206 2205 2204 2203 2202 2201 2200 2199 2198 2197 2196 2195 2194 2193 2192 2191 2190 2189 2188 2187 2186 2185 2184 2183 2182 2181 2180 2179 2092 2091 2093 2094 2095 2096 2097 2098 2099 2100 2101 2102 2103 2104 2105 2106 2107 2108 2109 2110 2111 2112 2113 2114 2115 2116 2117 2118 2119 2120 2121 2122 2123 
1711 1712 1713 1714 1715 1716 1717 1718 1719 1720 1721 1722 1723 1724 1725 1726 1727 1728 1729 1730 1731 1732 1733 1734 1735 1736 1737 1738 1739 1740 1741 1742 1743 1744 
1711 4509 4508 4507 4506 4505 4504 4503 4502 4501 4500 4499 4498 4497 4496 4495 4494 4493 4492 4491 4490 4489 4488 4487 4486 4485 4484 4483 4482 4481 4480 4479 4478 4477 4476 4475 4474 4473 4472 4471 4470 4469 4468 4467 4466 4465 4464 4463 4462 4461 4460 4459 4458 4457 4456 4455 4454 4453 4452 4451 4450 4449 4448 4447 4446 4445 4444 4443 4370 4369 4371 4372 4373 4374 4375 4376 4377 4378 4379 4380 4381 4382 4383 4384 4385 4386 4387 4388 4389 4390 4391 4392 4393 4394 4395 4396 
1744 1745 1746 1747 1748 1749 1750 1751 1752 1753 1754 1755 1756 1757 1758 1759 1760 1761 1762 1763 1764 1765 1766 1767 1768 1769 1770 1771 1772 1773 1774 1775 1776 1777 1778 1779 1780 1781 1782 1783 1784 1785 1786 1787 1788 1789 1790 1791 1792 1793 1794 1795 1796 1797 1798 1799 1800 1801 1802 1803 1804 1805 1806 1807 1808 1809 1810 1811 1812 1813 1814 1815 1816 1817 1818 1819 1820 1821 1822 1823 1824 1825 1826 1827 1828 1829 1830 1831 
1831 3888 3887 3886 3885 3884 3883 3882 3881 3880 3879 3878 3877 3876 3875 3874 3873 3872 3871 3870 3869 3868 
1912 1911 1910 1909 1908 1907 1906 1905 1904 1903 1902 1901 1900 1899 1898 1897 1896 1895 1894 1893 1892 1891 1890 1889 1888 1887 1886 1885 1884 1883 1882 1881 1880 1879 1878 1877 1876 1875 1874 1873 1872 1871 1870 1869 1868 1867 1866 1865 1864 1863 1862 1861 1859 1860 1928 1929 1930 1931 1932 1933 1934 1935 1936 1937 1938 1939 1940 1941 1942 1943 1944 1945 1946 1947 1948 1949 1950 1951 1952 1953 1954 1955 1956 1957 1958 1959 1960 1961 1962 1963 1964 1965 1966 1967 
1912 1913 1914 1915 1916 1917 1918 1919 1920 1921 1922 1923 1924 1925 1926 1927 9694 9693 9692 9691 9690 9689 9688 9687 9686 9685 9684 9683 9682 9681 9680 9679 9678 9677 9676 9675 9674 9673 9672 9659 9658 9660 9661 9662 9663 9664 9665 9666 9667 9668 9669 9670 9671 
1912 10269 10268 10267 10266 10265 10264 10263 10262 10261 10260 10259 10258 10257 10256 10255 10254 10253 10252 10251 10250 10249 10248 10247 10246 10245 10244 10243 10242 10241 10240 10239 10238 10237 10236 10235 10234 10233 10232 10231 10230 10229 10228 10227 10226 10225 10224 10223 10222 10221 10220 10219 10218 10217 10216 10215 10214 10213 10212 10211 10210 10209 10208 10207 10206 10205 10204 10203 10202 10201 10200 10199 10198 10197 10196 10195 10194 10193 10192 10191 10190 10189 10188 10187 10186 10185 10184 10183 10182 10181 10180 10179 10178 10177 10176 10175 10174 10173 10172 10170 10171 10270 10271 10272 10273 10274 10275 10276 10277 10278 10279 10280 10281 10282 10283 10284 10285 10286 10287 10288 10289 10290 10291 10292 10293 10294 10295 10296 10297 10298 10299 10300 10301 10302 10303 10304 10305 10306 10307 10308 10309 10310 10311 10312 10313 10314 10315 10316 10317 10318 10319 10320 10321 10322 10323 10324 10325 10326 10327 10328 10329 10330 10331 10332 10333 10334 10335 10336 10337 10338 10339 10340 10341 10342 10343 10344 10345 10346 10347 10348 10349 10350 10351 10352 10353 10354 10355 10356 10357 10358 10359 10360 10361 10362 10363 10364 10365 10366 10367 10368 10369 10370 10371 10372 10373 10374 10375 10376 10377 10378 10379 10380 10381 10382 10383 10384 10385 10386 10387 10388 10389 10390 10391 10392 10393 10394 10395 10396 10397 10398 10399 10400 10401 10402 10403 10404 10405 10406 10407 10408 10409 10410 10411 10412 10413 10414 10415 
1967 1968 1969 1970 1971 1972 1973 1974 1975 1976 1977 1978 1979 1980 1981 1982 1983 1984 
1967 7690 7689 7688 7687 7686 7685 7684 7683 7682 7681 7680 7679 7678 7677 7676 7675 7674 7673 7672 7671 7670 7669 7668 7667 7666 7665 7664 
1984 1985 1986 1987 1988 1989 1990 1991 1992 1993 1994 1995 1996 1997 1998 1999 2000 2001 2002 2003 2004 2005 2006 2007 2008 2009 2010 2011 2012 2013 2014 2015 2016 2017 2018 2019 2020 2021 2022 2023 2024 2025 2026 2027 2028 2029 2030 2031 2032 2033 2034 2035 2036 2037 2038 2039 2040 2041 2042 2043 2044 2045 2046 2047 2048 2049 2050 2051 2052 2053 2054 2055 2056 2057 2058 2059 2060 2061 2062 2063 2064 2065 2066 2067 2068 2069 2070 2071 2072 2073 2074 2075 2076 2077 2078 2079 2080 2081 
1984 2605 2604 2603 2602 2601 2600 2599 2598 2597 2596 2595 2594 2593 2592 2591 2590 2589 2588 2587 2586 2585 2584 2583 2582 2581 2580 2579 2578 2577 2576 2575 2574 2573 2572 2571 
2081 2082 2083 2084 2085 2086 2087 2088 2089 2090 2178 2177 2176 2175 2174 2173 2172 2171 2170 2169 2168 2167 2166 2165 2164 2163 2162 2161 2160 2159 2158 2157 2156 2155 2154 2153 2152 2151 2150 2149 2148 2147 2146 2145 2144 2143 2142 2141 2140 2139 2138 2137 2136 2135 2134 2133 2132 2131 2130 2129 2128 
2081 3058 3057 3056 3055 3054 3053 3052 3051 3050 3049 3048 3047 3046 3045 3016 3015 3017 3018 3019 3020 3021 3022 3023 3024 3025 3026 3027 3028 3029 3030 3031 3032 3033 3034 3035 3036 3037 3038 3039 3040 3041 3042 3043 3044 7784 7783 7782 7781 7780 7779 7778 7777 7776 7775 7774 7773 7772 7771 7770 7769 7768 7767 7766 7765 7764 7763 7762 7761 7760 7759 7758 7757 7756 7755 7754 7753 7752 7751 7750 7749 7748 7747 7746 7745 7744 7743 7742 7741 7740 7739 7738 7737 7736 7735 7734 7733 7732 7731 7730 7729 7728 7727 7726 
2123 2124 2125 2126 2127 2128 
2123 4626 4625 4624 4623 4622 4621 4620 4619 4618 4617 4616 4615 4614 4613 4612 4611 4610 4609 4608 4607 4606 4605 4604 4603 4602 4601 4600 4599 4598 4597 4596 4595 4594 4593 4592 4591 4590 4589 4588 4587 4586 4585 4584 4583 4582 4581 4580 4579 4578 4577 4576 4575 4574 4573 4572 4571 4570 4569 4568 4567 4566 4565 4564 4563 4562 4561 4560 4559 4558 4557 4556 4555 4554 4553 4552 4551 4550 4549 4548 4511 4510 4512 4513 4514 4515 4516 4517 4518 4519 4520 4521 4522 4523 4524 4525 4526 4527 4528 4529 4530 4531 4532 4533 4534 4535 4536 4537 4538 4539 4540 4541 4542 4543 4544 4545 4546 4547 4396 
2128 3615 3614 3613 3612 3611 3610 3609 3608 3607 3606 3605 3604 3603 3602 3601 3600 3599 3598 3597 3596 3595 3594 3593 3592 3591 3590 3589 3588 3587 3586 3585 3584 3583 3582 3581 3580 3579 3578 3577 3576 3575 3574 3573 3572 3571 3570 3569 3568 3567 3566 3565 3564 3563 3562 3561 3560 3558 3559 3616 3617 3618 3619 3620 3621 3622 3623 3624 3625 3626 3627 3628 3629 3630 3631 3632 3633 3634 3635 3636 3637 3638 3639 3640 3641 3642 3643 3644 3645 3646 3647 3648 3649 3650 3651 3652 3653 3654 3655 3656 3657 3658 3659 3660 3661 3662 3663 3664 3665 3666 3667 3668 3669 3670 3671 3672 3673 3674 3675 3676 3677 3678 3679 3680 3681 3682 3683 3684 3685 3686 3687 3688 3689 3690 3691 3692 3693 3694 3695 3696 3697 3698 3699 3700 3701 3702 3703 3704 3705 3706 3707 3708 3709 3710 3711 3712 3713 3714 3715 3716 3717 3718 3719 3720 3721 3722 3723 3724 3725 3726 3727 3728 3729 3730 3731 3732 3733 3734 3735 3736 3737 3738 3739 
2262 3417 3416 3415 3414 3413 3412 3411 3410 3409 3408 3407 3406 3405 3404 3403 3402 3401 3400 3399 3398 3397 3396 3395 3394 3393 3392 3391 3390 3389 3388 3387 3386 3385 3384 3383 3382 3381 3380 3379 3378 3377 3376 3375 3374 3373 3372 3371 3370 3369 3368 3367 3366 3365 3364 3363 3362 3361 3360 3359 3358 3357 3356 3355 3354 3353 3352 3351 3350 3349 3348 3347 3346 3345 3344 3343 3342 3341 3339 3340 3418 3419 3420 3421 3422 3423 
2296 2295 2294 2293 2292 2291 2290 2288 2289 2383 2384 2385 2386 2387 2388 2389 2390 2391 2392 2393 2394 2395 2396 2397 2398 2399 2400 2401 2402 2403 
2296 2297 2298 2299 2300 2301 2302 2303 2304 2305 2306 2307 2308 2309 2310 2311 2312 2313 2314 2315 2316 2317 2318 2319 2320 2321 2322 2323 2324 2325 2326 2327 2328 
2296 2550 2549 2548 2547 2546 2545 2544 2543 2542 2541 2540 2539 2538 2537 2535 2536 2551 2552 2553 2554 2555 2556 2557 2558 2559 2560 2561 2562 10548 10547 10546 10545 10544 10543 10542 10541 10540 10539 10538 10537 10536 10535 10534 10533 10532 10531 10530 10529 10528 10527 10526 10525 10524 10523 10522 10521 10520 10519 10518 10517 10516 10515 10514 10513 10512 10511 10510 10509 10508 10507 10506 10505 10504 10503 10502 10501 10500 10499 10498 10497 10496 10495 10494 10493 10492 10491 10490 10489 10488 10487 10486 10485 10484 10483 10482 10481 10480 10479 10478 10477 10476 10475 10474 10473 10472 10471 10470 10469 10468 10467 10466 10465 10464 10463 10462 10431 10430 10432 10433 10434 10435 10436 10437 10438 10439 10440 10441 10442 10443 10444 10445 10446 10447 10448 10449 10450 10451 10452 10453 10454 10455 10456 10457 10458 10459 10460 10461 4355 
2328 2329 2330 2331 2332 2333 2334 2335 2336 2337 2338 2339 2340 2341 2342 2343 2344 2345 2346 2347 2348 2349 2350 2351 2352 
2352 2534 2533 2532 2531 2530 2529 2528 2527 2526 2525 2524 2523 2522 2521 2520 2519 2518 2517 2516 2515 2514 2513 2512 2511 2510 2509 2508 2507 2506 2505 2504 2503 2502 2501 2500 2499 2498 2497 2496 2495 2445 2444 2446 2447 2448 2449 2450 2451 2452 2453 2454 2455 2456 2457 2458 2459 2460 2461 2462 2463 2464 2465 2466 2467 2468 2469 2470 2471 2472 2473 2474 2475 2476 2477 2478 2479 2480 2481 2482 2483 
2403 2404 2405 2406 2407 2408 2409 2410 2411 2412 2413 2414 2415 2416 2417 2418 2419 2420 2421 2422 2423 2424 2425 2426 2427 2428 2429 2430 2431 2432 2433 2434 2435 2436 2437 2438 2439 2440 2441 2442 2443 
2403 3557 3556 3555 3554 3553 3552 3551 3550 3549 3548 3547 3546 3545 3544 3543 3542 3541 3540 3539 3538 3537 3536 3535 3534 3533 3532 3531 3530 3529 3528 3527 3526 3525 3524 3523 3522 3521 3520 3519 3518 3517 3516 3515 3514 3513 3512 3511 3510 3509 3508 
2483 2720 2719 2718 2717 2716 2715 2714 2713 2712 2711 2710 2709 2708 2707 2706 2705 2704 2703 2702 2701 2700 2699 2698 2697 2696 2695 2694 2693 2692 2691 2690 2689 2688 2687 2686 2685 2684 2683 2682 2681 2680 2679 2678 2677 2676 2675 2674 2673 2672 2671 2670 2669 2668 2667 2666 2665 2664 2663 2662 2661 2660 2659 2658 2657 2656 2655 2654 2653 2652 
2571 2570 2569 2568 2567 2566 2565 2563 2564 2606 2607 2608 2609 2610 2611 2612 2613 2614 2615 2616 2617 2618 2619 
2571 3786 3785 3784 3783 3782 3781 3780 3779 3778 3777 3776 3775 3774 3773 3772 3771 3770 3769 3768 3767 3766 3765 3764 3763 3762 3761 3760 3759 3758 3757 3756 3755 3754 3753 3752 3751 3750 3749 3748 3747 3746 3745 3744 3743 3742 3741 3740 3739 
2619 2620 2621 2622 2623 2624 2625 2626 2627 2628 2629 2630 2631 4304 4303 4302 4301 4300 4299 4298 4297 4296 4295 4294 4293 4292 4291 4290 4289 4288 4287 4286 4285 4284 4283 4282 4281 4280 4279 4278 4277 4276 4275 4274 4273 4272 4271 4270 4269 4268 4267 4266 4265 4264 4263 4262 4261 4260 4259 4258 4257 4256 
2619 5234 5233 5232 5231 5230 5229 5228 5227 5226 5225 5224 5223 5222 5221 5220 5219 5218 5217 5216 5215 5214 5213 5212 5211 5210 5209 5208 5207 5206 5205 5204 5203 5202 5201 5200 5199 5198 5197 5196 5195 5194 5193 5192 5191 5190 5189 5188 5187 5186 5185 5184 5183 5182 5181 5180 5179 5178 5177 5176 5175 5174 5173 5172 5171 5170 5169 5168 5167 5166 5165 5164 5163 
2652 2651 2650 2649 2648 2647 2646 2645 2644 2643 2642 2641 2640 2639 2638 2637 2636 2635 2634 2632 2633 2721 2722 2723 2724 2725 2726 2727 2728 2729 2730 2731 2732 2733 2734 2735 2736 2737 2738 2739 2740 2741 2742 
2652 5675 5674 5673 5672 5671 5670 5669 5668 5667 5666 5665 5664 5663 5662 5661 5660 5659 5658 5657 5656 5655 5654 5653 5652 5651 5650 5649 5648 5647 5646 5645 5644 5643 5642 5641 5640 5639 5638 5637 5636 5635 5634 5633 5632 5631 5630 5629 5628 5627 5626 5625 5599 5598 5600 5601 5602 5603 5604 5605 5606 5607 5608 5609 5610 5611 5612 5613 5614 5615 5616 5617 5618 5619 5620 5621 5622 5623 5624 4231 
2742 3450 3449 3448 3447 3446 3445 3444 3443 3442 3441 3440 3439 3438 3437 3436 3435 3434 3433 3432 3431 3430 3429 3428 3427 3426 3425 3424 3423 
2742 6474 6473 6472 6471 6470 6469 6468 6467 6466 6431 6430 6432 6433 6434 6435 6436 6437 6438 6439 6440 6441 6442 6443 6444 6445 6446 6447 6448 6449 6450 6451 6452 6453 6454 6455 6456 6457 6458 6459 6460 6461 6462 6463 6464 6465 4256 
2768 2767 2766 2765 2764 2762 2763 2926 2927 2928 2929 2930 2931 2932 
2768 2769 2770 2771 2772 2773 2774 2775 2776 2777 2778 2779 2780 2781 2782 2783 2784 2785 2786 2787 2788 2789 2790 2791 2792 2793 2794 2795 2796 2797 2798 2799 2800 2801 2802 2803 2804 2805 2806 2807 2808 2809 2810 2811 2812 2813 2814 2815 2816 2817 2818 2819 
2768 5545 5544 5543 5542 5541 5540 5539 5538 5537 5536 5535 5534 5532 5533 5546 5547 5548 5549 5550 5551 5552 5553 5554 
2819 2820 2821 2822 2823 
2819 3069 3068 3067 3066 3065 3064 3063 3062 3061 3059 3060 3070 3071 3072 3073 3074 3075 3076 3077 3078 3079 3080 3081 3082 
2823 2824 2825 2826 2827 2828 2829 2830 2831 2832 
2823 4127 4126 4125 4124 4123 4122 4121 4120 4119 4118 4117 4116 4115 4114 4113 4112 4111 4110 4109 4108 4107 4106 4105 4104 4103 4102 4101 4100 4099 4098 4097 4096 4095 4094 4093 4092 4091 4090 4089 4088 4087 4086 4085 4084 4083 4082 4081 4080 
2832 2833 2834 2835 2836 2837 2838 2839 2840 2841 2842 2843 2844 2845 2846 2847 2848 2849 2850 2851 2852 2853 2854 2855 2856 2857 2858 2859 2860 2861 2862 2863 2864 2865 2866 2867 
2832 5770 5769 5768 5767 5766 5765 5764 5763 5762 5761 5760 5759 5758 5757 5756 5755 5754 5753 5752 5751 5750 5749 5748 5747 5746 5745 5744 5743 5742 5741 5740 5739 5738 5737 5736 5735 5734 5733 5732 5731 5730 5729 5728 5727 5726 5725 5724 5723 5722 5677 5676 5678 5679 5680 5681 5682 5683 5684 5685 5686 5687 5688 5689 5690 5691 5692 
2867 2868 2869 2870 2871 2872 2873 2874 2875 2876 2877 2878 2879 2880 2881 2882 2883 
2867 3111 3110 3109 3108 3107 3106 3105 3104 3103 3102 3101 3100 3099 3098 3097 3096 3095 3094 3093 3092 3091 3090 3089 3088 3087 3086 3085 3084 3083 3082 
2883 2884 2885 2886 2887 2888 2889 2890 2891 2892 2893 2894 2895 2896 2897 2898 2899 2900 2901 2902 2903 2904 2905 2906 2907 2908 2909 
2883 3123 3122 3121 3120 3119 3118 3117 3116 3115 3114 3112 3113 3124 3125 3126 3127 3128 3129 3130 3131 3132 3133 3134 3135 3136 3137 3138 3139 3140 3141 3142 3143 3144 3145 3146 3147 3148 3149 3150 3151 3152 2909 
2909 2910 2911 2912 2913 2914 2915 2916 2917 2918 2919 2920 
2920 2921 2922 2923 2924 2925 6047 6046 6045 6044 6043 6042 6041 6040 6039 6038 6037 6036 6035 6034 6033 6032 6031 6030 6029 6028 6027 6026 6025 6024 6023 6022 6021 6019 6020 6048 6049 6050 6051 6052 6053 6054 6055 6056 6057 6058 6059 6060 6061 6062 6063 6064 6065 6066 6067 6068 6069 6070 6071 6072 6073 6074 6075 6076 6077 6078 6079 6080 6081 6082 6083 6084 6085 6086 6087 6088 6089 6090 6091 6092 6093 6094 6095 6096 6097 6098 6099 6100 6101 6102 6103 6104 
2920 6916 6915 6914 6913 6912 6911 6910 6909 6908 6907 6906 6905 6904 6903 6902 6901 6900 6899 6898 6897 6896 6895 6894 6893 6892 6891 6890 6889 6888 6887 6886 6885 6884 6883 6882 6881 6880 6879 6878 6877 6876 6875 6874 6873 6872 6871 6870 6869 6868 6867 6866 6865 6864 6863 6862 6861 6860 6859 6858 6857 6856 6855 6854 6853 6852 6851 6850 6849 6848 6847 6846 6845 6844 6843 6842 6841 6840 6839 6838 6837 6836 6835 6834 6833 6832 6831 6830 6829 6828 6827 6826 6825 6824 6823 6822 6821 6820 6819 
2932 3176 3175 3174 3173 3172 3171 3170 3169 3168 3167 3166 3165 3164 3163 3162 3161 3160 3159 3158 3157 3156 3155 3153 3154 3177 3178 3179 3180 3181 3182 3183 3184 3185 3186 3187 3188 3189 3190 3191 3082 
3299 3298 3297 3296 3295 3294 3293 3292 3291 3290 3289 3288 3287 3286 3285 3284 3283 3282 3281 3280 3279 3278 3277 3276 3275 3274 3273 3272 3271 3270 3269 3268 3267 3266 3265 3264 3263 3262 3261 3260 3259 3258 3257 3256 3255 3254 3253 3243 3242 3244 3245 3246 3247 3248 3249 3250 3251 3252 7578 7577 7576 7575 7574 
3299 3300 3301 3302 3303 3304 3305 3306 3307 3308 3309 3310 3311 3312 3313 3314 3315 3316 3317 3318 3319 3320 3321 3322 3323 3324 3325 3326 3327 3328 3329 3330 3331 3332 3333 3334 3335 3336 3337 3338 5485 5484 5483 5482 5481 5480 5479 5478 5477 5476 5475 5474 5473 5472 5471 5470 5469 5468 5467 5466 5465 5464 5463 5462 5461 5460 5459 5458 5457 
3299 5327 5326 5325 5324 5323 5322 5321 5320 5319 5318 5317 5316 5315 5314 5313 5312 5311 5310 5309 5308 5307 5306 5305 5304 5303 5302 5301 5300 5299 5298 5297 5296 5295 5294 5293 5292 5291 5290 5289 5288 5287 5286 5285 5284 5283 5282 5281 5280 5279 5278 5277 5276 5275 5274 5273 
3423 6283 6282 6281 6280 6279 6278 6277 6276 6275 6274 6273 6272 6271 6270 6269 6268 6267 6266 6265 6264 6263 6262 6261 6260 6259 6258 6256 6257 6284 6285 6286 6287 6288 6289 6290 6291 6292 6293 6294 6295 6296 6297 6298 6299 6300 6301 6302 6303 6304 6305 6306 6307 6308 6309 6310 6311 6312 6313 3739 
3477 3476 3475 3474 3473 3472 3471 3470 3469 3468 3467 3466 3465 3464 3463 3462 3461 3460 3459 3458 3457 3456 3455 3454 3453 3451 3452 3500 3501 3502 3503 3504 3505 3506 3507 3508 
3477 3478 3479 3480 3481 3482 3483 3484 3485 3486 3487 3488 3489 3490 3491 
3477 10690 10689 10688 10687 10686 10685 10684 10683 10682 10681 10680 10679 10678 10677 10676 10675 10674 10673 10672 10671 10670 10669 10668 10667 10666 10665 10664 10663 10662 10661 10660 10659 10658 10657 10656 10655 10654 10653 10652 10650 10651 10691 10692 10693 10694 10695 10696 10697 10698 10699 10700 10701 10702 10703 10704 10705 10706 10707 10708 10709 10710 10711 10712 10713 10714 10715 10716 10717 10718 10719 10720 10721 10722 10723 10724 10725 10726 10727 10728 10729 10730 10731 10732 10733 10734 10735 10736 10737 10738 10739 10740 10741 10742 10743 10744 10745 10746 10747 10748 10749 10750 10751 10752 10753 4368 
3491 3492 3493 3494 3495 3496 3497 3498 3499 4368 
3491 8898 8897 8896 8895 8894 8893 8892 8891 8890 8889 8888 8887 8886 8885 8884 8883 8882 8881 8880 8879 8878 8877 8876 8875 8874 8872 8873 8899 8900 8901 8902 8903 8904 8905 8906 8907 8908 8909 8910 8911 8912 8913 8914 8915 8916 8917 8918 8919 8920 8921 8922 8923 8924 8925 8926 8927 8928 8929 3508 
3898 3897 3896 3895 3894 3893 3892 3891 3889 3890 4043 4044 4045 4046 4047 4048 4049 4050 4051 4052 4053 4054 4055 4056 4057 4058 4059 4060 4061 4062 4063 4064 4065 4066 4067 4068 4069 4070 4071 4072 4073 4074 4075 4076 4077 4078 4079 4080 
3898 3899 3900 3901 3902 3903 3904 3905 3906 3907 3908 3909 3910 3911 3912 3913 3914 3915 3916 3917 3918 3919 3920 3921 3922 3923 3924 3925 3926 3927 3928 3929 3930 3931 3932 3933 3934 3935 3936 3937 3938 3939 3940 3941 3942 
3898 5076 5075 5074 5073 5072 5071 5050 5049 5051 5052 5053 5054 5055 5056 5057 5058 5059 5060 5061 5062 5063 5064 5065 5066 5067 5068 5069 5070 12550 12549 12548 12547 12546 12545 12544 12543 12542 12541 12540 12539 12538 12537 12536 12535 12534 12533 12532 12531 12530 12529 12528 12527 12526 12525 12524 12523 12522 12521 12520 12519 12518 12517 12516 12515 12514 12513 12512 12511 12510 12509 12508 12507 12506 12505 12504 12503 12502 12501 12500 12499 12498 12497 12496 12495 12494 12493 12492 12491 12490 12489 12488 12487 12486 12485 12484 12483 12482 12481 12480 12479 12478 12477 12476 12475 12474 12473 12472 12471 12470 12469 12468 12467 12466 12465 12464 12463 12462 12461 12460 12459 12458 12457 12456 12455 12454 12452 12453 12551 12552 12553 12554 12555 12556 12557 12558 12559 12560 
3942 6156 6155 6154 6153 6152 6151 6150 6149 6148 6147 6146 6145 6144 6143 6142 6141 6140 6139 6138 6137 6136 6135 6134 6133 6132 6131 6130 6129 6128 6127 6126 6125 6124 6123 6122 6121 6120 6119 6118 6117 6116 6115 6114 6113 6112 6111 6106 6105 6107 6108 6109 6110 5554 
4080 6351 6350 6349 6348 6347 6346 6345 6344 6343 6342 6341 6340 6339 6338 6337 6336 6335 6334 6333 6332 6331 6330 6329 6328 6327 6326 6325 6324 6323 6322 6321 6320 6319 6318 6317 6316 6314 6315 6352 6353 6354 6355 6356 
4231 4230 4229 4228 4227 4226 4225 4224 4223 4222 4221 4220 4219 4218 4217 4216 4215 4214 4213 4212 4211 4210 4209 4208 4207 4206 4205 4204 4203 4202 4201 4200 4199 4198 4197 4196 4195 4194 4193 4192 4190 4191 4305 4306 4307 4308 4309 4310 4311 4312 4313 4314 4315 4316 4317 4318 4319 4320 4321 4322 4323 4324 4325 4326 4327 4328 4329 4330 4331 4332 4333 4334 4335 4336 4337 4338 4339 4340 4341 4342 4343 4344 4345 4346 4347 4348 4349 4350 4351 4352 4353 
4231 4232 4233 4234 4235 4236 4237 4238 4239 4240 4241 4242 4243 4244 
4244 4245 4246 4247 4248 4249 4250 4251 4252 4253 4254 4255 4256 
4244 4904 4903 4902 4901 4900 4899 4898 4897 4896 4895 4894 4893 4892 4891 4890 4889 4888 4887 4886 4885 4884 4883 4882 4881 4880 4879 4878 4877 4876 4875 4874 4873 4872 4871 4870 4869 4868 4867 4866 4865 4864 
4353 4354 4355 
4353 7306 7305 7304 7303 7302 7301 7300 7299 7298 7297 7296 7295 7294 7293 7292 7291 7290 7289 7288 7287 7286 7285 7284 7283 7282 7281 7280 7279 7278 7277 7276 7275 7274 7273 7272 7271 7270 7269 7268 7267 7266 7265 7264 7263 7262 7261 7260 7259 7258 7257 7256 7255 7254 7253 7252 7251 7250 7249 7248 7247 7246 7245 7244 7243 7242 7241 7240 7239 7238 7237 7236 7235 7234 7233 7232 7231 7230 7229 7228 7227 
4355 4356 4357 4358 4359 4360 4361 4362 4363 4364 4365 4366 4367 4368 
4654 4653 4652 4651 4650 4649 4648 4647 4646 4645 4644 4643 4642 4641 4640 4639 4638 4637 4636 4635 4634 4633 4632 4631 4630 4629 4627 4628 4703 4704 4705 4706 4707 4708 4709 4710 4711 4712 4713 
4654 4655 4656 4657 4658 4659 4660 4661 4662 4663 4664 4665 4666 4667 4668 4669 4670 4671 4672 4673 4674 4675 4676 4677 4678 4679 4680 4681 4682 4683 4684 4685 4686 4687 4688 4689 4690 4691 4692 4693 4694 4695 4696 4697 4698 4699 4700 4701 4702 8846 8845 8844 8843 8842 8841 8840 8839 8838 8837 8836 8835 8834 8833 8832 8831 8830 8829 8828 8827 8826 8825 8824 8823 8822 8821 8820 8819 8818 8817 8816 8815 8814 8813 8812 8811 8810 8809 8808 8807 8806 8805 8804 8803 8802 8801 8800 8799 8798 8797 
4654 8240 8239 8238 8237 8236 8235 8234 8233 8232 8231 8230 8229 8228 8227 8226 8225 8224 8223 8222 8221 8220 8219 8218 8216 8217 8241 8242 8243 8244 8245 8246 8247 8248 8249 8250 8251 8252 8253 8254 8255 8256 8257 8258 8259 8260 8261 8262 8263 8096 
4713 4714 4715 4716 4717 4718 4719 4720 4721 4722 4723 4724 4725 4726 4727 4728 4729 4730 4731 4732 4733 4734 4735 4736 4737 4738 4739 4740 4741 4742 
4713 8215 8214 8213 8212 8211 8210 8209 8208 8207 8206 8205 8204 8203 8202 8201 8200 8199 8198 8197 8196 8195 8194 8193 8192 8191 8190 8189 8188 8187 8186 8185 8184 8183 8182 8181 
4742 4743 4744 4745 4746 4747 4748 4749 4750 4751 4752 4753 4754 4755 4756 4757 4758 4759 4760 4761 4762 4763 4764 4765 4766 4767 4768 4769 4770 4771 4772 4773 4774 4775 4776 4777 4778 
4742 11008 11007 11006 11005 11004 11003 11002 11001 11000 10999 10998 10997 10996 10995 10994 10993 10992 10991 10990 10989 10988 10987 10986 10985 10984 10983 10982 10981 10980 10979 10978 10977 10976 10975 10974 10973 10972 10971 10970 10969 10968 10967 10966 10965 10964 10963 10962 10961 10960 10959 10958 10957 10956 10955 10954 10953 10952 10951 10950 10949 10948 10947 10946 10945 10944 10943 10942 10941 10940 10939 10938 10937 10936 10935 10934 10933 10932 10931 10930 10929 10928 10927 10926 10925 10924 10923 10922 10921 10920 10919 10918 10917 10916 10915 10914 10913 10912 10911 10910 10909 10908 10907 10906 10905 10904 10903 10902 10901 10900 10899 10898 10897 10896 10895 10894 10893 10892 10891 10890 
4778 4779 4780 4781 4782 4783 4784 4785 4786 4787 4788 4789 4790 4791 8603 8602 8601 8600 8599 8598 8597 8596 8595 8594 8593 8592 8591 8590 8589 8588 8587 8586 8585 8584 8583 8582 8581 8580 8579 8578 8577 8576 8575 8574 8573 8572 8571 8570 8569 8568 8567 8566 8565 8564 8563 8562 8561 8560 8559 8558 8557 8556 8555 8554 8553 8552 8551 8550 8549 8548 8547 8546 8544 8545 8604 8605 8606 8607 8608 
4778 6790 6789 6788 6787 6786 6785 6784 6783 6782 6781 6780 6779 6778 6777 6776 6775 6774 6773 6772 6771 6770 6769 6768 6767 6766 6765 6764 6763 6762 6761 6760 6759 6758 6757 6756 6755 6754 6753 6752 6751 6750 6749 6748 6747 6746 6745 6744 6743 6742 6741 6740 6739 6738 6737 6736 6735 6734 6733 6732 6731 6730 6729 6728 
4864 4863 4862 4861 4860 4859 4858 4857 4856 4855 4854 4853 4852 4851 4850 4849 4848 4847 4846 4845 4844 4843 4842 4841 4840 4839 4838 4837 4836 4835 4834 4833 4832 4831 4830 4829 4828 4827 4826 4825 4824 4823 4822 4821 4820 4819 4818 4817 4816 4815 4814 4813 4812 4811 4810 4809 4808 4807 4806 4805 4804 4803 4802 4801 4800 4799 4798 4797 4796 4795 4794 4792 4793 4905 4906 4907 4908 4909 4910 4911 4912 4913 4914 4915 4916 4917 4918 4919 4920 4921 4922 4923 4924 4925 4926 4927 4928 4929 4930 4931 4932 4933 4934 4935 4936 4937 4938 4939 4940 4941 4942 4943 4944 4945 4946 4947 4948 4949 4950 
4864 6171 6170 6169 6168 6167 6166 6165 6164 6163 6162 6161 6160 6159 6157 6158 6172 6173 6174 6175 6176 6177 6178 6179 6180 6181 6182 6183 6184 6185 6186 6187 6188 6189 6190 6191 6192 6193 6194 6195 6196 6197 6198 6199 6200 6201 6202 6203 6204 6205 6206 6207 6208 6209 6210 6211 6212 6213 6214 6215 6216 6217 6218 6219 6220 6221 6222 6223 6224 6225 6226 6227 6228 6229 6230 6231 6232 6233 6234 6235 6236 6237 6238 6239 6240 6241 6242 6243 6244 6245 6246 6247 6248 6249 6250 6251 6252 6253 6254 6255 5143 
4950 4951 4952 4953 4954 4955 4956 4957 4958 4959 4960 4961 4962 4963 4964 4965 4966 4967 4968 4969 4970 4971 4972 4973 
4950 6429 6428 6427 6426 6425 6424 6423 6422 6421 6420 6419 6418 6417 6375 6374 6376 6377 6378 6379 6380 6381 6382 6383 6384 6385 6386 6387 
4973 4974 4975 4976 4977 4978 4979 4980 4981 4982 4983 4984 4985 4986 4987 4988 4989 4990 4991 4992 4993 
4973 6416 6415 6414 6413 6412 6411 6410 6409 6408 6407 6406 6405 6404 6403 6402 6401 6400 6399 6398 6397 6396 6395 6394 6393 6392 6391 6390 6389 6388 6387 
4993 4994 4995 9556 9555 9554 9553 9552 9551 9550 9549 9548 9547 9512 9511 9513 9514 9515 9516 9517 9518 9519 9520 9521 9522 9523 9524 9525 9526 9527 9528 9529 9530 9531 9532 9533 9534 9535 
4993 6685 6684 6683 6682 6681 6680 6679 6678 6677 6676 6675 6674 6673 6672 6671 6476 6475 6477 6478 6479 6480 6481 6482 6483 6484 6485 6486 6487 6488 6489 
5143 5142 5141 5140 5139 5138 5137 5136 5135 5134 5133 5132 5131 5130 5129 5128 5127 5126 5125 5124 5123 5122 5121 5120 5119 5118 5117 5116 5115 5114 5113 5112 5111 5110 5109 5108 5107 5106 5105 5104 5103 5102 5101 5100 5099 5098 5097 5096 5095 5094 5093 5092 5091 5090 5089 5088 5087 5086 5085 5084 5083 5082 5081 5080 5079 5077 5078 5235 5236 5237 5238 5239 5240 5241 5242 5243 5244 5245 5246 5247 5248 5249 5250 5251 5252 5253 5254 5255 5256 5257 5258 5259 5260 5261 5262 5263 5264 5265 5266 5267 5268 5269 5270 5271 5272 5273 
5143 5144 5145 5146 5147 5148 5149 5150 5151 5152 5153 5154 5155 5156 5157 5158 5159 5160 5161 5162 5163 
5163 5531 5530 5529 5528 5527 5526 5525 5524 5523 5522 5521 5520 5519 5518 5517 5516 5515 5514 5513 5512 5511 5510 5509 5508 5507 5506 5505 5504 5503 5502 5501 5500 5499 5498 5497 5496 5495 5494 5493 5492 5491 5490 5489 5488 5487 5486 5329 5328 5330 5331 5332 5333 5334 5335 5336 5337 5338 5339 5340 5341 5342 5343 5344 5345 
5273 6670 6669 6668 6667 6666 6665 6664 6663 6662 6661 6660 6659 6658 6657 6656 6655 6654 6653 6652 6651 6650 6649 6648 6647 6646 6645 6644 6643 6642 6641 6640 6639 6638 6637 6636 6635 6634 6633 6632 6631 6630 6629 6628 6627 6626 
5345 5346 5347 5348 5349 5350 5351 5352 5353 5354 5355 5356 5357 5358 5359 5360 5361 5362 5363 5364 5365 5366 5367 5368 5369 5370 5371 5372 5373 5374 5375 5376 5377 5378 5379 5380 5381 5382 5383 5384 5385 5386 5387 5388 5389 5390 5391 5392 5393 5394 5395 5396 5397 5398 5399 5400 5401 5402 5403 5404 5405 5406 5407 5408 5409 5410 5411 5412 5413 5414 5415 5416 5417 5418 5419 5420 5421 
5345 9186 9185 9184 9183 9182 9181 9180 9179 9178 9177 9176 9175 9174 9173 9172 9171 9170 9169 9168 9166 9167 9187 9188 9189 9190 9191 9192 9193 9194 9195 9196 9197 9198 9199 9200 9201 9202 9203 9204 9205 9206 9207 9208 9209 9210 9211 9212 9213 9214 9215 9216 9217 9218 9219 9220 9221 9222 9223 9224 9225 9226 9227 9228 9229 9230 9231 9232 9233 9234 9235 9236 9237 9238 9239 9240 9241 9242 9243 9244 9245 9246 9247 9248 9249 9250 9251 9252 9253 9254 5421 
5421 5422 5423 5424 5425 5426 5427 5428 5429 5430 5431 5432 5433 5434 5435 5436 5437 
5437 5438 5439 5440 5441 5442 5443 5444 5445 5446 5447 5448 5449 5450 5451 5452 5453 5454 5455 5456 5457 
5437 10429 10428 10427 10426 10425 10424 10423 10422 10421 10420 10419 10418 10417 10416 10415 
5457 8500 8499 8498 8497 8496 8495 8494 8493 8492 8491 8490 8489 8488 8487 8486 8485 8484 8483 8482 8481 8480 8479 8478 8477 8476 8475 8474 8473 8472 8471 8470 8469 8468 8467 8466 8465 8464 8463 8462 8461 8460 8459 8458 8457 8456 8455 8454 8453 8452 8451 8450 8449 8448 8447 8446 8445 8444 8443 8442 8441 8440 8439 8438 8437 8436 8435 8434 8433 8432 8431 8430 8429 8428 8427 8425 8426 8501 8502 8503 8504 8505 8506 8507 8508 8509 8510 8511 8512 8513 8514 8515 8516 8517 8518 8519 8520 8521 8522 8523 8524 8525 8526 8527 8528 8529 8530 8531 8532 8533 8534 8535 8536 8537 8538 8539 8540 8541 8542 8543 7574 
5692 5693 5694 5695 5696 5697 5698 5699 5700 5701 5702 5703 5704 5705 5706 5707 5708 5709 5710 
5692 6373 6372 6371 6370 6369 6368 6367 6366 6365 6364 6363 6362 6361 6360 6359 6358 6357 6356 
5710 5711 5712 5713 5714 5715 5716 5717 5718 5719 5720 5721 
5710 6104 
5797 5796 5795 5794 5793 5792 5791 5790 5789 5788 5787 5786 5785 5784 5783 5782 5781 5780 5779 5778 5777 5776 5775 5774 5773 5771 5772 5911 5912 5913 5914 5915 5916 5917 5918 5919 5920 5921 5922 5923 5924 
5797 5798 5799 5800 5801 5802 5803 5804 5805 5806 5807 5808 5809 5810 5811 5812 5813 5814 5815 5816 5817 5818 5819 5820 5821 5822 5823 5824 5825 5826 5827 5828 5829 5830 5831 5832 5833 5834 5835 5836 5837 5838 5839 5840 5841 5842 5843 5844 5845 5846 5847 5848 5849 5850 5851 5852 5853 5854 5855 5856 5857 5858 5859 5860 5861 5862 5863 5864 5865 5866 5867 5868 5869 5870 5871 5872 5873 5874 5875 5876 5877 5878 5879 5880 5881 5882 5883 5884 5885 
5797 7937 7936 7935 7934 7933 7932 7931 7930 7929 7928 7927 7926 7925 7924 7923 7922 7921 7920 7919 7918 7917 7915 7916 7938 7939 7940 7941 7942 7943 7944 7945 7946 7947 7948 7949 7950 7951 7952 7953 7954 7955 7956 7957 7958 7959 7960 7961 7962 7963 7964 7965 7966 7967 7968 7969 7970 7971 7972 7973 7974 7975 7976 7977 7978 7979 7980 7981 7982 7983 7984 7985 7986 7987 7988 7989 7990 7991 7992 7993 7053 
5885 5886 5887 5888 5889 5890 5891 5892 5893 5894 5895 5896 5897 5898 5899 5900 5901 5902 5903 5904 5905 5906 5907 5908 5909 5910 
5885 9932 9931 9930 9929 9928 9927 9926 9925 9924 9923 9922 9921 9920 9919 9918 9917 9916 9915 9914 9913 9912 9911 9910 9909 9908 9907 9906 9905 9904 9903 9902 9901 9900 9899 9898 9897 9896 9895 9894 9893 9892 9891 9890 9889 9888 9887 9886 9885 9884 9883 9882 9881 9880 9879 9878 9877 9876 9875 9874 9873 9872 9871 9870 9869 9868 9867 9866 9865 9864 9863 9862 9861 9860 9859 9858 9857 9856 9855 9854 9853 9852 9851 9850 9849 9848 9847 9846 9845 9844 9843 9842 9841 9840 9839 9838 9837 9836 9835 9834 9833 9832 9831 9830 9829 9828 9827 9826 9825 9824 9823 9822 9821 9820 9819 9818 9817 9816 9815 9814 9813 9812 9811 9810 9696 9695 9697 9698 9699 9700 9701 9702 9703 9704 9705 9706 9707 9708 9709 9710 9711 9712 9713 9714 9715 9716 9717 9718 9719 9720 9721 9722 9723 9724 9725 9726 9727 9728 9729 9730 9731 9732 9733 9734 9735 9736 9737 9738 9739 9740 9741 9742 9743 9744 9745 9746 9747 9748 9749 9750 9751 9752 9753 9754 9755 9756 9757 9758 9759 9760 9761 9762 9763 9764 9765 9766 9767 9768 9769 9770 9771 9772 9773 9774 9775 9776 9777 9778 9779 9780 9781 9782 9783 9784 9785 9786 9787 9788 9789 9790 9791 9792 9793 9794 9795 9796 
5924 5925 5926 5927 5928 5929 5930 5931 5932 5933 5934 5935 5936 5937 5938 5939 5940 5941 5942 5943 5944 5945 5946 5947 5948 5949 5950 5951 5952 5953 5954 5955 5956 5957 5958 5959 5960 5961 5962 5963 5964 5965 5966 5967 5968 5969 5970 5971 5972 5973 5974 5975 5976 5977 5978 5979 5980 5981 5982 5983 
5924 8166 8165 8164 8163 8162 8161 8160 8159 8158 8157 8156 8155 8154 8153 8152 8151 8150 8149 8148 8147 8146 8145 8144 8143 8142 8141 8140 8139 8138 8137 8136 8135 8134 8133 8132 8131 8130 8129 8128 8127 
5983 5984 5985 5986 5987 5988 5989 5990 5991 5992 5993 5994 5995 5996 
5983 9130 9129 9128 9127 9126 9125 9124 9123 9122 9120 9121 9131 9132 9133 9134 9135 9136 9137 9138 9139 9140 9141 9142 9143 9144 9145 9146 9147 9148 9149 9150 9151 9152 9153 9154 9155 9156 9157 9158 9159 9160 9161 9162 9163 9164 9165 8771 
5996 5997 5998 5999 6000 6001 6002 6003 6004 6005 6006 6007 6008 6009 6010 6011 6012 6013 6014 6015 6016 6017 
5996 9307 9306 9305 9304 9303 9302 9301 9300 9299 9298 9297 9296 9295 9294 9293 9292 9291 9290 9289 9288 9287 9286 9285 9284 9283 9282 9281 9280 9279 9278 9277 9276 9275 9274 9273 9272 9256 9255 9257 9258 9259 9260 9261 9262 9263 9264 9265 9266 9267 9268 9269 9270 9271 9026 
6017 6018 
6017 13079 13078 13077 13076 13075 13074 13073 13072 13071 13070 13069 13068 13067 13066 13065 13064 13063 13062 13061 13060 13059 13058 13057 13056 13055 13054 13053 13052 13051 13050 13049 13048 13047 13046 13045 13044 13043 13042 13041 13040 13039 13038 13037 13036 13035 13034 13033 13032 13031 13030 13029 13028 13027 13026 13025 13024 13023 13022 13021 13020 13019 13018 13017 13016 13015 13014 13013 13012 13011 13010 13009 13008 13007 13006 13005 13004 13003 13002 13001 13000 12999 12998 12997 12996 12995 12994 12993 12992 12991 12990 12989 12988 12987 12986 12832 12831 12833 12834 12835 12836 12837 12838 12839 12840 12841 12842 12843 12844 12845 12846 12847 12848 12849 12850 12851 12852 12853 12854 12855 12856 12857 12858 12859 12860 12861 12862 12863 12864 12865 12866 12867 12868 12869 12870 12871 12872 12873 12874 12875 12876 12877 12878 12879 12880 12881 12882 12883 12884 12885 12886 12887 12888 12889 12890 12891 12892 12893 12894 12895 12896 12897 12898 12899 12900 12901 12902 12903 12904 12905 12906 12907 12908 12909 12910 12911 12912 12913 12914 12915 12916 12917 12918 12919 12920 12921 12922 12923 12924 12925 12926 12927 12928 12929 12930 12931 12932 12933 12934 12935 12936 12937 12938 12939 12940 12941 12942 12943 12944 12945 12946 12947 12948 12949 12950 12951 12952 12953 12954 12955 12956 12957 12958 12959 12960 12961 12962 12963 12964 12965 12966 12967 12968 12969 12970 12971 12972 12973 12974 12975 12976 12977 12978 12979 12980 12981 12982 12983 12984 12985 
6104 8424 8423 8422 8421 8420 8419 8418 8417 
6356 9572 9571 9570 9569 9568 9567 9566 9565 9564 9563 9562 9561 9560 9559 9557 9558 9573 9574 9575 9576 9577 9578 9579 9580 9581 9582 9583 9584 9585 9586 9587 9588 9589 8357 8356 8355 8354 8353 8352 8351 8350 8349 8348 8347 8346 8345 8344 8343 8342 8341 8340 8339 8338 8337 8336 8335 8334 8333 8332 8331 8330 8329 8328 8327 
6387 6941 6940 6939 6938 6937 6936 6935 6934 6933 6932 6918 6917 6919 6920 6921 6922 6923 6924 6925 6926 6927 6928 6929 6930 6931 6595 
6489 6490 6491 6492 6493 6494 6495 6496 6497 6498 6499 6500 6501 6502 6503 6504 6505 6506 6507 6508 6509 6510 6511 6512 6513 6514 6515 6516 6517 6518 6519 6520 
6489 9619 9618 9617 9616 9615 9614 9613 9612 9611 9610 9609 9608 9607 9606 9605 9604 9603 9602 9601 9600 9599 9598 9597 9596 9595 9594 9593 9592 9590 9591 9620 9621 9622 9623 9624 9625 9626 9627 9628 9629 9630 9631 9632 9633 9634 9635 9636 9637 9638 9639 9640 9641 9642 9643 9644 9645 9646 9647 9648 9649 9650 9651 9652 9653 9654 9655 9656 9657 9535 
6520 6521 6522 6523 6524 6525 6526 6527 6528 6529 6530 6531 6532 6533 6534 6535 6536 6537 6538 6539 6540 6541 6542 6543 6544 6545 6546 6547 6548 6549 6550 6551 6552 6553 6554 6555 6556 6557 6558 6559 6560 6561 6562 6563 6564 6565 6566 6567 6568 6569 
6520 7466 7465 7464 7463 7462 7461 7460 7459 7458 7457 7456 7455 7454 7453 7452 7451 7450 7449 7448 7447 7446 7445 7444 7443 7442 7441 7440 7439 7438 7437 7436 7435 7434 7433 7432 7431 7430 7429 7428 7427 7426 7425 7424 7423 7422 7421 7420 
6569 6570 6571 6572 6573 6574 6575 6576 6577 6578 6579 6580 6581 6582 6583 6584 6585 6586 6587 6588 6589 6590 6591 6592 6593 6594 6595 
6569 6951 6950 6949 6948 6947 6946 6945 6944 6942 6943 6952 6953 6954 6955 6956 6957 6958 6959 6960 6961 6962 6963 6964 6965 6966 6967 6968 6969 6970 6971 6972 6973 6974 6975 6976 6977 6978 6979 6980 6981 6982 6983 6984 6985 6986 6987 6988 6989 6990 6991 6992 6993 6994 6995 6626 
6595 6596 6597 6598 6599 6600 6601 6602 6603 6604 6605 6606 6607 6608 6609 6610 6611 6612 6613 6614 6615 6616 6617 6618 6619 6620 6621 6622 6623 6624 6625 6626 
6697 6696 6695 6694 6693 6692 6691 6690 6689 6688 6686 6687 6791 6792 6793 6794 6795 6796 6797 6798 6799 6800 6801 6802 6803 6804 6805 6806 6807 6808 6809 6810 6811 6812 6813 6814 6815 6816 6817 6818 6819 
6697 6698 6699 6700 6701 6702 6703 6704 6705 6706 6707 6708 6709 6710 6711 6712 6713 6714 6715 6716 6717 6718 6719 6720 6721 6722 6723 6724 6725 6726 6727 6728 
6697 11714 11713 11712 11711 11710 11709 11708 11707 11706 11705 11704 11703 11702 11701 11700 11699 11698 11697 11696 11695 11694 11692 11693 11715 11716 11717 11718 11719 11720 11721 11722 11723 11724 11725 11726 11727 11728 11729 11730 11731 11732 11733 11734 11735 11736 11737 11738 11739 11740 11741 11742 11743 11744 11745 11746 11747 11748 11749 11750 11751 9336 
6728 8042 8041 8040 8039 8038 8037 8036 8035 8034 8033 8032 8031 8030 8029 8028 8027 8026 8025 8024 8023 8022 8021 8020 8019 8018 8017 8016 8015 8014 8013 8012 8011 
6819 11691 11690 11689 11688 11687 11686 11685 11684 11683 11682 11681 11680 11679 11678 11677 11676 11675 11674 11673 11672 11671 11670 11669 11668 11667 11666 11665 11664 11663 11662 11661 11660 11659 11658 11657 11656 11655 11654 11653 11652 11651 11606 11605 11607 11608 11609 11610 11611 11612 11613 11614 11615 11616 11617 11618 11619 11620 11621 11622 11623 11624 11625 11626 11627 11628 11629 11630 11631 11632 11633 11634 11635 11636 11637 11638 11639 11640 11641 11642 11643 11644 11645 11646 11647 11648 11649 11650 11410 
7053 7052 7051 7050 7049 7048 7047 7046 7045 7044 7043 7042 7041 7040 7039 7038 7037 7036 7035 7034 7033 7032 7031 7030 7029 7028 7027 7026 7025 7024 7023 7022 7021 7020 7019 7018 7017 7016 7015 7014 7013 7012 7011 7010 7009 7008 7007 7006 7005 7004 7003 7002 7001 7000 6999 6998 6996 6997 7307 7308 7309 7310 7311 7312 7313 7314 7315 7316 7317 7318 7319 7320 7321 7322 7323 7324 7325 7326 7327 7328 7329 7330 7331 7332 7333 7334 7335 7336 7337 7338 7339 7340 7341 7342 7343 7344 7345 7346 7347 7348 7349 7350 
7053 7054 7055 7056 7057 7058 7059 7060 7061 7062 7063 7064 7065 7066 7067 7068 7069 7070 7071 7072 7073 
7073 7074 7075 7076 7077 7078 7079 7080 7081 7082 7083 7084 7085 7086 7087 7088 7089 7090 7091 7092 7093 7094 7095 7096 7097 7098 7099 7100 7101 7102 7103 7104 7105 7106 7107 7108 7109 7110 7111 7112 7113 7114 7115 7116 7117 7118 7119 7120 7121 7122 7123 7124 7125 7126 7127 7128 7129 7130 7131 7132 7133 7134 7135 7136 7137 7138 7139 7140 7141 7142 7143 7144 7145 7146 7147 7148 7149 7150 7151 7152 7153 7154 7155 7156 7157 7158 7159 7160 7161 7162 7163 
7073 10805 10804 10803 10802 10801 10800 10799 10798 10797 10796 10795 10794 10793 10792 10791 10790 10789 10788 10787 10786 10785 10784 10783 10782 10781 10780 10779 10778 10777 10776 10775 10774 10773 10772 10771 10770 10769 10768 10767 10755 10754 10756 10757 10758 10759 10760 10761 10762 10763 10764 10765 10766 8096 
7163 7164 7165 7166 7167 7168 7169 7170 7171 7172 7173 7174 7175 7176 7177 7178 7179 7180 7181 7182 7183 7184 7185 7186 7187 7188 7189 7190 7191 7192 7193 7194 7195 7196 7197 7198 7199 7200 7201 7202 7203 7204 
7163 10097 10096 10095 10094 10093 10092 10091 10090 10089 10088 10087 10086 10085 10084 10083 10082 10081 10080 10079 10078 10077 10076 10075 10074 10073 10072 10071 10070 10069 10068 10067 10031 10030 10032 10033 10034 10035 10036 10037 10038 10039 10040 10041 10042 10043 10044 10045 
7204 7205 7206 7207 7208 7209 7210 7211 7212 7213 7214 7215 7216 7217 7218 7219 7220 7221 7222 7223 7224 7225 7226 7227 
7204 13334 13333 13332 13331 13330 13329 13328 13327 13326 13325 13324 13323 13322 13321 13320 13319 13318 13317 13316 13315 13314 13313 13312 13311 13310 13309 13308 13307 13306 13305 13304 13303 13301 13302 13335 13336 13337 13338 13339 13340 13341 13342 13343 13344 13345 10045 
7227 9546 9545 9544 9543 9542 9541 9540 9539 9538 9537 9536 9535 
7350 7351 7352 7353 7354 7355 7356 7357 7358 7359 7360 7361 7362 7363 7364 7365 7366 7367 
7350 9809 9808 9807 9806 9805 9804 9803 9802 9801 9800 9799 9798 9797 9796 
7367 7368 7369 7370 7371 7372 7373 7374 7375 7376 7377 7378 7379 7380 7381 7382 7383 7384 7385 7386 7387 7388 7389 7390 7391 7392 7393 7394 7395 7396 7397 7398 7399 7400 7401 7402 7403 7404 7405 7406 7407 7408 7409 7410 7411 7412 7413 7414 7415 7416 7417 7418 7419 7420 
7367 7914 7913 7912 7911 7910 7909 7908 7907 7906 7905 7904 7903 7902 7901 7900 7899 7898 7897 7896 7895 7894 7893 7892 7891 7890 
7420 7653 7652 7651 7650 7649 7648 7647 7646 7645 7644 7643 7642 
7517 7516 7515 7514 7513 7512 7511 7510 7509 7508 7507 7506 7505 7504 7503 7502 7501 7500 7499 7498 7497 7496 7495 7494 7493 7492 7491 7490 7489 7488 7487 7486 7485 7484 7483 7482 7481 7480 7479 7478 7477 7476 7475 7474 7473 7472 7471 7470 7469 7467 7468 7579 7580 7581 7582 7583 7584 7585 7586 7587 7588 7589 7590 7591 7592 7593 7594 7595 7596 7597 7598 7599 7600 7601 7602 7603 7604 7605 7606 7607 7608 7609 7610 7611 7612 7613 
7517 7518 7519 7520 7521 7522 7523 7524 7525 7526 7527 7528 7529 7530 7531 7532 7533 7534 7535 7536 7537 7538 7539 7540 7541 7542 7543 7544 7545 7546 7547 7548 7549 7550 7551 7552 7553 7554 7555 7556 7557 7558 7559 7560 7561 7562 7563 7564 7565 7566 7567 7568 7569 7570 7571 7572 7573 7574 
7517 11808 11807 11806 11805 11804 11803 11802 11801 11800 11799 11798 11797 11796 11795 11794 11793 11792 11791 11790 11789 11788 11787 11786 11785 11784 11783 11782 11781 11780 11779 11778 11777 11776 11775 11774 11773 11772 11771 11770 11769 11768 11767 11766 11765 11764 11763 11762 11761 11760 11759 11758 11757 11756 11755 11754 11752 11753 11809 11810 11811 11812 11813 11814 11815 11816 11817 11818 11819 11820 11821 11822 11823 11824 11825 7613 
7613 7614 7615 7616 7617 7618 7619 7620 7621 7622 7623 7624 7625 7626 7627 7628 7629 7630 7631 7632 7633 7634 7635 7636 7637 7638 7639 7640 7641 7642 
7642 7877 7876 7875 7874 7873 7872 7871 7870 7869 7868 7867 7866 7865 7864 7863 7862 7861 7860 7859 7858 7857 7856 7855 7854 7853 7852 7851 7850 7849 7848 7847 7846 7845 7844 7843 7842 7841 7840 7839 7838 7837 7836 7835 7834 7833 7832 7831 7830 7829 7828 7827 7826 7825 7824 7823 7822 7821 7820 7819 7818 7817 7816 7815 7814 7813 7812 7811 7810 7809 7808 7807 7806 7805 7804 7803 7802 7801 7800 7799 7798 
7664 7663 7662 7661 7660 7659 7658 7657 7656 7654 7655 7691 7692 7693 7694 7695 7696 7697 7698 7699 7700 7701 7702 7703 7704 7705 7706 7707 7708 7709 7710 7711 7712 7713 7714 7715 7716 7717 7718 7719 7720 7721 7722 7723 7724 7725 7726 
7664 8744 8743 8742 8741 8740 8739 8738 8737 8736 8735 8734 8733 8732 8731 8730 8729 8728 8727 8726 8725 8724 8723 8722 8721 8720 8719 8718 8717 8716 8715 8667 8666 8668 8669 8670 8671 8672 8673 8674 8675 8676 8677 8678 8679 8680 8681 8682 8683 8684 8685 8686 8687 8688 8689 8690 8691 8692 8693 8694 8695 8696 8697 8698 8699 8700 8701 8702 8703 8704 8705 8706 8707 8708 8709 8710 8711 8712 8713 8714 7726 
7798 7797 7796 7795 7794 7793 7792 7791 7790 7789 7788 7787 7785 7786 7878 7879 7880 7881 7882 7883 7884 7885 7886 7887 7888 7889 7890 
7798 9976 9975 9974 9973 9972 9971 9970 9969 9968 9967 9966 9965 9964 9963 9962 9961 9960 9959 9958 9957 
7890 11596 11595 11594 11593 11592 11591 11590 11589 11588 11587 11586 11585 11584 11582 11583 11597 11598 11599 11600 11601 11602 11603 11604 9796 
8003 8002 8001 8000 7999 7998 7997 7996 7994 7995 8004 8005 8006 8007 8008 8009 8010 8011 
8011 9403 9402 9401 9400 9399 9398 9397 9396 9395 9394 9393 9392 9391 9390 9389 9388 9387 9386 9385 9384 9383 9382 9381 9380 9379 9378 9377 9376 9375 
8096 8095 8094 8093 8092 8091 8090 8089 8088 8087 8086 8085 8084 8083 8082 8081 8080 8079 8078 8077 8076 8075 8074 8073 8072 8071 8070 8069 8068 8067 8066 8065 8064 8063 8062 8061 8060 8059 8058 8057 8056 8055 8054 8053 8052 8051 8050 8049 8048 8047 8046 8045 8043 8044 8167 8168 8169 8170 8171 8172 8173 8174 8175 8176 8177 8178 8179 8180 8181 
8096 8097 8098 8099 8100 8101 8102 8103 8104 8105 8106 8107 8108 8109 8110 8111 8112 8113 8114 8115 8116 8117 8118 8119 8120 8121 8122 8123 8124 8125 8126 8127 
8127 8871 8870 8869 8868 8867 8866 8865 8864 8863 8862 8861 8860 8859 8858 8857 8856 8855 8854 8853 8852 8851 8850 8849 8848 8847 8746 8745 8747 8748 8749 8750 8751 8752 8753 8754 8755 8756 8757 8758 8759 8760 8761 8762 8763 8764 8765 8766 8767 8768 8769 8770 8771 
8181 8665 8664 8663 8662 8661 8660 8659 8658 8657 8656 8655 8654 8653 8652 8651 8650 8649 8648 8647 8646 8645 8644 8643 8642 8641 8640 8639 8638 8637 8636 8635 8634 8633 8632 8631 8630 8629 8628 8627 8626 8625 8624 8623 8622 8621 8620 8619 8618 8617 8616 8615 8614 8613 8612 8611 8610 8609 8608 
8327 8326 8325 8324 8323 8322 8321 8320 8319 8318 8317 8316 8315 8314 8313 8312 8311 8310 8309 8308 8307 8306 8305 8304 8303 8302 8301 8300 8299 8298 8297 8296 8295 8294 8293 8292 8291 8290 8289 8288 8287 8286 8285 8284 8283 8282 8281 8280 8279 8278 8277 8276 8275 8274 8273 8272 8271 8270 8269 8268 8267 8266 8264 8265 8358 8359 8360 8361 8362 8363 8364 8365 8366 8367 8368 8369 8370 8371 8372 8373 8374 8375 8376 8377 8378 8379 8380 8381 8382 8383 8384 8385 8386 8387 8388 8389 8390 8391 
8327 10169 10168 10167 10166 10165 10164 10163 10162 10161 10160 10159 10158 10157 10156 10155 10154 10153 10152 10151 10150 10149 10148 10147 10146 10145 10144 10143 10142 10141 10140 10139 10138 10137 10136 10135 10134 10133 10132 10131 10130 10129 10128 10127 10126 10125 10124 10123 10122 10121 10120 10119 10118 10117 10116 10099 10098 10100 10101 10102 10103 10104 10105 10106 10107 10108 10109 10110 10111 10112 10113 10114 10115 
8391 8392 8393 8394 8395 8396 8397 8398 8399 8400 8401 8402 8403 8404 8405 8406 8407 8408 8409 8410 8411 8412 8413 8414 8415 8416 8417 
8391 10649 10648 10647 10646 10645 10644 10643 10642 10641 10640 10550 10549 10551 10552 10553 10554 10555 10556 10557 10558 10559 10560 10561 10562 10563 10564 10565 10566 10567 10568 10569 10570 10571 10572 10573 10574 10575 10576 10577 10578 10579 10580 10581 10582 
8417 10639 10638 10637 10636 10635 10634 10633 10632 10631 10630 10629 10628 10627 10626 10625 10624 10623 10622 10621 10620 10619 10618 10617 10616 10615 10614 10613 10612 10611 10610 10609 10608 10607 10606 10605 10604 10603 10602 10601 10600 10599 10598 10597 10596 10595 10594 10593 10592 10591 10590 10589 10588 
8608 10066 10065 10064 10063 10062 10061 10060 10059 10058 10057 10056 10055 10054 10053 10052 10051 10050 10049 10048 10047 10046 10045 
8771 8772 8773 8774 8775 8776 8777 8778 8779 8780 8781 8782 8783 8784 8785 8786 8787 8788 8789 8790 8791 8792 8793 8794 8795 8796 8797 
8797 9119 9118 9117 9116 9115 9114 9113 9112 9111 9110 9109 9108 9107 9106 9105 9104 9103 9102 9101 9100 9099 9098 9097 9096 9095 9094 9093 9092 9091 9090 9089 9088 9087 9086 9085 9084 9083 9082 9081 9080 9079 9078 9077 9076 9075 9074 9073 9072 9071 9070 9069 9068 9067 9066 9065 9064 9063 9062 9061 9060 9059 9058 9057 9056 9055 9054 9053 9052 9051 9050 9049 9048 9047 9046 9045 9044 9043 9042 9041 9040 9039 8931 8930 8932 8933 8934 8935 8936 8937 8938 8939 8940 8941 8942 8943 8944 8945 
8945 8946 8947 8948 8949 8950 8951 8952 8953 8954 8955 8956 8957 8958 8959 8960 8961 8962 8963 8964 8965 8966 8967 8968 8969 8970 8971 8972 8973 8974 8975 8976 8977 8978 8979 8980 8981 8982 8983 8984 8985 8986 8987 8988 8989 8990 8991 8992 8993 8994 8995 8996 8997 8998 8999 9000 9001 9002 9003 9004 9005 9006 9007 9008 9009 9010 9011 9012 9013 9014 9015 9016 9017 9018 9019 9020 9021 9022 9023 9024 9025 9026 
8945 11206 11205 11204 11203 11202 11201 11200 11199 11198 11197 11196 11195 11194 11193 11192 11191 11190 11189 11188 11187 11186 11185 11184 11183 11182 11181 11180 11179 11178 11177 11176 11175 11174 11173 11172 11171 11170 11169 11168 11167 11166 11165 11164 11163 11162 11161 11160 11159 11158 11157 11156 11155 11154 11153 11152 11151 11150 11149 11148 11147 11146 11145 11144 11143 11142 11141 11140 11139 11138 11137 11136 11135 11134 11133 11132 11131 11130 11129 11128 11127 11126 11125 11124 11123 11122 11121 11120 11119 11118 11117 11116 11115 11114 11113 11112 11111 11110 11109 11108 11107 11106 11105 11104 11103 11102 
9026 9027 9028 9029 9030 9031 9032 9033 9034 9035 9036 9037 9038 
9332 9331 9330 9329 9328 9327 9326 9325 9324 9323 9322 9321 9320 9319 9318 9317 9316 9315 9314 9313 9312 9311 9310 9308 9309 9404 9405 9406 9407 9408 9409 9410 9411 9412 9413 9414 9415 9416 9417 9418 9419 9420 9421 9422 9423 9424 9425 9426 9427 9428 9429 9430 9431 9432 9433 9434 9435 9436 9437 9438 9439 9440 9441 9442 9443 9444 9445 9446 9447 9448 9449 9450 9451 9452 9453 9454 9455 9456 9457 9458 9459 9460 9461 9462 9463 9464 9465 9466 9467 9468 9469 9470 9471 9472 9473 9474 9475 9476 9477 9478 9479 9480 9481 9482 9483 9484 9485 9486 9487 9488 9489 9490 9491 9492 9493 9494 9495 9496 9497 9498 9499 9500 9501 9502 9503 9504 9505 9506 9507 9508 9509 
9332 9333 9334 9335 9336 
9332 9510 9509 
9336 9337 9338 9339 9340 9341 9342 9343 9344 9345 9346 9347 9348 9349 9350 9351 9352 9353 9354 9355 9356 9357 9358 9359 9360 9361 9362 9363 9364 9365 9366 9367 9368 9369 9370 9371 9372 9373 9374 9375 
9375 10870 10869 10868 10867 10866 10865 10864 10863 10862 10861 10860 10859 10858 10857 10856 10855 10854 10853 10852 10851 10850 10849 10848 10847 10846 10845 10844 10843 10842 10841 10840 10839 10838 10837 10836 10835 10834 10833 10832 10831 10830 10829 10828 10827 10826 10825 10824 10823 10822 10821 10820 10819 10818 10817 10816 10815 10814 10813 10812 10811 10810 10809 10808 10806 10807 10871 10872 10873 10874 10875 10876 10877 10878 10879 10880 10881 10882 10883 10884 10885 10886 10887 10888 10889 10890 
9509 11466 11465 11464 11463 11462 11461 11460 11459 11458 11457 11456 11455 11454 11453 11452 11451 11450 11449 11448 11447 11446 11445 11444 11443 11442 11441 11440 11439 11438 11437 11436 11435 11434 11433 11432 11431 11430 11429 11428 11427 11426 11425 11424 11423 11422 11421 11420 11419 11418 11417 11416 11415 11414 11413 11412 11411 11410 
9957 9956 9955 9954 9953 9952 9951 9950 9949 9948 9947 9946 9945 9944 9943 9942 9941 9940 9939 9938 9937 9936 9935 9933 9934 9977 9978 9979 9980 9981 9982 9983 9984 9985 9986 9987 9988 9989 9990 9991 9992 9993 9994 9995 9996 9997 9998 9999 10000 10001 10002 10003 10004 10005 10006 10007 10008 10009 10010 10011 10012 10013 10014 10015 10016 10017 10018 10019 10020 10021 10022 10023 10024 10025 10026 10027 10028 10029 9957 
10115 11388 11387 11386 11385 11384 11383 11382 11381 11380 11379 11378 11377 11376 11375 11374 11373 11372 11371 11370 11369 11368 11367 11366 11365 11364 11363 11362 11361 11360 11359 11358 11357 11356 11355 11354 11353 11352 11351 11350 11349 11348 11347 11346 11345 11344 11343 11342 11341 11340 11339 11338 11337 11336 11335 11334 11333 11332 11331 11330 11329 11328 11327 11326 11325 11324 11323 11322 11321 11320 11319 11318 11317 11316 11315 11314 11313 11312 11311 11310 11309 11308 11307 11306 11305 11304 11303 11302 11301 11300 11299 11298 11297 11296 11295 11294 11293 11292 
10115 12650 12649 12648 12647 12646 12645 12644 12643 12642 12641 12640 12639 12638 12637 12636 12635 12634 12633 12632 12631 12630 12629 12628 12627 12626 12625 12624 12623 12622 12621 12620 12619 12618 12617 12616 12615 12614 12613 12612 12611 12610 12609 12608 12607 12606 12605 12604 12603 12602 12601 12600 12599 12598 12597 12596 12595 12594 12593 12592 12591 12590 12589 12588 12587 12586 12585 12584 12583 12582 12581 12580 12579 12578 12577 12576 12575 12574 12573 12572 12571 12570 12569 12568 12567 12566 12565 12564 12563 12562 12561 12560 
10415 11053 11052 11051 11050 11049 11048 11047 11046 11045 11044 11043 11042 11041 11040 11039 11038 11037 11036 11035 11034 11033 11032 11031 11030 11029 11028 11027 11026 11025 11024 11023 11022 11021 11020 11019 11018 11017 11016 11015 11014 11013 11012 11011 11009 11010 11054 11055 11056 11057 11058 11059 11060 11061 11062 11063 11064 11065 11066 11067 11068 
10582 10583 10584 10585 10586 10587 10588 
10582 11581 11580 11579 11578 11577 11576 11575 11574 11573 11572 11571 11570 11569 11568 11567 11566 11565 
10588 12311 12310 12309 12308 12307 12306 12305 12304 12303 12302 12301 12300 12299 12298 12297 12296 12295 12294 12293 12292 12291 12290 12289 12288 12287 12286 12285 12284 12283 12282 12281 12280 12279 12278 12277 12276 12275 12274 12273 12272 12271 12190 12189 12191 12192 12193 12194 12195 12196 12197 12198 12199 12200 12201 12202 12203 12204 12205 12206 12207 12208 12209 12210 12211 12212 12213 12214 12215 12216 12217 12218 12219 12220 12221 12222 12223 12224 12225 12226 12227 12228 12229 12230 12231 12232 12233 12234 12235 12236 12237 12238 12239 12240 12241 12242 12243 12244 12245 12246 12247 12248 12249 12250 12251 12252 12253 12254 12255 12256 12257 12258 12259 12260 12261 12262 12263 12264 12265 12266 12267 12268 12269 12270 11472 
10890 11099 11098 11097 11096 11095 11094 11093 11092 11091 11090 11089 11088 11087 11086 11085 11084 11083 11082 11081 11080 11079 11078 11077 11076 11075 11074 11073 11072 11071 11069 11070 11100 11101 11102 
11102 13383 13382 13381 13380 13379 13378 13377 13376 13375 13374 13373 13372 13347 13346 13348 13349 13350 13351 13352 13353 13354 13355 13356 13357 13358 13359 13360 13361 13362 13363 13364 13365 13366 13367 13368 13369 13370 13371 
11216 11215 11214 11213 11212 11211 11210 11209 11207 11208 11217 11218 11219 11220 11221 11222 11223 11224 11225 11226 11227 11228 11229 11230 11231 11232 11233 11234 11235 11236 11237 11238 11239 11240 11241 11242 11243 11244 11245 11246 11247 11248 11249 11250 11251 11252 11253 11254 11255 11256 11257 11258 11259 11260 11261 11262 11263 11264 11265 11266 11267 11268 11269 11270 11271 11272 11273 11274 11275 11276 11277 11278 11279 11280 11281 11282 11283 11284 11285 11286 11287 11288 11289 11290 11291 11292 
11292 11931 11930 11929 11928 11927 11926 11925 11924 11923 11922 11921 11920 11919 11918 11917 11916 11915 11914 11913 11912 11911 11910 11909 11908 11907 11906 11905 11904 11903 11902 11901 11900 11899 11898 11897 11896 11895 11894 11893 11892 11891 11890 11889 11888 11887 11886 11885 11884 11883 11882 11881 11880 11879 11878 11877 11876 11875 11874 11873 11872 11871 11870 11869 11868 11867 11866 11865 11864 11863 11862 11861 11860 11859 11858 11857 11856 
11400 11399 11398 11397 11396 11395 11394 11393 11392 11391 11389 11390 11467 11468 11469 11470 11471 11472 
11400 11401 11402 11403 11404 11405 11406 11407 11408 11409 11410 
11400 13551 13550 13549 13548 13547 13546 13545 13544 13543 13542 13541 13540 13539 13538 13537 13536 13535 13534 13533 13532 13531 13530 13529 13528 13527 13526 13525 13524 13523 13522 13521 13520 13519 13518 13517 13516 13515 13514 13513 13512 13511 13510 13509 13508 13507 13506 13505 13504 13503 13502 13501 13500 13499 13498 13497 13496 13495 13494 13493 13492 13491 13490 13489 13488 13487 13486 13485 13484 13483 13482 13481 13480 13479 13478 13477 13476 13475 13474 13473 13472 13471 13470 13469 13468 13467 13466 13465 13464 13463 13462 13461 13460 13459 13458 13457 13456 13455 13454 13453 13452 13451 13450 13449 13448 13447 13446 13445 13444 13443 13442 13441 13440 13439 13438 13437 13436 13435 13434 13433 13432 13431 13430 13429 13428 13427 13426 13425 13424 13423 13422 13421 13420 13419 13418 13417 13416 13415 13414 13413 13412 13411 13410 13409 13408 13407 13406 13405 13404 13403 13402 13401 13400 13399 13398 13397 13396 13395 13394 13393 13392 13391 13390 13389 13388 13387 13386 13384 13385 13552 13553 13554 13555 13556 13557 13558 13559 13560 13561 13562 12751 
11472 11473 11474 11475 11476 11477 11478 11479 11480 11481 11482 11483 11484 11485 11486 11487 11488 11489 11490 11491 11492 11493 11494 11495 11496 11497 11498 11499 11500 11501 11502 11503 11504 11505 11506 11507 11508 11509 11510 11511 11512 11513 11514 11515 11516 11517 11518 11519 11520 11521 11522 11523 11524 11525 11526 11527 
11527 11528 11529 11530 11531 11532 11533 11534 11535 11536 11537 11538 11539 11540 11541 11542 11543 11544 11545 11546 11547 11548 11549 11550 11551 11552 11553 11554 11555 11556 11557 11558 11559 11560 11561 11562 11563 11564 11565 
11527 12451 12450 12449 12448 12447 12446 12445 12444 12443 12442 12441 12440 12439 12438 12437 12436 12435 12434 12433 12432 12431 12430 12429 12428 12427 12426 12425 12424 12423 12422 12421 12420 12419 12418 12417 12416 12415 12414 12413 12412 12411 12410 12409 12408 12407 12406 12405 12404 12403 12402 12401 12336 12335 12337 12338 12339 12340 12341 12342 12343 12344 12345 12346 12347 12348 12349 12350 12351 12352 12353 12354 12355 12356 12357 12358 12359 12360 12361 12362 12363 12364 12365 12366 12367 12368 12369 12370 12371 12372 12373 12374 12375 12376 12377 12378 12379 12380 12381 12382 12383 12384 12385 12386 12387 12388 12389 12390 12391 12392 12393 12394 12395 12396 12397 12398 12399 12400 11565 
11856 11855 11854 11853 11852 11851 11850 11849 11848 11847 11846 11845 11844 11843 11842 11841 11840 11839 11838 11837 11836 11835 11834 11833 11832 11831 11830 11829 11828 11826 11827 11932 11933 11934 11935 11936 11937 11938 11939 11940 11941 11942 11943 11944 11945 11946 11947 11948 11949 11950 11951 11952 11953 11954 11955 11956 11957 11958 11959 11960 11961 11962 11963 11964 11965 11966 11967 11968 11969 11970 11971 11972 11973 11974 11975 11976 11977 11978 11979 11980 11981 11982 11983 11984 11985 11986 11987 11988 11989 11990 11991 11992 11993 11994 11995 11996 11997 11998 11999 12000 12001 12002 12003 12004 12005 12006 12007 12008 12009 12010 12011 12012 12013 12014 12015 12016 12017 12018 12019 12020 12021 12022 12023 12024 12025 12026 12027 12028 12029 12030 12031 12032 12033 12034 12035 12036 12037 12038 12039 12040 12041 12042 12043 12044 12045 12046 12047 12048 12049 12050 12051 12052 12053 12054 12055 12056 12057 12058 12059 12060 12061 12062 12063 12064 12065 12066 12067 12068 12069 12070 12071 12072 12073 12074 12075 12076 12077 12078 12079 
11856 12188 12187 12186 12185 12184 12183 12182 12181 12180 12179 12178 12177 12176 12175 12174 12173 12172 12171 12170 12169 12168 12167 12166 12165 12164 12163 12162 12161 12160 12159 12158 12157 12156 12155 12154 12153 12152 12151 12150 12149 12148 12147 12146 12145 12144 12143 12142 12141 12140 12139 12138 12137 
12079 12080 12081 12082 12083 12084 12085 12086 12087 12088 12089 12090 12091 12092 12093 12094 12095 12096 12097 12098 12099 12100 12101 12102 12103 12104 
12079 12334 12333 12332 12331 12330 12329 12313 12312 12314 12315 12316 12317 12318 12319 12320 12321 12322 12323 12324 12325 12326 12327 12328 12137 
12104 12105 12106 12107 12108 12109 12110 12111 12112 12113 12114 12115 12116 12117 12118 12119 12120 12121 12122 12123 12124 12125 12126 12127 12128 12129 12130 12131 12132 12133 12134 12135 12136 12137 
12104 12801 12800 12799 12798 12797 12796 12795 12794 12793 12792 12791 12790 12789 12788 12787 12786 12785 12784 12783 12782 12781 12780 12779 12778 12777 12776 12775 12773 12774 12802 12803 12804 12805 12806 12807 12808 12809 12810 12811 12812 12813 12814 12815 12816 12817 12818 12819 12820 12821 12822 12823 12824 12825 12826 12827 12828 12829 12830 12752 12751 
12751 12750 12749 12748 12747 12746 12745 12744 12743 12742 12741 12740 12739 12738 12737 12735 12736 12753 12754 12755 12756 12757 12758 12759 12760 12761 12762 12763 12764 12765 12766 12767 12768 12769 12770 12771 12772 
