383 65
384 65
383 64
382 64
381 64
381 63
380 63
379 63
378 63
377 63
377 62
378 62
379 62
379 61
380 61
380 60
380 59
381 59
381 58
381 57
381 56
381 55
381 54
380 54
380 53
379 53
378 53
378 52
377 52
377 51
376 51
376 50
375 50
375 49
374 49
385 65
386 65
387 65
388 65
389 65
390 65
391 65
392 65
393 65
394 65
395 65
395 66
396 66
476 259
476 258
476 260
476 261
476 262
476 263
477 263
477 264
476 257
476 256
476 255
477 255
477 254
478 254
479 254
479 253
480 253
481 253
482 253
482 252
482 251
483 251
483 250
483 249
484 249
484 248
485 248
485 249
486 249
486 250
486 251
487 251
487 252
488 252
488 253
489 253
378 337
378 338
377 337
377 336
376 336
376 335
376 334
375 334
374 334
374 333
373 333
372 333
371 333
370 333
370 332
369 332
369 331
368 331
368 330
368 329
368 328
368 327
368 326
367 326
367 325
366 325
365 325
364 325
363 325
363 324
362 324
361 324
360 324
359 324
358 324
357 324
356 324
355 324
354 324
353 324
352 324
351 324
350 324
349 324
378 339
378 340
378 341
379 341
379 342
380 342
380 343
358 62
358 61
359 62
360 62
360 63
361 63
361 64
362 64
362 65
362 66
362 67
362 68
363 68
363 67
363 66
363 65
364 65
364 64
365 64
366 64
367 64
368 64
369 64
370 64
371 64
372 64
373 64
374 64
375 64
376 64
376 63
358 60
357 60
357 59
356 59
355 59
355 58
355 57
355 56
355 55
355 54
355 53
355 52
354 52
353 52
353 51
352 51
351 51
350 51
349 51
348 51
347 51
487 243
487 244
487 242
488 242
488 241
489 241
489 240
490 240
487 245
487 246
486 246
486 247
485 247
475 229
474 229
476 229
476 228
477 228
478 228
479 228
480 228
481 228
482 228
483 228
484 228
485 228
485 229
486 229
487 229
488 229
489 229
489 228
490 228
490 229
491 229
492 229
493 229
494 229
495 229
496 229
497 229
498 229
499 229
500 229
501 229
502 229
502 228
474 230
473 230
472 230
472 231
471 231
471 232
471 233
471 234
471 235
471 236
471 237
471 238
470 238
470 239
470 240
469 240
469 241
470 241
471 241
471 242
472 242
472 243
473 243
473 244
474 244
475 244
475 245
476 245
477 245
477 246
478 246
479 246
480 246
481 246
482 246
482 247
483 247
484 247
425 281
425 280
425 282
424 282
424 283
423 283
422 283
422 282
421 282
421 281
420 281
420 280
419 280
419 279
418 279
417 279
416 279
415 279
414 279
413 279
413 278
412 278
412 277
411 277
410 277
410 276
409 276
408 276
407 276
407 275
406 275
405 275
404 275
404 276
403 276
402 276
401 276
401 277
400 277
400 278
399 278
399 279
398 279
398 280
425 279
425 278
425 277
425 276
425 275
425 274
425 273
426 273
427 273
428 273
429 273
430 273
431 273
431 272
432 272
433 272
434 272
435 272
436 272
437 272
438 272
439 272
439 271
440 271
440 270
440 269
441 269
441 268
479 95
479 96
478 95
478 94
477 94
477 93
476 93
476 92
475 92
475 91
475 90
474 90
473 90
473 89
472 89
471 89
470 89
469 89
468 89
467 89
467 88
466 88
465 88
464 88
464 87
463 87
463 88
462 88
461 88
461 89
460 89
459 89
458 89
457 89
456 89
455 89
454 89
453 89
452 89
451 89
450 89
449 89
448 89
447 89
446 89
445 89
444 89
443 89
442 89
441 89
441 90
440 90
440 91
479 97
479 98
479 99
479 100
479 101
479 102
479 103
479 104
479 105
479 106
479 107
479 108
479 109
478 109
478 110
477 110
492 263
492 262
492 264
492 265
492 266
492 267
492 268
492 269
493 269
493 268
494 268
495 268
496 268
497 268
498 268
499 268
500 268
500 269
499 269
499 270
499 271
499 272
499 273
499 274
499 275
499 276
498 276
497 276
496 276
495 276
494 276
493 276
492 276
492 277
492 278
492 279
492 280
492 281
492 282
492 283
492 284
492 285
493 285
493 286
493 287
493 288
493 289
493 290
493 291
493 292
493 293
493 294
492 294
492 295
491 295
490 295
490 296
489 296
488 296
488 297
488 298
487 298
487 297
486 297
486 296
485 296
484 296
483 296
482 296
481 296
480 296
479 296
478 296
478 297
478 298
478 299
478 300
478 301
477 301
477 302
477 303
476 303
476 304
476 305
475 305
475 306
474 306
474 307
473 307
472 307
471 307
470 307
469 307
469 308
470 308
471 308
472 308
472 309
472 310
472 311
472 312
472 313
473 313
474 313
474 314
475 314
475 315
474 315
473 315
472 315
471 315
470 315
469 315
469 316
468 316
467 316
467 317
466 317
466 318
465 318
465 319
465 320
464 320
464 321
463 321
463 322
463 323
462 323
461 323
461 324
461 325
460 325
460 326
459 326
459 327
459 328
459 329
459 330
459 331
459 332
460 332
460 333
461 333
462 333
462 334
463 334
463 335
463 336
463 337
463 338
463 339
463 340
463 341
462 341
461 341
460 341
459 341
458 341
457 341
456 341
455 341
454 341
454 342
454 343
454 344
454 345
454 346
454 347
453 347
452 347
451 347
450 347
450 346
449 346
448 346
448 345
447 345
447 344
446 344
446 345
446 346
446 347
446 348
446 349
446 350
446 351
445 351
445 350
445 349
444 349
443 349
442 349
441 349
440 349
439 349
438 349
437 349
436 349
435 349
434 349
433 349
432 349
431 349
430 349
429 349
428 349
428 350
427 350
426 350
425 350
424 350
423 350
422 350
421 350
421 349
420 349
420 348
420 347
420 346
420 345
419 345
419 344
419 343
418 343
418 342
418 341
417 341
417 340
417 339
417 338
416 338
415 338
414 338
413 338
412 338
411 338
411 337
410 337
409 337
408 337
407 337
406 337
405 337
404 337
403 337
402 337
402 336
401 336
400 336
399 336
398 336
397 336
396 336
395 336
394 336
393 336
392 336
392 337
391 337
391 338
390 338
390 339
389 339
389 340
388 340
387 340
386 340
385 340
384 340
383 340
382 340
382 341
381 341
381 342
492 261
491 261
491 260
491 259
490 259
490 258
490 257
490 256
490 255
490 254
489 254
458 170
459 170
457 170
456 170
456 169
455 169
454 169
453 169
453 170
452 170
452 171
451 171
451 172
450 172
449 172
448 172
447 172
447 173
446 173
445 173
445 174
460 170
461 170
462 170
463 170
464 170
465 170
465 171
466 171
467 171
468 171
469 171
470 171
471 171
472 171
473 171
474 171
474 172
475 172
476 172
477 172
477 173
478 173
478 174
479 174
479 175
480 175
480 176
480 177
481 177
481 178
481 179
481 180
481 181
481 182
481 183
482 183
483 183
404 111
405 111
404 110
404 109
404 108
404 107
403 107
403 106
402 106
402 105
402 104
402 103
402 102
402 101
403 101
404 101
404 100
405 100
405 99
406 99
406 98
407 98
407 97
408 97
409 97
410 97
411 97
411 96
412 96
413 96
413 97
414 97
415 97
416 97
417 97
418 97
419 97
420 97
421 97
422 97
422 96
423 96
424 96
424 95
425 95
425 94
426 94
427 94
427 93
428 93
429 93
429 92
430 92
431 92
432 92
433 92
434 92
435 92
436 92
437 92
438 92
439 92
440 92
405 112
406 112
406 113
407 113
407 114
407 115
408 115
408 116
409 116
409 117
410 117
410 118
411 118
412 118
412 117
413 117
414 117
415 117
415 116
416 116
416 115
416 114
417 114
417 113
417 112
418 112
418 111
419 111
420 111
420 110
421 110
422 110
423 110
424 110
424 111
425 111
426 111
426 112
427 112
428 112
428 113
429 113
429 114
430 114
430 115
430 116
431 116
431 117
432 117
433 117
434 117
435 117
436 117
437 117
438 117
439 117
440 117
441 117
442 117
443 117
444 117
445 117
445 116
446 116
447 116
447 115
448 115
449 115
450 115
451 115
452 115
453 115
454 115
455 115
456 115
457 115
458 115
459 115
460 115
461 115
462 115
463 115
464 115
465 115
466 115
466 114
466 113
466 112
467 112
468 112
468 111
469 111
470 111
471 111
472 111
473 111
474 111
475 111
476 111
476 110
459 202
458 202
460 202
461 202
461 203
462 203
462 204
463 204
463 205
463 206
463 207
463 208
463 209
463 210
463 211
464 211
465 211
466 211
467 211
468 211
469 211
470 211
470 210
471 210
471 209
471 208
472 208
472 207
473 207
473 206
473 205
474 205
474 204
475 204
476 204
477 204
477 203
478 203
478 202
479 202
480 202
480 201
481 201
482 201
483 201
484 201
485 201
486 201
487 201
487 202
488 202
489 202
490 202
490 203
491 203
492 203
492 204
493 204
494 204
494 205
495 205
496 205
497 205
498 205
499 205
500 205
500 206
500 207
500 208
500 209
500 210
501 210
501 211
501 212
502 212
502 213
502 214
502 215
502 216
503 216
503 217
504 217
504 218
504 219
504 220
504 221
504 222
504 223
504 224
504 225
504 226
503 226
503 227
503 228
457 202
456 202
455 202
454 202
454 203
453 203
452 203
451 203
450 203
449 203
448 203
447 203
447 204
446 204
445 204
445 203
444 203
443 203
442 203
441 203
441 202
441 201
441 200
441 199
441 198
441 197
441 196
442 196
442 195
442 194
442 193
441 193
441 192
441 191
440 191
440 190
439 190
438 190
437 190
436 190
436 189
437 189
438 189
439 189
439 188
439 187
440 187
441 187
442 187
443 187
444 187
444 186
444 185
443 185
443 184
442 184
441 184
440 184
440 183
440 182
440 181
440 180
441 180
441 179
441 178
441 177
442 177
442 176
443 176
443 175
444 175
444 174
454 18
454 17
454 19
454 20
454 21
455 21
456 21
457 21
458 21
459 21
460 21
460 20
461 20
462 20
462 19
463 19
463 18
463 17
464 17
464 16
465 16
465 15
466 15
466 14
466 13
466 12
466 11
466 10
467 10
467 9
467 8
468 8
468 7
469 7
469 6
470 6
471 6
472 6
473 6
474 6
475 6
476 6
477 6
454 16
454 15
454 14
454 13
454 12
454 11
455 11
506 64
506 65
506 63
507 63
507 62
508 62
508 61
508 60
509 60
509 59
509 58
510 58
510 57
511 57
511 56
506 66
506 67
506 68
505 68
505 69
505 70
504 70
504 71
504 72
503 72
503 73
502 73
502 74
501 74
501 75
500 75
499 75
499 76
499 77
498 77
498 78
497 78
496 78
495 78
494 78
493 78
492 78
491 78
491 79
491 80
491 81
491 82
491 83
492 83
492 84
492 85
493 85
493 86
493 87
493 88
493 89
493 90
493 91
494 91
494 92
494 93
494 94
495 94
495 95
495 96
496 96
496 97
497 97
497 98
497 99
498 99
498 100
499 100
500 100
501 100
502 100
502 101
503 101
503 102
503 103
503 104
503 105
504 105
504 106
503 106
502 106
502 107
501 107
500 107
500 108
499 108
499 109
498 109
498 110
497 110
497 111
496 111
495 111
495 112
496 112
496 113
497 113
497 114
497 115
496 115
495 115
494 115
493 115
492 115
491 115
490 115
489 115
488 115
487 115
486 115
485 115
485 114
485 113
485 112
485 111
485 110
484 110
484 109
483 109
482 109
481 109
480 109
428 79
427 79
429 79
429 78
430 78
431 78
431 79
432 79
432 80
433 80
434 80
434 81
435 81
435 82
436 82
436 83
437 83
437 84
437 85
437 86
437 87
437 88
438 88
438 89
439 89
439 90
426 79
425 79
424 79
424 80
423 80
422 80
422 81
421 81
420 81
419 81
418 81
417 81
416 81
415 81
414 81
413 81
412 81
411 81
410 81
410 80
409 80
409 79
408 79
408 78
408 77
407 77
407 76
406 76
405 76
404 76
403 76
402 76
401 76
400 76
399 76
398 76
398 77
398 78
398 79
397 79
397 80
397 81
396 81
396 80
395 80
395 79
395 78
395 77
395 76
395 75
395 74
395 73
395 72
395 71
395 70
395 69
395 68
395 67
396 67
473 213
473 214
473 212
473 211
473 210
473 209
472 209
473 215
474 215
474 216
475 216
475 217
476 217
476 218
477 218
477 219
478 219
478 220
479 220
479 221
480 221
480 222
480 223
481 223
481 224
481 225
482 225
482 226
483 226
483 227
484 227
485 140
485 139
485 141
484 141
484 142
483 142
483 143
482 143
482 144
481 144
481 145
480 145
479 145
479 146
479 147
479 148
479 149
479 150
479 151
479 152
479 153
478 153
478 154
478 155
477 155
477 156
476 156
475 156
474 156
473 156
472 156
472 157
472 158
473 158
473 159
474 159
474 160
475 160
475 161
476 161
476 162
476 163
476 164
476 165
476 166
476 167
477 167
477 168
477 169
477 170
477 171
485 138
485 137
485 136
485 135
485 134
486 134
487 134
487 133
488 133
489 133
489 132
490 132
490 131
491 131
491 130
490 130
490 129
490 128
490 127
490 126
490 125
490 124
490 123
490 122
490 121
490 120
490 119
490 118
490 117
490 116
489 116
488 116
487 116
486 116
485 116
484 78
485 78
483 78
482 78
481 78
480 78
479 78
479 79
478 79
477 79
476 79
476 80
475 80
474 80
473 80
472 80
471 80
471 81
470 81
470 82
469 82
469 83
468 83
468 84
467 84
467 85
467 86
467 87
466 87
465 87
486 78
487 78
488 78
489 78
490 78
425 135
426 135
425 134
424 134
423 134
423 133
422 133
422 132
421 132
420 132
420 131
419 131
418 131
417 131
417 130
416 130
415 130
414 130
413 130
412 130
411 130
410 130
409 130
409 129
408 129
408 128
407 128
407 129
407 130
407 131
407 132
406 132
406 133
405 133
405 134
404 134
403 134
403 135
404 135
404 136
405 136
405 137
405 138
406 138
406 139
407 139
407 140
408 140
427 135
428 135
429 135
430 135
431 135
431 134
431 133
431 132
432 132
432 131
432 130
432 129
433 129
433 128
434 128
434 127
434 126
435 126
435 125
436 125
436 124
437 124
437 123
438 123
438 122
438 121
438 120
438 119
438 118
437 118
359 127
359 126
359 128
359 129
359 130
359 131
359 132
358 132
358 133
357 133
357 134
358 134
358 135
359 135
359 136
360 136
360 137
360 138
361 138
362 138
363 138
364 138
364 137
365 137
365 136
366 136
366 135
366 134
367 134
367 133
368 133
369 133
369 134
370 134
370 135
371 135
372 135
372 136
373 136
373 137
374 137
374 138
374 139
375 139
375 140
376 140
377 140
378 140
379 140
380 140
381 140
382 140
383 140
383 141
383 142
383 143
384 143
384 144
385 144
385 145
385 146
385 147
385 148
385 149
385 150
385 151
386 151
386 152
387 152
387 153
388 153
388 152
389 152
390 152
391 152
392 152
393 152
393 151
394 151
395 151
396 151
396 150
397 150
397 149
397 148
397 147
398 147
399 147
400 147
401 147
402 147
403 147
403 146
404 146
405 146
405 145
405 144
406 144
406 143
406 142
407 142
407 141
408 141
359 125
359 124
359 123
359 122
359 121
359 120
359 119
358 119
358 118
357 118
356 118
356 117
355 117
355 116
354 116
354 115
398 129
398 130
398 128
397 128
397 127
397 126
397 125
396 125
396 124
396 123
395 123
395 122
399 130
399 131
400 131
400 132
401 132
401 133
402 133
402 134
345 74
344 74
345 75
346 75
346 76
347 76
348 76
348 77
349 77
350 77
351 77
351 76
352 76
352 75
353 75
353 74
353 73
354 73
354 74
354 75
355 75
356 75
357 75
358 75
359 75
360 75
360 74
361 74
361 73
361 72
361 71
361 70
361 69
362 69
343 74
342 74
341 74
341 73
340 73
340 72
340 71
340 70
340 69
340 68
341 68
341 67
341 66
341 65
341 64
341 63
340 63
340 62
340 61
340 60
340 59
340 58
340 57
340 56
340 55
341 55
341 54
342 54
342 53
343 53
344 53
345 53
345 52
346 52
347 52
372 78
372 79
372 77
373 77
373 76
374 76
374 75
375 75
376 75
376 74
377 74
377 73
377 72
377 71
377 70
377 69
377 68
377 67
377 66
377 65
377 64
372 80
372 81
372 82
373 82
374 82
374 83
375 83
375 84
376 84
376 85
376 86
376 87
376 88
376 89
375 89
375 90
452 279
452 280
452 278
452 277
452 276
452 275
452 274
452 273
452 272
452 271
452 270
451 270
451 271
451 272
450 272
450 273
450 274
450 275
449 275
448 275
447 275
446 275
445 275
444 275
443 275
442 275
442 274
442 273
442 272
442 271
442 270
442 269
442 268
452 281
452 282
451 282
450 282
449 282
448 282
447 282
446 282
446 283
447 283
447 284
447 285
447 286
447 287
447 288
447 289
447 290
448 290
448 291
448 292
449 292
449 293
449 294
450 294
451 294
451 295
452 295
452 296
453 296
453 297
454 297
455 297
456 297
457 297
458 297
459 297
460 297
460 298
461 298
462 298
462 299
463 299
463 300
463 301
464 301
464 302
464 303
465 303
465 304
466 304
466 305
466 306
467 306
467 307
468 307
496 155
497 155
496 154
495 154
494 154
493 154
492 154
491 154
490 154
490 155
490 156
490 157
490 158
489 158
489 159
489 160
488 160
488 161
487 161
487 162
486 162
486 163
485 163
485 164
485 165
485 166
485 167
485 168
485 169
486 169
486 170
485 170
485 171
484 171
483 171
482 171
481 171
480 171
480 172
479 172
479 173
497 156
498 156
498 157
499 157
499 158
500 158
501 158
501 159
502 159
503 159
503 160
504 160
504 161
505 161
505 162
506 162
506 163
506 164
506 165
506 166
506 167
507 167
507 168
508 168
508 169
509 169
509 170
509 171
509 172
509 173
509 174
509 175
509 176
510 176
511 176
511 177
510 177
509 177
508 177
507 177
506 177
506 178
505 178
505 179
505 180
505 181
505 182
505 183
505 184
504 184
504 185
504 186
505 186
506 186
507 186
508 186
509 186
510 186
511 186
511 187
511 188
511 189
511 190
511 191
511 192
511 193
511 194
511 195
511 196
511 197
511 198
511 199
511 200
511 201
511 202
510 202
509 202
508 202
508 203
508 204
508 205
508 206
507 206
507 207
506 207
506 208
505 208
504 208
504 209
503 209
503 210
502 210
502 211
429 140
429 141
429 139
429 138
429 137
429 136
430 136
428 141
428 142
428 143
427 143
427 144
426 144
425 144
424 144
424 145
423 145
423 146
422 146
422 147
422 148
422 149
422 150
422 151
421 151
421 152
420 152
419 152
418 152
418 153
417 153
417 154
417 155
417 156
417 157
417 158
416 158
416 159
415 159
414 159
413 159
412 159
412 160
411 160
411 159
410 159
410 158
409 158
409 157
408 157
408 156
407 156
407 155
406 155
405 155
405 154
404 154
403 154
403 153
402 153
401 153
401 152
400 152
400 151
399 151
399 150
398 150
398 149
398 148
336 245
335 245
337 245
338 245
338 244
339 244
339 243
340 243
340 242
341 242
341 243
342 243
342 244
343 244
344 244
344 245
344 246
344 247
344 248
344 249
345 249
345 250
345 251
346 251
346 252
347 252
347 253
348 253
348 254
348 255
348 256
348 257
348 258
348 259
348 260
348 261
347 261
347 262
347 263
347 264
348 264
348 265
349 265
350 265
351 265
352 265
353 265
354 265
355 265
356 265
357 265
357 264
334 245
333 245
332 245
331 245
330 245
329 245
329 244
328 244
370 242
369 242
371 242
371 243
371 244
372 244
372 245
373 245
373 246
374 246
374 247
375 247
376 247
377 247
378 247
379 247
380 247
380 248
380 249
380 250
380 251
380 252
380 253
380 254
381 254
381 255
381 256
381 257
382 257
383 257
383 256
384 256
384 255
385 255
385 254
386 254
387 254
388 254
388 255
389 255
390 255
391 255
392 255
393 255
394 255
394 256
395 256
396 256
397 256
398 256
399 256
399 257
400 257
401 257
402 257
402 258
403 258
403 259
403 260
403 261
403 262
403 263
403 264
403 265
403 266
403 267
403 268
403 269
403 270
403 271
403 272
403 273
403 274
403 275
368 242
367 242
366 242
365 242
364 242
363 242
363 241
362 241
361 241
361 240
360 240
359 240
358 240
357 240
356 240
355 240
354 240
353 240
353 239
352 239
351 239
350 239
349 239
348 239
347 239
346 239
345 239
345 240
345 241
344 241
343 241
342 241
341 241
439 246
438 246
440 246
441 246
442 246
443 246
443 247
444 247
445 247
446 247
447 247
448 247
449 247
449 248
450 248
451 248
452 248
453 248
454 248
455 248
455 247
456 247
456 246
457 246
457 245
458 245
458 244
458 243
459 243
460 243
461 243
462 243
463 243
464 243
464 242
465 242
466 242
467 242
467 241
468 241
437 246
437 247
436 247
435 247
435 246
434 246
433 246
432 246
431 246
430 246
429 246
428 246
428 245
429 245
429 244
429 243
429 242
429 241
429 240
429 239
429 238
429 237
429 236
429 235
429 234
429 233
430 233
430 232
431 232
431 231
431 230
431 229
430 229
429 229
428 229
427 229
427 228
426 228
425 228
425 227
424 227
423 227
422 227
421 227
420 227
420 226
419 226
418 226
418 225
417 225
417 224
417 223
417 222
418 222
418 221
419 221
419 220
418 220
418 219
418 218
418 217
418 216
418 215
418 214
418 213
417 213
417 212
418 212
418 211
418 210
418 209
418 208
418 207
418 206
419 206
419 205
420 205
420 204
421 204
422 204
422 203
423 203
424 203
425 203
426 203
426 202
427 202
427 201
427 200
427 199
428 199
428 198
429 198
429 197
430 197
430 196
431 196
431 195
432 195
432 194
432 193
432 192
433 192
433 191
434 191
434 190
435 190
507 250
506 250
507 251
507 252
507 253
507 254
507 255
507 256
506 256
506 257
506 258
505 258
505 259
504 259
504 260
504 261
504 262
504 263
504 264
504 265
504 266
504 267
503 267
503 268
502 268
501 268
506 249
506 248
505 248
505 247
504 247
504 246
504 245
504 244
504 243
504 242
504 241
504 240
504 239
504 238
504 237
504 236
504 235
504 234
503 234
503 233
503 232
503 231
503 230
503 229
371 35
370 35
372 35
372 34
373 34
374 34
374 33
375 33
376 33
377 33
378 33
379 33
380 33
381 33
382 33
383 33
384 33
385 33
386 33
386 34
387 34
388 34
389 34
390 34
391 34
391 35
392 35
392 36
392 37
392 38
392 39
392 40
391 40
391 41
391 42
391 43
391 44
391 45
391 46
392 46
392 47
392 48
392 49
393 49
393 50
392 50
392 51
392 52
392 53
392 54
392 55
392 56
392 57
391 57
391 58
391 59
390 59
390 60
390 61
390 62
390 63
390 64
389 64
370 36
369 36
368 36
368 37
367 37
367 38
366 38
366 39
366 40
366 41
366 42
366 43
366 44
366 45
367 45
368 45
369 45
369 46
370 46
371 46
371 47
372 47
372 48
373 48
374 48
366 177
365 177
367 177
367 178
368 178
369 178
370 178
371 178
371 179
372 179
373 179
373 180
374 180
375 180
376 180
376 181
377 181
377 182
378 182
378 183
379 183
379 184
379 185
380 185
380 186
380 187
380 188
380 189
380 190
381 190
382 190
383 190
384 190
385 190
385 191
386 191
386 192
387 192
388 192
388 193
389 193
390 193
390 194
391 194
391 195
392 195
393 195
393 196
394 196
394 197
394 198
395 198
395 197
396 197
396 196
396 195
397 195
397 194
397 193
398 193
398 192
398 191
399 191
400 191
401 191
401 190
402 190
403 190
404 190
405 190
405 191
406 191
407 191
407 192
408 192
408 193
409 193
409 194
409 195
409 196
409 197
409 198
409 199
409 200
409 201
409 202
410 202
411 202
411 203
410 203
410 204
410 205
410 206
410 207
410 208
410 209
410 210
411 210
412 210
413 210
414 210
414 211
415 211
416 211
416 212
364 177
364 176
363 176
362 176
361 176
361 175
360 175
359 175
359 174
358 174
358 173
357 173
357 172
356 172
356 171
355 171
409 357
409 358
409 356
409 355
409 354
408 354
408 353
407 353
407 352
406 352
406 351
406 350
405 350
405 349
405 348
405 347
405 346
404 346
404 345
403 345
403 344
402 344
402 343
402 342
402 341
402 340
402 339
402 338
409 359
409 360
409 361
409 362
409 363
408 363
407 363
406 363
406 364
405 364
405 365
404 365
404 366
404 367
404 368
404 369
404 370
405 370
405 371
405 372
406 372
406 373
407 373
407 374
407 375
408 375
408 376
408 377
409 377
409 378
409 379
409 380
409 381
409 382
409 383
409 384
409 385
410 385
411 385
412 385
413 385
414 385
414 386
415 386
415 387
416 387
416 388
416 389
417 389
417 390
417 391
418 391
418 392
418 393
418 394
418 395
419 395
419 396
419 397
420 397
420 398
421 398
421 399
420 399
420 400
419 400
418 400
418 401
417 401
416 401
416 402
415 402
414 402
414 403
414 404
414 405
414 406
414 407
414 408
413 408
413 409
412 409
411 409
411 410
410 410
409 410
409 411
408 411
406 45
407 45
405 45
404 45
403 45
403 44
402 44
401 44
400 44
399 44
398 44
397 44
396 44
395 44
394 44
394 45
393 45
393 46
393 47
393 48
408 45
409 45
410 45
411 45
412 45
413 45
414 45
414 46
414 47
414 48
414 49
414 50
414 51
414 52
414 53
414 54
413 54
413 55
413 56
412 56
412 57
412 58
413 58
413 59
413 60
413 61
413 62
414 62
414 63
414 64
414 65
413 65
413 66
413 67
412 67
412 68
411 68
411 69
410 69
410 70
409 70
409 71
409 72
409 73
409 74
409 75
408 75
408 76
435 383
436 383
434 383
433 383
433 382
433 381
432 381
432 380
432 379
432 378
432 377
431 377
431 378
430 378
429 378
428 378
427 378
426 378
426 377
425 377
424 377
424 376
423 376
422 376
422 377
421 377
420 377
420 378
419 378
418 378
417 378
417 379
416 379
416 380
415 380
415 381
415 382
415 383
415 384
415 385
436 384
437 384
438 384
439 384
439 385
440 385
440 386
440 387
440 388
440 389
440 390
440 391
440 392
440 393
441 393
442 393
442 394
443 394
444 394
445 394
445 395
445 396
446 396
446 397
446 398
446 399
446 400
445 400
445 401
445 402
445 403
445 404
445 405
445 406
445 407
445 408
445 409
444 409
444 410
444 411
444 412
444 413
444 414
444 415
443 415
442 415
442 416
441 416
440 416
439 416
438 416
437 416
436 416
435 416
434 416
433 416
433 415
432 415
382 162
381 162
382 161
382 160
382 159
383 159
383 158
384 158
384 157
385 157
385 156
386 156
386 155
387 155
387 154
381 163
380 163
379 163
378 163
377 163
376 163
375 163
375 164
374 164
374 165
373 165
373 166
373 167
373 168
373 169
373 170
373 171
374 171
374 172
375 172
375 173
376 173
376 174
377 174
378 174
378 175
377 175
377 176
376 176
375 176
375 177
374 177
374 178
373 178
372 178
459 401
458 401
459 400
460 400
461 400
462 400
462 399
463 399
464 399
464 400
465 400
465 401
465 402
466 402
466 403
466 404
467 404
467 405
468 405
469 405
469 406
470 406
471 406
471 407
472 407
472 408
473 408
473 409
473 410
474 410
474 411
475 411
475 412
476 412
476 413
477 413
478 413
478 414
479 414
479 415
480 415
481 415
481 416
482 416
482 417
483 417
484 417
485 417
486 417
487 417
488 417
489 417
490 417
491 417
491 418
492 418
493 418
494 418
495 418
496 418
497 418
498 418
499 418
500 418
500 417
500 416
500 415
500 414
500 413
500 412
501 412
501 411
501 410
501 409
501 408
501 407
501 406
501 405
501 404
500 404
500 403
500 402
500 401
500 400
500 399
500 398
500 397
501 397
501 396
500 396
500 395
499 395
498 395
497 395
496 395
495 395
494 395
493 395
492 395
491 395
491 394
491 393
491 392
491 391
491 390
491 389
491 388
491 387
491 386
490 386
490 385
490 384
489 384
489 383
488 383
487 383
487 382
487 381
487 380
486 380
486 379
485 379
484 379
483 379
483 378
482 378
481 378
480 378
480 377
479 377
478 377
477 377
476 377
475 377
475 376
475 375
475 374
474 374
474 373
473 373
473 372
473 371
473 370
473 369
473 368
473 367
473 366
472 366
472 365
471 365
470 365
470 364
469 364
469 363
468 363
467 363
467 362
466 362
465 362
464 362
463 362
462 362
461 362
460 362
460 361
460 360
460 359
460 358
460 357
460 356
460 355
460 354
460 353
460 352
460 351
459 351
458 351
457 351
456 351
456 350
456 349
455 349
455 348
455 347
458 402
457 402
457 403
456 403
455 403
454 403
453 403
453 402
452 402
451 402
451 401
450 401
449 401
449 400
448 400
447 400
447 399
374 103
374 102
374 104
374 105
374 106
374 107
375 107
375 108
375 109
376 109
376 108
376 107
377 107
377 106
378 106
379 106
379 105
380 105
380 106
381 106
382 106
383 106
384 106
385 106
386 106
386 107
387 107
387 108
388 108
388 107
389 107
389 106
390 106
390 105
391 105
392 105
393 105
394 105
394 104
395 104
395 105
396 105
397 105
398 105
399 105
400 105
401 105
374 101
374 100
374 99
374 98
374 97
374 96
374 95
374 94
374 93
374 92
374 91
375 91
461 264
462 264
460 264
459 264
459 265
458 265
457 265
456 265
456 266
455 266
455 267
454 267
454 268
453 268
453 269
452 269
463 264
464 264
465 264
466 264
466 263
467 263
468 263
469 263
470 263
470 262
471 262
472 262
473 262
474 262
475 262
378 13
377 13
379 13
380 13
381 13
382 13
383 13
383 14
384 14
385 14
386 14
387 14
388 14
389 14
389 15
390 15
390 16
391 16
391 15
391 14
391 13
392 13
392 12
392 11
392 10
393 10
393 9
394 9
395 9
396 9
397 9
398 9
399 9
399 10
400 10
400 11
401 11
401 12
402 12
403 12
403 11
404 11
405 11
406 11
406 10
407 10
407 9
407 8
407 7
408 7
408 6
408 5
408 4
408 3
408 2
408 1
409 1
409 0
410 0
411 0
412 0
413 0
414 0
415 0
416 0
417 0
418 0
419 0
420 0
421 0
422 0
422 1
423 1
423 2
424 2
424 3
425 3
425 4
425 5
426 5
426 6
426 7
426 8
426 9
426 10
426 11
426 12
426 13
425 13
424 13
423 13
423 14
424 14
425 14
426 14
427 14
428 14
429 14
430 14
430 15
431 15
432 15
433 15
433 16
434 16
434 17
434 18
434 19
434 20
434 21
433 21
433 22
433 23
434 23
435 23
436 23
437 23
438 23
439 23
440 23
441 23
442 23
443 23
444 23
445 23
446 23
447 23
448 23
449 23
450 23
451 23
451 22
452 22
453 22
453 21
376 13
376 14
375 14
374 14
374 15
374 16
374 17
374 18
374 19
374 20
374 21
374 22
374 23
375 23
375 24
375 25
376 25
376 26
377 26
378 26
378 27
378 28
378 29
378 30
378 31
378 32
379 32
380 32
381 32
387 120
386 120
388 120
389 120
390 120
391 120
392 120
393 120
394 120
394 121
395 121
386 119
385 119
384 119
383 119
382 119
382 118
381 118
380 118
380 117
379 117
379 116
378 116
378 115
378 114
378 113
377 113
377 112
377 111
377 110
376 110
377 122
378 122
377 123
377 124
376 124
376 125
376 126
376 127
376 128
376 129
376 130
376 131
376 132
376 133
376 134
376 135
375 135
374 135
374 136
378 121
379 121
379 120
379 119
379 118
438 377
437 377
439 377
440 377
440 376
441 376
441 375
442 375
442 374
443 374
443 373
443 372
444 372
444 371
445 371
445 370
446 370
447 370
448 370
448 369
449 369
450 369
450 368
451 368
452 368
453 368
454 368
455 368
455 367
456 367
456 366
457 366
457 365
457 364
458 364
458 363
459 363
460 363
436 377
435 377
434 377
433 377
356 228
356 227
356 229
356 230
356 231
356 232
356 233
355 233
355 234
355 235
355 236
355 237
355 238
355 239
354 239
356 226
356 225
356 224
356 223
356 222
356 221
356 220
356 219
356 218
356 217
356 216
356 215
355 215
355 214
355 213
354 213
354 212
353 212
353 211
353 210
353 209
353 208
353 207
353 206
352 206
352 205
353 205
353 204
354 204
355 204
355 203
356 203
356 202
356 201
356 200
356 199
356 198
357 198
358 198
358 199
359 199
359 200
360 200
360 201
361 201
362 201
362 202
363 202
364 202
365 202
365 201
366 201
367 201
368 201
369 201
370 201
371 201
372 201
373 201
373 202
374 202
374 201
374 200
375 200
375 199
375 198
376 198
376 197
377 197
377 196
377 195
377 194
377 193
378 193
378 192
379 192
380 192
380 191
381 191
382 191
383 191
384 191
327 234
327 235
327 233
326 233
326 232
325 232
325 231
325 230
324 230
324 229
327 236
327 237
327 238
327 239
327 240
327 241
327 242
327 243
328 243
314 15
314 16
315 15
316 15
317 15
318 15
319 15
319 16
320 16
320 17
321 17
321 18
322 18
323 18
323 19
324 19
325 19
325 20
325 21
326 21
326 22
326 23
326 24
326 25
326 26
326 27
327 27
327 28
327 29
328 29
328 30
329 30
329 31
329 32
328 32
328 33
328 34
327 34
327 35
326 35
326 36
325 36
324 36
324 37
324 38
325 38
325 39
326 39
326 40
326 41
326 42
326 43
326 44
326 45
326 46
326 47
326 48
326 49
326 50
327 50
327 51
328 51
329 51
330 51
331 51
332 51
333 51
334 51
335 51
336 51
337 51
338 51
339 51
340 51
341 51
342 51
343 51
344 51
345 51
346 51
313 16
313 17
312 17
312 18
312 19
312 20
312 21
312 22
312 23
344 178
344 177
344 179
344 180
344 181
344 182
344 183
345 183
345 184
346 184
346 185
346 186
346 187
347 187
347 188
348 188
348 189
349 189
350 189
350 190
351 190
351 191
352 191
352 192
353 192
353 193
353 194
354 194
354 195
355 195
355 196
356 196
356 197
357 197
344 176
344 175
344 174
344 173
344 172
344 171
344 170
344 169
344 168
344 167
344 166
344 165
345 165
346 165
346 166
347 166
348 166
348 167
349 167
349 168
350 168
351 168
352 168
352 169
353 169
354 169
354 170
355 170
485 30
485 31
485 29
485 28
485 27
485 26
486 26
487 26
488 26
488 25
488 24
488 23
488 22
488 21
488 20
488 19
488 18
487 18
487 17
486 17
485 17
485 16
484 16
484 15
483 15
483 14
482 14
481 14
480 14
479 14
478 14
477 14
477 13
477 12
477 11
477 10
477 9
477 8
477 7
485 32
485 33
485 34
485 35
486 35
486 36
486 37
486 38
486 39
486 40
486 41
486 42
486 43
486 44
486 45
486 46
486 47
485 47
484 47
483 47
483 46
482 46
481 46
480 46
479 46
478 46
477 46
476 46
476 47
475 47
474 47
474 48
474 49
473 49
473 50
472 50
472 51
472 52
472 53
472 54
472 55
472 56
472 57
472 58
472 59
472 60
473 60
473 61
474 61
474 62
474 63
474 64
474 65
474 66
474 67
474 68
474 69
474 70
474 71
474 72
474 73
474 74
474 75
474 76
474 77
474 78
474 79
475 79
326 5
326 4
326 6
326 7
326 8
326 9
326 10
326 11
327 11
328 11
328 12
329 12
330 12
330 13
329 13
329 14
329 15
328 15
328 16
328 17
328 18
327 18
327 19
326 19
326 20
326 3
327 3
327 2
328 2
329 2
330 2
331 2
332 2
332 3
333 3
333 4
334 4
334 3
335 3
335 2
335 1
336 1
336 0
337 0
338 0
339 0
340 0
341 0
342 0
342 1
343 1
343 2
344 2
344 3
345 3
346 3
347 3
348 3
348 4
349 4
349 5
350 5
351 5
351 6
352 6
352 7
353 7
354 7
355 7
356 7
357 7
357 8
358 8
358 9
359 9
359 10
360 10
360 11
361 11
362 11
362 12
363 12
364 12
365 12
366 12
367 12
367 13
368 13
368 14
369 14
369 15
370 15
371 15
372 15
373 15
419 262
419 261
418 262
418 263
417 263
417 264
416 264
416 265
415 265
420 261
420 260
421 260
421 259
422 259
422 258
423 258
423 257
424 257
424 256
424 255
424 254
424 253
424 252
424 251
424 250
424 249
424 248
423 248
423 247
424 247
425 247
426 247
427 247
427 246
251 45
251 44
251 46
251 47
251 48
251 49
252 49
252 50
251 50
251 51
251 52
251 53
251 54
251 55
250 55
250 56
249 56
251 43
251 42
251 41
251 40
251 39
252 39
253 39
254 39
254 38
255 38
255 37
256 37
320 171
320 170
321 171
322 171
323 171
324 171
325 171
326 171
327 171
328 171
329 171
329 172
330 172
331 172
332 172
333 172
334 172
334 173
333 173
333 174
333 175
333 176
333 177
333 178
333 179
333 180
334 180
334 181
335 181
335 182
335 183
335 184
336 184
336 185
336 186
336 187
336 188
336 189
336 190
336 191
336 192
337 192
337 191
338 191
338 190
338 189
339 189
340 189
341 189
342 189
343 189
344 189
345 189
346 189
347 189
320 169
320 168
320 167
319 167
319 166
319 165
319 164
319 163
320 163
320 162
320 161
320 160
320 159
320 158
320 157
320 156
319 156
318 156
317 156
316 156
316 157
315 157
314 157
314 158
313 158
313 159
312 159
312 160
311 160
310 160
310 161
309 161
308 161
307 161
306 161
305 161
304 161
303 161
302 161
302 162
301 162
301 161
300 161
300 160
300 159
299 159
299 158
298 158
298 157
298 156
297 156
297 155
297 154
296 154
296 153
295 153
295 152
295 151
295 150
295 149
295 148
295 147
295 146
296 146
296 145
297 145
297 144
297 143
298 143
299 143
300 143
301 143
301 142
302 142
303 142
303 141
304 141
304 140
305 140
305 139
306 139
306 138
307 138
307 137
308 137
308 136
309 136
309 135
310 135
311 135
311 134
311 133
311 132
311 131
311 130
311 129
311 128
310 128
310 127
309 127
309 126
309 125
309 124
309 123
309 122
309 121
309 120
310 120
310 119
311 119
311 118
312 118
312 117
312 116
312 115
312 114
313 114
313 113
314 113
314 112
315 112
315 111
278 212
278 211
278 213
278 214
278 215
279 215
279 216
279 217
280 217
280 218
280 219
280 220
280 221
279 221
279 222
280 222
281 222
282 222
283 222
284 222
285 222
286 222
287 222
288 222
288 221
289 221
289 220
290 220
290 221
291 221
291 222
292 222
293 222
293 223
294 223
295 223
295 224
295 225
295 226
295 227
296 227
296 228
297 228
297 229
298 229
298 230
299 230
299 231
300 231
300 232
301 232
302 232
303 232
304 232
305 232
306 232
307 232
308 232
309 232
309 231
309 230
309 229
309 228
309 227
309 226
310 226
310 225
310 224
311 224
311 223
312 223
312 222
313 222
314 222
315 222
316 222
317 222
318 222
319 222
320 222
321 222
322 222
323 222
324 222
324 223
324 224
324 225
324 226
324 227
324 228
278 210
278 209
278 208
278 207
278 206
278 205
278 204
278 203
278 202
279 202
280 202
281 202
282 202
282 201
283 201
283 200
283 199
284 199
284 198
285 198
285 197
286 197
287 197
288 197
289 197
290 197
290 196
291 196
291 195
292 195
292 194
293 194
293 193
294 193
294 192
295 192
296 192
296 191
297 191
298 191
299 191
299 190
300 190
300 189
300 188
301 188
301 189
302 189
302 190
302 191
303 191
303 192
304 192
304 193
304 194
305 194
306 194
307 194
308 194
308 195
308 196
308 197
308 198
308 199
308 200
308 201
308 202
308 203
308 204
309 204
309 203
310 203
311 203
312 203
313 203
314 203
315 203
315 204
316 204
316 205
316 206
316 207
317 207
317 208
318 208
318 209
319 209
319 210
320 210
320 211
320 212
320 213
320 214
320 215
321 215
321 216
322 216
323 216
324 216
325 216
326 216
327 216
328 216
328 217
328 218
328 219
328 220
328 221
327 221
326 221
326 222
325 222
336 261
337 261
335 261
334 261
333 261
332 261
331 261
331 260
330 260
330 259
330 258
330 257
329 257
329 256
328 256
328 255
327 255
327 254
327 253
327 252
327 251
327 250
327 249
327 248
327 247
327 246
327 245
328 245
338 261
339 261
340 261
341 261
342 261
343 261
344 261
345 261
346 261
346 262
295 121
296 121
294 121
293 121
292 121
292 120
291 120
291 119
291 118
291 117
291 116
290 116
289 116
288 116
287 116
286 116
285 116
284 116
283 116
283 115
283 114
282 114
281 114
280 114
279 114
278 114
277 114
276 114
275 114
274 114
273 114
273 113
272 113
297 121
298 121
299 121
300 121
301 121
301 122
301 123
301 124
301 125
301 126
302 126
302 127
303 127
304 127
304 128
304 129
304 130
304 131
305 131
305 132
305 133
305 134
305 135
305 136
305 137
305 138
253 61
253 62
253 60
252 60
252 59
251 59
251 58
250 58
250 57
249 57
254 62
254 63
255 63
255 64
256 64
256 65
257 65
258 65
258 66
259 66
259 67
260 67
260 68
261 68
261 69
262 69
263 69
263 70
264 70
264 71
265 71
265 72
266 72
266 73
267 73
267 72
267 71
267 70
267 69
268 69
269 69
270 69
271 69
272 69
273 69
274 69
274 68
275 68
275 67
276 67
277 67
277 66
278 66
278 65
279 65
280 65
281 65
282 65
283 65
284 65
285 65
286 65
287 65
288 65
288 64
288 63
288 62
288 61
288 60
288 59
288 58
288 57
288 56
287 56
287 55
287 54
287 53
287 52
287 51
287 50
287 49
287 48
288 48
288 49
289 49
290 49
291 49
292 49
293 49
294 49
295 49
296 49
296 48
297 48
298 48
299 48
300 48
301 48
302 48
303 48
304 48
305 48
305 49
305 50
305 51
305 52
305 53
305 54
305 55
306 55
306 56
306 57
306 58
306 59
307 59
308 59
309 59
310 59
311 59
312 59
313 59
313 58
314 58
315 58
316 58
316 59
317 59
318 59
319 59
320 59
321 59
322 59
322 58
322 57
322 56
322 55
323 55
323 54
324 54
325 54
325 53
326 53
327 53
327 52
328 52
329 52
330 52
331 52
332 52
333 52
210 48
210 47
210 49
210 50
210 51
210 52
210 53
210 54
210 55
211 55
211 56
212 56
210 46
210 45
210 44
210 43
210 42
210 41
211 41
211 40
212 40
213 40
214 40
215 40
215 39
216 39
216 38
217 38
217 37
218 37
218 36
219 36
219 35
220 35
220 34
221 34
221 33
221 32
221 31
221 30
221 29
221 28
221 27
221 26
221 25
221 24
222 24
222 23
223 23
223 22
223 21
223 20
223 19
223 18
223 17
222 17
222 16
222 15
222 14
222 13
221 13
221 12
221 11
220 11
220 10
219 10
240 216
241 216
240 215
239 215
238 215
238 214
237 214
237 213
236 213
235 213
235 212
234 212
234 211
233 211
232 211
231 211
230 211
229 211
228 211
227 211
226 211
225 211
225 210
225 209
225 208
225 207
225 206
225 205
225 204
225 203
224 203
224 202
223 202
223 201
222 201
222 200
221 200
221 199
221 198
221 197
220 197
220 196
219 196
218 196
217 196
216 196
215 196
214 196
213 196
212 196
211 196
210 196
209 196
209 197
208 197
207 197
207 198
206 198
205 198
205 199
204 199
203 199
203 200
202 200
241 217
241 218
241 219
241 220
242 220
242 221
243 221
243 222
239 115
239 116
239 114
239 113
239 112
240 112
240 111
240 110
241 110
241 109
241 108
242 108
242 107
243 107
243 106
244 106
245 106
245 105
246 105
246 104
239 117
239 118
239 119
240 119
241 119
241 120
242 120
243 120
243 121
244 121
245 121
245 122
246 122
246 123
247 123
248 123
249 123
249 124
250 124
250 123
250 122
251 122
251 121
251 120
252 120
253 120
254 120
255 120
256 120
256 119
256 118
257 118
257 117
257 116
257 115
258 115
258 114
258 113
259 113
259 112
259 111
259 110
260 110
260 109
261 109
262 109
262 110
262 111
262 112
262 113
263 113
263 114
264 114
265 114
266 114
267 114
267 115
268 115
269 115
270 115
271 115
271 114
272 114
280 89
281 89
280 88
280 87
280 86
280 85
280 84
280 83
279 83
279 84
278 84
277 84
276 84
275 84
274 84
274 85
273 85
273 84
272 84
272 83
272 82
272 81
272 80
272 79
271 79
271 78
270 78
270 77
269 77
269 76
268 76
268 75
267 75
267 74
281 90
281 91
281 92
281 93
282 93
282 94
282 95
281 95
281 96
281 97
281 98
281 99
281 100
281 101
280 101
280 102
280 103
279 103
279 104
280 104
280 105
280 106
280 107
280 108
280 109
280 110
280 111
280 112
280 113
281 113
282 113
283 113
254 229
253 229
255 229
255 230
255 231
256 231
256 232
256 233
257 233
257 232
258 232
259 232
260 232
261 232
262 232
263 232
263 231
264 231
264 230
265 230
266 230
267 230
267 229
268 229
269 229
270 229
271 229
271 228
272 228
273 228
274 228
275 228
276 228
277 228
277 227
277 226
278 226
278 225
279 225
279 224
279 223
253 228
252 228
252 227
251 227
250 227
249 227
249 226
248 226
248 225
247 225
247 224
246 224
245 224
245 223
244 223
244 222
234 28
235 28
233 28
232 28
231 28
231 27
231 26
231 25
230 25
230 24
230 23
229 23
228 23
228 22
227 22
226 22
225 22
224 22
236 28
237 28
238 28
239 28
240 28
240 29
240 30
241 30
241 31
242 31
242 32
243 32
243 33
244 33
245 33
246 33
247 33
248 33
249 33
249 34
250 34
251 34
252 34
252 35
253 35
254 35
255 35
255 36
256 36
128 50
129 50
127 50
126 50
126 51
125 51
124 51
124 52
123 52
123 53
130 50
131 50
132 50
133 50
133 51
134 51
134 52
135 52
135 53
135 54
135 55
135 56
135 57
136 57
137 57
138 57
139 57
140 57
141 57
142 57
143 57
144 57
145 57
145 56
146 56
146 55
147 55
148 55
149 55
150 55
151 55
152 55
153 55
154 55
154 56
155 56
155 57
156 57
156 58
156 59
157 59
157 60
157 61
158 61
158 62
158 63
158 64
158 65
158 66
158 67
158 68
158 69
158 70
158 71
159 71
159 72
159 73
159 74
160 74
160 75
171 46
172 46
170 46
169 46
168 46
167 46
166 46
165 46
165 47
165 48
166 48
166 49
166 50
165 50
165 51
165 52
164 52
164 53
163 53
162 53
161 53
160 53
159 53
158 53
157 53
156 53
155 53
154 53
154 54
153 54
173 46
174 46
175 46
176 46
177 46
178 46
178 47
179 47
179 48
180 48
180 49
180 50
181 50
181 51
181 52
181 53
182 53
182 54
182 55
182 56
182 57
183 57
183 58
183 59
184 59
185 59
186 59
186 60
187 60
187 61
188 61
188 62
188 63
189 63
189 64
189 65
189 66
189 67
190 67
191 67
192 67
193 67
194 67
195 67
196 67
197 67
198 67
199 67
199 66
200 66
200 65
201 65
201 64
201 63
201 62
201 61
202 61
202 62
202 63
203 63
204 63
205 63
206 63
207 63
207 64
207 65
207 66
208 66
208 67
208 68
209 68
209 67
209 66
209 65
210 65
210 64
210 63
210 62
210 61
210 60
210 59
210 58
210 57
211 57
206 108
206 107
206 109
206 110
206 111
206 112
206 113
206 114
206 115
206 116
206 117
206 118
206 119
205 119
205 120
205 121
204 121
204 122
203 122
203 123
202 123
202 124
201 124
201 125
200 125
200 126
199 126
198 126
197 126
196 126
196 127
195 127
195 128
195 129
196 129
196 130
197 130
198 130
199 130
200 130
200 131
201 131
201 132
201 133
202 133
202 134
203 134
204 134
205 134
206 134
206 135
207 135
207 136
208 136
206 106
206 105
206 104
206 103
205 103
205 102
204 102
203 102
203 101
202 101
201 101
201 100
201 99
201 98
202 98
202 97
203 97
203 96
203 95
203 94
203 93
203 92
203 91
203 90
202 90
202 89
202 88
202 87
202 86
202 85
202 84
201 84
201 83
201 82
201 81
201 80
202 80
202 79
203 79
203 78
203 77
204 77
204 76
204 75
204 74
205 74
205 73
205 72
205 71
206 71
206 70
206 69
207 69
208 69
265 308
265 309
265 307
265 306
265 305
265 304
264 304
263 304
263 303
264 303
265 303
265 302
266 302
267 302
267 301
268 301
268 300
269 300
269 299
270 299
270 298
271 298
272 298
273 298
273 297
274 297
274 296
275 296
275 295
276 295
276 294
277 294
277 293
278 293
278 292
279 292
280 292
281 292
282 292
283 292
284 292
284 291
285 291
285 290
286 290
287 290
288 290
288 291
289 291
289 292
290 292
291 292
291 293
292 293
292 294
293 294
293 295
294 295
295 295
295 296
296 296
297 296
298 296
299 296
300 296
300 297
300 298
301 298
301 299
301 300
301 301
301 302
301 303
301 304
301 305
300 305
300 306
299 306
299 307
298 307
297 307
297 308
296 308
295 308
294 308
293 308
293 309
292 309
292 310
292 311
292 312
292 313
293 313
293 314
294 314
294 315
295 315
295 316
296 316
296 317
297 317
297 318
298 318
298 319
299 319
299 320
299 321
299 322
299 323
300 323
300 324
301 324
302 324
303 324
303 325
304 325
304 326
304 327
304 328
304 329
304 330
304 331
304 332
304 333
304 334
304 335
304 336
305 336
305 337
306 337
307 337
307 338
308 338
309 338
309 339
310 339
311 339
312 339
313 339
314 339
314 338
315 338
315 337
316 337
316 338
317 338
318 338
319 338
320 338
321 338
322 338
323 338
324 338
325 338
326 338
326 339
326 340
326 341
326 342
327 342
327 343
327 344
328 344
328 343
329 343
329 342
330 342
331 342
332 342
332 341
333 341
333 340
334 340
334 339
335 339
336 339
336 338
337 338
337 337
337 336
338 336
338 335
339 335
339 334
339 333
340 333
341 333
342 333
343 333
344 333
345 333
346 333
347 333
348 333
349 333
350 333
350 332
350 331
350 330
350 329
350 328
350 327
350 326
350 325
349 325
265 310
265 311
265 312
265 313
265 314
265 315
265 316
265 317
264 317
264 318
263 318
263 319
150 37
150 38
150 36
150 35
150 34
149 34
149 33
148 33
148 32
148 31
147 31
147 30
147 29
146 29
146 28
145 28
144 28
144 27
143 27
142 27
142 26
141 26
140 26
140 25
139 25
139 24
138 24
138 23
137 23
137 22
136 22
135 22
134 22
133 22
132 22
131 22
130 22
129 22
129 23
128 23
128 24
127 24
126 24
125 24
124 24
124 25
123 25
122 25
122 24
121 24
120 24
119 24
118 24
118 23
117 23
117 22
117 21
117 20
117 19
116 19
116 18
116 17
115 17
115 18
114 18
114 19
113 19
112 19
112 20
111 20
111 21
110 21
109 21
109 22
108 22
107 22
107 23
106 23
150 39
150 40
150 41
150 42
150 43
150 44
150 45
150 46
150 47
150 48
150 49
150 50
150 51
150 52
150 53
150 54
149 54
148 54
192 153
193 153
191 153
190 153
189 153
188 153
188 154
187 154
186 154
186 155
185 155
185 156
184 156
184 157
184 158
183 158
183 159
194 153
195 153
196 153
197 153
198 153
199 153
200 153
201 153
202 153
203 153
203 154
203 155
203 156
203 157
203 158
203 159
203 160
204 160
204 161
204 162
204 163
204 164
205 164
205 165
205 166
206 166
207 166
208 166
208 165
209 165
209 164
210 164
211 164
211 163
212 163
213 163
213 162
214 162
214 161
215 161
215 160
216 160
216 159
216 158
216 157
217 157
217 156
217 155
218 155
218 154
218 153
218 152
218 151
218 150
218 149
219 149
219 148
220 148
221 148
222 148
223 148
224 148
225 148
226 148
227 148
228 148
229 148
230 148
231 148
231 149
232 149
233 149
234 149
235 149
236 149
237 149
238 149
239 149
239 150
240 150
240 149
240 148
240 147
240 146
241 146
241 145
242 145
243 145
244 145
244 144
245 144
246 144
247 144
248 144
249 144
250 144
251 144
252 144
253 144
253 143
254 143
254 144
254 145
255 145
255 146
256 146
256 147
257 147
258 147
259 147
260 147
260 148
261 148
261 147
261 146
261 145
261 144
261 143
261 142
262 142
262 141
263 141
263 140
264 140
264 139
265 139
265 138
266 138
266 137
266 136
267 136
267 135
268 135
268 134
269 134
269 133
270 133
271 133
271 134
272 134
273 134
274 134
275 134
276 134
277 134
278 134
279 134
279 135
279 136
279 137
279 138
279 139
279 140
278 140
278 141
278 142
277 142
277 143
277 144
277 145
278 145
278 146
278 147
278 148
279 148
279 149
280 149
280 150
281 150
281 151
282 151
283 151
284 151
285 151
286 151
287 151
288 151
289 151
290 151
291 151
292 151
293 151
294 151
241 272
242 272
240 272
239 272
238 272
237 272
236 272
235 272
235 273
234 273
233 273
232 273
231 273
230 273
229 273
229 274
228 274
227 274
243 272
244 272
245 272
246 272
247 272
248 272
249 272
249 271
250 271
250 270
251 270
252 270
252 269
253 269
254 269
255 269
255 268
256 268
256 267
257 267
257 266
257 265
257 264
258 264
258 263
259 263
259 262
260 262
261 262
261 261
262 261
262 260
263 260
264 260
264 259
265 259
266 259
267 259
267 258
267 257
268 257
269 257
269 256
270 256
271 256
272 256
272 255
273 255
274 255
274 254
275 254
276 254
276 253
277 253
277 252
277 251
278 251
278 250
278 249
279 249
279 248
280 248
280 247
280 246
280 245
280 244
280 243
280 242
280 241
281 241
282 241
283 241
284 241
285 241
286 241
287 241
288 241
289 241
289 240
290 240
290 239
291 239
292 239
292 238
293 238
294 238
294 237
295 237
295 236
295 235
296 235
296 234
297 234
297 233
297 232
298 232
298 231
167 102
167 101
167 103
167 104
167 105
167 106
167 107
166 107
166 108
166 109
166 110
166 111
166 112
166 113
166 114
165 114
165 115
167 100
167 99
167 98
167 97
168 97
168 96
168 95
168 94
169 94
169 93
169 92
170 92
170 91
169 91
169 90
168 90
168 89
167 89
167 88
167 87
167 86
166 86
166 85
165 85
165 84
164 84
164 83
164 82
163 82
163 81
162 81
162 80
162 79
162 78
162 77
162 76
161 76
161 75
162 170
163 170
162 169
162 168
161 168
161 167
161 166
160 166
160 165
160 164
160 163
160 162
160 161
160 160
161 160
161 159
161 158
161 157
161 156
161 155
161 154
161 153
160 153
160 152
159 152
159 151
158 151
158 150
157 150
157 149
156 149
156 148
155 148
155 147
154 147
154 146
153 146
153 145
152 145
151 145
151 144
150 144
150 143
149 143
149 142
148 142
147 142
147 143
146 143
146 144
145 144
144 144
143 144
142 144
141 144
140 144
139 144
138 144
137 144
136 144
136 143
136 142
135 142
134 142
133 142
132 142
131 142
130 142
129 142
129 143
128 143
128 144
127 144
127 145
127 146
127 147
127 148
127 149
128 149
128 150
128 151
128 152
129 152
129 153
129 154
130 154
130 155
131 155
131 156
132 156
132 157
132 158
133 158
133 159
134 159
134 160
135 160
136 160
136 161
137 161
138 161
138 162
139 162
140 162
140 163
141 163
141 164
141 165
142 165
142 166
142 167
164 170
165 170
166 170
167 170
168 170
169 170
170 170
171 170
172 170
173 170
174 170
174 169
175 169
175 168
176 168
176 167
177 167
177 166
178 166
178 165
179 165
179 164
180 164
180 163
181 163
181 162
182 162
182 161
183 161
183 160
342 477
343 477
341 477
340 477
339 477
339 476
338 476
338 475
337 475
336 475
335 475
334 475
334 476
333 476
333 477
332 477
332 476
332 475
332 474
332 473
332 472
332 471
332 470
331 470
331 469
331 468
331 467
331 466
331 465
331 464
330 464
330 463
329 463
328 463
327 463
327 462
326 462
325 462
324 462
323 462
323 461
322 461
322 460
321 460
320 460
320 459
319 459
318 459
317 459
316 459
316 458
315 458
314 458
314 457
313 457
312 457
311 457
311 458
310 458
309 458
309 459
308 459
308 460
307 460
307 461
307 462
307 463
306 463
306 464
306 465
305 465
305 466
304 466
304 467
303 467
302 467
302 468
301 468
300 468
300 469
299 469
299 470
298 470
297 470
296 470
295 470
294 470
293 470
292 470
292 471
291 471
290 471
289 471
289 470
288 470
288 469
288 468
288 467
288 466
288 465
287 465
287 464
286 464
285 464
285 463
284 463
283 463
282 463
281 463
280 463
280 464
279 464
278 464
278 465
277 465
277 466
278 466
278 467
278 468
278 469
278 470
278 471
278 472
278 473
278 474
278 475
278 476
277 476
277 477
276 477
275 477
274 477
273 477
272 477
271 477
271 478
270 478
269 478
269 479
268 479
268 480
267 480
267 479
266 479
266 478
265 478
265 477
264 477
264 476
264 475
263 475
263 474
262 474
262 473
261 473
260 473
260 474
259 474
258 474
258 475
257 475
256 475
255 475
254 475
253 475
252 475
251 475
250 475
249 475
248 475
247 475
246 475
245 475
245 474
244 474
243 474
243 473
242 473
241 473
240 473
239 473
238 473
237 473
237 474
237 475
236 475
236 476
235 476
235 477
234 477
233 477
232 477
231 477
231 478
230 478
230 477
230 476
230 475
230 474
230 473
229 473
229 472
228 472
227 472
227 471
226 471
225 471
224 471
223 471
223 470
222 470
221 470
220 470
219 470
218 470
217 470
216 470
215 470
214 470
213 470
212 470
211 470
210 470
210 469
209 469
208 469
208 468
207 468
207 467
206 467
206 466
206 465
205 465
205 464
205 463
206 463
206 462
206 461
206 460
206 459
206 458
206 457
206 456
205 456
205 455
205 454
204 454
204 453
204 452
203 452
203 451
202 451
202 450
201 450
201 449
200 449
200 448
200 447
200 446
200 445
200 444
200 443
199 443
199 442
200 442
200 441
200 440
200 439
200 438
201 438
201 437
202 437
202 436
201 436
201 435
200 435
200 434
200 433
200 432
200 431
200 430
200 429
200 428
200 427
200 426
199 426
199 425
200 425
200 424
200 423
200 422
200 421
200 420
201 420
201 419
202 419
202 418
203 418
204 418
205 418
206 418
207 418
208 418
208 417
209 417
209 416
209 415
209 414
209 413
209 412
209 411
209 410
209 409
210 409
210 408
211 408
212 408
213 408
214 408
215 408
215 407
215 406
215 405
216 405
216 404
217 404
218 404
218 403
219 403
219 402
220 402
344 477
345 477
346 477
346 476
347 476
347 475
347 474
348 474
348 473
349 473
349 472
350 472
351 472
351 471
352 471
352 470
353 470
353 471
354 471
355 471
356 471
357 471
357 472
358 472
359 472
359 473
360 473
360 474
360 475
360 476
360 477
360 478
360 479
360 480
360 481
359 481
359 482
358 482
358 483
357 483
357 484
357 485
356 485
356 486
356 487
355 487
355 488
355 489
356 489
356 490
357 490
358 490
359 490
359 491
360 491
360 492
361 492
361 493
361 494
361 495
362 495
362 496
362 497
362 498
362 499
363 499
364 499
365 499
366 499
367 499
368 499
369 499
369 500
369 501
369 502
370 502
370 501
370 500
370 499
371 499
372 499
373 499
374 499
375 499
376 499
377 499
378 499
379 499
379 500
380 500
380 501
381 501
381 502
382 502
383 502
384 502
385 502
386 502
387 502
388 502
389 502
390 502
391 502
391 501
392 501
393 501
394 501
395 501
396 501
397 501
398 501
399 501
399 502
400 502
401 502
401 503
402 503
402 504
403 504
403 505
403 506
403 507
404 507
404 508
404 509
404 510
405 510
406 510
407 510
408 510
409 510
410 510
411 510
412 510
413 510
414 510
414 511
415 511
415 510
415 509
416 509
416 508
417 508
418 508
418 507
419 507
420 507
421 507
422 507
423 507
424 507
425 507
426 507
426 506
427 506
428 506
428 507
429 507
429 508
430 508
431 508
432 508
433 508
434 508
435 508
435 509
436 509
436 510
437 510
437 511
438 511
439 511
439 510
439 509
439 508
439 507
440 507
440 506
440 505
441 505
442 505
442 504
443 504
444 504
444 503
445 503
446 503
447 503
448 503
449 503
450 503
451 503
452 503
453 503
454 503
454 504
455 504
456 504
457 504
458 504
459 504
459 505
459 506
460 506
460 507
460 508
461 508
462 508
462 509
462 510
463 510
463 509
464 509
464 508
464 507
465 507
466 507
466 506
467 506
468 506
468 505
469 505
470 505
470 506
471 506
472 506
473 506
474 506
474 507
474 508
474 509
475 509
476 509
477 509
478 509
479 509
480 509
481 509
482 509
483 509
483 510
483 511
484 511
484 510
484 509
484 508
484 507
485 507
485 506
485 505
485 504
486 504
486 503
487 503
487 502
488 502
488 501
489 501
489 500
490 500
490 499
490 498
490 497
491 497
491 496
492 496
493 496
494 496
495 496
495 495
495 494
495 493
495 492
495 491
495 490
495 489
495 488
494 488
494 487
494 486
494 485
494 484
494 483
494 482
495 482
496 482
497 482
498 482
499 482
500 482
501 482
502 482
502 483
503 483
503 484
503 485
504 485
504 486
505 486
505 487
506 487
507 487
507 488
508 488
509 488
510 488
510 489
511 489
511 488
511 487
511 486
511 485
511 484
511 483
511 482
511 481
511 480
511 479
511 478
511 477
511 476
511 475
511 474
511 473
511 472
511 471
511 470
511 469
511 468
511 467
511 466
511 465
511 464
511 463
511 462
511 461
511 460
511 459
511 458
511 457
511 456
510 456
509 456
509 455
509 454
509 453
509 452
509 451
509 450
509 449
509 448
509 447
509 446
509 445
509 444
509 443
509 442
509 441
510 441
510 440
511 440
511 439
511 438
511 437
510 437
510 436
509 436
509 435
509 434
508 434
508 433
508 432
508 431
508 430
508 429
508 428
508 427
508 426
508 425
507 425
507 424
507 423
506 423
506 422
505 422
505 421
504 421
504 420
503 420
503 419
502 419
501 419
501 418
110 435
110 436
110 434
110 433
110 432
110 431
110 430
110 429
111 429
111 428
112 428
110 437
110 438
110 439
110 440
110 441
109 441
108 441
107 441
106 441
106 442
105 442
104 442
104 443
103 443
103 442
102 442
101 442
100 442
100 441
99 441
98 441
98 442
97 442
97 443
96 443
96 444
95 444
94 444
93 444
92 444
91 444
90 444
89 444
88 444
88 445
88 446
89 446
89 447
89 448
89 449
89 450
89 451
88 451
88 452
88 453
88 454
88 455
88 456
89 456
89 457
89 458
89 459
89 460
89 461
89 462
89 463
90 463
90 464
91 464
92 464
92 465
93 465
93 466
94 466
95 466
95 467
96 467
97 467
98 467
99 467
100 467
101 467
101 466
102 466
103 466
103 465
104 465
105 465
105 464
106 464
106 465
107 465
107 466
108 466
108 467
108 468
109 468
109 469
110 469
110 470
111 470
112 470
113 470
113 471
114 471
114 470
115 470
115 469
116 469
117 469
118 469
119 469
119 468
120 468
121 468
121 467
122 467
123 467
124 467
124 466
125 466
125 465
126 465
126 464
126 463
127 463
128 463
129 463
130 463
131 463
132 463
133 463
133 462
134 462
134 463
135 463
136 463
136 464
137 464
138 464
139 464
140 464
141 464
141 465
142 465
142 466
142 467
141 467
141 468
140 468
140 469
140 470
140 471
140 472
141 472
141 473
141 474
142 474
142 475
142 476
142 477
142 478
143 478
143 479
144 479
144 480
145 480
145 481
145 482
146 482
146 483
147 483
147 484
148 484
149 484
150 484
151 484
152 484
153 484
154 484
155 484
156 484
157 484
158 484
158 483
158 482
159 482
159 483
159 484
159 485
160 485
160 486
161 486
162 486
163 486
163 487
164 487
164 488
165 488
165 489
166 489
166 490
167 490
167 491
168 491
169 491
169 492
170 492
170 493
171 493
172 493
172 494
173 494
174 494
175 494
175 495
176 495
176 496
176 497
177 497
177 498
177 499
177 500
177 501
178 501
178 502
179 502
180 502
181 502
182 502
183 502
184 502
185 502
186 502
186 501
187 501
188 501
189 501
190 501
191 501
192 501
192 502
193 502
193 503
194 503
194 504
195 504
195 505
195 506
195 507
196 507
196 508
196 509
197 509
197 510
198 510
198 511
199 511
200 511
201 511
202 511
203 511
204 511
205 511
206 511
206 510
207 510
207 509
208 509
208 508
209 508
210 508
211 508
212 508
212 507
213 507
213 506
214 506
215 506
215 507
216 507
216 508
217 508
217 509
217 510
218 510
218 511
219 511
219 510
219 509
219 508
219 507
220 507
220 506
220 505
220 504
221 504
222 504
223 504
224 504
225 504
226 504
226 505
227 505
228 505
229 505
230 505
231 505
232 505
233 505
234 505
234 506
235 506
235 507
236 507
236 508
236 509
236 510
237 510
237 511
238 511
239 511
240 511
241 511
241 510
241 509
241 508
241 507
241 506
242 506
242 505
243 505
244 505
244 504
245 504
246 504
246 503
247 503
247 502
248 502
249 502
250 502
251 502
251 501
252 501
253 501
253 500
254 500
254 499
254 498
254 497
254 496
254 495
255 495
255 494
256 494
257 494
257 493
258 493
259 493
260 493
260 492
261 492
261 491
262 491
262 490
263 490
263 489
262 489
262 488
261 488
261 487
261 486
261 485
261 484
261 483
261 482
262 482
263 482
264 482
265 482
265 481
266 481
267 481
