212 276
211 276
213 276
214 276
215 276
216 276
216 275
217 275
217 274
218 274
218 273
210 276
209 276
208 276
208 277
208 278
208 279
208 280
207 280
207 281
207 282
207 283
37 223
37 224
37 222
37 221
37 220
37 219
37 218
37 217
37 216
38 216
39 216
39 215
38 215
37 215
37 214
36 214
35 214
35 213
34 213
34 212
33 212
33 211
32 211
31 211
31 210
30 210
30 209
29 209
29 208
28 208
27 208
26 208
25 208
24 208
23 208
22 208
22 207
21 207
20 207
19 207
18 207
17 207
16 207
15 207
14 207
13 207
37 225
37 226
37 227
37 228
38 228
38 229
38 230
39 230
39 231
39 232
39 233
39 234
40 234
41 234
42 234
43 234
44 234
45 234
46 234
47 234
48 234
49 234
50 234
50 233
50 232
50 231
50 230
50 229
51 229
51 228
51 227
52 227
52 226
53 226
53 225
54 225
54 224
54 223
54 222
54 221
54 220
54 219
55 219
55 218
56 218
56 217
55 217
55 216
54 216
54 215
54 214
53 214
53 213
52 213
52 212
52 211
52 210
52 209
52 208
51 208
51 207
51 206
50 206
50 205
49 205
48 205
48 204
47 204
47 203
46 203
45 203
44 203
43 203
42 203
41 203
40 203
39 203
38 203
38 204
37 204
37 205
36 205
36 206
36 207
36 208
36 209
36 210
36 211
36 212
36 213
37 34
37 33
37 35
37 36
37 37
37 38
37 39
37 40
37 41
37 42
37 43
36 43
36 44
36 45
35 45
35 46
35 47
35 48
36 48
37 48
38 48
39 48
40 48
41 48
41 49
42 49
42 50
43 50
43 51
43 52
43 53
43 54
43 55
43 56
43 57
43 58
44 58
44 59
44 60
44 61
44 62
44 63
44 64
45 64
45 65
46 65
46 66
47 66
47 67
48 67
49 67
50 67
50 68
51 68
52 68
53 68
54 68
54 69
55 69
56 69
57 69
57 70
58 70
59 70
60 70
60 71
37 32
37 31
37 30
37 29
36 29
36 28
37 28
38 28
38 27
39 27
39 26
40 26
40 25
41 25
41 24
42 24
42 23
42 22
43 22
43 23
44 23
45 23
46 23
47 23
48 23
48 24
49 24
49 25
49 26
49 27
49 28
49 29
50 29
50 30
51 30
51 31
52 31
53 31
53 32
54 32
54 33
55 33
56 33
56 34
57 34
57 35
58 35
58 36
58 37
58 38
58 39
58 40
58 41
58 42
58 43
58 44
59 44
59 45
59 46
59 47
59 48
60 48
60 49
61 49
61 50
62 50
63 50
63 51
64 51
65 51
65 52
66 52
66 53
66 54
66 55
67 55
67 56
68 56
68 57
67 57
66 57
65 57
64 57
63 57
62 57
61 57
60 57
60 58
60 59
60 60
60 61
60 62
60 63
60 64
60 65
60 66
60 67
60 68
60 69
206 311
205 311
207 311
208 311
209 311
210 311
211 311
211 310
212 310
213 310
214 310
215 310
216 310
217 310
217 309
217 308
216 308
216 307
217 307
217 306
217 305
217 304
217 303
217 302
217 301
217 300
218 300
218 299
218 298
218 297
218 296
218 295
218 294
218 293
218 292
218 291
218 290
218 289
217 289
216 289
215 289
214 289
213 289
212 289
211 289
210 289
210 288
209 288
209 287
209 286
208 286
208 285
208 284
207 284
204 311
204 312
203 312
202 312
202 313
201 313
201 314
201 315
200 315
200 316
200 317
199 317
199 318
199 319
200 319
200 320
200 321
200 322
200 323
201 323
201 324
200 324
200 325
199 325
198 325
197 325
196 325
195 325
194 325
194 326
193 326
192 326
192 327
192 328
191 328
191 329
191 330
191 331
191 332
191 333
191 334
191 335
191 336
203 337
204 337
202 337
201 337
201 336
200 336
199 336
198 336
197 336
196 336
195 336
194 336
193 336
192 336
204 338
205 338
206 338
206 339
207 339
208 339
208 340
209 340
210 340
210 341
211 341
211 342
212 342
212 343
213 343
213 344
213 345
214 345
214 346
215 346
215 347
216 347
216 348
216 349
217 349
217 350
217 351
218 351
218 352
219 352
219 353
220 353
221 353
221 354
222 354
222 355
223 355
223 356
224 356
88 42
88 41
89 42
90 42
91 42
92 42
92 43
93 43
94 43
95 43
95 44
96 44
88 40
87 40
87 39
87 38
87 37
86 37
86 36
85 36
85 35
85 34
85 33
85 32
85 31
84 31
84 30
84 29
84 28
84 27
83 27
83 28
83 29
82 29
82 30
81 30
80 30
79 30
79 31
78 31
78 32
77 32
76 32
75 32
74 32
73 32
72 32
71 32
70 32
69 32
68 32
67 32
66 32
66 31
66 30
65 30
65 31
65 32
64 32
64 33
64 34
63 34
62 34
61 34
60 34
59 34
58 34
127 122
128 122
127 123
126 123
126 124
126 125
125 125
125 126
124 126
124 127
123 127
122 127
121 127
120 127
119 127
119 128
118 128
118 129
117 129
117 128
117 127
116 127
116 126
115 126
114 126
114 125
113 125
113 124
112 124
111 124
110 124
109 124
108 124
107 124
106 124
105 124
104 124
103 124
102 124
101 124
101 125
128 121
129 121
129 120
130 120
131 120
132 120
133 120
134 120
135 120
136 120
137 120
137 121
138 121
139 121
140 121
140 122
141 122
142 122
143 122
144 122
145 122
146 122
147 122
148 122
148 123
149 123
149 124
150 124
150 125
150 126
150 127
150 128
150 129
151 129
151 130
151 131
152 131
152 132
151 132
151 133
150 133
150 134
149 134
148 134
148 135
147 135
147 136
146 136
145 136
145 137
144 137
143 137
143 138
142 138
141 138
140 138
140 139
139 139
138 139
138 140
137 140
137 141
137 142
137 143
136 143
135 143
135 144
134 144
133 144
132 144
132 143
131 143
131 142
130 142
130 141
129 141
129 140
128 140
128 139
127 139
126 139
126 138
125 138
125 137
124 137
124 136
123 136
123 135
122 135
121 135
121 134
120 134
119 134
118 134
118 133
118 132
118 131
118 130
234 435
234 436
235 435
235 434
235 433
236 433
236 432
237 432
237 431
237 430
238 430
238 429
239 429
239 428
239 427
239 426
239 425
239 424
239 423
240 423
241 423
242 423
234 437
233 437
232 437
231 437
230 437
229 437
229 436
228 436
227 436
227 435
226 435
225 435
225 434
225 433
224 433
224 432
223 432
223 431
222 431
221 431
220 431
219 431
218 431
218 432
217 432
217 433
216 433
216 434
215 434
214 434
214 435
213 435
212 435
211 435
210 435
209 435
209 434
208 434
207 434
207 435
206 435
205 435
204 435
203 435
203 436
202 436
201 436
200 436
200 437
199 437
198 437
197 437
196 437
196 436
195 436
194 436
194 435
194 434
193 434
193 433
192 433
192 432
191 432
190 432
189 432
189 431
188 431
188 430
187 430
240 441
240 442
239 441
238 441
237 441
237 440
236 440
236 439
235 439
234 439
233 439
232 439
232 438
231 438
230 438
241 442
241 443
241 444
242 444
242 445
243 445
243 446
244 446
244 447
245 447
245 448
245 449
246 449
246 450
246 451
246 452
246 453
246 454
246 455
246 456
246 457
247 457
247 458
247 459
248 459
249 459
249 460
250 460
251 460
251 461
252 461
252 462
253 462
254 462
255 462
255 463
256 463
256 464
257 464
258 464
259 464
260 464
260 465
261 465
262 465
262 466
263 466
263 467
264 467
264 468
264 469
264 470
263 470
263 471
262 471
262 472
261 472
261 473
261 474
262 474
262 475
262 476
262 477
263 477
263 478
263 479
263 480
264 480
264 481
264 482
264 483
264 484
264 485
264 486
265 486
265 487
265 488
265 489
265 490
265 491
265 492
265 493
266 493
266 492
267 492
267 491
268 491
269 491
270 491
271 491
272 491
273 491
274 491
274 490
275 490
276 490
276 489
277 489
277 488
277 487
277 486
277 485
277 484
277 483
277 482
278 482
278 481
279 481
279 480
280 480
280 479
281 479
281 478
281 477
281 476
281 475
282 475
282 474
283 474
283 473
284 473
284 472
285 472
286 472
286 471
287 471
287 470
288 470
288 469
289 469
289 468
216 419
216 420
216 418
216 417
216 416
216 415
216 414
216 413
215 413
215 412
214 412
213 412
212 412
211 412
210 412
209 412
209 411
208 411
207 411
206 411
205 411
204 411
203 411
202 411
202 410
201 410
200 410
199 410
198 410
198 411
197 411
196 411
195 411
194 411
193 411
192 411
191 411
190 411
189 411
188 411
188 410
187 410
186 410
185 410
184 410
184 409
184 408
184 407
184 406
184 405
184 404
184 403
184 402
184 401
184 400
183 400
182 400
181 400
180 400
179 400
178 400
178 401
177 401
176 401
176 402
175 402
174 402
173 402
172 402
171 402
170 402
169 402
168 402
168 401
167 401
167 402
167 403
167 404
167 405
167 406
167 407
167 408
167 409
167 410
167 411
166 411
166 412
166 413
166 414
166 415
166 416
166 417
167 417
167 418
167 419
167 420
168 420
168 421
168 422
168 423
168 424
168 425
168 426
168 427
169 427
170 427
170 428
171 428
172 428
173 428
174 428
175 428
176 428
177 428
178 428
179 428
180 428
181 428
182 428
183 428
184 428
185 428
186 428
186 429
187 429
216 421
216 422
216 423
216 424
217 424
218 424
219 424
220 424
221 424
222 424
222 425
222 426
222 427
222 428
222 429
222 430
24 154
24 153
24 155
24 156
24 157
23 157
23 158
22 158
22 159
21 159
21 160
20 160
20 161
19 161
19 162
19 163
19 164
19 165
19 166
19 167
19 168
19 169
20 169
20 170
21 170
22 170
23 170
23 171
22 171
21 171
20 171
20 172
19 172
19 173
18 173
18 174
17 174
16 174
15 174
14 174
13 174
12 174
12 175
11 175
10 175
9 175
8 175
7 175
6 175
6 174
5 174
5 173
4 173
4 174
3 174
3 175
3 176
3 177
3 178
2 178
2 179
1 179
1 180
0 180
0 181
0 182
1 182
1 183
1 184
2 184
3 184
3 185
4 185
5 185
5 186
6 186
6 187
7 187
7 188
7 189
7 190
7 191
7 192
8 192
8 193
9 193
9 194
10 194
10 195
10 196
10 197
10 198
10 199
10 200
10 201
10 202
10 203
10 204
10 205
11 205
11 206
12 206
12 207
24 152
24 151
24 150
24 149
23 149
22 149
21 149
20 149
20 148
20 147
20 146
20 145
20 144
19 144
19 143
18 143
18 142
17 142
16 142
16 141
15 141
14 141
13 141
12 141
11 141
10 141
9 141
8 141
7 141
6 141
6 140
5 140
5 141
5 142
5 143
5 144
5 145
5 146
5 147
5 148
5 149
5 150
5 151
5 152
4 152
4 153
3 153
3 154
3 155
2 155
1 155
1 156
0 156
0 157
0 158
0 159
0 160
0 161
0 162
0 163
0 164
0 165
0 166
0 167
0 168
0 169
0 170
0 171
0 172
1 172
2 172
3 172
4 172
93 184
94 184
93 185
93 186
92 186
91 186
90 186
89 186
88 186
88 185
88 184
87 184
87 183
86 183
85 183
85 182
84 182
83 182
82 182
81 182
80 182
80 181
79 181
79 180
79 179
78 179
77 179
76 179
75 179
74 179
73 179
72 179
72 180
72 181
71 181
70 181
70 182
69 182
68 182
67 182
66 182
65 182
64 182
63 182
62 182
61 182
60 182
59 182
59 183
58 183
58 184
58 185
58 186
58 187
57 187
57 188
57 189
57 190
57 191
57 192
57 193
57 194
57 195
58 195
58 196
59 196
59 197
59 198
59 199
59 200
59 201
59 202
58 202
57 202
56 202
55 202
54 202
54 203
53 203
52 203
52 204
51 204
50 204
94 183
94 182
94 181
95 181
95 180
96 180
96 179
97 179
98 179
99 179
100 179
101 179
102 179
103 179
103 178
102 178
102 177
102 176
102 175
102 174
102 173
102 172
103 172
103 171
104 171
104 170
104 169
104 168
104 167
104 166
104 165
103 165
103 164
103 163
102 163
102 162
101 162
100 162
99 162
98 162
97 162
96 162
95 162
94 162
93 162
93 161
92 161
92 160
91 160
91 159
91 158
90 158
90 157
90 156
90 155
89 155
89 154
89 153
89 152
89 151
89 150
89 149
89 148
89 147
89 146
90 146
91 146
92 146
92 145
93 145
94 145
95 145
96 145
97 145
98 145
98 144
99 144
100 144
100 143
101 143
101 142
102 142
103 142
104 142
105 142
106 142
107 142
108 142
109 142
110 142
111 142
111 143
112 143
113 143
114 143
115 143
116 143
116 142
116 141
116 140
116 139
116 138
116 137
116 136
117 136
117 135
117 134
163 453
163 452
163 454
163 455
163 456
164 456
164 457
165 457
166 457
167 457
167 458
168 458
169 458
169 459
169 460
169 461
169 462
169 463
169 464
169 465
169 466
170 466
170 467
171 467
172 467
173 467
174 467
175 467
176 467
176 468
177 468
177 469
177 470
177 471
178 471
178 472
179 472
180 472
180 473
181 473
181 474
181 475
181 476
181 477
181 478
182 478
182 479
183 479
184 479
185 479
186 479
186 478
187 478
187 477
188 477
188 476
189 476
190 476
191 476
191 477
192 477
192 478
192 479
192 480
193 480
194 480
195 480
196 480
197 480
198 480
199 480
199 479
199 478
199 477
199 476
199 475
199 474
199 473
200 473
201 473
201 472
202 472
203 472
204 472
204 473
205 473
206 473
207 473
207 472
208 472
209 472
209 471
209 470
209 469
209 468
209 467
210 467
210 466
210 465
211 465
211 464
212 464
212 463
211 463
211 462
211 461
211 460
211 459
210 459
210 458
209 458
209 457
208 457
208 456
208 455
208 454
208 453
208 452
208 451
208 450
209 450
209 449
209 448
209 447
209 446
209 445
209 444
209 443
209 442
209 441
209 440
209 439
209 438
209 437
209 436
210 436
211 436
212 436
163 451
163 450
163 449
163 448
163 447
163 446
163 445
163 444
164 444
165 444
165 443
166 443
166 442
166 441
165 441
165 440
165 439
165 438
165 437
165 436
164 436
164 435
163 435
163 434
163 433
163 432
163 431
163 430
163 429
163 428
162 428
162 427
163 427
164 427
164 426
165 426
166 426
167 426
264 444
263 444
265 444
265 445
266 445
267 445
267 446
268 446
269 446
270 446
271 446
271 447
272 447
272 446
273 446
273 445
274 445
274 444
275 444
275 443
276 443
276 444
277 444
277 445
278 445
278 446
279 446
279 447
280 447
280 448
281 448
282 448
282 447
283 447
283 446
283 445
283 444
283 443
283 442
283 441
283 440
283 439
282 439
282 438
283 438
283 437
283 436
283 435
283 434
283 433
283 432
284 432
284 431
284 430
285 430
285 429
286 429
286 428
286 427
286 426
286 425
286 424
287 424
287 423
288 423
288 422
288 421
288 420
288 419
288 418
288 417
288 416
288 415
288 414
288 413
288 412
288 411
288 410
289 410
290 410
291 410
292 410
292 409
262 444
261 444
260 444
259 444
258 444
258 445
257 445
256 445
255 445
254 445
254 446
253 446
252 446
251 446
250 446
249 446
249 447
248 447
248 448
247 448
247 449
274 422
274 421
274 423
274 424
273 424
273 425
272 425
272 426
271 426
271 427
274 420
275 420
275 419
276 419
277 419
278 419
278 418
279 418
279 417
280 417
280 416
281 416
281 415
282 415
282 414
283 414
283 413
283 412
284 412
284 411
285 411
286 411
287 411
287 410
278 285
278 286
278 284
278 283
277 283
277 282
276 282
276 281
277 281
277 280
277 279
277 278
277 277
277 276
277 275
277 274
278 274
278 273
279 273
279 286
279 287
280 287
280 288
281 288
281 289
282 289
282 290
283 290
283 291
284 291
284 292
285 292
285 293
285 294
285 295
285 296
285 297
284 297
284 298
283 298
283 299
283 300
283 301
283 302
283 303
283 304
282 304
281 304
281 303
280 303
280 302
279 302
278 302
278 301
277 301
277 300
276 300
275 300
274 300
273 300
272 300
271 300
270 300
269 300
268 300
267 300
266 300
265 300
264 300
264 299
264 298
263 298
263 299
263 300
263 301
263 302
263 303
262 303
262 304
261 304
260 304
260 305
259 305
258 305
258 306
257 306
256 306
256 307
255 307
254 307
253 307
253 306
252 306
252 305
251 305
251 304
250 304
250 303
250 302
249 302
248 302
247 302
246 302
245 302
244 302
243 302
243 303
242 303
241 303
241 304
240 304
239 304
238 304
238 303
237 303
236 303
236 302
235 302
235 301
234 301
234 300
233 300
233 299
233 298
232 298
232 297
231 297
231 296
231 295
230 295
230 294
229 294
228 294
228 293
228 292
227 292
227 291
227 290
226 290
226 289
225 289
225 288
224 288
223 288
222 288
221 288
221 289
220 289
219 289
219 290
152 153
152 154
152 152
152 151
152 150
152 149
152 148
152 147
152 146
152 145
152 144
153 144
153 143
153 142
153 141
153 140
152 140
152 139
151 139
151 138
150 138
149 138
148 138
147 138
146 138
146 137
152 155
152 156
152 157
151 157
151 158
152 158
152 159
153 159
154 159
155 159
156 159
156 160
157 160
158 160
159 160
159 161
160 161
161 161
162 161
162 162
163 162
163 163
164 163
165 163
165 164
166 164
166 165
167 165
168 165
169 165
170 165
171 165
171 166
172 166
173 166
174 166
174 167
175 167
176 167
177 167
178 167
178 168
178 169
178 170
178 171
178 172
178 173
178 174
179 174
179 175
180 175
180 176
180 177
181 177
181 178
181 179
181 180
181 181
181 182
181 183
181 184
181 185
181 186
180 186
179 186
178 186
177 186
176 186
175 186
174 186
173 186
172 186
171 186
170 186
169 186
169 185
168 185
168 184
167 184
167 183
166 183
165 183
164 183
163 183
162 183
161 183
161 182
160 182
160 181
159 181
159 180
158 180
285 350
285 349
285 351
285 352
285 353
285 354
285 355
285 356
285 357
286 357
286 358
287 358
287 359
288 359
288 360
289 360
289 361
289 362
290 362
290 363
285 348
285 347
284 347
284 346
284 345
283 345
283 344
282 344
281 344
280 344
279 344
278 344
277 344
276 344
276 343
276 342
276 341
276 340
276 339
276 338
276 337
277 337
277 336
278 336
278 335
279 335
279 334
278 334
278 333
278 332
278 331
278 330
278 329
278 328
278 327
278 326
278 325
278 324
278 323
278 322
278 321
277 321
277 320
276 320
276 319
275 319
275 318
274 318
274 317
273 317
273 316
272 316
272 315
271 315
271 314
270 314
270 313
270 312
270 311
269 311
269 310
269 309
268 309
268 308
267 308
267 307
266 307
266 306
266 305
266 304
266 303
266 302
266 301
125 72
125 71
125 73
125 74
125 75
125 76
125 77
125 78
126 78
126 79
126 80
126 81
126 82
125 82
124 82
123 82
123 83
122 83
121 83
121 84
122 84
123 84
123 85
124 85
124 86
124 87
124 88
124 89
125 89
125 90
125 91
126 91
126 92
127 92
127 93
128 93
129 93
130 93
130 94
131 94
132 94
132 95
133 95
133 96
133 97
134 97
135 97
135 98
136 98
137 98
137 99
138 99
138 100
138 101
139 101
139 102
140 102
140 103
141 103
142 103
142 104
143 104
144 104
144 105
145 105
146 105
147 105
147 106
148 106
149 106
149 107
150 107
151 107
151 108
152 108
152 109
153 109
153 110
153 111
154 111
154 112
154 113
154 114
154 115
154 116
154 117
153 117
153 118
153 119
152 119
152 120
151 120
150 120
149 120
149 121
148 121
147 121
125 70
125 69
125 68
125 67
124 67
123 67
122 67
122 66
121 66
121 65
120 65
120 64
120 63
120 62
120 61
119 61
119 60
119 59
118 59
117 59
117 58
116 58
115 58
115 57
114 57
114 56
113 56
113 55
112 55
112 54
112 53
111 53
111 52
110 52
110 51
110 50
109 50
109 49
109 48
109 47
109 46
109 45
109 44
108 44
107 44
106 44
105 44
104 44
103 44
102 44
101 44
100 44
99 44
98 44
97 44
149 179
150 179
148 179
147 179
146 179
145 179
144 179
143 179
142 179
141 179
141 178
141 177
140 177
139 177
139 178
139 179
138 179
137 179
136 179
135 179
135 180
135 181
134 181
134 180
133 180
132 180
131 180
130 180
129 180
128 180
127 180
126 180
125 180
124 180
124 181
123 181
123 182
122 182
122 183
121 183
120 183
120 184
119 184
119 185
119 186
119 187
118 187
118 186
117 186
116 186
115 186
114 186
113 186
112 186
112 185
111 185
111 184
110 184
110 183
109 183
109 182
108 182
107 182
107 181
106 181
105 181
105 180
104 180
104 179
151 179
152 179
153 179
154 179
155 179
156 179
157 179
157 180
12 323
12 322
12 324
12 325
12 326
12 327
12 328
12 329
12 330
11 330
11 331
10 331
10 332
9 332
9 333
8 333
8 334
7 334
7 335
6 335
6 336
5 336
5 337
4 337
3 337
3 338
3 339
3 340
3 341
3 342
3 343
3 344
3 345
2 345
2 346
1 346
0 346
0 347
0 348
0 349
0 350
0 351
0 352
0 353
0 354
0 355
0 356
0 357
0 358
0 359
0 360
0 361
1 361
2 361
2 362
3 362
4 362
4 363
5 363
5 364
5 365
5 366
5 367
6 367
6 368
6 369
7 369
8 369
8 370
9 370
9 371
10 371
11 371
11 372
12 372
13 372
13 373
14 373
15 373
16 373
16 374
17 374
17 375
18 375
18 376
18 377
19 377
19 378
19 379
19 380
19 381
20 381
20 382
21 382
22 382
23 382
24 382
25 382
26 382
27 382
27 383
28 383
28 382
28 381
28 380
28 379
28 378
28 377
28 376
28 375
28 374
28 373
28 372
28 371
28 370
27 370
27 369
28 369
28 368
29 368
29 367
29 366
29 365
29 364
30 364
30 363
31 363
32 363
33 363
33 362
34 362
34 361
35 361
35 360
35 359
35 358
35 357
36 357
37 357
37 356
38 356
39 356
39 355
39 354
40 354
40 353
41 353
41 352
42 352
42 351
12 321
12 320
12 319
12 318
12 317
12 316
12 315
13 315
13 314
14 314
14 313
14 312
14 311
14 310
14 309
14 308
14 307
14 306
13 306
13 305
12 305
11 305
10 305
10 304
10 303
10 302
10 301
9 301
9 300
9 299
8 299
8 298
9 298
9 297
9 296
9 295
9 294
9 293
9 292
9 291
9 290
9 289
9 288
10 288
11 288
12 288
13 288
13 287
14 287
14 286
14 285
15 285
15 284
16 284
16 283
23 454
23 455
24 454
25 454
25 453
26 453
26 452
26 451
26 450
26 449
26 448
26 447
26 446
26 445
26 444
26 443
26 442
26 441
26 440
25 440
24 440
23 440
22 440
22 439
21 439
20 439
19 439
19 438
18 438
18 437
18 436
17 436
17 435
17 434
17 433
17 432
17 431
17 430
17 429
17 428
17 427
17 426
17 425
17 424
17 423
17 422
17 421
17 420
17 419
17 418
17 417
18 417
19 417
19 416
20 416
21 416
22 416
23 416
24 416
25 416
26 416
27 416
27 415
26 415
25 415
24 415
23 415
23 414
23 413
23 412
22 412
22 411
21 411
21 410
20 410
20 409
19 409
19 408
18 408
18 407
17 407
17 406
17 405
17 404
17 403
17 402
16 402
16 401
15 401
14 401
14 400
13 400
13 399
12 399
12 398
12 397
12 396
12 395
12 394
12 393
12 392
12 391
13 391
13 390
13 389
14 389
14 388
15 388
15 387
16 387
16 386
17 386
18 386
18 385
19 385
19 384
19 383
20 383
22 455
21 455
21 456
21 457
20 457
20 458
19 458
18 458
18 459
17 459
16 459
16 460
15 460
15 461
14 461
14 462
13 462
12 462
11 462
10 462
10 463
9 463
9 464
9 465
9 466
8 466
8 467
8 468
9 468
9 469
9 470
9 471
9 472
9 473
9 474
9 475
9 476
9 477
9 478
8 478
8 479
7 479
7 480
7 481
7 482
7 483
7 484
7 485
7 486
6 486
6 487
6 488
5 488
5 489
5 490
5 491
4 491
4 492
3 492
2 492
2 493
1 493
0 493
0 494
0 495
0 496
0 497
0 498
0 499
0 500
0 501
0 502
0 503
0 504
0 505
0 506
1 506
1 507
2 507
192 373
192 374
192 372
192 371
192 370
192 369
193 369
193 368
194 368
195 368
195 367
196 367
196 366
197 366
198 366
198 365
199 365
199 364
200 364
201 364
201 363
202 363
203 363
204 363
204 362
205 362
206 362
206 361
207 361
207 360
208 360
208 359
209 359
209 358
210 358
211 358
212 358
213 358
214 358
214 357
215 357
215 356
216 356
217 356
217 355
218 355
219 355
220 355
221 355
192 375
192 376
192 377
192 378
191 378
191 379
190 379
190 380
189 380
189 381
188 381
188 382
187 382
187 383
186 383
186 384
187 384
187 385
187 386
188 386
188 387
188 388
189 388
189 389
190 389
191 389
191 390
192 390
192 391
193 391
193 392
192 392
192 393
192 394
192 395
192 396
192 397
192 398
191 398
190 398
190 399
189 399
188 399
187 399
187 400
186 400
185 400
215 242
216 242
215 243
215 244
214 244
214 245
214 246
214 247
214 248
213 248
213 249
212 249
212 250
211 250
211 251
210 251
210 252
210 253
210 254
210 255
210 256
210 257
210 258
210 259
209 259
208 259
207 259
206 259
205 259
204 259
203 259
202 259
201 259
201 260
201 261
202 261
202 262
203 262
203 263
204 263
204 264
204 265
204 266
204 267
204 268
204 269
204 270
204 271
204 272
204 273
204 274
204 275
204 276
204 277
204 278
204 279
205 279
205 280
205 281
206 281
206 282
216 241
216 240
216 239
217 239
217 238
217 237
218 237
218 236
218 235
218 234
219 234
219 233
220 233
220 232
220 231
221 231
221 230
221 229
222 229
222 228
222 227
222 226
222 225
222 224
222 223
222 222
222 221
222 220
222 219
221 219
221 218
220 218
220 217
219 217
219 216
219 215
218 215
218 214
218 213
218 212
218 211
218 210
218 209
218 208
218 207
218 206
218 205
218 204
218 203
218 202
218 201
218 200
217 200
217 199
217 198
216 198
216 197
215 197
215 196
214 196
214 195
213 195
213 194
212 194
211 194
210 194
209 194
209 193
208 193
207 193
206 193
205 193
204 193
203 193
202 193
202 192
201 192
201 191
201 190
201 189
201 188
201 187
200 187
199 187
199 188
198 188
198 189
198 190
198 191
197 191
197 192
196 192
195 192
195 193
194 193
194 194
193 194
193 195
192 195
191 195
191 194
190 194
189 194
188 194
187 194
187 193
186 193
186 192
185 192
185 191
184 191
184 190
184 189
183 189
183 188
183 187
183 186
182 186
182 185
243 351
244 351
242 351
241 351
240 351
239 351
238 351
237 351
236 351
235 351
234 351
234 350
234 349
233 349
233 348
232 348
231 348
230 348
229 348
228 348
228 347
227 347
227 348
227 349
226 349
226 350
226 351
226 352
226 353
226 354
225 354
225 355
224 355
245 351
246 351
247 351
248 351
249 351
250 351
251 351
252 351
253 351
254 351
255 351
255 350
256 350
257 350
257 351
257 352
257 353
257 354
257 355
257 356
257 357
258 357
259 357
260 357
260 356
261 356
262 356
263 356
264 356
265 356
266 356
267 356
268 356
269 356
270 356
271 356
272 356
273 356
274 356
274 357
275 357
276 357
277 357
278 357
279 357
280 357
281 357
282 357
283 357
284 357
332 364
331 364
332 365
333 365
333 366
334 366
334 367
334 368
334 369
334 370
334 371
334 372
334 373
333 373
333 374
332 374
331 374
330 374
330 375
330 376
330 377
330 378
330 379
330 380
330 381
330 382
331 363
331 362
330 362
330 361
329 361
328 361
328 360
327 360
326 360
325 360
325 359
324 359
323 359
322 359
321 359
320 359
319 359
318 359
318 360
317 360
317 359
316 359
316 358
315 358
315 357
314 357
313 357
313 356
312 356
311 356
311 357
310 357
309 357
308 357
307 357
306 357
305 357
304 357
304 356
303 356
303 357
303 358
303 359
303 360
303 361
302 361
301 361
300 361
299 361
298 361
298 362
297 362
297 363
296 363
295 363
294 363
293 363
292 363
291 363
75 334
74 334
76 334
76 335
76 336
77 336
77 337
78 337
78 338
79 338
79 339
80 339
80 340
81 340
81 341
82 341
83 341
84 341
85 341
86 341
87 341
88 341
89 341
90 341
90 342
90 343
91 343
91 342
91 341
91 340
91 339
91 338
92 338
92 337
92 336
93 336
93 335
94 335
94 334
95 334
95 333
96 333
97 333
98 333
99 333
100 333
101 333
101 334
102 334
102 335
103 335
103 336
104 336
104 337
105 337
105 338
106 338
107 338
108 338
109 338
110 338
111 338
112 338
112 339
112 340
113 340
113 341
114 341
114 342
114 343
115 343
73 334
72 334
71 334
71 333
70 333
70 332
69 332
69 331
68 331
68 330
67 330
66 330
65 330
64 330
63 330
63 329
63 328
63 327
62 327
61 327
61 326
60 326
59 326
58 326
57 326
56 326
55 326
54 326
54 327
53 327
53 328
52 328
51 328
50 328
49 328
48 328
47 328
46 328
45 328
44 328
43 328
42 328
41 328
40 328
40 329
39 329
39 330
39 331
39 332
38 332
38 333
38 334
39 334
39 335
39 336
40 336
40 337
40 338
40 339
40 340
40 341
41 341
41 342
41 343
41 344
41 345
41 346
41 347
41 348
41 349
41 350
41 351
21 260
20 260
21 261
22 261
22 262
23 262
23 263
22 263
22 264
21 264
21 265
21 266
21 267
21 268
20 268
20 269
19 269
19 270
19 271
19 272
19 273
19 274
19 275
20 275
20 276
19 276
19 277
19 278
19 279
19 280
19 281
18 281
18 282
17 282
17 283
19 260
18 260
18 259
17 259
16 259
16 258
15 258
15 257
15 256
16 256
16 255
16 254
17 254
17 253
17 252
16 252
16 251
16 250
16 249
16 248
16 247
16 246
16 245
16 244
16 243
16 242
16 241
16 240
16 239
16 238
16 237
17 237
18 237
19 237
20 237
21 237
22 237
23 237
23 236
23 235
23 234
23 233
24 233
24 232
25 232
25 231
26 231
27 231
27 230
27 229
27 228
27 227
27 226
28 226
29 226
29 225
30 225
30 224
30 223
30 222
30 221
31 221
31 220
32 220
32 219
33 219
34 219
34 218
35 218
35 217
35 216
36 216
137 219
137 218
137 220
137 221
137 222
137 223
138 223
138 224
138 225
138 226
138 227
138 228
138 229
138 230
138 231
138 232
139 232
139 231
140 231
141 231
142 231
143 231
144 231
145 231
146 231
147 231
147 232
148 232
149 232
150 232
150 233
151 233
152 233
153 233
153 234
154 234
154 235
155 235
156 235
156 236
156 237
157 237
158 237
159 237
160 237
161 237
162 237
162 238
163 238
163 239
164 239
164 240
164 241
164 242
164 243
163 243
163 244
163 245
164 245
165 245
166 245
167 245
168 245
169 245
169 246
170 246
170 247
171 247
171 248
172 248
172 249
173 249
173 250
173 251
174 251
174 252
174 253
174 254
174 255
175 255
175 256
175 257
175 258
175 259
175 260
175 261
175 262
175 263
175 264
175 265
175 266
175 267
175 268
175 269
176 269
177 269
178 269
179 269
180 269
181 269
181 270
181 271
181 272
181 273
181 274
181 275
181 276
182 276
182 277
183 277
183 278
184 278
184 279
184 280
185 280
185 279
186 279
186 278
187 278
188 278
189 278
189 277
189 276
189 275
189 274
189 273
189 272
189 271
190 271
191 271
191 272
192 272
193 272
193 273
194 273
194 274
195 274
195 275
196 275
196 274
197 274
197 273
198 273
199 273
200 273
201 273
202 273
203 273
137 217
137 216
137 215
138 215
138 214
137 214
137 213
137 212
137 211
137 210
137 209
137 208
137 207
137 206
137 205
137 204
137 203
137 202
138 202
139 202
139 201
140 201
141 201
141 200
142 200
143 200
144 200
145 200
146 200
146 199
147 199
147 198
148 198
148 197
149 197
149 196
150 196
150 195
151 195
151 194
152 194
152 193
152 192
152 191
152 190
152 189
152 188
151 188
151 187
150 187
149 187
148 187
147 187
146 187
145 187
144 187
143 187
142 187
142 186
142 185
141 185
141 184
141 183
141 182
141 181
141 180
57 415
56 415
57 416
58 416
58 417
59 417
60 417
61 417
62 417
63 417
63 418
64 418
65 418
65 419
65 420
65 421
65 422
65 423
65 424
65 425
65 426
65 427
65 428
65 429
65 430
65 431
64 431
63 431
62 431
61 431
60 431
59 431
58 431
57 431
56 431
56 432
55 432
54 432
54 433
53 433
52 433
52 434
51 434
51 435
50 435
50 436
49 436
49 437
48 437
48 438
47 438
46 438
45 438
44 438
43 438
42 438
41 438
40 438
39 438
38 438
37 438
37 439
36 439
35 439
34 439
34 440
33 440
32 440
31 440
30 440
29 440
29 441
28 441
27 441
56 414
55 414
55 413
54 413
54 412
53 412
52 412
51 412
51 411
50 411
49 411
48 411
48 410
47 410
46 410
45 410
44 410
43 410
43 409
42 409
41 409
40 409
40 410
39 410
39 411
38 411
38 412
37 412
37 413
37 414
36 414
35 414
35 415
34 415
33 415
32 415
31 415
30 415
29 415
28 415
4 101
3 101
4 100
5 100
5 99
6 99
7 99
8 99
9 99
9 98
10 98
10 97
11 97
12 97
12 96
13 96
13 95
14 95
14 94
15 94
15 93
16 93
16 92
16 91
16 90
16 89
16 88
16 87
16 86
16 85
16 84
16 83
17 83
18 83
18 82
19 82
20 82
21 82
22 82
23 82
24 82
25 82
26 82
26 81
27 81
27 80
27 79
28 79
28 78
28 77
28 76
28 75
28 74
28 73
28 72
28 71
28 70
28 69
29 69
29 68
30 68
30 67
31 67
31 66
32 66
32 65
33 65
33 64
34 64
34 63
35 63
36 63
37 63
38 63
39 63
40 63
41 63
42 63
43 63
2 101
2 102
1 102
1 103
0 103
0 104
0 105
0 106
0 107
0 108
0 109
0 110
0 111
0 112
0 113
0 114
0 115
0 116
0 117
0 118
0 119
0 120
0 121
0 122
0 123
0 124
1 124
1 125
1 126
1 127
1 128
1 129
1 130
2 130
3 130
4 130
5 130
5 131
6 131
6 132
5 132
5 133
5 134
5 135
5 136
5 137
5 138
5 139
91 419
90 419
91 418
92 418
93 418
93 417
94 417
95 417
95 416
96 416
96 415
97 415
98 415
98 414
99 414
100 414
101 414
102 414
103 414
103 413
103 412
104 412
104 411
104 410
105 410
105 409
105 408
105 407
106 407
106 406
107 406
107 405
108 405
109 405
109 404
110 404
110 403
111 403
112 403
112 402
113 402
114 402
115 402
116 402
117 402
118 402
118 401
119 401
120 401
121 401
122 401
123 401
124 401
125 401
125 402
126 402
127 402
128 402
128 403
129 403
129 404
130 404
131 404
132 404
133 404
134 404
135 404
135 403
135 402
136 402
136 401
136 400
137 400
138 400
139 400
140 400
141 400
142 400
143 400
144 400
145 400
146 400
147 400
148 400
149 400
150 400
151 400
152 400
153 400
154 400
154 401
155 401
155 402
156 402
156 403
157 403
157 402
158 402
158 401
159 401
160 401
161 401
162 401
162 400
163 400
164 400
165 400
166 400
166 401
90 420
89 420
88 420
88 421
87 421
86 421
85 421
84 421
83 421
83 422
82 422
81 422
81 423
80 423
79 423
79 424
78 424
77 424
77 425
76 425
75 425
74 425
73 425
72 425
71 425
70 425
69 425
69 426
68 426
68 427
67 427
67 428
67 429
67 430
67 431
67 432
67 433
66 433
66 432
66 431
31 511
32 511
30 511
29 511
28 511
27 511
26 511
25 511
24 511
23 511
22 511
21 511
20 511
19 511
18 511
17 511
17 510
16 510
16 509
15 509
15 510
15 511
14 511
13 511
12 511
11 511
10 511
9 511
8 511
7 511
6 511
5 511
4 511
4 510
4 509
3 509
3 508
3 507
33 511
34 511
35 511
36 511
37 511
38 511
39 511
40 511
41 511
41 510
41 509
41 508
42 508
42 507
43 507
43 506
44 506
45 506
46 506
47 506
48 506
49 506
50 506
51 506
52 506
53 506
54 506
55 506
56 506
57 506
58 506
59 506
60 506
61 506
62 506
62 507
63 507
64 507
65 507
66 507
67 507
68 507
69 507
70 507
70 508
71 508
72 508
72 509
73 509
73 510
73 511
74 511
75 511
76 511
77 511
78 511
79 511
80 511
81 511
82 511
83 511
84 511
85 511
86 511
86 510
86 509
87 509
87 508
88 508
89 508
89 507
90 507
90 506
91 506
91 505
91 504
92 504
92 503
92 502
93 502
93 501
94 501
95 501
95 500
96 500
96 499
97 499
97 498
98 498
98 497
99 497
99 496
100 496
100 495
101 495
101 494
102 494
102 493
103 493
104 493
104 492
105 492
106 492
107 492
108 492
109 492
110 492
111 492
111 491
112 491
112 490
113 490
114 490
114 489
115 489
116 489
117 489
118 489
118 488
119 488
119 487
120 487
120 486
120 485
120 484
120 483
121 483
121 482
121 481
121 480
122 480
122 479
123 479
123 478
124 478
124 477
125 477
126 477
127 477
127 476
128 476
129 476
129 475
129 474
130 474
131 474
131 473
132 473
132 472
133 472
133 471
134 471
135 471
136 471
137 471
137 472
138 472
138 473
138 474
138 475
139 475
140 475
141 475
142 475
143 475
143 474
144 474
144 473
145 473
146 473
146 472
147 472
148 472
148 471
149 471
150 471
151 471
151 470
152 470
153 470
154 470
155 470
156 470
156 471
157 471
158 471
159 471
160 471
160 472
161 472
161 473
162 473
162 474
163 474
164 474
164 475
165 475
166 475
167 475
168 475
168 476
169 476
169 477
170 477
170 478
171 478
172 478
172 479
173 479
173 480
173 481
173 482
173 483
173 484
174 484
175 484
176 484
177 484
178 484
178 483
179 483
179 482
180 482
180 481
181 481
181 480
182 480
128 362
127 362
129 362
130 362
131 362
131 361
132 361
133 361
133 360
134 360
135 360
136 360
136 359
137 359
137 358
137 357
137 356
137 355
137 354
137 353
137 352
137 351
138 351
139 351
139 350
140 350
140 349
141 349
141 348
142 348
142 347
142 346
142 345
143 345
143 344
143 343
144 343
144 342
145 342
146 342
146 341
147 341
147 340
148 340
149 340
150 340
151 340
152 340
153 340
154 340
155 340
156 340
156 341
157 341
158 341
159 341
159 340
160 340
161 340
162 340
163 340
164 340
165 340
165 339
166 339
166 338
167 338
167 337
167 336
167 335
167 334
167 333
167 332
168 332
168 333
168 334
169 334
169 335
170 335
170 336
171 336
171 337
172 337
172 338
173 338
173 339
174 339
175 339
175 340
176 340
176 341
177 341
177 342
178 342
178 343
179 343
179 344
179 345
180 345
126 362
125 362
124 362
124 361
124 360
124 359
124 358
124 357
123 357
123 358
122 358
121 358
120 358
119 358
118 358
117 358
116 358
115 358
114 358
113 358
112 358
111 358
110 358
109 358
109 359
109 360
108 360
108 359
108 358
108 357
108 356
108 355
108 354
108 353
108 352
108 351
108 350
108 349
108 348
108 347
108 346
108 345
108 344
108 343
108 342
108 341
108 340
108 339
107 339
106 339
112 270
112 271
112 269
112 268
112 267
112 266
112 265
113 265
114 265
114 266
115 266
116 266
117 266
118 266
119 266
120 266
121 266
121 265
121 264
121 263
121 262
121 261
121 260
121 259
122 259
122 258
123 258
123 257
124 257
124 256
124 255
124 254
124 253
124 252
124 251
124 250
125 250
125 249
125 248
126 248
126 247
127 247
127 246
127 245
128 245
128 244
128 243
128 242
129 242
129 241
129 240
130 240
130 239
131 239
132 239
133 239
133 238
134 238
134 237
134 236
135 236
135 235
136 235
136 234
137 234
137 233
138 233
112 272
112 273
112 274
112 275
112 276
112 277
112 278
112 279
112 280
112 281
112 282
112 283
111 283
110 283
109 283
109 284
108 284
107 284
106 284
105 284
105 285
104 285
104 286
103 286
103 287
102 287
102 288
102 289
101 289
101 290
100 290
99 290
98 290
98 291
97 291
97 290
96 290
96 289
96 288
96 287
95 287
95 286
94 286
94 285
93 285
93 284
92 284
91 284
91 285
90 285
89 285
89 286
88 286
87 286
87 287
86 287
86 288
86 289
85 289
85 290
85 291
84 291
84 292
83 292
83 293
83 294
82 294
82 293
81 293
80 293
79 293
78 293
77 293
76 293
75 293
74 293
74 294
73 294
73 295
72 295
72 296
71 296
71 297
70 297
69 297
69 298
68 298
67 298
66 298
65 298
64 298
63 298
62 298
61 298
60 298
59 298
58 298
57 298
56 298
55 298
55 297
54 297
54 296
54 295
53 295
53 294
52 294
51 294
51 293
50 293
49 293
49 292
48 292
48 291
48 290
48 289
48 288
48 287
48 286
47 286
47 285
46 285
45 285
45 284
44 284
43 284
43 283
42 283
41 283
40 283
39 283
38 283
38 284
37 284
36 284
35 284
34 284
33 284
32 284
31 284
30 284
30 285
29 285
29 286
29 287
28 287
28 288
28 289
28 290
28 291
27 291
27 292
26 292
26 293
25 293
25 294
24 294
24 295
23 295
23 296
23 297
22 297
22 298
21 298
21 299
20 299
20 300
19 300
19 301
19 302
19 303
18 303
18 304
17 304
16 304
15 304
15 305
14 305
169 321
169 320
169 322
169 323
168 323
168 324
168 325
167 325
167 326
167 327
167 328
167 329
166 329
166 330
167 330
167 331
169 319
170 319
170 318
170 317
171 317
171 316
172 316
172 315
173 315
174 315
175 315
176 315
177 315
178 315
179 315
180 315
180 316
181 316
181 317
182 317
182 318
183 318
183 319
184 319
184 320
185 320
185 321
186 321
186 322
187 322
187 323
188 323
188 324
189 324
189 325
190 325
191 325
191 326
342 43
343 43
341 43
341 42
340 42
340 41
339 41
339 40
338 40
337 40
336 40
335 40
334 40
333 40
333 39
332 39
331 39
331 38
330 38
344 43
345 43
346 43
347 43
347 44
348 44
348 45
349 45
350 45
350 44
351 44
352 44
352 43
353 43
354 43
355 43
355 42
355 41
356 41
356 40
356 39
357 39
357 38
358 38
359 38
360 38
361 38
362 38
363 38
363 37
364 37
364 36
365 36
365 35
366 35
366 34
367 34
367 33
367 32
368 32
369 32
370 32
371 32
372 32
373 32
374 32
375 32
376 32
377 32
377 31
378 31
378 30
379 30
379 29
380 29
380 28
380 27
380 26
381 26
381 25
382 25
382 24
383 24
383 23
383 22
384 22
384 21
384 20
385 20
385 19
386 19
386 18
387 18
387 17
388 17
389 17
389 16
390 16
391 16
392 16
393 16
394 16
395 16
396 16
397 16
398 16
399 16
400 16
400 15
400 454
400 453
401 454
401 455
402 455
402 456
403 456
403 457
404 457
405 457
406 457
407 457
408 457
409 457
409 456
410 456
410 455
411 455
412 455
412 454
413 454
413 453
414 453
415 453
416 453
417 453
418 453
418 452
419 452
419 451
420 451
420 450
420 449
399 453
398 453
397 453
396 453
396 452
395 452
395 451
394 451
393 451
392 451
391 451
390 451
389 451
388 451
387 451
386 451
385 451
384 451
383 451
382 451
381 451
380 451
379 451
378 451
377 451
376 451
375 451
374 451
373 451
372 451
371 451
371 452
370 452
369 452
368 452
367 452
366 452
365 452
364 452
363 452
362 452
361 452
360 452
359 452
358 452
357 452
357 453
356 453
356 454
355 454
355 455
355 456
355 457
355 458
355 459
355 460
355 461
355 462
356 462
356 463
357 463
357 464
356 464
355 464
354 464
353 464
352 464
351 464
350 464
349 464
348 464
347 464
347 465
346 465
345 465
344 465
343 465
342 465
341 465
340 465
339 465
338 465
338 466
338 467
338 468
338 469
338 470
338 471
338 472
337 472
337 473
336 473
336 474
336 475
336 476
336 477
335 477
334 477
333 477
332 477
331 477
330 477
329 477
328 477
327 477
326 477
325 477
325 476
324 476
324 477
324 478
324 479
324 480
324 481
323 481
323 482
322 482
321 482
320 482
319 482
318 482
317 482
316 482
315 482
314 482
313 482
312 482
312 481
311 481
310 481
310 480
309 480
308 480
307 480
307 481
307 482
307 483
307 484
306 484
305 484
304 484
303 484
302 484
301 484
300 484
299 484
298 484
297 484
297 483
296 483
296 484
295 484
294 484
293 484
292 484
292 485
291 485
290 485
289 485
288 485
287 485
286 485
285 485
284 485
284 484
283 484
282 484
282 483
281 483
280 483
280 482
279 482
398 348
399 348
397 348
397 349
397 350
397 351
397 352
397 353
397 354
397 355
397 356
397 357
397 358
397 359
396 359
396 360
396 361
396 362
396 363
396 364
396 365
397 365
397 366
398 366
398 367
398 368
399 368
399 369
400 369
400 370
400 371
401 371
401 372
400 372
399 372
398 372
398 373
398 374
398 375
398 376
398 377
398 378
398 379
397 379
397 380
396 380
396 379
395 379
395 378
395 377
394 377
394 376
393 376
393 375
392 375
391 375
391 374
390 374
389 374
389 373
388 373
387 373
386 373
386 372
385 372
384 372
383 372
382 372
381 372
380 372
379 372
378 372
378 373
377 373
376 373
375 373
374 373
373 373
372 373
372 374
371 374
370 374
369 374
368 374
367 374
367 373
366 373
366 372
366 371
365 371
365 370
364 370
364 369
363 369
363 368
363 367
362 367
362 366
361 366
361 365
361 364
360 364
360 363
359 363
359 362
359 361
358 361
358 360
357 360
356 360
355 360
354 360
354 359
353 359
353 358
353 357
352 357
352 356
352 355
352 354
352 353
352 352
352 351
352 350
352 349
351 349
350 349
349 349
348 349
347 349
346 349
345 349
344 349
344 348
343 348
343 347
342 347
341 347
340 347
339 347
338 347
337 347
337 348
337 349
337 350
336 350
336 351
335 351
334 351
333 351
332 351
331 351
330 351
329 351
328 351
327 351
326 351
326 352
325 352
325 353
325 354
325 355
325 356
325 357
325 358
399 347
400 347
401 347
402 347
402 348
403 348
404 348
404 349
405 349
406 349
407 349
407 348
408 348
408 347
408 346
408 345
408 344
409 344
409 343
410 343
411 343
411 342
412 342
412 343
413 343
413 344
414 344
414 345
414 346
415 346
415 347
416 347
416 348
417 348
417 349
418 349
418 350
418 351
419 351
419 352
420 352
421 352
421 353
422 353
422 352
423 352
424 352
425 352
426 352
427 352
428 352
429 352
430 352
431 352
431 353
431 354
432 354
432 353
432 352
432 351
432 350
432 349
432 348
432 347
432 346
432 345
433 345
433 344
434 344
434 343
435 343
435 344
436 344
436 345
437 345
438 345
439 345
440 345
441 345
442 345
442 346
442 347
443 347
443 346
444 346
444 345
444 344
444 343
444 342
444 341
444 340
445 340
445 339
445 338
445 337
445 336
445 335
445 334
446 334
446 333
446 332
446 331
445 331
445 330
444 330
444 329
444 328
444 327
444 326
443 326
443 325
442 325
442 324
442 323
442 322
442 321
442 320
442 319
442 318
442 317
443 317
443 316
444 316
445 316
445 315
445 314
445 313
445 312
445 311
445 310
445 309
445 308
445 307
446 307
446 306
447 306
447 305
448 305
448 304
449 304
449 303
449 302
450 302
451 302
452 302
452 303
453 303
454 303
455 303
456 303
457 303
458 303
459 303
460 303
460 304
460 305
460 306
460 307
460 308
460 309
460 310
460 311
460 312
461 312
462 312
463 312
463 313
464 313
464 314
465 314
465 315
466 315
466 316
467 316
468 316
469 316
470 316
470 317
471 317
471 316
472 316
473 316
473 315
474 315
475 315
475 314
475 313
475 312
476 312
476 311
477 311
478 311
478 310
479 310
480 310
481 310
481 309
480 309
480 308
479 308
479 307
479 306
479 305
479 304
478 304
478 303
477 303
477 302
477 301
477 300
477 299
477 298
477 297
477 296
478 296
479 296
479 295
480 295
480 294
480 293
480 292
480 291
481 291
481 292
482 292
483 292
484 292
485 292
485 291
486 291
486 290
487 290
487 289
488 289
488 288
489 288
490 288
491 288
492 288
492 287
493 287
493 286
494 286
494 285
494 284
494 283
495 283
495 282
496 282
496 281
497 281
497 280
497 279
497 278
497 277
497 276
497 275
497 274
497 273
497 272
497 271
497 270
497 269
497 268
498 268
498 267
498 266
498 265
498 264
498 263
499 263
500 263
501 263
502 263
503 263
504 263
504 262
505 262
505 261
506 261
507 261
508 261
508 260
508 259
508 258
508 257
508 256
508 255
509 255
509 254
510 254
511 254
511 253
510 253
510 252
509 252
508 252
507 252
507 251
506 251
506 250
506 249
506 248
506 247
506 246
505 246
504 246
503 246
502 246
501 246
501 245
501 244
500 244
500 243
500 242
500 241
500 240
500 239
500 238
499 238
499 237
499 236
499 235
499 234
499 233
499 232
499 231
498 231
498 230
499 230
499 229
500 229
500 228
500 227
501 227
501 226
502 226
502 225
502 224
502 223
502 222
502 221
502 220
501 220
501 219
500 219
500 218
499 218
498 218
497 218
496 218
495 218
494 218
493 218
492 218
491 218
490 218
490 217
490 216
490 215
490 214
490 213
490 212
490 211
490 210
490 209
490 208
490 207
490 206
490 205
490 204
490 203
490 202
490 201
490 200
490 199
490 198
490 197
489 197
488 197
488 196
488 195
487 195
487 194
487 193
487 192
486 192
486 191
487 191
487 190
488 190
488 189
489 189
489 188
490 188
490 187
491 187
491 186
492 186
492 185
493 185
493 184
494 184
495 184
495 183
496 183
497 183
497 182
498 182
498 181
499 181
499 180
499 179
500 179
500 178
500 177
501 177
501 176
502 176
502 175
503 175
503 174
504 174
504 173
504 172
505 172
505 171
504 171
504 170
503 170
503 169
503 168
503 167
503 166
503 165
503 164
503 163
503 162
503 161
503 160
502 160
502 159
502 158
502 157
501 157
501 156
500 156
500 155
500 154
500 153
500 152
500 151
500 150
500 149
500 148
499 148
499 147
498 147
497 147
497 146
496 146
496 145
496 144
496 143
496 142
496 141
495 141
495 140
494 140
494 139
494 138
493 138
492 138
492 137
491 137
490 137
489 137
488 137
488 136
487 136
486 136
486 135
487 135
487 134
487 133
487 132
487 131
487 130
487 129
487 128
487 127
487 126
487 125
487 124
487 123
487 122
487 121
487 120
487 119
486 119
486 118
486 117
487 117
487 116
487 115
488 115
488 114
488 113
488 112
489 112
489 111
489 110
489 109
489 108
490 108
490 107
490 106
491 106
491 105
492 105
493 105
494 105
495 105
496 105
497 105
497 104
498 104
498 103
499 103
499 102
500 102
500 101
501 101
501 100
501 99
502 99
502 98
502 97
503 97
503 96
503 95
504 95
504 94
504 93
504 92
504 91
504 90
504 89
504 88
503 88
503 87
503 86
502 86
502 85
502 84
502 83
502 82
501 82
500 82
499 82
498 82
497 82
497 83
496 83
496 82
495 82
494 82
494 81
493 81
493 80
492 80
491 80
491 79
490 79
489 79
488 79
487 79
486 79
485 79
484 79
483 79
482 79
482 78
482 77
481 77
481 76
481 75
481 74
480 74
480 73
480 72
480 71
480 70
480 69
480 68
479 68
478 68
478 67
479 67
480 67
481 67
481 66
482 66
482 65
483 65
483 64
484 64
484 63
484 62
484 61
484 60
484 59
484 58
484 57
484 56
483 56
482 56
481 56
480 56
479 56
478 56
477 56
477 55
476 55
476 54
476 53
476 52
476 51
476 50
476 49
476 48
476 47
476 46
476 45
476 44
476 43
475 43
475 42
476 42
477 42
477 41
478 41
478 40
479 40
480 40
480 39
481 39
482 39
482 38
483 38
484 38
485 38
485 37
486 37
487 37
488 37
489 37
490 37
490 38
490 39
491 39
491 38
491 37
491 36
492 36
493 36
494 36
495 36
496 36
496 35
497 35
498 35
499 35
500 35
501 35
502 35
503 35
504 35
504 34
504 33
504 32
504 31
504 30
504 29
505 29
505 28
506 28
507 28
508 28
509 28
510 28
511 28
511 27
511 26
511 25
511 24
511 23
511 22
511 21
511 20
511 19
510 19
509 19
508 19
507 19
506 19
505 19
505 20
504 20
503 20
502 20
501 20
500 20
499 20
498 20
497 20
496 20
495 20
494 20
493 20
493 21
492 21
491 21
490 21
489 21
489 20
488 20
487 20
486 20
486 21
485 21
484 21
484 22
483 22
483 23
482 23
482 22
481 22
481 21
480 21
480 20
479 20
479 19
478 19
477 19
477 18
476 18
476 17
475 17
475 16
474 16
474 15
474 14
474 13
474 12
474 11
474 10
474 9
473 9
473 8
472 8
471 8
471 7
470 7
470 6
469 6
469 5
469 4
468 4
468 3
467 3
467 2
467 1
467 0
466 0
465 0
464 0
463 0
462 0
461 0
460 0
459 0
458 0
457 0
456 0
455 0
454 0
453 0
452 0
451 0
450 0
449 0
448 0
447 0
446 0
445 0
444 0
443 0
442 0
441 0
440 0
439 0
438 0
437 0
436 0
435 0
435 1
435 2
435 3
435 4
435 5
435 6
435 7
434 7
433 7
433 8
432 8
431 8
430 8
429 8
428 8
428 9
427 9
427 10
427 11
426 11
425 11
425 12
424 12
423 12
422 12
421 12
420 12
419 12
418 12
417 12
416 12
415 12
414 12
414 11
413 11
412 11
411 11
410 11
409 11
408 11
407 11
406 11
406 12
405 12
405 13
404 13
403 13
403 14
402 14
401 14
401 15
