68 369
69 369
68 370
67 370
67 371
66 371
65 371
65 372
64 372
64 373
63 373
62 373
61 373
60 373
59 373
59 372
59 371
58 371
58 370
57 370
57 369
56 369
56 368
55 368
55 367
55 366
55 365
55 364
55 363
56 363
56 362
56 361
56 360
57 360
57 359
57 358
58 358
58 357
59 357
59 356
59 355
60 355
61 355
61 354
61 353
61 352
61 351
61 350
61 349
62 349
62 350
62 351
62 352
62 353
63 353
63 354
64 354
65 354
65 355
66 355
67 355
68 355
69 355
70 355
70 356
71 356
72 356
73 356
74 356
74 357
75 357
75 358
76 358
77 358
77 359
78 359
78 360
79 360
79 361
80 361
81 361
82 361
83 361
84 361
85 361
86 361
87 361
88 361
89 361
89 360
90 360
90 359
91 359
92 359
93 359
93 358
94 358
94 357
95 357
96 357
97 357
98 357
99 357
99 358
100 358
100 359
101 359
101 360
101 361
102 361
102 362
103 362
104 362
105 362
106 362
106 363
107 363
107 364
108 364
108 365
109 365
109 366
109 367
109 368
109 369
109 370
109 371
109 372
109 373
109 374
109 375
109 376
109 377
109 378
109 379
109 380
109 381
109 382
109 383
109 384
109 385
110 385
110 386
111 386
111 385
112 385
113 385
114 385
115 385
116 385
117 385
118 385
119 385
119 384
119 383
120 383
120 382
120 381
120 380
120 379
120 378
121 378
121 377
122 377
122 376
122 375
123 375
123 374
124 374
124 373
125 373
70 369
71 369
72 369
72 368
73 368
74 368
74 367
75 367
76 367
76 366
77 366
77 365
77 364
77 363
77 362
77 361
77 360
127 34
128 34
126 34
125 34
124 34
123 34
122 34
122 35
122 36
122 37
122 38
122 39
121 39
121 40
121 41
120 41
120 42
119 42
118 42
117 42
116 42
115 42
114 42
113 42
112 42
112 43
112 44
112 45
112 46
112 47
112 48
112 49
112 50
112 51
111 51
110 51
109 51
109 52
110 52
111 52
111 53
112 53
112 54
112 55
112 56
112 57
113 57
113 58
114 58
114 59
114 60
114 61
114 62
114 63
115 63
115 64
115 65
115 66
116 66
116 67
117 67
117 68
117 69
118 69
118 70
118 71
118 72
118 73
118 74
117 74
117 75
116 75
116 76
115 76
115 77
114 77
114 78
114 79
114 80
114 81
114 82
114 83
114 84
114 85
114 86
114 87
113 87
113 88
112 88
112 89
112 90
111 90
111 91
110 91
110 92
111 92
111 93
111 94
111 95
111 96
112 96
112 97
112 98
113 98
113 99
112 99
112 100
111 100
111 101
110 101
109 101
108 101
107 101
107 102
106 102
105 102
105 103
105 104
105 105
105 106
106 106
106 107
106 108
106 109
106 110
106 111
106 112
107 112
108 112
108 113
109 113
109 114
110 114
110 115
111 115
111 116
111 117
112 117
112 118
113 118
113 119
114 119
114 120
129 34
130 34
131 34
132 34
133 34
134 34
134 35
135 35
135 36
136 36
136 37
136 38
136 39
136 40
136 41
137 41
137 42
137 43
138 43
138 44
138 45
138 46
139 46
140 46
141 46
142 46
143 46
144 46
144 45
145 45
146 45
147 45
148 45
149 45
149 46
149 47
150 47
150 48
150 49
150 50
151 50
152 50
152 51
153 51
154 51
155 51
156 51
157 51
158 51
159 51
160 51
161 51
161 50
411 361
412 361
410 361
409 361
409 360
408 360
408 359
407 359
407 358
406 358
406 357
405 357
405 356
413 361
414 361
415 361
416 361
416 362
416 363
416 364
416 365
416 366
416 367
416 368
417 368
418 368
419 368
420 368
421 368
422 368
423 368
424 368
424 369
425 369
425 370
426 370
426 371
427 371
427 372
428 372
429 372
429 373
430 373
430 374
431 374
431 375
432 375
433 375
433 376
433 377
434 377
434 378
434 379
434 380
434 381
434 382
435 382
435 383
436 383
436 384
436 385
437 385
437 386
438 386
438 387
439 387
440 387
441 387
442 387
443 387
444 387
444 386
445 386
446 386
446 385
447 385
447 384
448 384
448 383
449 383
450 383
451 383
452 383
453 383
454 383
455 383
455 384
456 384
456 385
457 385
457 386
458 386
458 387
458 388
454 403
454 402
454 404
454 405
454 406
454 407
454 408
455 408
455 409
455 410
455 411
456 411
456 412
457 412
457 413
457 414
457 415
457 416
457 417
457 418
456 418
456 419
457 419
457 420
458 420
458 421
459 421
459 422
459 423
459 424
459 425
459 426
459 427
460 427
460 428
460 429
461 429
461 430
461 431
462 431
462 432
463 432
463 433
464 433
464 434
465 434
465 435
465 436
465 437
466 437
466 438
467 438
467 439
468 439
468 440
469 440
469 441
470 441
470 442
470 443
470 444
471 444
471 445
471 446
471 447
471 448
471 449
472 449
473 449
474 449
475 449
476 449
476 450
476 451
476 452
476 453
477 453
477 454
477 455
478 455
479 455
479 456
480 456
480 457
481 457
481 458
482 458
483 458
484 458
484 459
485 459
486 459
486 460
487 460
488 460
489 460
490 460
490 461
491 461
492 461
493 461
493 462
494 462
494 463
495 463
496 463
496 464
497 464
454 401
454 400
454 399
455 399
456 399
456 398
457 398
457 397
457 396
457 395
457 394
457 393
457 392
457 391
457 390
457 389
458 389
413 318
414 318
413 317
412 317
411 317
411 316
410 316
409 316
409 315
408 315
408 316
407 316
407 317
406 317
406 318
405 318
405 319
404 319
404 320
403 320
403 321
402 321
402 322
401 322
401 323
401 324
400 324
399 324
399 325
398 325
397 325
396 325
396 326
395 326
395 327
395 328
394 328
394 329
393 329
392 329
391 329
390 329
389 329
388 329
387 329
386 329
385 329
385 330
384 330
384 331
383 331
383 332
382 332
382 333
381 333
381 334
381 335
381 336
380 336
379 336
378 336
377 336
376 336
376 337
376 338
376 339
376 340
376 341
375 341
375 342
375 343
374 343
374 344
374 345
373 345
373 346
372 346
372 347
371 347
370 347
370 348
369 348
368 348
368 349
367 349
367 350
366 350
366 351
365 351
365 352
414 319
414 320
415 320
415 321
416 321
416 322
417 322
417 323
262 5
262 6
262 4
262 3
262 2
262 1
262 0
261 0
260 0
259 0
258 0
257 0
256 0
255 0
254 0
253 0
252 0
251 0
250 0
249 0
248 0
247 0
246 0
245 0
244 0
243 0
242 0
241 0
240 0
239 0
238 0
237 0
236 0
235 0
234 0
233 0
232 0
231 0
231 1
230 1
230 2
229 2
229 3
228 3
227 3
226 3
225 3
225 2
224 2
224 1
223 1
223 0
222 0
221 0
220 0
219 0
218 0
217 0
216 0
215 0
214 0
213 0
212 0
262 7
263 7
264 7
264 8
265 8
266 8
267 8
267 9
268 9
268 10
269 10
269 11
269 12
268 12
268 13
268 14
268 15
268 16
268 17
268 18
267 18
266 18
265 18
264 18
263 18
262 18
261 18
260 18
260 19
261 19
261 20
262 20
262 21
262 22
263 22
263 23
263 24
264 24
264 25
265 25
266 25
266 26
267 26
268 26
268 27
269 27
269 28
270 28
270 29
271 29
271 30
272 30
272 31
273 31
273 32
273 33
273 34
273 35
272 35
271 35
270 35
269 35
269 36
268 36
268 37
267 37
267 38
267 39
268 39
268 40
269 40
269 41
269 42
270 42
270 43
270 44
270 45
270 46
270 47
270 48
270 49
270 50
270 51
271 51
271 52
271 53
270 53
270 54
270 55
270 56
270 57
270 58
269 58
269 59
268 59
268 60
267 60
267 61
266 61
265 61
264 61
263 61
262 61
261 61
260 61
260 62
259 62
259 63
259 64
259 65
259 66
259 67
259 68
259 69
259 70
259 71
258 71
258 72
258 73
258 74
258 75
258 76
258 77
258 78
258 79
257 79
257 80
256 80
255 80
255 81
254 81
254 82
254 83
254 84
254 85
254 86
255 86
256 86
257 86
257 87
258 87
258 88
259 88
260 88
261 88
262 88
263 88
264 88
265 88
265 89
266 89
267 89
268 89
268 90
268 91
268 92
268 93
268 94
269 94
269 95
270 95
270 96
270 97
270 98
270 99
270 100
270 101
271 101
272 101
273 101
274 101
275 101
275 102
276 102
277 102
277 103
278 103
278 104
279 104
279 105
279 106
280 106
280 107
280 108
280 109
281 109
281 110
282 110
282 111
283 111
385 391
386 391
384 391
383 391
383 392
382 392
382 393
381 393
381 394
381 395
381 396
380 396
379 396
378 396
377 396
376 396
375 396
374 396
374 397
374 398
373 398
373 399
372 399
372 400
371 400
371 399
371 398
371 397
371 396
371 395
371 394
371 393
371 392
370 392
370 391
369 391
369 390
368 390
367 390
366 390
365 390
364 390
363 390
363 389
362 389
361 389
360 389
360 388
360 387
360 386
360 385
360 384
359 384
358 384
357 384
356 384
355 384
354 384
354 383
354 382
353 382
353 381
352 381
352 380
351 380
351 379
351 378
351 377
351 376
352 376
352 375
353 375
353 374
354 374
354 373
355 373
355 372
355 371
355 370
355 369
355 368
355 367
355 366
355 365
355 364
355 363
355 362
355 361
355 360
355 359
355 358
356 358
356 357
357 357
357 356
358 356
358 355
359 355
359 354
360 354
361 354
362 354
363 354
363 353
364 353
364 352
387 391
388 391
389 391
390 391
390 390
390 389
390 388
390 387
390 386
390 385
390 384
390 383
390 382
391 382
392 382
393 382
394 382
394 381
395 381
396 381
397 381
397 380
398 380
399 380
399 381
400 381
401 381
402 381
403 381
404 381
405 381
406 381
407 381
408 381
409 381
410 381
411 381
412 381
412 380
413 380
413 379
414 379
414 378
414 377
415 377
415 376
416 376
416 375
416 374
416 373
416 372
416 371
416 370
416 369
184 0
183 0
185 0
186 0
187 0
188 0
189 0
190 0
191 0
192 0
193 0
194 0
195 0
196 0
197 0
198 0
199 0
200 0
201 0
202 0
203 0
204 0
205 0
206 0
207 0
208 0
209 0
210 0
211 0
182 0
181 0
180 0
180 1
180 2
179 2
179 3
178 3
178 4
177 4
177 5
176 5
176 6
175 6
175 7
174 7
173 7
173 6
172 6
171 6
170 6
169 6
168 6
167 6
167 7
166 7
165 7
164 7
163 7
162 7
161 7
160 7
159 7
158 7
157 7
157 6
156 6
155 6
155 5
154 5
154 4
153 4
153 3
152 3
152 2
151 2
150 2
149 2
148 2
147 2
146 2
145 2
144 2
144 3
144 4
143 4
143 3
142 3
142 2
142 1
141 1
141 0
140 0
139 0
138 0
137 0
136 0
135 0
134 0
133 0
133 1
132 1
132 2
131 2
131 3
130 3
130 4
129 4
129 5
128 5
128 6
128 7
128 8
128 9
128 10
127 10
127 11
126 11
126 12
127 12
127 13
127 14
127 15
128 15
128 16
129 16
129 17
130 17
131 17
131 18
132 18
133 18
133 19
133 20
133 21
133 22
133 23
133 24
133 25
133 26
133 27
133 28
133 29
133 30
133 31
133 32
133 33
400 341
401 341
400 340
399 340
398 340
397 340
396 340
395 340
394 340
394 339
393 339
393 338
392 338
391 338
391 337
390 337
390 336
390 335
390 334
390 333
390 332
390 331
390 330
391 330
392 330
402 341
402 342
403 342
403 343
403 344
404 344
404 345
404 346
404 347
405 347
405 348
405 349
405 350
405 351
405 352
405 353
405 354
405 355
464 368
464 367
464 369
464 370
464 371
464 372
464 373
464 374
465 374
465 375
466 375
467 375
467 376
466 376
466 377
465 377
464 377
464 378
463 378
463 379
463 380
463 381
463 382
462 382
462 383
461 383
461 384
460 384
460 385
459 385
459 386
459 387
464 366
464 365
464 364
464 363
464 362
464 361
464 360
463 360
463 359
462 359
246 320
246 319
245 320
245 321
245 322
245 323
245 324
245 325
245 326
245 327
245 328
245 329
246 329
247 319
247 318
248 318
249 318
249 317
250 317
251 317
251 316
252 316
253 316
254 316
254 315
255 315
255 314
256 314
256 313
257 313
257 312
258 312
258 311
259 311
259 310
260 310
260 309
260 308
261 308
261 307
262 307
262 306
263 306
264 306
264 305
265 305
266 305
266 304
266 303
267 303
267 304
267 305
268 305
269 305
270 305
271 305
271 306
272 306
273 306
273 307
272 307
271 307
271 308
270 308
270 309
270 310
270 311
270 312
270 313
270 314
271 314
271 315
271 316
271 317
271 318
271 319
271 320
270 320
270 321
270 322
270 323
269 323
269 324
269 325
268 325
268 326
267 326
266 326
266 327
265 327
265 328
264 328
264 329
263 329
263 330
262 330
261 330
260 330
259 330
258 330
258 331
257 331
256 331
255 331
254 331
253 331
252 331
251 331
250 331
249 331
249 330
248 330
247 330
247 329
311 511
310 511
312 511
313 511
314 511
315 511
316 511
317 511
318 511
319 511
320 511
321 511
322 511
323 511
324 511
325 511
326 511
327 511
328 511
329 511
330 511
331 511
331 510
332 510
333 510
334 510
334 509
334 508
335 508
335 507
336 507
336 506
337 506
338 506
339 506
339 505
340 505
341 505
342 505
343 505
344 505
345 505
345 504
345 503
345 502
345 501
345 500
346 500
346 499
346 498
347 498
347 497
348 497
348 496
348 495
349 495
349 494
349 493
349 492
350 492
350 491
351 491
352 491
353 491
354 491
355 491
356 491
357 491
358 491
359 491
360 491
361 491
362 491
362 490
362 489
363 489
363 488
364 488
365 488
366 488
367 488
368 488
309 511
308 511
307 511
306 511
305 511
304 511
303 511
303 510
302 510
302 509
301 509
300 509
299 509
298 509
297 509
296 509
296 508
296 507
295 507
295 506
296 506
296 505
297 505
297 504
298 504
298 503
299 503
300 503
300 502
301 502
301 501
302 501
302 500
303 500
303 499
304 499
304 498
305 498
305 497
306 497
307 497
308 497
308 496
309 496
310 496
311 496
312 496
313 496
314 496
315 496
316 496
317 496
317 497
317 498
318 498
318 499
318 500
319 500
319 501
319 502
319 503
319 504
319 505
320 505
320 506
321 506
322 506
322 507
323 507
324 507
324 508
325 508
326 508
326 509
327 509
327 510
398 466
399 466
397 466
396 466
395 466
394 466
394 465
394 464
393 464
392 464
392 465
392 466
391 466
391 467
391 468
390 468
389 468
388 468
387 468
387 469
387 470
386 470
386 471
385 471
385 470
385 469
385 468
384 468
384 467
384 466
383 466
382 466
381 466
380 466
379 466
378 466
377 466
377 465
377 464
377 463
377 462
377 461
376 461
376 462
376 463
376 464
376 465
376 466
376 467
376 468
376 469
376 470
376 471
376 472
376 473
376 474
375 474
375 475
375 476
375 477
375 478
375 479
375 480
375 481
375 482
376 482
376 483
375 483
374 483
373 483
372 483
371 483
370 483
369 483
369 484
369 485
369 486
369 487
369 488
400 466
401 466
401 467
402 467
402 468
403 468
403 469
404 469
404 470
405 470
406 470
407 470
408 470
409 470
410 470
411 470
412 470
413 470
414 470
415 470
416 470
416 469
416 468
417 468
418 468
419 468
420 468
421 468
421 467
422 467
422 466
422 465
423 465
423 464
423 463
423 462
423 461
424 461
425 461
426 461
427 461
428 461
429 461
429 462
429 463
429 464
430 464
430 463
430 462
430 461
430 460
430 459
430 458
430 457
430 456
430 455
430 454
430 453
431 453
431 452
432 452
433 452
434 452
434 451
435 451
435 452
436 452
437 452
437 453
438 453
439 453
439 454
440 454
440 455
441 455
442 455
443 455
444 455
445 455
446 455
447 455
448 455
449 455
449 454
450 454
450 453
450 452
451 452
451 451
451 450
452 450
452 449
453 449
454 449
455 449
456 449
457 449
458 449
458 450
459 450
459 451
460 451
460 450
460 449
461 449
461 448
462 448
462 447
463 447
464 447
464 446
465 446
466 446
467 446
468 446
469 446
469 445
469 444
461 8
461 9
461 7
461 6
462 6
462 5
463 5
464 5
464 4
465 4
465 3
464 3
464 2
464 1
463 1
462 1
461 1
460 1
459 1
458 1
457 1
456 1
456 0
455 0
454 0
461 10
461 11
461 12
461 13
461 14
115 414
116 414
114 414
113 414
112 414
111 414
111 413
110 413
110 412
110 411
110 410
110 409
110 408
110 407
110 406
110 405
109 405
109 404
108 404
108 403
107 403
107 402
107 401
107 400
107 399
107 398
107 397
108 397
108 396
108 395
109 395
109 394
109 393
109 392
109 391
109 390
109 389
109 388
109 387
109 386
117 414
117 415
118 415
119 415
120 415
120 416
121 416
122 416
122 417
123 417
124 417
125 417
126 417
127 417
128 417
129 417
130 417
130 418
131 418
255 417
255 416
255 418
254 418
254 419
254 420
254 421
254 422
254 423
254 424
254 425
254 426
254 427
254 428
253 428
253 429
252 429
252 430
252 431
251 431
251 432
251 433
251 434
251 435
251 436
251 437
250 437
249 437
249 438
248 438
247 438
246 438
245 438
245 439
245 440
246 440
246 441
246 442
246 443
247 443
247 444
248 444
248 445
249 445
249 446
250 446
250 447
251 447
251 448
252 448
253 448
254 448
254 449
255 449
256 449
256 450
257 450
258 450
258 451
259 451
259 452
260 452
260 453
261 453
261 454
261 455
262 455
263 455
263 456
263 457
263 458
263 459
263 460
264 460
264 461
264 462
264 463
265 463
265 464
266 464
266 465
267 465
268 465
268 466
269 466
269 467
269 468
270 468
270 469
270 470
271 470
271 471
271 472
271 473
271 474
271 475
271 476
271 477
271 478
271 479
271 480
271 481
272 481
272 482
273 482
273 483
273 484
274 484
274 485
274 486
274 487
274 488
274 489
274 490
275 490
275 491
276 491
277 491
277 492
278 492
279 492
279 493
280 493
280 494
280 495
281 495
281 496
281 497
282 497
282 498
282 499
282 500
282 501
282 502
283 502
283 503
284 503
285 503
285 504
285 505
285 506
285 507
285 508
285 509
285 510
286 510
287 510
288 510
289 510
290 510
291 510
292 510
293 510
293 509
294 509
294 508
295 508
256 416
256 415
257 415
257 414
258 414
258 413
259 413
259 412
259 411
260 411
260 410
260 409
260 408
261 408
261 407
262 407
262 406
262 405
262 404
262 403
262 402
263 402
263 401
264 401
265 401
265 400
266 400
267 400
267 399
268 399
268 398
269 398
269 397
269 396
269 395
269 394
269 393
269 392
269 391
268 391
268 390
267 390
266 390
265 390
264 390
264 389
263 389
263 388
262 388
261 388
260 388
260 387
259 387
258 387
258 386
257 386
256 386
256 385
255 385
255 384
254 384
254 383
253 383
253 382
252 382
252 381
252 380
252 379
252 378
252 377
252 376
252 375
252 374
251 374
251 373
252 373
252 372
253 372
254 372
255 372
255 371
256 371
256 370
256 369
257 369
257 368
258 368
259 368
260 368
261 368
262 368
263 368
264 368
265 368
266 368
266 367
267 367
267 366
268 366
268 365
269 365
269 364
269 363
270 363
270 362
271 362
271 361
271 360
271 359
271 358
271 357
271 356
271 355
271 354
272 354
272 353
273 353
273 352
274 352
275 352
276 352
277 352
278 352
279 352
279 351
278 351
277 351
277 350
276 350
275 350
275 349
274 349
274 348
274 347
274 346
274 345
274 344
273 344
273 343
273 342
272 342
272 341
271 341
271 340
270 340
269 340
269 339
269 338
269 337
269 336
269 335
269 334
268 334
267 334
266 334
266 333
265 333
265 332
265 331
265 330
265 329
12 115
12 116
12 114
13 114
13 113
14 113
15 113
15 112
15 111
16 111
16 110
17 110
17 109
18 109
18 108
19 108
19 107
19 106
20 106
20 105
21 105
21 104
22 104
22 103
23 103
23 102
24 102
24 101
24 100
24 99
24 98
24 97
25 97
26 97
26 96
27 96
28 96
29 96
30 96
31 96
32 96
33 96
33 95
33 94
34 94
35 94
35 95
35 96
36 96
36 97
36 98
36 99
36 100
37 100
37 101
38 101
38 102
38 103
39 103
39 104
40 104
41 104
41 105
42 105
42 106
43 106
43 107
44 107
44 108
45 108
45 109
46 109
47 109
48 109
49 109
50 109
51 109
51 108
52 108
53 108
54 108
55 108
56 108
56 109
57 109
57 110
58 110
59 110
59 111
60 111
61 111
61 112
62 112
62 113
63 113
64 113
65 113
66 113
67 113
67 114
68 114
69 114
70 114
70 115
71 115
72 115
73 115
74 115
74 116
75 116
75 117
75 118
75 119
75 120
75 121
75 122
75 123
75 124
75 125
75 126
75 127
75 128
75 129
75 130
75 131
75 132
76 132
76 133
77 133
78 133
78 134
78 135
79 135
79 136
80 136
80 137
81 137
81 138
82 138
82 139
82 140
82 141
82 142
83 142
83 143
84 143
84 142
85 142
86 142
87 142
88 142
89 142
90 142
91 142
91 141
92 141
92 142
93 142
94 142
95 142
96 142
97 142
97 141
97 140
97 139
97 138
97 137
97 136
97 135
97 134
97 133
97 132
98 132
99 132
99 131
100 131
101 131
102 131
102 130
103 130
103 129
104 129
105 129
105 128
106 128
106 127
107 127
108 127
108 126
109 126
110 126
111 126
111 125
112 125
113 125
113 124
114 124
114 123
114 122
114 121
12 117
12 118
12 119
12 120
13 120
14 120
15 120
16 120
16 121
17 121
17 122
16 122
16 123
15 123
15 124
15 125
15 126
15 127
15 128
15 129
14 129
14 130
13 130
13 131
12 131
11 131
10 131
10 130
9 130
9 129
8 129
7 129
6 129
5 129
4 129
3 129
2 129
1 129
0 129
0 130
1 130
2 130
3 130
4 130
4 131
4 132
4 133
4 134
4 135
4 136
4 137
5 137
5 138
6 138
6 139
7 139
8 139
9 139
10 139
10 140
11 140
11 141
11 142
12 142
12 143
13 143
13 144
13 145
13 146
12 146
12 147
11 147
11 148
11 149
11 150
11 151
11 152
12 152
12 153
12 154
13 154
13 155
13 156
12 156
12 157
11 157
11 158
10 158
10 159
9 159
8 159
8 160
7 160
7 161
7 162
7 163
7 164
7 165
7 166
7 167
8 167
8 168
8 169
8 170
8 171
9 171
10 171
10 172
11 172
12 172
13 172
13 173
14 173
14 174
14 175
15 175
15 176
15 177
16 177
16 178
17 178
17 179
17 180
16 180
16 181
16 182
16 183
15 183
15 184
14 184
14 185
13 185
13 186
12 186
12 187
12 188
12 189
11 189
10 189
9 189
8 189
7 189
6 189
6 190
6 191
6 192
6 193
7 193
7 194
8 194
8 195
9 195
9 196
10 196
11 196
12 196
12 197
12 198
12 199
12 200
12 201
12 202
13 202
13 203
14 203
15 203
15 204
16 204
17 204
17 205
18 205
19 205
20 205
21 205
22 205
23 205
24 205
25 205
26 205
26 204
27 204
27 203
28 203
28 202
28 201
28 200
28 199
28 198
29 198
30 198
31 198
31 199
32 199
33 199
34 199
35 199
36 199
37 199
38 199
39 199
40 199
41 199
42 199
43 199
44 199
45 199
46 199
47 199
47 198
48 198
48 197
49 197
49 196
49 195
50 195
50 194
51 194
52 194
53 194
53 193
54 193
54 192
54 191
54 190
54 189
54 188
54 187
55 187
56 187
56 186
57 186
57 185
58 185
59 185
60 185
61 185
62 185
63 185
63 186
64 186
64 187
65 187
66 187
67 187
68 187
69 187
70 187
71 187
72 187
72 188
72 189
72 190
72 191
72 192
72 193
73 193
73 194
74 194
74 195
74 196
75 196
75 197
75 198
75 199
75 200
75 201
75 202
75 203
75 204
75 205
75 206
75 207
75 208
75 209
74 209
74 210
75 210
76 210
76 211
76 212
76 213
76 214
76 215
77 215
77 216
78 216
78 217
79 217
80 217
81 217
82 217
83 217
83 218
84 218
84 219
84 220
84 221
85 221
86 221
87 221
88 221
89 221
90 221
91 221
92 221
93 221
93 222
94 222
95 222
96 222
97 222
98 222
98 223
98 224
99 224
100 224
100 225
101 225
101 226
102 226
103 226
103 227
103 228
104 228
104 229
105 229
105 230
106 230
106 231
107 231
107 232
107 233
107 234
108 234
108 235
108 236
109 236
109 237
109 238
109 239
109 240
109 241
109 242
109 243
109 244
110 244
110 245
110 246
111 246
111 247
112 247
112 248
113 248
113 249
113 250
113 251
113 252
113 253
113 254
114 254
114 255
115 255
116 255
116 256
117 256
118 256
119 256
120 256
121 256
122 256
123 256
124 256
125 256
126 256
126 257
127 257
127 258
128 258
128 259
129 259
129 260
129 261
130 261
130 262
131 262
131 263
131 264
132 264
132 265
133 265
133 266
133 267
134 267
134 268
135 268
136 268
136 269
137 269
138 269
138 270
138 271
138 272
139 272
139 273
139 274
140 274
140 275
141 275
141 276
141 277
142 277
143 277
144 277
145 277
146 277
147 277
147 278
146 278
145 278
145 279
144 279
143 279
143 280
143 281
143 282
143 283
143 284
144 284
144 285
145 285
146 285
146 286
147 286
148 286
148 287
149 287
149 288
150 288
150 289
151 289
151 290
152 290
152 291
152 292
152 293
152 294
152 295
152 296
152 297
152 298
151 298
151 299
151 300
150 300
150 301
149 301
149 302
149 303
149 304
149 305
149 306
149 307
148 307
148 308
176 398
176 399
175 398
174 398
173 398
172 398
172 397
172 396
171 396
171 395
171 394
171 393
170 393
170 392
170 391
170 390
170 389
170 388
169 388
169 387
168 387
167 387
166 387
165 387
165 386
165 385
164 385
163 385
163 384
162 384
161 384
160 384
159 384
158 384
157 384
156 384
156 383
155 383
154 383
153 383
152 383
151 383
150 383
149 383
148 383
148 382
147 382
147 381
146 381
145 381
144 381
143 381
142 381
141 381
141 380
140 380
140 379
139 379
139 378
139 377
138 377
137 377
137 376
136 376
136 375
135 375
134 375
133 375
133 374
132 374
131 374
130 374
129 374
128 374
127 374
127 373
126 373
177 399
177 400
178 400
178 401
179 401
179 402
180 402
180 403
180 404
181 404
181 405
181 406
182 406
182 407
182 408
182 409
182 410
182 411
182 412
182 413
182 414
182 415
182 416
182 417
182 418
181 418
181 419
181 420
180 420
180 421
179 421
179 422
179 423
178 423
178 424
177 424
176 424
175 424
174 424
173 424
172 424
171 424
170 424
170 423
169 423
168 423
168 422
167 422
166 422
165 422
165 421
164 421
164 420
163 420
162 420
161 420
161 421
160 421
160 422
159 422
158 422
158 423
157 423
156 423
155 423
154 423
153 423
152 423
151 423
150 423
149 423
148 423
147 423
146 423
145 423
144 423
143 423
142 423
142 422
141 422
140 422
139 422
138 422
137 422
136 422
135 422
134 422
134 421
133 421
133 420
132 420
132 419
131 419
305 372
305 371
306 372
307 372
308 372
308 373
309 373
309 374
309 375
309 376
309 377
310 377
311 377
312 377
312 378
313 378
314 378
315 378
315 379
316 379
316 380
316 381
316 382
316 383
316 384
316 385
316 386
315 386
315 387
316 387
317 387
318 387
319 387
320 387
320 388
321 388
322 388
322 389
323 389
324 389
324 390
325 390
325 391
325 392
325 393
326 393
326 394
327 394
327 395
327 396
327 397
327 398
327 399
327 400
327 401
327 402
327 403
328 403
329 403
330 403
331 403
332 403
333 403
334 403
335 403
336 403
336 404
337 404
337 405
337 406
338 406
338 407
339 407
340 407
341 407
341 408
342 408
342 407
343 407
344 407
344 406
345 406
346 406
347 406
348 406
349 406
350 406
351 406
352 406
352 405
353 405
353 404
354 404
354 403
355 403
356 403
357 403
358 403
359 403
360 403
361 403
361 402
362 402
363 402
364 402
365 402
366 402
367 402
368 402
368 401
369 401
370 401
371 401
304 371
303 371
302 371
301 371
300 371
299 371
298 371
298 370
297 370
297 369
296 369
295 369
295 368
294 368
294 367
293 367
292 367
292 366
291 366
290 366
289 366
288 366
288 365
288 364
288 363
288 362
288 361
288 360
288 359
288 358
288 357
288 356
288 355
289 355
289 354
288 354
287 354
286 354
286 353
285 353
284 353
283 353
283 352
282 352
281 352
280 352
311 132
312 132
310 132
309 132
308 132
307 132
306 132
305 132
305 133
305 134
304 134
304 135
304 136
303 136
303 137
303 138
303 139
303 140
303 141
303 142
303 143
302 143
302 144
302 145
302 146
302 147
301 147
300 147
300 148
299 148
298 148
298 147
297 147
297 146
296 146
296 145
295 145
294 145
294 144
293 144
293 143
293 142
293 141
293 140
293 139
293 138
292 138
292 137
291 137
290 137
290 136
289 136
289 135
288 135
288 134
287 134
287 133
286 133
286 132
285 132
284 132
284 131
283 131
282 131
281 131
280 131
280 130
280 129
280 128
280 127
279 127
279 126
278 126
278 125
277 125
276 125
276 124
277 124
278 124
279 124
280 124
280 123
281 123
282 123
283 123
284 123
285 123
286 123
287 123
287 122
287 121
286 121
286 120
286 119
286 118
286 117
286 116
286 115
285 115
285 114
285 113
284 113
284 112
283 112
313 132
314 132
315 132
316 132
316 131
316 130
316 129
317 129
318 129
318 128
319 128
320 128
321 128
322 128
323 128
324 128
324 127
324 126
325 126
325 125
326 125
326 124
327 124
328 124
328 123
329 123
330 123
330 122
331 122
332 122
333 122
333 121
334 121
335 121
336 121
337 121
338 121
339 121
340 121
340 120
217 368
218 368
216 368
216 367
215 367
215 366
215 365
214 365
214 366
214 367
214 368
213 368
212 368
211 368
211 369
210 369
209 369
209 370
208 370
207 370
206 370
205 370
204 370
203 370
203 369
202 369
201 369
201 368
200 368
200 367
200 366
200 365
199 365
199 364
199 363
198 363
197 363
196 363
195 363
194 363
194 364
193 364
193 365
193 366
192 366
192 367
191 367
191 368
191 369
190 369
190 370
189 370
189 371
188 371
188 372
187 372
187 373
187 374
186 374
186 375
186 376
185 376
185 377
185 378
184 378
184 379
183 379
183 380
183 381
182 381
181 381
180 381
179 381
178 381
178 380
177 380
176 380
175 380
174 380
174 379
173 379
172 379
172 378
171 378
170 378
169 378
169 377
168 377
167 377
167 378
166 378
166 379
166 380
165 380
165 381
165 382
164 382
164 383
163 383
219 368
220 368
221 368
222 368
223 368
224 368
225 368
225 367
226 367
227 367
227 366
228 366
228 365
229 365
229 364
230 364
231 364
232 364
233 364
234 364
235 364
236 364
237 364
238 364
239 364
239 365
240 365
240 366
241 366
241 367
241 368
242 368
242 369
242 370
243 370
243 371
243 372
244 372
245 372
246 372
247 372
248 372
249 372
249 373
250 373
482 376
481 376
482 375
483 375
483 374
483 373
484 373
484 372
484 371
485 371
485 370
486 370
486 369
485 369
485 368
484 368
484 367
484 366
483 366
483 365
483 364
482 364
482 363
482 362
481 362
481 361
480 361
479 361
478 361
477 361
476 361
475 361
474 361
473 361
472 361
471 361
470 361
469 361
468 361
467 361
466 361
465 361
481 377
481 378
480 378
480 379
480 380
480 381
479 381
478 381
477 381
476 381
475 381
474 381
473 381
472 381
471 381
470 381
470 380
469 380
469 379
469 378
469 377
468 377
468 376
381 240
380 240
382 240
382 239
383 239
383 238
384 238
384 237
385 237
386 237
387 237
388 237
389 237
390 237
391 237
391 238
392 238
392 239
393 239
393 240
394 240
394 241
394 242
395 242
396 242
397 242
397 243
398 243
399 243
399 244
400 244
401 244
402 244
402 245
403 245
404 245
404 246
405 246
405 247
406 247
407 247
408 247
408 248
409 248
410 248
411 248
412 248
413 248
414 248
415 248
416 248
417 248
418 248
419 248
420 248
421 248
421 249
422 249
422 250
423 250
424 250
424 251
425 251
425 252
426 252
426 253
426 254
427 254
427 255
428 255
429 255
430 255
430 256
431 256
431 257
432 257
433 257
434 257
435 257
435 258
436 258
437 258
437 259
438 259
439 259
440 259
441 259
442 259
442 260
443 260
444 260
445 260
445 261
446 261
446 262
447 262
447 263
448 263
449 263
449 264
449 265
450 265
379 240
378 240
377 240
376 240
375 240
374 240
374 239
374 238
374 237
374 236
374 235
374 234
374 233
373 233
373 232
372 232
372 231
371 231
371 230
371 229
371 228
371 227
371 226
370 226
370 225
370 224
369 224
368 224
368 223
367 223
367 222
366 222
366 221
365 221
365 220
364 220
364 219
363 219
363 218
362 218
362 219
361 219
360 219
360 220
359 220
359 221
358 221
357 221
357 222
356 222
356 221
355 221
355 220
355 219
354 219
354 218
353 218
353 217
352 217
352 216
353 216
353 215
354 215
354 214
355 214
355 213
356 213
356 212
356 211
357 211
358 211
359 211
360 211
361 211
362 211
362 210
363 210
363 209
363 208
363 207
363 206
363 205
363 204
363 203
363 202
363 201
362 201
362 200
363 200
363 199
363 198
363 197
363 196
363 195
363 194
363 193
364 193
365 193
366 193
366 192
367 192
368 192
368 191
368 190
369 190
369 191
369 192
370 192
371 192
371 193
372 193
373 193
374 193
375 193
375 194
376 194
376 195
377 195
377 196
378 196
379 196
379 197
380 197
380 198
380 199
381 199
381 200
382 200
383 200
384 200
385 200
386 200
387 200
388 200
389 200
390 200
390 199
390 198
390 197
390 196
391 196
391 195
392 195
392 194
392 193
393 193
393 192
393 191
393 190
394 190
395 190
396 190
397 190
398 190
398 191
399 191
399 192
399 193
400 193
400 194
400 195
401 195
401 196
401 197
402 197
402 198
402 199
403 199
403 200
404 200
405 200
406 200
407 200
408 200
409 200
409 201
410 201
411 201
412 201
413 201
414 201
415 201
416 201
417 201
418 201
419 201
420 201
421 201
421 202
359 125
359 124
360 125
361 125
362 125
362 124
363 124
364 124
365 124
366 124
367 124
368 124
369 124
370 124
371 124
371 123
371 122
372 122
373 122
374 122
375 122
376 122
377 122
377 121
378 121
378 120
378 119
379 119
379 118
379 117
379 116
380 116
380 115
381 115
381 114
382 114
382 113
383 113
383 112
384 112
384 111
385 111
385 112
386 112
386 113
387 113
388 113
389 113
390 113
391 113
392 113
393 113
393 114
394 114
395 114
395 115
396 115
396 116
397 116
398 116
398 117
399 117
400 117
401 117
402 117
403 117
404 117
404 116
404 115
404 114
404 113
405 113
405 112
406 112
406 111
407 111
408 111
409 111
410 111
410 110
411 110
411 109
412 109
412 108
412 107
412 106
412 105
412 104
412 103
412 102
412 101
412 100
413 100
413 99
414 99
414 98
415 98
415 97
415 96
415 95
415 94
415 93
415 92
415 91
414 91
414 90
413 90
412 90
412 89
413 89
414 89
415 89
415 88
415 87
415 86
415 85
415 84
415 83
415 82
416 82
416 81
416 80
417 80
417 79
418 79
418 78
418 77
418 76
418 75
418 74
418 73
418 72
418 71
418 70
417 70
417 69
416 69
416 68
415 68
415 67
415 66
415 65
415 64
414 64
414 63
414 62
413 62
412 62
411 62
410 62
409 62
409 61
408 61
408 60
407 60
407 59
406 59
406 58
405 58
404 58
404 57
403 57
403 56
402 56
402 55
401 55
400 55
400 54
399 54
399 53
398 53
397 53
397 52
397 51
396 51
396 50
396 49
396 48
396 47
396 46
396 45
396 44
396 43
395 43
395 42
395 41
394 41
394 40
394 39
393 39
393 38
392 38
391 38
391 37
391 36
391 35
391 34
391 33
391 32
391 31
391 30
391 29
390 29
390 28
390 27
389 27
389 26
389 25
389 24
389 23
389 22
389 21
389 20
389 19
388 19
388 18
388 17
389 17
390 17
390 16
391 16
392 16
393 16
394 16
395 16
396 16
397 16
398 16
399 16
400 16
400 17
401 17
402 17
403 17
404 17
405 17
405 16
406 16
407 16
407 15
408 15
409 15
409 14
409 13
409 12
409 11
409 10
409 9
409 8
409 7
409 6
409 5
409 4
410 4
411 4
411 3
412 3
358 124
357 124
357 123
356 123
356 122
355 122
355 121
354 121
354 120
353 120
353 119
352 119
351 119
350 119
349 119
348 119
347 119
346 119
345 119
344 119
343 119
343 120
342 120
341 120
393 150
393 151
393 149
392 149
392 148
391 148
391 147
390 147
390 146
390 145
390 144
390 143
390 142
389 142
389 141
389 140
389 139
388 139
388 138
388 137
387 137
387 136
386 136
385 136
385 135
386 135
386 134
386 133
387 133
387 132
387 131
387 130
387 129
387 128
388 128
388 127
388 126
388 125
389 125
389 124
390 124
391 124
391 123
392 123
392 122
393 122
393 121
394 121
395 121
396 121
396 120
397 120
397 119
397 118
398 118
399 118
393 152
393 153
393 154
393 155
393 156
393 157
393 158
393 159
393 160
393 161
392 161
392 162
392 163
392 164
392 165
392 166
393 166
393 167
393 168
392 168
392 169
391 169
390 169
390 170
390 171
390 172
389 172
389 173
388 173
388 174
389 174
389 175
390 175
391 175
392 175
393 175
394 175
395 175
395 176
396 176
396 177
397 177
397 178
397 179
397 180
397 181
397 182
397 183
396 183
395 183
395 184
396 184
396 185
397 185
397 186
397 187
397 188
398 188
398 189
351 256
351 255
351 257
351 258
351 259
351 260
351 261
352 261
353 261
353 262
354 262
354 263
355 263
355 264
356 264
357 264
357 265
358 265
359 265
359 266
360 266
361 266
361 267
362 267
363 267
364 267
365 267
366 267
367 267
368 267
369 267
369 268
368 268
368 269
368 270
368 271
368 272
368 273
368 274
368 275
368 276
368 277
367 277
367 278
367 279
366 279
366 280
365 280
365 281
364 281
364 282
364 283
364 284
364 285
364 286
363 286
363 287
363 288
364 288
364 289
364 290
364 291
365 291
365 292
365 293
366 293
367 293
368 293
369 293
370 293
371 293
372 293
373 293
374 293
375 293
376 293
376 294
376 295
377 295
377 296
378 296
378 297
378 298
379 298
379 299
379 300
380 300
380 301
380 302
380 303
380 304
380 305
380 306
380 307
381 307
381 308
381 309
382 309
382 310
382 311
382 312
381 312
381 313
381 314
381 315
380 315
380 316
380 317
379 317
379 318
379 319
380 319
380 320
381 320
381 321
382 321
382 322
383 322
384 322
384 323
385 323
386 323
386 324
387 324
387 325
387 326
388 326
388 327
389 327
389 328
390 328
391 328
351 254
351 253
351 252
351 251
351 250
351 249
351 248
351 247
351 246
352 246
352 245
352 244
352 243
352 242
352 241
353 241
354 241
355 241
356 241
356 240
357 240
357 239
358 239
358 238
358 237
358 236
358 235
358 234
358 233
359 233
359 232
359 231
358 231
358 230
358 229
358 228
357 228
357 227
356 227
356 226
356 225
356 224
356 223
432 213
433 213
431 213
430 213
429 213
428 213
427 213
426 213
426 212
425 212
425 211
424 211
424 210
423 210
423 209
423 208
423 207
423 206
423 205
423 204
423 203
422 203
422 202
434 213
435 213
435 214
436 214
436 215
436 216
437 216
437 217
437 218
438 218
438 219
438 220
438 221
438 222
438 223
439 223
439 224
440 224
440 225
441 225
442 225
442 226
443 226
443 227
443 228
443 229
443 230
443 231
444 231
444 232
444 233
444 234
445 234
446 234
447 234
448 234
448 235
449 235
449 236
450 236
450 237
451 237
451 238
452 238
453 238
453 239
454 239
455 239
456 239
456 240
457 240
458 240
458 241
458 242
459 242
459 243
459 244
459 245
459 246
459 247
459 248
459 249
459 250
459 251
459 252
459 253
459 254
459 255
459 256
458 256
458 257
458 258
458 259
458 260
458 261
458 262
457 262
457 263
456 263
455 263
454 263
453 263
452 263
451 263
451 264
450 264
35 369
34 369
36 369
37 369
38 369
39 369
40 369
41 369
42 369
43 369
44 369
44 370
45 370
46 370
47 370
48 370
49 370
49 369
50 369
50 368
51 368
51 367
52 367
52 366
53 366
54 366
34 368
33 368
32 368
31 368
30 368
29 368
28 368
27 368
27 367
26 367
26 368
25 368
25 369
25 370
25 371
24 371
24 372
23 372
22 372
21 372
20 372
19 372
18 372
17 372
17 371
16 371
16 370
15 370
14 370
14 369
13 369
13 368
13 367
13 366
12 366
12 365
11 365
10 365
9 365
8 365
7 365
6 365
5 365
5 366
4 366
4 367
3 367
3 368
3 369
3 370
3 371
3 372
3 373
3 374
3 375
3 376
3 377
3 378
3 379
3 380
2 380
2 381
3 381
3 382
3 383
3 384
3 385
3 386
3 387
3 388
3 389
3 390
3 391
3 392
3 393
3 394
3 395
3 396
3 397
2 397
2 398
2 399
1 399
1 400
0 400
0 401
51 394
51 393
51 395
51 396
51 397
50 397
50 398
50 399
49 399
49 400
49 401
48 401
48 402
48 403
48 404
48 405
48 406
48 407
48 408
47 408
47 409
46 409
46 410
46 411
45 411
45 412
45 413
44 413
44 414
44 415
44 416
43 416
43 417
43 418
43 419
43 420
43 421
43 422
43 423
43 424
43 425
43 426
42 426
42 427
42 428
42 429
41 429
41 430
42 430
42 431
42 432
43 432
43 433
44 433
44 434
45 434
46 434
47 434
48 434
49 434
50 434
51 392
51 391
51 390
51 389
51 388
52 388
52 387
53 387
53 386
54 386
54 385
54 384
54 383
54 382
54 381
53 381
53 380
52 380
52 379
52 378
52 377
52 376
53 376
53 375
53 374
54 374
54 373
54 372
55 372
55 371
56 371
56 370
70 169
70 168
70 170
70 171
70 172
70 173
70 174
70 175
70 176
71 176
71 177
72 177
72 178
73 178
73 179
74 179
74 180
74 181
74 182
74 183
74 184
74 185
73 185
73 186
72 186
70 167
70 166
70 165
69 165
69 164
69 163
69 162
69 161
69 160
69 159
69 158
69 157
69 156
69 155
69 154
69 153
69 152
69 151
69 150
69 149
69 148
70 148
71 148
72 148
73 148
74 148
74 149
75 149
76 149
77 149
78 149
79 149
79 148
80 148
81 148
81 147
81 146
82 146
82 145
82 144
83 144
188 258
189 258
187 258
186 258
185 258
184 258
183 258
182 258
181 258
181 259
180 259
180 260
179 260
179 261
179 262
178 262
178 263
177 263
176 263
176 264
175 264
175 265
174 265
174 264
173 264
172 264
171 264
170 264
170 263
169 263
168 263
168 262
167 262
167 263
167 264
166 264
166 265
166 266
166 267
165 267
165 268
165 269
165 270
165 271
165 272
165 273
165 274
164 274
164 275
164 276
163 276
163 277
162 277
162 278
161 278
161 279
161 280
161 281
161 282
161 283
161 284
161 285
161 286
161 287
161 288
161 289
161 290
161 291
161 292
161 293
161 294
160 294
160 293
159 293
159 292
158 292
157 292
157 291
156 291
155 291
154 291
153 291
190 258
191 258
192 258
192 259
193 259
193 258
194 258
194 257
195 257
195 256
196 256
196 255
197 255
197 254
197 253
197 252
197 251
197 250
197 249
198 249
198 248
198 247
199 247
199 246
199 245
199 244
199 243
199 242
200 242
200 241
200 240
201 240
202 240
203 240
204 240
205 240
205 239
206 239
206 238
207 238
207 237
207 236
208 236
208 235
208 234
208 233
208 232
208 231
208 230
208 229
208 228
209 228
210 228
210 227
211 227
212 227
187 155
187 156
187 154
187 153
187 152
188 152
188 151
188 150
189 150
189 149
189 148
190 148
190 147
191 147
191 146
192 146
193 146
194 146
195 146
196 146
197 146
198 146
198 145
198 144
198 143
198 142
199 142
199 141
200 141
201 141
201 140
202 140
202 139
202 138
202 137
203 137
203 136
204 136
204 135
205 135
205 134
206 134
207 134
208 134
209 134
210 134
211 134
211 133
212 133
213 133
214 133
214 132
215 132
216 132
216 131
217 131
218 131
218 132
219 132
220 132
221 132
222 132
223 132
224 132
224 131
225 131
226 131
226 130
226 129
226 128
226 127
226 126
226 125
226 124
227 124
227 123
227 122
227 121
227 120
227 119
227 118
227 117
227 116
227 115
227 114
227 113
227 112
228 112
228 111
228 110
229 110
230 110
231 110
232 110
233 110
233 109
234 109
235 109
236 109
236 108
237 108
238 108
238 107
239 107
239 106
239 105
239 104
239 103
240 103
240 102
241 102
241 101
242 101
242 100
243 100
243 99
243 98
243 97
243 96
243 95
243 94
243 93
244 93
245 93
246 93
247 93
248 93
248 92
249 92
249 91
250 91
250 90
251 90
252 90
253 90
254 90
255 90
255 89
256 89
256 88
257 88
187 157
187 158
187 159
186 159
186 160
185 160
184 160
184 161
184 162
184 163
184 164
185 164
185 163
186 163
187 163
188 163
189 163
190 163
191 163
192 163
193 163
193 164
194 164
194 165
194 166
194 167
194 168
194 169
194 170
194 171
195 171
195 172
194 172
193 172
192 172
191 172
191 173
191 174
191 175
191 176
191 177
191 178
192 178
192 179
193 179
193 180
194 180
194 181
195 181
195 182
195 183
196 183
196 184
197 184
197 185
198 185
198 186
199 186
200 186
200 187
200 188
200 189
200 190
200 191
200 192
200 193
200 194
200 195
201 195
201 196
201 197
201 198
201 199
201 200
201 201
202 201
202 202
203 202
203 203
203 204
203 205
203 206
203 207
203 208
203 209
204 209
204 210
204 211
204 212
205 212
205 213
205 214
206 214
206 215
207 215
207 216
208 216
208 217
208 218
209 218
209 219
209 220
209 221
209 222
209 223
209 224
209 225
210 225
210 226
211 226
212 226
17 438
18 438
16 438
15 438
14 438
14 437
13 437
12 437
11 437
11 436
10 436
10 435
9 435
9 434
9 433
9 432
9 431
9 430
9 429
9 428
9 427
8 427
8 426
7 426
7 425
6 425
6 424
5 424
4 424
4 423
4 422
4 421
4 420
4 419
4 418
4 417
4 416
3 416
3 415
2 415
1 415
0 415
0 414
0 413
0 412
0 411
0 410
0 409
0 408
0 407
0 406
0 405
0 404
0 403
0 402
19 438
20 438
21 438
22 438
23 438
23 439
24 439
24 440
25 440
25 441
26 441
26 442
27 442
27 443
27 444
28 444
28 445
28 446
29 446
29 447
28 447
28 448
28 449
27 449
26 449
25 449
24 449
23 449
22 449
22 450
21 450
20 450
19 450
19 451
18 451
17 451
16 451
16 452
15 452
14 452
14 453
14 454
15 454
15 455
15 456
15 457
15 458
16 458
16 459
16 460
16 461
16 462
16 463
16 464
16 465
16 466
16 467
17 467
17 468
17 469
16 469
16 470
15 470
15 471
15 472
14 472
14 473
14 474
14 475
13 475
13 476
13 477
13 478
13 479
13 480
13 481
13 482
13 483
13 484
13 485
13 486
13 487
13 488
13 489
14 489
15 489
16 489
17 489
18 489
19 489
20 489
20 490
21 490
21 491
22 491
22 492
23 492
24 492
25 492
26 492
27 492
28 492
29 492
30 492
31 492
32 492
33 492
34 492
35 492
35 493
36 493
36 492
37 492
37 491
38 491
38 490
39 490
40 490
41 490
41 489
42 489
42 488
43 488
43 487
44 487
45 487
46 487
47 487
48 487
48 486
49 486
50 486
50 485
51 485
52 485
52 484
52 483
52 482
52 481
52 480
53 480
53 479
53 478
54 478
54 477
54 476
54 475
55 475
55 474
56 474
56 473
57 473
58 473
58 472
59 472
60 472
60 471
60 470
60 469
60 468
60 467
60 466
60 465
60 464
59 464
59 463
59 462
58 462
58 461
58 460
58 459
58 458
58 457
58 456
57 456
57 455
57 454
57 453
58 453
58 452
58 451
58 450
58 449
58 448
58 447
58 446
58 445
57 445
56 445
55 445
54 445
53 445
53 444
52 444
51 444
50 444
49 444
48 444
48 443
47 443
47 442
47 441
47 440
47 439
47 438
47 437
47 436
48 436
48 435
49 435
50 435
303 427
303 426
303 428
302 428
302 429
301 429
301 430
300 430
299 430
298 430
298 431
297 431
297 432
296 432
296 433
295 433
295 434
294 434
294 435
293 435
293 436
292 436
292 437
291 437
290 437
289 437
288 437
287 437
286 437
285 437
284 437
283 437
282 437
282 438
281 438
280 438
280 439
279 439
278 439
278 440
277 440
276 440
276 441
275 441
275 442
275 443
274 443
274 444
274 445
274 446
274 447
274 448
274 449
273 449
273 450
272 450
271 450
270 450
270 451
269 451
269 452
268 452
268 453
267 453
266 453
266 454
265 454
265 455
264 455
304 426
305 426
305 425
306 425
306 424
307 424
307 423
308 423
308 422
309 422
309 421
309 420
309 419
309 418
309 417
309 416
310 416
310 415
311 415
311 414
312 414
312 413
313 413
314 413
315 413
316 413
317 413
318 413
318 412
319 412
319 411
320 411
320 410
320 409
320 408
320 407
321 407
322 407
323 407
324 407
324 406
325 406
325 405
326 405
327 405
328 405
329 405
329 404
330 404
331 404
371 446
370 446
372 446
372 447
373 447
374 447
374 448
374 449
374 450
374 451
374 452
374 453
374 454
374 455
374 456
374 457
374 458
374 459
375 459
376 459
376 460
370 445
369 445
369 444
369 443
368 443
368 442
368 441
368 440
368 439
368 438
368 437
368 436
368 435
367 435
367 434
367 433
366 433
366 432
366 431
366 430
366 429
366 428
366 427
366 426
366 425
366 424
366 423
365 423
364 423
363 423
362 423
361 423
361 422
360 422
360 421
360 420
360 419
360 418
360 417
360 416
360 415
360 414
360 413
359 413
359 412
359 411
358 411
358 410
358 409
358 408
358 407
357 407
357 406
357 405
356 405
355 405
355 404
95 468
94 468
96 468
97 468
98 468
98 467
99 467
100 467
101 467
102 467
102 466
102 465
103 465
103 464
103 463
104 463
104 462
104 461
104 460
105 460
105 459
105 458
105 457
105 456
105 455
105 454
105 453
105 452
105 451
105 450
105 449
105 448
105 447
106 447
106 446
107 446
107 445
108 445
108 444
109 444
109 443
109 442
110 442
110 441
110 440
111 440
111 439
112 439
112 438
113 438
114 438
114 437
115 437
116 437
116 436
117 436
118 436
119 436
120 436
121 436
122 436
123 436
124 436
124 435
124 434
124 433
124 432
124 431
124 430
124 429
125 429
125 428
125 427
126 427
126 426
126 425
127 425
127 424
127 423
128 423
128 422
128 421
128 420
129 420
129 419
130 419
93 468
92 468
91 468
90 468
89 468
89 469
88 469
87 469
87 470
86 470
85 470
84 470
84 471
83 471
82 471
81 471
80 471
80 470
79 470
79 469
78 469
77 469
77 470
76 470
75 470
75 471
74 471
74 472
73 472
73 473
72 473
71 473
71 474
70 474
70 475
69 475
69 476
69 477
69 478
69 479
69 480
69 481
69 482
69 483
70 483
70 484
71 484
71 485
71 486
70 486
70 487
69 487
69 488
68 488
67 488
66 488
65 488
64 488
63 488
62 488
61 488
61 489
60 489
60 488
59 488
59 487
58 487
58 486
57 486
57 485
56 485
55 485
55 484
54 484
54 483
54 482
54 481
53 481
323 279
322 279
324 279
325 279
326 279
327 279
327 280
328 280
329 280
329 281
330 281
330 282
331 282
331 283
332 283
332 284
333 284
334 284
335 284
336 284
337 284
338 284
339 284
340 284
340 283
341 283
342 283
343 283
344 283
344 282
345 282
345 283
346 283
347 283
348 283
348 284
349 284
349 285
350 285
350 286
351 286
352 286
352 287
352 288
353 288
353 289
354 289
354 290
355 290
356 290
357 290
358 290
359 290
360 290
361 290
362 290
363 290
363 289
321 279
320 279
319 279
318 279
318 280
317 280
316 280
315 280
314 280
313 280
312 280
311 280
310 280
310 281
309 281
309 282
308 282
307 282
306 282
305 282
304 282
303 282
302 282
302 281
302 280
301 280
301 279
300 279
300 280
300 281
300 282
300 283
299 283
299 284
298 284
298 285
297 285
297 286
296 286
296 287
295 287
295 288
295 289
294 289
294 290
293 290
293 291
292 291
292 292
291 292
291 293
290 293
290 294
290 295
290 296
290 297
290 298
290 299
289 299
288 299
288 300
287 300
286 300
286 301
285 301
285 302
284 302
284 303
284 304
283 304
283 305
282 305
281 305
280 305
279 305
278 305
277 305
276 305
275 305
274 305
274 306
434 0
435 0
433 0
432 0
431 0
430 0
430 1
430 2
429 2
429 3
428 3
428 4
428 5
427 5
427 6
427 7
427 8
427 9
427 10
427 11
427 12
427 13
427 14
426 14
425 14
424 14
424 15
423 15
422 15
421 15
420 15
419 15
418 15
417 15
416 15
415 15
414 15
413 15
412 15
411 15
410 15
436 0
437 0
438 0
439 0
440 0
441 0
442 0
443 0
443 1
444 1
444 2
444 3
445 3
445 4
446 4
447 4
448 4
449 4
450 4
450 3
451 3
451 2
452 2
452 1
453 1
453 0
117 174
117 175
116 174
116 173
115 173
115 172
114 172
114 171
113 171
112 171
112 170
111 170
111 169
110 169
110 168
109 168
108 168
108 167
108 166
108 165
108 164
108 163
108 162
107 162
107 161
107 160
107 159
107 158
106 158
106 157
106 156
105 156
105 155
105 154
105 153
105 152
105 151
105 150
105 149
106 149
106 148
107 148
107 147
106 147
105 147
104 147
103 147
102 147
101 147
100 147
99 147
98 147
98 148
98 149
97 149
97 148
97 147
97 146
97 145
97 144
97 143
118 175
118 176
119 176
120 176
120 177
121 177
121 178
121 179
122 179
122 180
123 180
123 181
124 181
124 182
125 182
125 183
126 183
126 184
126 185
127 185
127 186
128 186
128 187
128 188
128 189
128 190
128 191
128 192
128 193
129 193
129 194
130 194
131 194
131 195
132 195
133 195
133 196
133 197
133 198
133 199
133 200
133 201
133 202
133 203
133 204
133 205
133 206
133 207
134 207
134 208
135 208
135 209
135 210
135 211
135 212
135 213
135 214
135 215
135 216
135 217
135 218
135 219
135 220
135 221
136 221
137 221
137 222
138 222
139 222
140 222
140 223
141 223
141 224
142 224
142 225
143 225
143 226
144 226
144 227
144 228
144 229
143 229
143 230
142 230
141 230
140 230
140 231
139 231
138 231
138 232
137 232
137 233
136 233
136 234
135 234
135 233
134 233
133 233
132 233
131 233
131 232
131 231
130 231
130 230
130 229
129 229
129 230
128 230
128 231
127 231
126 231
125 231
124 231
123 231
122 231
121 231
120 231
120 232
119 232
118 232
117 232
116 232
115 232
114 232
113 232
112 232
111 232
110 232
109 232
108 232
182 335
182 336
181 335
180 335
180 334
179 334
179 333
179 332
178 332
178 331
177 331
177 330
177 329
176 329
176 328
175 328
174 328
174 327
173 327
173 326
172 326
172 325
171 325
171 324
171 323
171 322
171 321
170 321
170 320
170 319
169 319
169 318
168 318
168 317
168 316
168 315
168 314
168 313
168 312
168 311
168 310
168 309
167 309
167 308
167 307
166 307
165 307
165 306
164 306
164 305
164 304
164 303
164 302
163 302
163 301
163 300
162 300
162 299
162 298
162 297
162 296
161 296
161 295
183 336
183 337
184 337
184 338
185 338
185 339
186 339
186 340
186 341
186 342
186 343
186 344
186 345
186 346
186 347
186 348
186 349
186 350
187 350
188 350
188 351
189 351
189 352
190 352
191 352
192 352
193 352
193 353
194 353
194 354
194 355
194 356
194 357
194 358
194 359
194 360
194 361
194 362
195 362
432 238
432 239
432 237
432 236
433 236
433 235
434 235
434 234
435 234
436 234
437 234
438 234
439 234
440 234
441 234
442 234
443 234
432 240
432 241
433 241
433 242
434 242
434 243
435 243
435 244
436 244
437 244
437 245
438 245
438 246
439 246
440 246
440 247
441 247
441 248
442 248
443 248
443 249
444 249
444 250
445 250
445 251
446 251
446 252
446 253
447 253
447 254
448 254
448 255
448 256
449 256
449 257
449 258
449 259
449 260
449 261
449 262
315 3
314 3
316 3
317 3
318 3
319 3
320 3
320 2
321 2
321 1
321 0
322 0
323 0
324 0
325 0
326 0
327 0
328 0
329 0
330 0
331 0
332 0
333 0
333 1
333 2
333 3
333 4
333 5
333 6
334 6
335 6
336 6
337 6
338 6
339 6
340 6
341 6
342 6
343 6
343 7
344 7
344 8
345 8
345 9
346 9
347 9
347 10
348 10
349 10
350 10
350 11
351 11
352 11
353 11
354 11
355 11
356 11
357 11
358 11
359 11
359 10
359 9
360 9
361 9
361 10
362 10
363 10
363 11
364 11
365 11
366 11
367 11
368 11
369 11
370 11
371 11
372 11
372 12
373 12
374 12
374 13
375 13
376 13
376 14
377 14
378 14
379 14
379 15
380 15
381 15
382 15
382 16
383 16
384 16
385 16
386 16
386 17
387 17
387 18
313 3
312 3
312 2
311 2
311 1
310 1
310 0
309 0
308 0
307 0
306 0
305 0
304 0
303 0
302 0
301 0
300 0
299 0
298 0
297 0
296 0
295 0
294 0
293 0
292 0
291 0
290 0
289 0
288 0
287 0
286 0
285 0
284 0
283 0
282 0
282 1
282 2
282 3
282 4
282 5
281 5
280 5
280 6
279 6
278 6
277 6
276 6
275 6
274 6
273 6
273 7
272 7
272 8
271 8
271 9
270 9
270 10
270 11
233 445
232 445
234 445
235 445
236 445
237 445
238 445
239 445
240 445
241 445
242 445
243 445
243 444
243 443
243 442
243 441
243 440
244 440
244 439
231 445
230 445
229 445
228 445
228 444
227 444
226 444
225 444
225 443
224 443
223 443
223 442
222 442
221 442
221 441
220 441
219 441
218 441
217 441
216 441
215 441
214 441
213 441
212 441
211 441
210 441
209 441
209 442
208 442
207 442
206 442
205 442
205 443
204 443
203 443
203 444
202 444
201 444
200 444
200 445
199 445
198 445
198 444
197 444
196 444
196 443
195 443
194 443
194 442
193 442
192 442
192 441
191 441
190 441
190 440
189 440
189 439
189 438
188 438
188 437
188 436
188 435
187 435
187 434
187 433
187 432
187 431
187 430
187 429
187 428
187 427
187 426
187 425
186 425
186 424
186 423
185 423
185 422
184 422
184 421
183 421
182 421
181 421
148 334
148 335
148 333
148 332
148 331
149 331
149 330
150 330
150 329
151 329
152 329
152 328
153 328
153 327
154 327
155 327
155 326
156 326
156 325
156 324
157 324
157 323
157 322
158 322
159 322
159 321
160 321
161 321
162 321
163 321
164 321
165 321
166 321
167 321
168 321
168 320
169 320
147 335
147 336
146 336
145 336
144 336
144 337
143 337
143 338
142 338
142 339
142 340
141 340
141 341
140 341
140 342
139 342
139 343
139 344
139 345
139 346
139 347
139 348
139 349
139 350
139 351
139 352
139 353
139 354
139 355
139 356
139 357
139 358
139 359
139 360
139 361
138 361
138 362
138 363
138 364
138 365
138 366
138 367
138 368
138 369
137 369
137 370
137 371
136 371
136 372
136 373
135 373
134 373
133 373
132 373
131 373
130 373
129 373
128 373
58 289
58 288
57 289
57 290
56 290
56 291
56 292
55 292
55 293
55 294
55 295
55 296
55 297
55 298
55 299
55 300
55 301
55 302
54 302
54 303
53 303
53 304
53 305
52 305
52 306
52 307
52 308
52 309
53 309
53 310
54 310
54 311
54 312
54 313
53 313
53 314
52 314
52 315
51 315
51 316
50 316
50 317
50 318
50 319
50 320
50 321
49 321
49 322
49 323
48 323
48 324
48 325
48 326
48 327
48 328
49 328
49 329
49 330
50 330
50 331
49 331
49 332
49 333
49 334
49 335
49 336
49 337
49 338
49 339
49 340
49 341
49 342
49 343
49 344
49 345
49 346
50 346
51 346
52 346
53 346
54 346
55 346
56 346
57 346
58 346
59 346
60 346
61 346
62 346
62 347
62 348
58 287
58 286
59 286
59 285
60 285
61 285
61 284
62 284
62 283
63 283
63 282
64 282
64 281
65 281
65 280
65 279
65 278
65 277
64 277
63 277
62 277
62 276
61 276
60 276
60 275
59 275
59 274
60 274
60 273
61 273
61 272
62 272
63 272
63 271
64 271
64 270
64 269
64 268
64 267
64 266
64 265
64 264
63 264
63 263
64 263
64 262
65 262
65 261
66 261
67 261
67 260
68 260
68 259
69 259
69 258
70 258
70 257
70 256
70 255
70 254
70 253
70 252
70 251
70 250
70 249
70 248
70 247
70 246
69 246
69 245
68 245
67 245
66 245
65 245
65 244
65 243
65 242
65 241
65 240
64 240
64 239
63 239
62 239
61 239
61 238
60 238
59 238
59 237
58 237
58 236
57 236
57 235
56 235
55 235
54 235
53 235
52 235
51 235
50 235
49 235
48 235
47 235
46 235
45 235
45 234
44 234
44 235
43 235
43 236
42 236
41 236
41 235
40 235
39 235
38 235
37 235
36 235
35 235
34 235
33 235
32 235
32 234
31 234
30 234
30 233
29 233
29 232
28 232
28 231
28 230
28 229
28 228
28 227
28 226
29 226
29 225
30 225
30 224
30 223
31 223
32 223
33 223
34 223
34 222
34 221
35 221
35 220
35 219
35 218
35 217
36 217
36 216
36 215
37 215
37 214
37 213
37 212
37 211
38 211
38 210
39 210
39 209
40 209
40 208
41 208
41 207
41 206
42 206
42 205
42 204
43 204
43 203
44 203
45 203
45 202
46 202
46 201
47 201
47 200
426 280
426 279
426 281
426 282
426 283
426 284
425 284
425 285
425 286
424 286
424 287
423 287
423 288
422 288
422 289
421 289
421 290
420 290
420 291
420 292
420 293
420 294
420 295
420 296
420 297
420 298
420 299
420 300
420 301
420 302
420 303
420 304
419 304
419 305
419 306
419 307
419 308
418 308
418 309
417 309
417 310
416 310
415 310
414 310
413 310
412 310
412 311
411 311
411 312
410 312
410 313
410 314
409 314
426 278
426 277
426 276
426 275
426 274
426 273
426 272
426 271
426 270
426 269
426 268
426 267
426 266
426 265
426 264
426 263
426 262
426 261
426 260
427 260
427 259
427 258
428 258
429 258
429 257
430 257
299 185
298 185
300 185
300 184
301 184
302 184
302 183
302 182
302 181
302 180
302 179
302 178
302 177
302 176
302 175
303 175
303 174
304 174
305 174
305 173
306 173
306 172
306 171
306 170
306 169
306 168
306 167
307 167
307 166
308 166
309 166
309 165
310 165
311 165
311 164
312 164
313 164
313 163
314 163
314 162
315 162
315 161
316 161
316 160
317 160
317 159
318 159
318 158
319 158
320 158
320 157
321 157
321 156
322 156
322 155
322 154
323 154
323 153
323 152
323 151
323 150
324 150
325 150
326 150
327 150
328 150
329 150
330 150
331 150
332 150
333 150
334 150
335 150
336 150
336 149
336 148
337 148
337 149
337 150
338 150
338 151
339 151
340 151
340 152
341 152
341 153
342 153
342 154
343 154
343 155
343 156
344 156
344 157
344 158
345 158
345 159
345 160
345 161
345 162
345 163
345 164
346 164
346 165
345 165
345 166
344 166
344 167
344 168
344 169
343 169
343 170
344 170
345 170
346 170
346 171
347 171
347 172
348 172
348 173
349 173
349 174
350 174
351 174
351 175
352 175
353 175
353 176
354 176
354 177
354 178
355 178
355 179
355 180
354 180
354 181
354 182
354 183
354 184
354 185
354 186
354 187
355 187
355 188
356 188
357 188
357 189
358 189
358 190
359 190
359 191
360 191
360 192
361 192
361 193
362 193
298 186
297 186
296 186
296 187
296 188
296 189
296 190
296 191
295 191
294 191
293 191
292 191
291 191
290 191
289 191
289 192
288 192
288 193
288 194
287 194
287 195
287 196
287 197
287 198
287 199
287 200
287 201
288 201
288 202
288 203
289 203
289 204
290 204
290 205
290 206
290 207
290 208
290 209
291 209
291 210
291 211
292 211
292 212
292 213
292 214
292 215
292 216
292 217
292 218
292 219
291 219
291 220
291 221
291 222
291 223
291 224
291 225
291 226
291 227
291 228
291 229
291 230
290 230
290 231
290 232
289 232
289 233
288 233
287 233
286 233
285 233
284 233
283 233
282 233
281 233
280 233
280 234
280 235
280 236
280 237
280 238
281 238
281 239
281 240
281 241
281 242
281 243
281 244
281 245
280 245
280 246
280 247
279 247
279 248
279 249
278 249
278 250
278 251
277 251
277 252
276 252
276 253
276 254
276 255
276 256
276 257
276 258
276 259
276 260
277 260
278 260
278 261
277 261
276 261
276 262
276 263
276 264
276 265
276 266
276 267
276 268
276 269
276 270
276 271
276 272
276 273
275 273
274 273
274 274
273 274
272 274
272 275
272 276
272 277
272 278
272 279
272 280
271 280
271 281
271 282
272 282
272 283
272 284
273 284
273 285
273 286
274 286
274 287
274 288
273 288
273 289
273 290
272 290
272 291
271 291
270 291
270 292
269 292
268 292
268 293
268 294
268 295
268 296
268 297
268 298
268 299
268 300
268 301
267 301
267 302
493 93
494 93
492 93
491 93
490 93
489 93
488 93
487 93
486 93
485 93
484 93
483 93
482 93
481 93
481 92
480 92
480 91
479 91
479 90
479 89
478 89
478 88
478 87
478 86
478 85
478 84
478 83
477 83
477 84
476 84
475 84
475 85
474 85
473 85
473 86
472 86
472 87
471 87
471 88
470 88
469 88
469 89
468 89
467 89
466 89
466 90
465 90
464 90
463 90
463 91
462 91
461 91
460 91
459 91
459 90
458 90
458 89
457 89
456 89
455 89
454 89
453 89
453 88
452 88
452 87
451 87
450 87
449 87
448 87
448 86
447 86
446 86
446 85
445 85
444 85
443 85
442 85
441 85
440 85
439 85
439 86
438 86
438 87
437 87
436 87
436 88
435 88
434 88
433 88
432 88
431 88
430 88
429 88
428 88
428 89
428 90
428 91
428 92
428 93
427 93
427 94
427 95
427 96
426 96
426 97
426 98
425 98
424 98
423 98
423 99
422 99
421 99
420 99
419 99
418 99
417 99
416 99
416 98
495 93
496 93
496 92
497 92
497 91
498 91
499 91
500 91
501 91
501 90
502 90
502 89
503 89
504 89
505 89
506 89
506 88
506 87
507 87
507 86
506 86
506 85
505 85
505 84
504 84
504 83
504 82
504 81
504 80
503 80
503 79
503 78
502 78
502 77
501 77
501 76
501 75
501 74
501 73
501 72
501 71
501 70
501 69
501 68
501 67
501 66
502 66
503 66
504 66
505 66
505 65
506 65
507 65
507 64
508 64
508 63
509 63
509 62
510 62
510 61
511 61
511 60
511 59
511 58
511 57
511 56
511 55
511 54
511 53
511 52
511 51
511 50
511 49
511 48
511 47
511 46
511 45
511 44
511 43
511 42
511 41
511 40
510 40
509 40
508 40
507 40
507 39
508 39
508 38
508 37
509 37
509 36
510 36
510 35
510 34
510 33
510 32
510 31
510 30
510 29
510 28
510 27
509 27
508 27
507 27
506 27
505 27
504 27
503 27
502 27
501 27
500 27
499 27
498 27
497 27
496 27
495 27
495 26
494 26
494 25
493 25
493 24
492 24
492 23
491 23
490 23
489 23
488 23
487 23
486 23
485 23
484 23
483 23
482 23
481 23
480 23
479 23
479 22
478 22
478 21
478 20
478 19
478 18
478 17
478 16
478 15
478 14
478 13
477 13
477 14
477 15
476 15
475 15
474 15
473 15
472 15
471 15
470 15
469 15
468 15
467 15
466 15
465 15
464 15
463 15
462 15
461 15
469 50
469 49
469 51
469 52
469 53
469 54
469 55
469 56
468 56
468 57
468 58
467 58
467 59
467 60
467 61
467 62
467 63
468 63
468 64
468 65
469 65
469 66
469 67
469 68
469 69
469 70
469 71
469 72
469 73
469 74
469 75
469 76
470 76
470 77
471 77
472 77
472 78
473 78
473 79
474 79
474 80
474 81
474 82
474 83
474 84
469 48
469 47
469 46
469 45
468 45
468 44
467 44
467 43
466 43
466 42
466 41
466 40
466 39
466 38
466 37
466 36
466 35
467 35
468 35
469 35
469 34
470 34
470 33
471 33
471 32
471 31
471 30
471 29
471 28
471 27
471 26
471 25
471 24
471 23
471 22
471 21
471 20
472 20
472 19
472 18
472 17
472 16
469 128
469 129
469 127
469 126
469 125
469 124
469 123
468 123
467 123
466 123
466 122
465 122
464 122
463 122
463 121
462 121
462 120
461 120
460 120
459 120
459 119
458 119
458 118
458 117
458 116
458 115
458 114
458 113
458 112
458 111
458 110
458 109
458 108
459 108
459 107
459 106
459 105
459 104
459 103
459 102
459 101
459 100
459 99
459 98
459 97
459 96
459 95
459 94
459 93
459 92
460 92
469 130
469 131
469 132
469 133
468 133
468 134
468 135
468 136
468 137
469 137
469 138
469 139
469 140
469 141
469 142
469 143
469 144
469 145
469 146
469 147
469 148
469 149
469 150
469 151
468 151
467 151
467 152
467 153
468 153
469 153
470 153
471 153
471 154
472 154
472 155
472 156
472 157
472 158
473 158
473 159
473 160
473 161
473 162
473 163
474 163
474 164
473 164
473 165
472 165
472 166
472 167
472 168
472 169
472 170
472 171
472 172
472 173
471 173
471 174
470 174
470 175
470 176
470 177
470 178
470 179
470 180
470 181
470 182
470 183
470 184
470 185
470 186
469 186
468 186
468 187
468 188
468 189
468 190
468 191
468 192
468 193
468 194
468 195
468 196
468 197
468 198
468 199
468 200
467 200
467 201
466 201
465 201
465 202
464 202
463 202
462 202
462 203
461 203
461 204
460 204
460 205
460 206
460 207
460 208
460 209
460 210
459 210
459 211
458 211
458 212
457 212
456 212
456 213
455 213
455 214
454 214
454 215
454 216
454 217
454 218
454 219
454 220
454 221
454 222
453 222
453 223
453 224
453 225
453 226
453 227
453 228
452 228
451 228
450 228
449 228
448 228
448 229
448 230
447 230
446 230
445 230
445 231
20 44
20 43
20 45
20 46
20 47
20 48
20 49
20 50
20 51
20 52
20 53
20 54
20 55
20 56
20 57
21 57
21 58
22 58
22 59
22 60
23 60
23 61
24 61
24 62
24 63
25 63
25 64
26 64
26 65
27 65
28 65
28 66
29 66
29 67
29 68
29 69
29 70
29 71
29 72
29 73
30 73
30 74
31 74
31 75
30 75
30 76
30 77
29 77
29 78
28 78
28 79
28 80
28 81
29 81
29 82
30 82
30 83
31 83
31 84
32 84
32 85
32 86
33 86
33 87
34 87
34 88
34 89
34 90
34 91
34 92
34 93
20 42
19 42
19 41
18 41
18 40
17 40
16 40
16 39
16 38
15 38
15 37
14 37
14 36
14 35
13 35
13 34
13 33
13 32
13 31
13 30
14 30
14 29
14 28
15 28
15 27
15 26
15 25
15 24
15 23
15 22
16 22
16 21
16 20
17 20
17 19
18 19
18 18
18 17
18 16
18 15
18 14
18 13
18 12
17 12
17 11
16 11
15 11
15 10
15 9
15 8
15 7
15 6
15 5
15 4
15 3
15 2
15 1
16 1
16 0
17 0
164 189
163 189
165 189
165 188
166 188
166 187
167 187
167 186
168 186
169 186
170 186
171 186
171 185
172 185
173 185
173 184
174 184
174 183
175 183
176 183
177 183
178 183
178 182
178 181
178 180
178 179
179 179
179 178
180 178
180 177
181 177
182 177
182 176
183 176
184 176
185 176
186 176
187 176
187 177
188 177
189 177
190 177
190 178
162 189
161 189
160 189
159 189
158 189
157 189
157 188
157 187
156 187
156 188
156 189
156 190
156 191
156 192
155 192
155 193
155 194
154 194
154 195
153 195
153 196
152 196
151 196
151 197
150 197
149 197
149 198
149 199
149 200
149 201
149 202
149 203
149 204
149 205
149 206
149 207
149 208
149 209
149 210
149 211
149 212
149 213
149 214
149 215
149 216
148 216
148 217
147 217
147 218
147 219
146 219
146 220
146 221
146 222
146 223
146 224
146 225
146 226
145 226
145 227
245 256
246 256
245 257
244 257
243 257
242 257
241 257
240 257
239 257
239 258
238 258
237 258
236 258
235 258
234 258
233 258
233 257
232 257
231 257
231 256
230 256
229 256
229 255
228 255
227 255
227 254
226 254
225 254
225 253
224 253
223 253
223 252
223 251
222 251
222 250
221 250
221 249
220 249
219 249
219 248
218 248
217 248
217 247
216 247
216 246
215 246
215 245
215 244
215 243
214 243
214 242
214 241
213 241
213 240
212 240
211 240
210 240
209 240
208 240
207 240
207 239
246 255
247 255
248 255
249 255
250 255
251 255
252 255
253 255
254 255
255 255
255 254
256 254
256 253
257 253
257 252
258 252
258 251
259 251
260 251
261 251
262 251
263 251
264 251
265 251
265 252
265 253
266 253
266 254
266 255
267 255
268 255
268 256
269 256
270 256
271 256
272 256
273 256
274 256
275 256
275 255
57 0
56 0
58 0
59 0
60 0
61 0
62 0
63 0
64 0
65 0
66 0
67 0
68 0
69 0
70 0
71 0
72 0
73 0
74 0
75 0
76 0
77 0
78 0
79 0
80 0
81 0
82 0
83 0
84 0
85 0
86 0
87 0
88 0
89 0
90 0
91 0
92 0
93 0
93 1
94 1
94 2
95 2
95 3
96 3
96 4
97 4
97 5
98 5
99 5
99 6
99 7
99 8
99 9
99 10
100 10
100 11
101 11
102 11
102 12
103 12
104 12
105 12
106 12
106 13
107 13
108 13
108 12
109 12
110 12
111 12
112 12
113 12
114 12
115 12
116 12
117 12
118 12
119 12
120 12
121 12
122 12
123 12
124 12
125 12
55 0
54 0
53 0
52 0
51 0
50 0
49 0
48 0
47 0
46 0
45 0
44 0
43 0
42 0
41 0
40 0
39 0
38 0
37 0
36 0
35 0
34 0
33 0
32 0
31 0
30 0
29 0
28 0
27 0
26 0
25 0
24 0
23 0
22 0
21 0
20 0
19 0
18 0
463 299
464 299
462 299
462 298
461 298
461 297
460 297
460 296
460 295
459 295
459 294
458 294
458 293
457 293
457 292
457 291
456 291
456 290
455 290
455 289
454 289
454 288
454 287
454 286
454 285
454 284
454 283
454 282
454 281
454 280
454 279
454 278
454 277
454 276
454 275
454 274
454 273
454 272
453 272
453 271
453 270
452 270
452 269
452 268
451 268
451 267
451 266
450 266
465 299
466 299
467 299
468 299
469 299
469 300
470 300
470 301
470 302
471 302
471 303
472 303
472 304
473 304
474 304
474 305
475 305
475 306
475 307
476 307
477 307
477 308
478 308
479 308
479 309
480 309
481 309
481 310
482 310
482 311
483 311
483 312
484 312
485 312
485 313
486 313
486 314
487 314
487 315
488 315
489 315
489 316
490 316
490 317
491 317
491 318
492 318
493 318
493 319
493 320
492 320
492 321
491 321
491 322
491 323
491 324
491 325
491 326
492 326
492 327
492 328
492 329
492 330
492 331
492 332
492 333
492 334
492 335
493 335
493 336
493 337
494 337
494 338
495 338
495 339
496 339
497 339
498 339
498 340
499 340
500 340
501 340
502 340
503 340
504 340
505 340
506 340
507 340
508 340
509 340
509 341
509 342
509 343
509 344
509 345
509 346
509 347
508 347
508 348
507 348
507 349
506 349
506 350
505 350
505 351
505 352
504 352
504 353
503 353
502 353
501 353
500 353
499 353
499 354
498 354
498 355
498 356
497 356
497 357
497 358
497 359
497 360
497 361
497 362
497 363
496 363
496 364
496 365
495 365
495 366
494 366
494 367
494 368
493 368
493 369
492 369
491 369
490 369
489 369
488 369
487 369
