340 440
340 441
340 439
340 438
340 437
341 437
341 436
340 442
340 443
340 444
340 445
338 152
338 153
338 151
339 151
339 150
339 149
339 148
339 147
339 146
339 145
339 144
339 143
339 142
339 141
339 140
339 139
339 138
339 137
339 136
339 135
339 134
338 134
338 133
338 132
338 131
338 130
338 129
338 128
338 127
338 126
338 125
338 124
338 123
338 122
337 122
337 121
337 120
337 119
337 118
337 117
337 116
337 115
337 114
337 113
337 112
337 111
337 110
337 109
336 109
336 108
336 107
335 107
335 106
335 105
335 104
335 103
335 102
335 101
335 100
335 99
335 98
334 98
334 97
334 96
334 95
334 94
334 93
335 93
335 92
335 91
335 90
335 89
335 88
335 87
335 86
335 85
335 84
338 154
338 155
338 156
338 157
338 158
337 158
337 159
337 160
337 161
337 162
338 162
338 163
335 76
335 77
335 75
335 74
335 73
335 72
335 71
335 70
335 69
334 69
334 68
334 67
333 67
333 66
333 65
333 64
333 63
333 62
333 61
333 60
333 59
333 58
333 57
333 56
333 55
333 54
333 53
333 52
333 51
334 51
334 50
335 78
335 79
335 80
335 81
335 82
335 83
338 455
338 454
338 456
338 457
338 458
338 459
338 460
338 461
338 462
338 463
338 464
338 465
339 465
338 453
338 452
338 451
338 450
338 449
338 448
338 447
339 447
339 446
340 446
338 476
338 475
338 477
338 478
338 479
338 480
337 480
337 481
338 474
338 473
338 472
338 471
338 470
338 469
338 468
338 467
338 466
339 466
343 286
343 287
343 285
343 284
344 284
344 283
344 282
345 282
345 281
345 280
345 279
345 278
345 277
345 276
345 275
345 274
345 273
345 272
345 271
345 270
345 269
345 268
346 268
346 267
347 267
347 266
343 288
343 289
343 290
343 291
343 292
342 292
342 293
341 293
341 294
84 326
83 326
84 325
85 325
85 324
86 324
86 323
87 323
87 322
88 322
89 322
90 322
91 322
92 322
92 321
93 321
93 320
94 320
94 319
94 318
94 317
94 316
94 315
94 314
94 313
95 313
95 312
96 312
82 326
81 326
80 326
80 327
79 327
79 328
78 328
78 329
77 329
77 330
76 330
75 330
74 330
73 330
73 331
73 332
74 332
74 333
74 334
74 335
75 335
75 336
75 337
76 337
77 337
78 337
78 338
79 338
79 339
80 339
80 340
81 340
81 341
82 341
83 341
83 342
84 342
85 342
86 342
87 342
87 343
88 343
89 343
90 343
91 343
92 343
93 343
94 343
95 343
95 344
95 345
96 345
96 346
96 347
97 347
98 347
99 347
100 347
101 347
102 347
103 347
104 347
104 348
105 348
106 348
107 348
108 348
109 348
109 349
110 349
111 349
111 348
111 347
111 346
111 345
111 344
111 343
111 342
111 341
111 340
111 339
111 338
111 337
111 336
111 335
111 334
111 333
112 333
113 333
114 333
115 333
116 333
117 333
118 333
119 333
158 421
157 421
159 421
159 422
159 423
160 423
160 424
161 424
162 424
162 425
163 425
164 425
164 426
165 426
165 427
166 427
167 427
167 428
168 428
168 429
169 429
169 430
169 431
169 432
169 433
169 434
169 435
169 436
169 437
170 437
171 437
172 437
173 437
174 437
174 438
175 438
176 438
176 439
177 439
177 440
177 441
178 441
179 441
180 441
181 441
182 441
182 440
182 439
182 438
182 437
182 436
183 436
183 435
184 435
185 435
185 436
186 436
187 436
188 436
189 436
189 437
190 437
191 437
191 436
192 436
193 436
193 435
194 435
194 434
195 434
195 433
157 420
156 420
155 420
155 419
154 419
154 418
153 418
152 418
151 418
150 418
149 418
149 419
149 420
149 421
148 421
148 422
147 422
147 423
146 423
146 424
146 425
146 426
145 426
145 427
146 427
146 428
146 429
146 430
146 431
146 432
147 432
147 433
147 434
148 434
148 435
149 435
150 435
151 435
152 435
153 435
154 435
154 434
155 434
155 433
156 433
156 432
157 432
157 431
158 431
158 430
158 429
158 428
159 428
159 427
160 427
160 426
161 426
162 426
163 426
95 459
96 459
94 459
93 459
92 459
91 459
90 459
90 460
89 460
89 459
89 458
89 457
89 456
89 455
88 455
88 454
87 454
87 453
86 453
85 453
84 453
83 453
82 453
81 453
80 453
79 453
78 453
77 453
76 453
75 453
75 452
74 452
73 452
72 452
71 452
71 451
71 450
71 449
70 449
70 450
70 451
70 452
70 453
70 454
70 455
70 456
70 457
70 458
70 459
69 459
69 460
69 461
69 462
69 463
69 464
69 465
69 466
69 467
68 467
68 466
67 466
67 465
66 465
65 465
64 465
63 465
62 465
61 465
60 465
59 465
58 465
58 466
57 466
56 466
56 467
56 468
56 469
56 470
56 471
56 472
55 472
55 473
54 473
54 474
53 474
52 474
51 474
51 475
50 475
49 475
49 476
48 476
48 477
47 477
47 476
47 475
46 475
45 475
44 475
44 474
43 474
43 473
42 473
42 472
42 471
42 470
42 469
42 468
41 468
41 469
40 469
40 470
39 470
38 470
37 470
36 470
35 470
35 469
34 469
34 468
33 468
32 468
31 468
30 468
29 468
28 468
27 468
26 468
25 468
24 468
23 468
96 458
97 458
98 458
99 458
100 458
101 458
102 458
103 458
104 458
105 458
106 458
107 458
108 458
108 459
109 459
110 459
110 460
111 460
111 461
112 461
112 462
113 462
113 463
114 463
114 462
115 462
115 461
115 460
115 459
116 459
116 458
116 457
116 456
116 455
116 454
116 453
115 453
115 452
114 452
114 451
114 450
114 449
114 448
114 447
115 447
115 446
116 446
117 446
118 446
119 446
120 446
120 445
119 445
118 445
117 445
116 445
115 445
115 444
115 443
115 442
115 441
115 440
115 439
116 439
117 439
118 439
118 438
119 438
119 437
120 437
120 436
120 435
121 435
121 434
121 433
121 432
121 431
121 430
121 429
120 429
119 429
119 428
118 428
118 427
117 427
117 426
117 425
117 424
117 423
117 422
116 422
116 421
116 420
116 419
116 418
116 417
117 417
117 416
117 415
117 414
117 413
117 412
117 411
117 410
118 410
119 410
120 410
120 409
121 409
122 409
122 410
122 411
123 411
123 412
123 413
124 413
124 414
125 414
126 414
127 414
128 414
129 414
130 414
131 414
132 414
133 414
134 414
134 415
135 415
136 415
137 415
138 415
139 415
140 415
141 415
142 415
143 415
144 415
145 415
146 415
147 415
148 415
149 415
149 416
149 417
58 223
59 223
57 223
56 223
55 223
55 224
54 224
53 224
52 224
51 224
50 224
49 224
49 225
49 226
49 227
48 227
48 228
48 229
48 230
49 230
49 231
49 232
49 233
50 233
50 234
51 234
51 235
52 235
52 236
53 236
53 237
53 238
52 238
52 239
52 240
52 241
51 241
50 241
50 242
49 242
49 243
49 244
49 245
49 246
49 247
48 247
48 248
47 248
47 249
46 249
46 250
45 250
45 251
45 252
44 252
43 252
43 253
42 253
42 254
41 254
40 254
40 255
39 255
38 255
38 254
37 254
37 253
36 253
36 252
35 252
35 251
35 250
34 250
34 249
33 249
33 248
33 247
32 247
32 246
32 245
32 244
32 243
32 242
32 241
32 240
32 239
31 239
30 239
29 239
28 239
27 239
27 238
26 238
26 237
25 237
25 236
25 235
25 234
25 233
25 232
25 231
25 230
25 229
24 229
24 230
24 231
24 232
24 233
24 234
24 235
23 235
22 235
22 236
21 236
20 236
20 237
19 237
19 238
59 222
60 222
60 221
61 221
61 220
62 220
62 219
63 219
63 218
64 218
65 218
66 218
67 218
67 217
66 217
65 217
64 217
63 217
62 217
62 216
62 215
61 215
61 214
61 213
61 212
60 212
60 211
60 210
59 210
59 209
58 209
57 209
56 209
56 208
55 208
54 208
53 208
52 208
51 208
50 208
49 208
48 208
47 208
46 208
45 208
44 208
43 208
42 208
41 208
40 208
40 207
39 207
38 207
37 207
36 207
36 208
35 208
34 208
34 209
33 209
33 210
32 210
32 211
32 212
31 212
31 213
31 214
31 215
32 215
32 216
33 216
34 216
34 217
35 217
36 217
36 218
37 218
37 219
37 220
38 220
38 221
39 221
40 221
41 221
42 221
43 221
44 221
44 222
45 222
46 222
47 222
48 222
49 222
49 223
30 446
30 445
30 447
30 448
30 449
30 450
30 451
30 452
30 453
29 453
29 454
29 455
28 455
28 456
27 456
27 457
26 457
25 457
24 457
23 457
23 458
23 459
24 459
24 460
24 461
24 462
24 463
24 464
24 465
24 466
24 467
23 467
30 444
29 444
29 443
28 443
28 442
27 442
27 441
26 441
25 441
24 441
24 440
24 439
24 438
24 437
24 436
24 435
24 434
24 433
25 433
26 433
27 433
28 433
29 433
30 433
31 433
31 434
32 434
32 433
32 432
33 432
33 431
34 431
35 431
36 431
37 431
38 431
38 432
39 432
40 432
41 432
41 433
42 433
43 433
43 434
44 434
155 408
155 409
155 407
155 406
155 405
155 404
156 404
156 403
157 403
158 403
159 403
160 403
160 402
161 402
162 402
162 401
163 401
164 401
165 401
165 400
166 400
166 399
165 399
164 399
163 399
162 399
161 399
160 399
159 399
159 398
158 398
158 397
157 397
157 396
157 395
156 395
156 394
157 394
157 393
157 392
158 392
158 391
158 390
159 390
159 389
159 388
160 388
160 387
160 386
160 385
160 384
160 383
161 383
161 382
162 382
163 382
164 382
165 382
166 382
167 382
168 382
168 381
169 381
154 409
154 410
154 411
153 411
153 412
152 412
152 413
151 413
150 413
150 414
149 414
148 414
170 373
169 373
171 373
171 372
172 372
173 372
173 371
174 371
168 373
167 373
167 374
167 375
167 376
167 377
167 378
167 379
168 379
168 380
169 380
86 435
87 435
85 435
84 435
83 435
82 435
81 435
81 434
80 434
79 434
79 435
79 436
79 437
79 438
79 439
79 440
79 441
79 442
79 443
79 444
78 444
77 444
76 444
75 444
74 444
74 445
73 445
73 446
72 446
72 447
72 448
71 448
88 435
89 435
90 435
91 435
91 434
91 433
91 432
92 432
92 431
93 431
93 430
94 430
94 431
95 431
96 431
96 432
96 433
96 434
96 435
96 436
96 437
97 437
97 438
97 439
98 439
98 440
99 440
100 440
100 441
101 441
101 442
102 442
103 442
104 442
105 442
106 442
106 443
106 444
106 445
106 446
106 447
106 448
106 449
106 450
106 451
106 452
106 453
106 454
106 455
106 456
106 457
107 457
61 298
62 298
60 298
59 298
58 298
57 298
56 298
55 298
55 297
54 297
53 297
52 297
51 297
50 297
50 296
49 296
49 295
49 294
49 293
49 292
48 292
48 291
47 291
46 291
45 291
44 291
43 291
43 290
42 290
41 290
40 290
40 289
40 288
41 288
42 288
42 287
43 287
43 286
44 286
44 285
44 284
45 284
45 283
46 283
46 282
47 282
47 281
63 298
63 297
64 297
65 297
66 297
67 297
68 297
69 297
69 298
70 298
70 297
70 296
70 295
70 294
71 294
72 294
73 294
74 294
74 293
75 293
76 293
77 293
78 293
79 293
80 293
81 293
82 293
83 293
84 293
84 294
84 295
84 296
84 297
84 298
84 299
84 300
84 301
84 302
84 303
84 304
85 304
85 305
86 305
86 306
87 306
88 306
89 306
90 306
91 306
91 307
92 307
92 308
93 308
93 309
93 310
94 310
94 311
95 311
266 221
267 221
266 222
266 223
266 224
266 225
265 225
265 226
265 227
264 227
264 228
264 229
264 230
264 231
264 232
265 232
265 233
265 234
266 234
266 235
267 235
267 236
268 236
269 236
270 236
271 236
271 237
272 237
273 237
273 238
273 239
273 240
273 241
273 242
273 243
274 243
274 242
274 241
275 241
275 240
276 240
277 240
277 239
278 239
279 239
279 238
280 238
280 237
281 237
281 236
282 236
282 235
283 235
284 235
285 235
286 235
287 235
287 234
288 234
289 234
289 233
290 233
291 233
291 232
292 232
293 232
294 232
295 232
296 232
297 232
298 232
298 231
298 230
298 229
298 228
298 227
298 226
298 225
298 224
298 223
298 222
299 222
299 223
300 223
301 223
302 223
303 223
304 223
305 223
306 223
306 224
307 224
307 225
308 225
308 226
309 226
309 227
309 228
309 229
309 230
309 231
309 232
309 233
309 234
308 234
308 235
309 235
309 236
310 236
311 236
311 237
312 237
313 237
314 237
314 238
315 238
315 237
316 237
317 237
317 236
318 236
318 235
318 234
319 234
319 233
320 233
320 232
321 232
322 232
323 232
324 232
325 232
326 232
327 232
328 232
329 232
330 232
331 232
332 232
333 232
334 232
335 232
336 232
337 232
338 232
339 232
340 232
341 232
342 232
342 233
342 234
342 235
342 236
342 237
343 237
343 238
343 239
343 240
343 241
343 242
343 243
344 243
344 244
344 245
345 245
345 246
344 246
344 247
344 248
343 248
343 249
343 250
343 251
343 252
343 253
342 253
342 254
342 255
342 256
342 257
342 258
342 259
343 259
343 260
344 260
344 261
344 262
345 262
345 263
346 263
346 264
346 265
347 265
267 220
267 219
268 219
269 219
270 219
270 218
271 218
272 218
272 217
272 216
272 215
272 214
272 213
272 212
272 211
272 210
272 209
273 209
273 208
274 208
274 207
275 207
275 206
276 206
276 205
277 205
278 205
278 204
279 204
279 203
280 203
280 202
281 202
282 202
283 202
283 201
284 201
284 200
284 199
285 199
285 198
285 197
285 196
285 195
286 195
287 195
288 195
289 195
290 195
290 194
291 194
291 195
292 195
292 196
292 197
292 198
292 199
293 199
293 200
294 200
294 201
295 201
295 202
295 203
295 204
295 205
296 205
296 206
297 206
297 207
298 207
298 208
298 209
298 210
298 211
298 212
297 212
297 213
297 214
297 215
297 216
297 217
297 218
297 219
297 220
297 221
297 222
73 228
74 228
73 227
72 227
72 226
71 226
71 225
70 225
70 224
70 223
69 223
69 222
69 221
69 220
69 219
68 219
68 218
75 228
76 228
77 228
78 228
79 228
80 228
81 228
82 228
83 228
84 228
84 227
85 227
86 227
86 226
87 226
88 226
88 225
89 225
89 224
90 224
90 223
90 222
91 222
91 221
90 221
89 221
89 220
88 220
87 220
87 219
87 218
87 217
87 216
87 215
87 214
88 214
88 213
88 212
87 212
86 212
85 212
84 212
83 212
82 212
81 212
80 212
79 212
78 212
77 212
76 212
75 212
74 212
73 212
72 212
71 212
70 212
70 213
69 213
69 214
69 215
69 216
69 217
68 217
140 483
140 484
140 482
140 481
141 481
141 480
141 479
142 479
142 478
142 477
143 477
143 476
144 476
144 475
145 475
145 474
144 474
144 473
144 472
144 471
144 470
144 469
143 469
142 469
141 469
140 469
139 469
138 469
138 468
137 468
136 468
135 468
134 468
133 468
132 468
131 468
130 468
129 468
129 467
130 467
130 466
131 466
131 465
132 465
132 464
131 464
131 463
130 463
130 462
130 461
129 461
129 460
128 460
127 460
127 459
126 459
125 459
125 458
124 458
123 458
122 458
121 458
120 458
119 458
118 458
117 458
117 459
140 485
140 486
140 487
140 488
140 489
140 490
140 491
141 491
141 492
141 493
142 493
142 494
142 495
142 496
142 497
142 498
142 499
143 499
143 500
144 500
145 500
146 500
147 500
148 500
149 500
150 500
150 501
151 501
151 502
152 502
153 502
154 502
155 502
156 502
157 502
158 502
158 503
159 503
160 503
161 503
161 502
162 502
162 501
163 501
163 500
164 500
164 499
165 499
165 498
165 497
165 496
166 496
166 495
166 494
167 494
167 493
118 309
118 310
118 308
118 307
119 307
120 307
121 307
121 306
122 306
123 306
123 305
124 305
124 304
125 304
125 303
126 303
126 302
127 302
128 302
129 302
130 302
131 302
132 302
132 303
133 303
133 304
118 311
118 312
118 313
118 314
118 315
117 315
117 316
117 317
117 318
117 319
117 320
117 321
117 322
117 323
117 324
117 325
117 326
117 327
117 328
117 329
117 330
117 331
118 331
118 332
119 332
26 348
25 348
27 348
27 347
28 347
28 346
29 346
30 346
31 346
32 346
33 346
33 347
34 347
35 347
36 347
37 347
38 347
39 347
40 347
41 347
42 347
42 348
43 348
44 348
44 349
44 350
44 351
44 352
44 353
44 354
44 355
44 356
44 357
44 358
44 359
43 359
43 360
43 361
43 362
43 363
42 363
42 364
41 364
41 365
40 365
40 366
39 366
38 366
37 366
37 367
36 367
36 368
35 368
35 369
35 370
35 371
35 372
35 373
35 374
35 375
35 376
35 377
35 378
35 379
35 380
35 381
35 382
35 383
35 384
35 385
35 386
35 387
35 388
35 389
35 390
36 390
36 391
37 391
37 392
37 393
37 394
37 395
38 395
38 396
38 397
39 397
39 398
40 398
41 398
42 398
43 398
44 398
45 398
45 399
45 400
44 400
44 401
44 402
44 403
44 404
44 405
44 406
44 407
44 408
44 409
45 409
45 410
46 410
46 411
47 411
47 412
48 412
48 413
48 414
47 414
47 415
46 415
46 416
45 416
45 417
44 417
43 417
43 418
42 418
42 419
41 419
41 420
41 421
41 422
40 422
39 422
38 422
38 423
37 423
37 424
37 425
36 425
36 426
36 427
35 427
35 428
34 428
34 429
34 430
33 430
25 349
24 349
23 349
22 349
22 348
21 348
20 348
20 347
19 347
18 347
18 346
17 346
17 347
16 347
16 348
15 348
14 348
13 348
12 348
12 349
13 349
13 350
13 351
13 352
12 352
12 353
12 354
12 355
12 356
11 356
11 357
11 358
12 358
12 359
12 360
13 360
13 361
14 361
14 362
15 362
16 362
16 363
17 363
17 364
17 365
17 366
17 367
17 368
17 369
17 370
16 370
16 371
16 372
15 372
15 373
15 374
15 375
14 375
13 375
13 376
12 376
12 377
13 377
14 377
15 377
16 377
16 378
17 378
18 378
18 379
19 379
20 379
21 379
21 378
22 378
23 378
24 378
24 377
25 377
26 377
27 377
28 377
29 377
30 377
30 378
31 378
32 378
33 378
34 378
34 379
171 308
172 308
170 308
169 308
168 308
167 308
166 308
166 307
165 307
164 307
163 307
162 307
161 307
160 307
160 306
160 305
160 304
160 303
160 302
160 301
160 300
160 299
159 299
158 299
157 299
156 299
155 299
154 299
153 299
152 299
151 299
150 299
149 299
148 299
147 299
147 298
146 298
145 298
145 297
144 297
144 296
143 296
142 296
142 295
142 294
142 293
142 292
141 292
141 293
141 294
141 295
141 296
140 296
139 296
139 297
138 297
137 297
137 298
136 298
135 298
135 299
135 300
134 300
134 301
134 302
134 303
134 304
173 308
174 308
175 308
176 308
177 308
178 308
179 308
180 308
181 308
181 309
181 310
181 311
181 312
182 312
182 313
182 314
182 315
182 316
183 316
183 317
183 318
184 318
184 319
185 319
185 320
185 321
186 321
186 322
186 323
186 324
186 325
186 326
186 327
186 328
186 329
186 330
186 331
185 331
185 332
184 332
184 333
50 265
51 265
49 265
48 265
47 265
46 265
45 265
45 264
44 264
43 264
43 263
42 263
42 262
41 262
41 261
40 261
40 260
40 259
40 258
40 257
40 256
51 266
51 267
52 267
52 268
53 268
53 269
54 269
54 270
55 270
55 271
56 271
57 271
58 271
59 271
60 271
60 270
60 269
60 268
61 268
61 267
61 266
62 266
62 265
62 264
62 263
63 263
63 262
64 262
64 261
65 261
65 260
65 259
66 259
67 259
67 258
68 258
68 257
69 257
69 256
70 256
70 255
71 255
71 254
72 254
73 254
73 253
73 252
74 252
74 251
75 251
75 250
76 250
77 250
77 251
78 251
78 252
78 253
78 254
79 254
79 255
80 255
81 255
81 256
82 256
83 256
84 256
85 256
86 256
86 255
86 254
86 253
86 252
86 251
87 251
88 251
89 251
90 251
90 250
91 250
92 250
92 249
93 249
93 248
93 247
93 246
93 245
93 244
93 243
94 243
94 242
94 241
94 240
95 240
95 239
94 239
93 239
93 238
92 238
92 237
91 237
91 236
90 236
90 235
90 234
90 233
90 232
90 231
90 230
90 229
90 228
90 227
90 226
89 226
6 198
7 198
6 197
5 197
5 196
5 195
5 194
5 193
6 193
6 192
7 192
8 192
8 191
9 191
9 192
10 192
11 192
11 193
12 193
13 193
13 192
14 192
14 191
15 191
16 191
17 191
18 191
18 190
19 190
20 190
20 189
21 189
22 189
23 189
24 189
25 189
25 188
24 188
24 187
23 187
23 186
23 185
23 184
23 183
23 182
23 181
23 180
23 179
23 178
23 177
23 176
23 175
22 175
22 174
21 174
21 173
22 173
22 172
23 172
23 171
23 170
23 169
24 169
25 169
25 168
26 168
27 168
27 167
28 167
7 199
7 200
8 200
8 201
8 202
8 203
8 204
7 204
7 205
6 205
5 205
5 206
4 206
4 207
3 207
3 208
4 208
4 209
5 209
6 209
6 210
7 210
8 210
9 210
10 210
10 211
11 211
11 212
12 212
12 213
12 214
12 215
12 216
12 217
12 218
12 219
12 220
13 220
13 221
14 221
14 222
15 222
15 223
16 223
17 223
17 224
18 224
19 224
20 224
20 225
21 225
22 225
22 226
23 226
23 227
24 227
24 228
342 386
342 387
342 385
342 384
342 383
343 383
343 382
343 381
344 381
344 380
344 379
344 378
345 378
345 377
344 377
344 376
344 375
344 374
344 373
344 372
344 371
344 370
343 370
343 369
343 368
343 367
342 367
342 366
342 365
342 364
341 364
341 363
341 362
341 361
341 360
341 359
341 358
341 357
341 356
341 355
342 355
342 354
342 353
342 352
342 351
342 350
342 349
342 348
342 347
341 347
341 346
341 345
341 344
342 344
342 343
342 342
342 341
343 341
343 340
343 339
343 338
343 337
343 336
343 335
343 334
343 333
343 332
343 331
343 330
343 329
342 329
342 328
342 327
342 326
342 325
342 324
342 323
342 322
342 321
342 320
342 319
343 319
343 318
343 317
343 316
343 315
343 314
343 313
343 312
343 311
343 310
344 310
344 309
344 308
344 307
344 306
344 305
344 304
344 303
344 302
344 301
343 301
343 300
343 299
343 298
343 297
343 296
343 295
342 295
342 294
342 388
342 389
342 390
342 391
342 392
343 392
343 393
342 393
342 394
342 395
341 395
341 396
341 397
341 398
341 399
340 399
340 400
340 401
340 402
340 403
340 404
340 405
340 406
340 407
340 408
341 408
341 409
341 410
341 411
341 412
341 413
341 414
341 415
341 416
341 417
341 418
341 419
341 420
341 421
341 422
341 423
341 424
341 425
341 426
340 426
340 427
340 428
340 429
340 430
340 431
340 432
340 433
340 434
340 435
341 435
37 279
36 279
38 279
39 279
39 280
40 280
40 281
40 282
40 283
40 284
40 285
40 286
40 287
35 279
34 279
34 278
33 278
33 277
33 276
32 276
32 275
32 274
31 274
31 273
31 272
31 271
31 270
31 269
31 268
32 268
32 267
32 266
33 266
33 265
34 265
35 265
35 264
36 264
36 263
37 263
38 263
39 263
40 263
41 263
109 311
108 311
109 312
110 312
110 313
111 313
111 314
112 314
112 315
113 315
114 315
115 315
116 315
116 316
107 311
107 310
106 310
105 310
105 309
104 309
103 309
102 309
101 309
100 309
99 309
98 309
98 310
97 310
97 311
96 311
36 297
36 296
36 298
35 298
34 298
34 299
35 299
36 299
36 300
36 301
37 301
37 302
37 303
38 303
38 304
39 304
40 304
41 304
42 304
42 305
43 305
43 306
43 307
43 308
43 309
43 310
43 311
43 312
42 312
42 313
42 314
42 315
41 315
41 316
40 316
40 317
41 317
42 317
43 317
44 317
45 317
45 318
46 318
47 318
47 319
48 319
49 319
50 319
51 319
52 319
53 319
53 320
54 320
55 320
56 320
57 320
58 320
59 320
60 320
60 321
60 322
61 322
61 323
61 324
61 325
61 326
61 327
62 327
62 328
63 328
63 329
64 329
65 329
65 330
66 330
67 330
67 331
68 331
69 331
70 331
71 331
72 331
36 295
37 295
37 294
37 293
37 292
38 292
38 291
38 290
39 290
39 289
214 397
214 396
214 398
214 399
214 400
214 401
213 401
212 401
211 401
210 401
209 401
208 401
207 401
207 400
206 400
205 400
205 399
204 399
203 399
203 398
202 398
202 397
201 397
200 397
200 398
200 399
200 400
200 401
200 402
200 403
200 404
199 404
199 405
199 406
199 407
199 408
199 409
199 410
199 411
199 412
200 412
200 413
200 414
199 414
198 414
198 415
197 415
196 415
195 415
194 415
193 415
193 416
193 417
193 418
192 418
192 419
191 419
191 420
190 420
190 421
189 421
189 422
189 423
189 424
189 425
189 426
188 426
187 426
186 426
185 426
185 427
184 427
184 428
183 428
183 429
183 430
183 431
183 432
183 433
183 434
214 395
214 394
214 393
214 392
215 392
215 391
216 391
217 391
217 390
218 390
218 389
218 388
219 388
219 387
216 425
215 425
217 425
218 425
218 424
218 423
219 423
219 422
219 421
219 420
219 419
218 419
217 419
217 418
216 418
216 417
215 417
214 417
214 416
213 416
212 416
212 415
211 415
210 415
209 415
208 415
207 415
206 415
205 415
204 415
203 415
203 414
202 414
201 414
201 413
215 426
214 426
214 427
213 427
213 428
213 429
214 429
214 430
215 430
216 430
216 431
217 431
218 431
219 431
220 431
220 432
221 432
221 433
222 433
222 434
223 434
223 435
223 436
224 436
224 437
225 437
225 438
226 438
226 439
227 439
228 439
228 440
229 440
230 440
231 440
232 440
233 440
234 440
235 440
2 432
2 431
2 433
2 434
2 435
2 436
3 436
4 436
4 435
5 435
6 435
7 435
8 435
9 435
10 435
10 434
11 434
12 434
12 433
13 433
13 432
14 432
15 432
16 432
17 432
18 432
19 432
20 432
21 432
22 432
23 432
24 432
25 432
26 432
27 432
28 432
29 432
2 430
2 429
2 428
1 428
1 427
0 427
0 426
0 425
0 424
0 423
0 422
0 421
1 421
2 421
2 420
3 420
3 419
2 419
2 418
2 417
2 416
2 415
2 414
2 413
1 413
1 412
0 412
0 411
0 410
0 409
0 408
0 407
0 406
0 405
0 404
0 403
0 402
0 401
0 400
0 399
0 398
0 397
0 396
1 396
1 395
2 395
3 395
4 395
5 395
6 395
7 395
8 395
9 395
9 396
10 396
10 397
11 397
11 398
12 398
12 399
13 399
14 399
15 399
16 399
17 399
18 399
19 399
20 399
21 399
21 400
22 400
23 400
24 400
24 401
25 401
25 402
26 402
26 403
27 403
28 403
28 404
29 404
29 403
30 403
30 402
30 401
31 401
31 400
31 399
31 398
31 397
31 396
31 395
31 394
31 393
31 392
31 391
32 391
32 390
33 390
34 390
34 389
176 398
175 398
177 398
178 398
179 398
180 398
181 398
182 398
182 397
183 397
183 396
184 396
184 395
185 395
185 394
186 394
187 394
187 393
188 393
189 393
189 392
190 392
190 391
191 391
192 391
193 391
194 391
195 391
196 391
196 392
197 392
197 393
197 394
198 394
199 394
199 395
200 395
200 396
201 396
174 398
173 398
172 398
171 398
170 398
169 398
168 398
168 399
167 399
96 496
95 496
97 496
98 496
99 496
100 496
101 496
102 496
103 496
104 496
104 495
105 495
105 494
106 494
106 493
107 493
108 493
109 493
109 494
109 495
109 496
109 497
109 498
109 499
109 500
109 501
109 502
109 503
108 503
108 504
108 505
109 505
110 505
111 505
112 505
113 505
114 505
115 505
116 505
116 506
117 506
117 507
118 507
119 507
119 508
120 508
120 507
120 506
120 505
120 504
120 503
121 503
122 503
123 503
123 502
124 502
125 502
126 502
127 502
128 502
129 502
130 502
131 502
132 502
133 502
134 502
134 501
135 501
136 501
137 501
138 501
139 501
140 501
141 501
141 500
142 500
94 496
93 496
93 495
92 495
91 495
90 495
89 495
89 494
90 494
90 493
90 492
91 492
91 491
91 490
92 490
92 489
92 488
92 487
91 487
91 486
90 486
90 485
89 485
88 485
88 486
87 486
86 486
85 486
85 487
84 487
83 487
82 487
81 487
80 487
79 487
78 487
78 486
77 486
77 485
77 484
76 484
76 483
76 482
75 482
75 481
74 481
73 481
72 481
71 481
70 481
69 481
69 480
69 479
69 478
69 477
69 476
69 475
69 474
69 473
69 472
69 471
70 471
70 470
71 470
71 469
70 469
70 468
69 468
164 469
164 468
164 470
165 470
165 471
166 471
166 472
166 473
166 474
166 475
166 476
167 476
167 477
167 478
168 478
168 479
167 479
167 480
166 480
165 480
165 481
164 481
164 482
164 483
164 484
164 485
164 486
164 487
164 488
164 489
164 490
165 490
165 491
165 492
166 492
166 493
163 468
163 467
163 466
163 465
162 465
161 465
160 465
159 465
158 465
157 465
156 465
155 465
155 464
154 464
153 464
153 463
152 463
152 462
151 462
151 461
151 460
151 459
151 458
151 457
151 456
151 455
152 455
153 455
154 455
154 454
153 454
152 454
151 454
150 454
149 454
148 454
147 454
146 454
146 455
146 456
146 457
146 458
146 459
146 460
146 461
146 462
146 463
145 463
145 464
144 464
144 465
144 466
143 466
143 467
142 467
141 467
141 468
140 468
139 468
22 220
22 221
22 219
23 219
24 219
24 218
25 218
26 218
26 217
27 217
28 217
28 216
29 216
30 216
30 215
30 214
22 222
22 223
22 224
144 253
144 254
144 252
145 252
146 252
146 251
147 251
147 250
148 250
148 249
149 249
149 248
150 248
150 247
151 247
151 246
152 246
153 246
153 245
154 245
155 245
156 245
157 245
158 245
159 245
160 245
160 244
161 244
162 244
163 244
164 244
165 244
166 244
166 243
167 243
167 242
167 241
166 241
166 240
166 239
166 238
166 237
166 236
166 235
166 234
166 233
166 232
166 231
166 230
166 229
166 228
166 227
166 226
167 226
167 225
167 224
167 223
167 222
167 221
168 221
169 221
170 221
171 221
172 221
172 220
173 220
173 219
173 218
174 218
174 217
175 217
175 216
176 216
176 215
176 214
176 213
177 213
177 214
178 214
179 214
180 214
181 214
182 214
182 213
183 213
183 212
184 212
184 211
184 210
185 210
185 209
185 208
186 208
186 207
187 207
187 206
188 206
189 206
190 206
191 206
191 207
192 207
192 208
192 209
192 210
192 211
193 211
193 212
194 212
194 213
195 213
196 213
197 213
198 213
199 213
200 213
200 214
200 215
200 216
200 217
200 218
201 218
201 219
201 220
202 220
202 221
201 221
201 222
201 223
201 224
201 225
201 226
201 227
201 228
201 229
201 230
201 231
201 232
201 233
201 234
200 234
199 234
199 235
198 235
197 235
197 236
197 237
197 238
197 239
197 240
197 241
197 242
197 243
198 243
198 244
198 245
199 245
199 244
200 244
200 243
201 243
201 242
202 242
202 241
203 241
203 240
204 240
204 239
205 239
206 239
207 239
208 239
209 239
209 240
210 240
211 240
211 241
212 241
213 241
214 241
215 241
216 241
217 241
218 241
219 241
220 241
221 241
222 241
222 240
223 240
223 239
223 238
224 238
224 237
224 236
225 236
225 235
226 235
227 235
228 235
229 235
230 235
231 235
232 235
232 236
232 237
233 237
233 238
233 239
233 240
233 241
233 242
233 243
233 244
234 244
234 245
235 245
235 246
236 246
237 246
237 247
238 247
238 248
239 248
239 249
240 249
241 249
241 250
242 250
242 251
243 251
244 251
244 250
245 250
245 249
246 249
246 248
247 248
247 247
248 247
249 247
249 246
250 246
250 245
251 245
252 245
252 244
253 244
253 245
254 245
255 245
255 246
256 246
257 246
257 247
258 247
259 247
259 248
259 249
260 249
260 248
261 248
261 247
261 246
261 245
261 244
261 243
261 242
262 242
263 242
263 243
263 244
264 244
265 244
266 244
267 244
268 244
269 244
270 244
271 244
272 244
273 244
143 254
143 255
142 255
142 256
141 256
141 257
141 258
141 259
141 260
140 260
140 261
139 261
139 262
138 262
137 262
136 262
135 262
135 261
134 261
133 261
132 261
131 261
130 261
129 261
128 261
127 261
127 262
126 262
125 262
125 261
125 260
125 259
125 258
125 257
125 256
125 255
125 254
125 253
125 252
124 252
123 252
122 252
121 252
120 252
120 253
119 253
119 254
118 254
117 254
117 255
116 255
115 255
114 255
113 255
112 255
111 255
110 255
110 254
109 254
108 254
108 253
107 253
107 252
106 252
106 251
106 250
106 249
106 248
106 247
107 247
107 246
107 245
106 245
106 244
105 244
105 243
104 243
104 242
103 242
103 241
102 241
101 241
101 240
100 240
99 240
98 240
97 240
96 240
100 125
101 125
99 125
98 125
98 124
97 124
96 124
96 123
95 123
95 122
95 121
95 120
94 120
94 119
93 119
93 118
92 118
91 118
90 118
89 118
88 118
88 117
87 117
86 117
86 116
85 116
85 115
101 126
101 127
101 128
101 129
101 130
102 130
102 131
101 131
101 132
100 132
99 132
99 133
99 134
98 134
98 135
97 135
96 135
95 135
94 135
93 135
93 136
92 136
92 137
91 137
91 138
90 138
90 139
89 139
89 140
89 141
88 141
88 142
88 143
87 143
87 144
86 144
86 145
86 146
86 147
86 148
86 149
86 150
87 150
87 151
88 151
89 151
90 151
91 151
91 152
92 152
92 153
91 153
90 153
90 154
89 154
88 154
87 154
86 154
85 154
84 154
83 154
82 154
81 154
80 154
79 154
79 153
78 153
78 152
77 152
77 151
76 151
75 151
74 151
73 151
72 151
72 152
71 152
70 152
70 153
70 154
69 154
69 155
69 156
69 157
68 157
68 158
67 158
67 159
67 160
67 161
67 162
67 163
68 163
68 164
69 164
69 165
70 165
70 166
70 167
70 168
70 169
70 170
71 170
71 171
72 171
72 172
71 172
70 172
69 172
68 172
67 172
67 171
66 171
65 171
65 170
65 169
64 169
63 169
62 169
61 169
60 169
60 170
59 170
58 170
58 171
58 172
57 172
57 173
56 173
55 173
54 173
53 173
53 174
53 175
52 175
52 176
52 177
51 177
51 178
51 179
51 180
51 181
51 182
51 183
51 184
50 184
50 183
49 183
48 183
47 183
46 183
45 183
44 183
43 183
42 183
41 183
40 183
40 182
39 182
38 182
37 182
37 183
36 183
35 183
35 184
34 184
34 183
33 183
33 182
33 181
32 181
32 180
32 179
32 178
31 178
30 178
30 177
29 177
28 177
27 177
26 177
25 177
24 177
153 131
154 131
152 131
152 130
151 130
150 130
150 129
149 129
148 129
147 129
146 129
145 129
144 129
143 129
142 129
141 129
140 129
139 129
138 129
137 129
136 129
135 129
134 129
134 130
134 131
134 132
134 133
134 134
134 135
135 135
135 136
134 136
134 137
134 138
133 138
132 138
131 138
130 138
129 138
129 139
128 139
128 140
127 140
127 141
126 141
126 142
126 143
126 144
126 145
126 146
127 146
128 146
129 146
130 146
131 146
131 147
132 147
132 148
132 149
132 150
133 150
133 151
133 152
134 152
134 153
135 153
136 153
137 153
138 153
139 153
140 153
141 153
142 153
143 153
144 153
145 153
146 153
146 152
147 152
147 153
148 153
149 153
150 153
151 153
152 153
153 153
153 154
153 155
153 156
153 157
153 158
153 159
153 160
153 161
153 162
153 163
153 164
153 165
153 166
153 167
153 168
154 168
154 169
155 169
155 170
156 170
157 170
158 170
158 171
157 171
156 171
156 172
155 172
155 173
155 174
155 175
154 175
154 176
155 176
155 177
156 177
157 177
157 178
158 178
158 179
159 179
159 180
159 181
160 181
160 182
160 183
161 183
161 184
162 184
163 184
164 184
165 184
166 184
167 184
168 184
168 183
168 182
168 181
168 180
169 180
169 179
170 179
171 179
171 178
172 178
172 177
173 177
173 178
174 178
174 179
175 179
176 179
177 179
178 179
179 179
179 178
180 178
181 178
182 178
183 178
183 177
184 177
185 177
185 176
186 176
187 176
187 175
188 175
188 174
189 174
189 173
190 173
191 173
192 173
193 173
193 172
194 172
194 173
195 173
196 173
196 174
197 174
198 174
199 174
200 174
201 174
202 174
203 174
203 175
203 176
204 176
205 176
206 176
207 176
208 176
209 176
210 176
211 176
212 176
213 176
214 176
214 177
215 177
215 178
216 178
217 178
217 177
218 177
219 177
219 176
219 175
220 175
220 174
220 173
221 173
221 172
222 172
222 171
223 171
223 170
155 131
155 132
156 132
157 132
158 132
159 132
159 133
160 133
160 134
160 135
161 135
161 136
161 137
161 138
161 139
161 140
161 141
162 141
162 142
163 142
164 142
164 143
165 143
165 144
166 144
166 145
166 146
166 147
166 148
166 149
166 150
166 151
166 152
166 153
165 153
165 154
164 154
163 154
162 154
161 154
160 154
159 154
158 154
157 154
156 154
155 154
154 154
154 153
71 135
70 135
72 135
73 135
74 135
75 135
76 135
77 135
77 136
77 137
77 138
77 139
77 140
77 141
77 142
77 143
77 144
77 145
76 145
76 146
76 147
76 148
76 149
76 150
69 135
68 135
67 135
66 135
65 135
64 135
64 136
64 137
63 137
63 138
63 139
62 139
62 140
62 141
61 141
61 142
61 143
61 144
61 145
61 146
61 147
61 148
61 149
61 150
61 151
60 151
59 151
59 152
60 152
61 152
62 152
63 152
64 152
65 152
66 152
67 152
68 152
69 152
69 153
174 173
174 172
174 174
174 175
174 176
173 176
174 171
174 170
174 169
174 168
173 168
173 167
172 167
172 166
172 165
172 164
172 163
172 162
171 162
171 161
171 160
172 160
172 159
172 158
173 158
173 157
173 156
172 156
172 155
171 155
170 155
169 155
168 155
168 154
167 154
167 153
167 152
222 219
223 219
221 219
220 219
219 219
219 220
218 220
217 220
216 220
215 220
214 220
214 219
213 219
212 219
212 218
211 218
211 217
210 217
210 216
209 216
208 216
207 216
206 216
206 215
205 215
205 214
205 213
204 213
203 213
203 212
202 212
202 211
201 211
201 212
200 212
224 219
225 219
226 219
227 219
228 219
228 218
228 217
228 216
229 216
229 217
230 217
230 218
230 219
230 220
230 221
231 221
231 222
232 222
232 223
232 224
232 225
232 226
232 227
232 228
232 229
232 230
232 231
232 232
232 233
232 234
69 362
68 362
70 362
71 362
72 362
73 362
74 362
75 362
75 361
76 361
77 361
77 360
77 359
78 359
78 358
79 358
79 357
79 356
79 355
79 354
79 353
79 352
79 351
79 350
80 350
80 349
81 349
82 349
82 348
83 348
84 348
85 348
86 348
87 348
88 348
89 348
89 347
89 346
89 345
89 344
67 362
66 362
66 361
66 360
66 359
65 359
65 358
64 358
64 359
63 359
62 359
61 359
60 359
59 359
58 359
58 358
57 358
57 357
57 356
57 355
56 355
56 354
56 353
56 352
56 351
56 350
56 349
55 349
55 348
54 348
54 349
53 349
52 349
51 349
50 349
49 349
48 349
47 349
46 349
46 348
45 348
118 134
117 134
119 134
120 134
121 134
121 135
122 135
122 136
123 136
124 136
124 137
125 137
125 138
125 139
125 140
125 141
125 142
116 134
115 134
114 134
114 135
113 135
113 134
112 134
112 133
111 133
111 132
110 132
110 131
109 131
109 130
108 130
107 130
106 130
105 130
104 130
103 130
190 447
190 448
190 446
190 445
190 444
190 443
190 442
190 441
190 440
190 439
190 438
190 449
190 450
190 451
190 452
189 452
189 453
189 454
189 455
189 456
189 457
189 458
189 459
189 460
188 460
188 461
187 461
186 461
185 461
184 461
183 461
182 461
181 461
180 461
180 460
179 460
179 459
178 459
178 458
178 457
178 456
178 455
177 455
177 454
176 454
176 455
176 456
176 457
176 458
176 459
176 460
175 460
175 461
174 461
174 462
173 462
172 462
171 462
170 462
169 462
169 461
168 461
167 461
166 461
165 461
165 462
164 462
163 462
163 463
162 463
162 464
161 464
224 506
223 506
224 505
225 505
225 504
226 504
227 504
228 504
229 504
230 504
231 504
232 504
233 504
234 504
235 504
236 504
237 504
238 504
239 504
240 504
241 504
241 505
242 505
242 506
242 507
243 507
243 508
244 508
244 509
245 509
246 509
247 509
248 509
248 510
249 510
249 511
250 511
251 511
252 511
253 511
254 511
255 511
256 511
256 510
256 509
256 508
256 507
256 506
257 506
258 506
259 506
260 506
261 506
262 506
262 507
263 507
263 508
264 508
265 508
266 508
266 507
267 507
268 507
268 506
268 505
269 505
269 504
270 504
271 504
272 504
273 504
274 504
275 504
275 503
276 503
276 502
276 501
277 501
277 500
278 500
279 500
280 500
280 499
281 499
282 499
283 499
283 498
282 498
281 498
280 498
280 497
280 496
280 495
280 494
280 493
280 492
280 491
279 491
279 490
278 490
278 489
277 489
276 489
276 488
275 488
274 488
274 487
273 487
273 486
272 486
271 486
271 487
270 487
269 487
269 488
268 488
268 489
268 490
267 490
267 491
223 507
222 507
222 508
221 508
220 508
220 509
220 510
219 510
219 509
218 509
217 509
216 509
215 509
214 509
213 509
212 509
212 508
211 508
211 507
210 507
210 506
209 506
209 505
208 505
207 505
207 504
206 504
205 504
204 504
203 504
203 503
202 503
202 502
202 501
201 501
200 501
200 500
199 500
198 500
197 500
197 501
196 501
196 502
195 502
194 502
193 502
192 502
191 502
191 503
190 503
190 504
190 505
190 506
190 507
189 507
189 506
189 505
189 504
189 503
188 503
187 503
186 503
185 503
184 503
183 503
183 502
182 502
181 502
180 502
179 502
178 502
178 501
177 501
176 501
176 500
175 500
174 500
174 499
173 499
173 498
172 498
171 498
171 497
170 497
170 496
169 496
169 495
168 495
168 494
214 453
214 452
214 454
214 455
214 456
214 457
214 458
213 458
213 459
214 459
215 459
216 459
217 459
218 459
218 458
219 458
220 458
220 457
221 457
222 457
222 458
223 458
223 459
223 460
223 461
224 461
224 462
225 462
225 463
226 463
227 463
228 463
229 463
230 463
231 463
232 463
233 463
234 463
235 463
236 463
236 462
237 462
237 461
238 461
238 460
238 459
238 458
238 457
238 456
238 455
238 454
238 453
238 452
238 451
238 450
237 450
237 449
236 449
235 449
234 449
233 449
232 449
232 448
231 448
231 447
231 446
231 445
231 444
231 443
232 443
232 442
233 442
233 441
234 441
214 451
214 450
214 449
214 448
214 447
27 200
27 201
27 199
27 198
27 197
27 196
27 195
27 194
27 193
27 192
26 192
26 191
25 191
25 190
27 202
27 203
27 204
27 205
28 205
28 206
29 206
30 206
30 207
31 207
32 207
32 208
33 208
198 311
198 310
198 312
198 313
199 313
199 314
200 314
201 314
202 314
202 315
203 315
203 316
203 317
204 317
204 318
204 319
204 320
205 320
205 321
205 322
206 322
207 322
207 323
208 323
208 324
208 325
208 326
208 327
209 327
209 328
209 329
210 329
210 330
211 330
211 331
210 331
210 332
209 332
208 332
207 332
206 332
205 332
204 332
203 332
202 332
201 332
200 332
199 332
198 332
198 333
197 333
196 333
195 333
194 333
193 333
192 333
191 333
190 333
189 333
188 333
187 333
186 333
185 333
198 309
198 308
197 308
197 307
196 307
195 307
194 307
193 307
192 307
191 307
190 307
190 306
189 306
189 305
188 305
188 304
187 304
186 304
185 304
184 304
183 304
182 304
182 305
181 305
181 306
181 307
39 334
39 335
39 333
40 333
40 332
40 331
41 331
41 330
41 329
42 329
42 328
43 328
43 327
44 327
44 326
45 326
45 325
45 324
46 324
46 323
46 322
47 322
47 321
47 320
48 320
38 335
38 336
38 337
38 338
38 339
38 340
38 341
37 341
37 342
36 342
36 343
35 343
35 344
34 344
34 345
34 346
121 477
121 478
121 476
121 475
121 474
121 473
121 472
122 472
122 471
123 471
123 470
124 470
125 470
126 470
126 469
127 469
128 469
128 468
121 479
121 480
121 481
121 482
121 483
121 484
121 485
121 486
121 487
120 487
120 488
121 488
122 488
123 488
124 488
125 488
126 488
126 489
127 489
128 489
129 489
129 490
130 490
131 490
131 491
132 491
133 491
134 491
135 491
136 491
137 491
138 491
139 491
139 490
248 137
249 137
247 137
247 136
246 136
246 135
245 135
245 134
245 133
245 132
244 132
244 131
244 130
243 130
243 129
250 137
250 136
251 136
251 135
252 135
252 134
253 134
253 133
254 133
254 132
255 132
256 132
256 131
257 131
258 131
259 131
260 131
261 131
261 130
262 130
262 129
263 129
263 128
264 128
264 127
265 127
265 126
266 126
267 126
268 126
269 126
270 126
271 126
272 126
273 126
274 126
275 126
276 126
277 126
278 126
279 126
280 126
280 125
281 125
282 125
282 124
283 124
284 124
285 124
286 124
287 124
288 124
289 124
290 124
290 123
290 122
290 121
290 120
291 120
291 121
291 122
291 123
292 123
292 124
293 124
293 125
294 125
295 125
296 125
297 125
298 125
299 125
300 125
300 126
301 126
301 127
301 128
301 129
302 129
303 129
303 128
304 128
305 128
306 128
307 128
308 128
308 127
309 127
309 126
310 126
310 125
311 125
312 125
312 126
313 126
314 126
315 126
316 126
317 126
318 126
319 126
320 126
320 125
321 125
322 125
323 125
324 125
325 125
326 125
327 125
328 125
329 125
330 125
331 125
332 125
333 125
334 125
335 125
336 125
337 125
337 124
337 123
30 419
30 418
31 419
32 419
33 419
34 419
34 420
35 420
36 420
36 421
37 421
37 422
29 418
29 417
28 417
28 416
28 415
27 415
27 414
26 414
26 413
25 413
25 412
24 412
24 411
24 410
24 409
24 408
24 407
24 406
25 406
25 405
26 405
27 405
28 405
208 358
208 357
207 358
207 359
206 359
206 360
205 360
204 360
204 361
203 361
202 361
202 360
201 360
200 360
199 360
198 360
197 360
196 360
195 360
194 360
193 360
193 359
192 359
191 359
191 358
190 358
189 358
189 357
188 357
188 356
188 355
187 355
187 354
187 353
187 352
187 351
187 350
186 350
186 349
185 349
185 348
184 348
184 347
184 346
183 346
183 345
183 344
182 344
182 343
182 342
182 341
182 340
182 339
183 339
183 338
184 338
184 337
184 336
184 335
184 334
209 357
210 357
211 357
211 356
212 356
213 356
213 357
214 357
214 358
215 358
215 359
216 359
217 359
218 359
218 358
219 358
219 357
220 357
221 357
222 357
223 357
224 357
225 357
226 357
226 356
226 355
226 354
226 353
226 352
226 351
226 350
227 350
227 349
227 348
227 347
227 346
227 345
227 344
226 344
226 343
225 343
224 343
224 342
223 342
223 341
222 341
221 341
221 342
220 342
219 342
218 342
218 341
217 341
216 341
215 341
215 340
215 339
214 339
214 338
214 337
214 336
214 335
214 334
214 333
213 333
213 332
213 331
212 331
260 331
260 330
260 332
260 333
260 334
260 335
259 335
259 336
258 336
257 336
257 337
256 337
256 338
256 339
256 340
256 341
256 342
255 342
255 343
255 344
254 344
254 345
254 346
253 346
253 347
252 347
252 348
252 349
252 350
252 351
251 351
251 352
250 352
250 353
249 353
248 353
247 353
246 353
245 353
245 352
244 352
244 351
243 351
242 351
241 351
240 351
239 351
238 351
238 352
238 353
237 353
236 353
235 353
234 353
233 353
232 353
232 352
231 352
230 352
230 351
229 351
229 350
228 350
228 349
228 348
260 329
261 329
261 328
261 327
261 326
261 325
262 325
262 324
263 324
264 324
265 324
266 324
266 323
267 323
267 324
268 324
269 324
270 324
271 324
272 324
273 324
274 324
275 324
276 324
277 324
278 324
278 323
278 322
278 321
278 320
278 319
278 318
278 317
278 316
278 315
278 314
278 313
278 312
278 311
278 310
278 309
278 308
279 308
279 307
280 307
280 306
281 306
281 305
281 304
281 303
281 302
282 302
282 301
283 301
284 301
284 300
285 300
286 300
287 300
287 299
288 299
289 299
290 299
291 299
292 299
293 299
293 298
292 298
292 297
292 296
292 295
292 294
292 293
292 292
292 291
292 290
292 289
292 288
292 287
292 286
292 285
292 284
293 284
293 283
294 283
294 282
294 281
294 280
295 280
295 279
296 279
297 279
298 279
298 278
299 278
299 277
300 277
300 276
301 276
302 276
303 276
303 275
304 275
305 275
305 274
305 273
305 272
305 271
305 270
305 269
305 268
306 268
306 267
307 267
308 267
309 267
309 266
310 266
310 265
310 264
311 264
311 263
312 263
312 262
312 261
312 260
312 259
312 258
311 258
311 257
310 257
310 256
311 256
311 255
311 254
311 253
311 252
311 251
311 250
311 249
311 248
312 248
313 248
314 248
314 247
315 247
315 246
315 245
315 244
315 243
315 242
315 241
315 240
315 239
231 408
232 408
230 408
229 408
228 408
228 407
227 407
226 407
225 407
225 406
224 406
224 405
224 404
223 404
223 403
222 403
222 402
221 402
220 402
219 402
218 402
217 402
216 402
215 402
215 401
233 408
234 408
235 408
236 408
236 409
237 409
237 410
238 410
238 411
239 411
239 412
239 413
239 414
240 414
240 415
240 416
240 417
241 417
241 418
242 418
242 419
243 419
243 420
244 420
245 420
246 420
247 420
248 420
249 420
249 419
249 418
250 418
250 417
251 417
251 416
252 416
252 415
252 414
253 414
253 413
253 412
253 411
254 411
254 410
255 410
255 409
256 409
257 409
257 408
258 408
258 407
259 407
259 406
259 405
259 404
259 403
259 402
260 402
260 401
259 401
259 400
258 400
257 400
257 399
256 399
255 399
255 398
254 398
254 397
254 396
254 395
254 394
254 393
254 392
254 391
254 390
255 390
255 389
255 388
256 388
256 387
256 386
257 386
257 385
257 384
257 383
257 382
257 381
257 380
258 380
258 379
258 378
259 378
259 377
260 377
260 376
261 376
262 376
263 376
264 376
265 376
266 376
267 376
268 376
269 376
270 376
271 376
271 377
270 377
270 378
270 379
270 380
270 381
270 382
270 383
269 383
269 384
268 384
268 385
268 386
268 387
268 388
268 389
269 389
270 389
271 389
271 390
272 390
272 391
273 391
273 392
274 392
275 392
275 393
276 393
277 393
277 394
278 394
279 394
279 395
280 395
280 396
281 396
281 397
282 397
282 398
283 398
283 399
284 399
284 400
285 400
285 401
286 401
287 401
288 401
289 401
289 400
290 400
290 401
290 402
290 403
290 404
290 405
290 406
291 406
292 406
293 406
293 407
293 408
293 409
293 410
293 411
293 412
293 413
293 414
293 415
292 415
292 416
293 416
293 417
294 417
294 418
294 419
294 420
294 421
295 421
295 422
295 423
295 424
295 425
295 426
295 427
295 428
295 429
295 430
294 430
294 431
294 432
295 432
295 433
296 433
296 434
296 435
297 435
297 436
297 437
298 437
298 438
299 438
299 439
299 440
299 441
300 441
300 442
299 442
299 443
298 443
298 444
297 444
296 444
295 444
294 444
294 445
293 445
292 445
292 446
291 446
291 447
290 447
290 448
289 448
289 449
289 450
289 451
289 452
289 453
289 454
290 454
290 455
289 455
288 455
287 455
286 455
285 455
284 455
283 455
283 456
283 457
283 458
282 458
281 458
280 458
279 458
278 458
277 458
276 458
275 458
275 459
274 459
274 460
273 460
273 461
272 461
272 462
272 463
272 464
271 464
270 464
269 464
268 464
267 464
266 464
265 464
264 464
263 464
262 464
261 464
261 465
260 465
260 464
260 463
259 463
259 462
259 461
258 461
258 460
257 460
256 460
255 460
254 460
253 460
252 460
252 459
251 459
250 459
249 459
248 459
247 459
246 459
245 459
244 459
243 459
242 459
241 459
241 460
240 460
239 460
239 461
130 211
131 211
129 211
128 211
127 211
126 211
125 211
124 211
123 211
122 211
121 211
120 211
119 211
118 211
117 211
116 211
116 212
115 212
115 213
114 213
114 214
114 215
113 215
112 215
111 215
110 215
109 215
108 215
108 216
107 216
106 216
105 216
105 217
104 217
103 217
103 218
102 218
102 219
101 219
100 219
99 219
98 219
97 219
96 219
95 219
95 220
94 220
93 220
93 221
92 221
92 222
132 211
133 211
133 212
134 212
134 213
135 213
136 213
136 214
137 214
138 214
139 214
140 214
141 214
142 214
143 214
144 214
145 214
146 214
147 214
148 214
149 214
150 214
151 214
152 214
153 214
153 213
154 213
155 213
155 212
156 212
157 212
157 211
158 211
159 211
160 211
161 211
162 211
163 211
164 211
165 211
165 212
166 212
167 212
167 213
168 213
168 214
169 214
170 214
170 215
171 215
172 215
172 216
173 216
173 217
275 474
275 473
275 475
274 475
274 476
273 476
273 477
273 478
273 479
272 479
272 480
272 481
272 482
272 483
272 484
272 485
276 473
276 472
277 472
277 471
278 471
278 470
279 470
280 470
280 469
281 469
282 469
282 468
283 468
283 467
283 466
283 465
283 464
283 463
283 462
283 461
283 460
282 460
282 459
4 231
5 231
3 231
3 232
2 232
2 233
1 233
0 233
0 234
0 235
0 236
0 237
0 238
0 239
0 240
0 241
0 242
0 243
0 244
0 245
0 246
1 246
1 247
2 247
3 247
4 247
5 247
6 247
7 247
8 247
9 247
10 247
11 247
11 246
11 245
11 244
12 244
12 243
13 243
13 242
14 242
14 241
15 241
16 241
16 240
17 240
17 239
18 239
18 238
5 230
5 229
6 229
6 228
7 228
7 227
8 227
8 226
8 225
8 224
8 223
8 222
8 221
9 221
9 220
10 220
10 219
10 218
10 217
10 216
10 215
10 214
10 213
11 213
209 461
208 461
210 461
211 461
211 460
212 460
212 459
207 461
206 461
205 461
205 462
205 463
205 464
205 465
205 466
205 467
205 468
205 469
206 469
206 470
207 470
208 470
208 471
208 472
208 473
207 473
206 473
205 473
204 473
203 473
203 474
202 474
202 475
202 476
201 476
201 477
201 478
201 479
200 479
200 480
199 480
198 480
198 481
197 481
196 481
195 481
194 481
193 481
192 481
192 480
192 479
192 478
192 477
192 476
191 476
191 475
191 474
191 473
190 473
190 472
189 472
189 471
188 471
188 470
188 469
189 469
189 468
189 467
189 466
189 465
189 464
189 463
189 462
189 461
239 424
240 424
239 425
238 425
237 425
237 426
237 427
237 428
237 429
237 430
237 431
237 432
236 432
236 433
235 433
235 434
235 435
235 436
235 437
235 438
235 439
240 423
241 423
241 422
241 421
241 420
242 420
4 508
5 508
3 508
2 508
2 507
1 507
1 506
1 505
0 505
0 504
0 503
0 502
0 501
1 501
1 500
2 500
2 499
3 499
3 498
3 497
3 496
3 495
3 494
4 494
4 493
5 493
5 492
5 491
5 490
5 489
6 489
6 488
6 487
7 487
7 486
8 486
8 485
8 484
8 483
8 482
8 481
8 480
8 479
9 479
9 478
9 477
10 477
10 476
11 476
11 475
12 475
13 475
13 474
13 473
14 473
14 472
15 472
16 472
16 471
17 471
18 471
19 471
20 471
20 470
21 470
21 469
22 469
22 468
5 509
6 509
7 509
8 509
9 509
10 509
11 509
12 509
13 509
14 509
15 509
16 509
16 508
17 508
17 507
18 507
19 507
20 507
21 507
22 507
23 507
23 508
23 509
23 510
24 510
24 511
25 511
25 510
26 510
27 510
28 510
29 510
30 510
31 510
32 510
32 509
32 508
32 507
32 506
33 506
33 505
34 505
34 504
34 503
34 502
34 501
34 500
34 499
34 498
34 497
34 496
34 495
34 494
33 494
33 493
32 493
32 492
32 491
32 490
32 489
32 488
32 487
32 486
32 485
33 485
34 485
34 484
35 484
35 483
36 483
36 482
37 482
37 481
37 480
38 480
38 479
39 479
39 478
40 478
40 477
41 477
42 477
43 477
44 477
45 477
46 477
53 441
53 440
53 442
53 443
53 444
54 444
54 445
55 445
56 445
57 445
58 445
59 445
60 445
61 445
62 445
62 446
62 447
62 448
63 448
63 449
64 449
65 449
66 449
67 449
68 449
69 449
53 439
53 438
53 437
53 436
54 436
54 435
54 434
55 434
55 433
54 433
53 433
53 432
52 432
51 432
50 432
49 432
48 432
47 432
47 433
46 433
46 434
45 434
86 67
87 67
85 67
85 68
85 69
85 70
85 71
84 71
84 72
84 73
85 73
86 73
87 73
87 74
88 74
88 75
88 76
89 76
89 77
90 77
90 78
90 79
90 80
90 81
91 81
91 82
92 82
92 83
92 84
93 84
93 85
93 86
93 87
92 87
92 88
92 89
91 89
91 90
91 91
90 91
89 91
88 91
87 91
86 91
86 92
85 92
84 92
84 93
84 94
83 94
83 95
83 96
82 96
82 97
82 98
81 98
81 99
81 100
81 101
81 102
81 103
81 104
81 105
81 106
82 106
82 107
83 107
83 108
83 109
83 110
83 111
83 112
83 113
84 113
84 114
84 115
88 67
89 67
90 67
91 67
91 66
90 66
90 65
90 64
90 63
90 62
90 61
90 60
90 59
90 58
89 58
89 57
90 57
90 56
91 56
91 55
91 54
91 53
92 53
92 54
93 54
94 54
95 54
96 54
97 54
98 54
99 54
100 54
101 54
101 53
102 53
103 53
104 53
105 53
105 54
106 54
106 55
107 55
108 55
108 56
109 56
110 56
111 56
112 56
112 55
113 55
113 54
114 54
114 53
115 53
115 52
116 52
116 51
117 51
118 51
118 50
119 50
120 50
120 49
215 440
215 441
215 439
215 438
216 438
216 437
216 436
216 435
216 434
216 433
216 432
215 442
215 443
215 444
215 445
215 446
214 446
177 138
178 138
176 138
175 138
174 138
173 138
172 138
172 137
171 137
171 138
170 138
169 138
169 139
168 139
168 140
167 140
167 141
166 141
166 142
165 142
179 138
180 138
181 138
182 138
183 138
184 138
184 139
185 139
185 140
186 140
187 140
187 141
187 142
187 143
187 144
187 145
187 146
187 147
187 148
188 148
188 149
188 150
187 150
186 150
186 151
185 151
185 152
184 152
184 153
183 153
183 154
182 154
182 155
181 155
181 156
180 156
179 156
178 156
177 156
176 156
175 156
174 156
174 157
64 89
64 90
64 88
64 87
64 86
63 86
62 86
62 85
61 85
61 84
60 84
60 83
59 83
59 82
58 82
58 81
57 81
57 80
56 80
55 80
55 79
54 79
53 79
52 79
52 78
51 78
50 78
49 78
48 78
47 78
46 78
45 78
44 78
43 78
42 78
41 78
41 77
40 77
39 77
38 77
37 77
36 77
35 77
34 77
33 77
32 77
31 77
31 76
30 76
29 76
29 75
30 75
30 74
31 74
31 73
32 73
32 72
32 71
33 71
33 70
33 69
32 69
31 69
30 69
29 69
28 69
27 69
27 68
28 68
28 67
28 66
29 66
29 65
29 64
29 63
29 62
29 61
29 60
30 60
30 59
29 59
29 58
29 57
28 57
28 56
28 55
28 54
28 53
27 53
27 52
27 51
27 50
26 50
26 49
26 48
25 48
25 47
25 46
25 45
25 44
25 43
24 43
24 42
64 91
65 91
65 92
66 92
66 93
66 94
67 94
67 95
67 96
67 97
67 98
67 99
67 100
67 101
67 102
66 102
65 102
64 102
63 102
62 102
62 103
61 103
61 104
60 104
60 105
59 105
59 106
59 107
58 107
58 108
58 109
59 109
59 110
60 110
60 111
60 112
61 112
61 113
61 114
61 115
60 115
59 115
58 115
57 115
56 115
55 115
55 116
54 116
54 117
54 118
53 118
53 119
53 120
52 120
52 121
52 122
52 123
52 124
52 125
52 126
52 127
52 128
52 129
51 129
51 130
51 131
50 131
50 132
50 133
49 133
49 134
50 134
50 135
50 136
50 137
50 138
50 139
50 140
49 140
49 141
48 141
48 142
47 142
47 143
46 143
45 143
44 143
43 143
42 143
41 143
41 144
40 144
39 144
39 145
38 145
38 146
37 146
36 146
35 146
34 146
34 147
33 147
32 147
32 148
31 148
31 149
31 150
31 151
31 152
31 153
31 154
32 154
32 155
32 156
33 156
33 157
34 157
34 158
35 158
35 159
36 159
37 159
38 159
38 160
39 160
40 160
41 160
42 160
43 160
44 160
44 159
45 159
45 160
45 161
46 161
46 162
46 163
47 163
47 164
47 165
46 165
46 166
46 167
45 167
45 168
45 169
45 170
45 171
45 172
45 173
45 174
45 175
45 176
46 176
46 177
47 177
47 178
48 178
48 179
48 180
48 181
48 182
49 182
133 228
133 227
132 228
131 228
130 228
129 228
129 229
128 229
128 230
128 231
127 231
127 230
127 229
126 229
126 228
126 227
125 227
124 227
124 226
123 226
123 225
122 225
121 225
121 224
120 224
120 223
120 222
119 222
119 221
118 221
117 221
117 220
116 220
116 219
115 219
115 218
115 217
115 216
115 215
115 214
134 227
135 227
136 227
137 227
138 227
139 227
140 227
141 227
142 227
142 228
143 228
143 229
144 229
145 229
146 229
147 229
148 229
149 229
150 229
151 229
152 229
153 229
154 229
154 228
155 228
155 227
155 226
155 225
155 224
155 223
155 222
155 221
155 220
154 220
154 219
154 218
154 217
154 216
154 215
153 215
49 57
50 57
48 57
47 57
46 57
46 58
45 58
45 59
44 59
44 58
43 58
42 58
41 58
40 58
39 58
38 58
37 58
37 57
36 57
36 58
35 58
35 59
34 59
33 59
32 59
31 59
51 57
52 57
53 57
54 57
54 56
55 56
55 55
55 54
56 54
56 53
56 52
57 52
57 51
57 50
57 49
57 48
57 47
57 46
57 45
57 44
57 43
57 42
57 41
57 40
57 39
57 38
57 37
57 36
56 36
55 36
54 36
53 36
52 36
51 36
50 36
49 36
48 36
47 36
46 36
46 35
46 34
46 33
45 33
44 33
43 33
43 32
42 32
41 32
41 31
40 31
39 31
38 31
37 31
36 31
35 31
35 30
34 30
33 30
32 30
31 30
30 30
29 30
29 31
28 31
28 32
28 33
28 34
28 35
28 36
27 36
27 37
26 37
26 38
26 39
25 39
25 40
25 41
24 41
267 162
267 161
267 163
267 164
267 165
267 166
266 166
265 166
265 167
264 167
263 167
262 167
261 167
260 167
259 167
258 167
257 167
257 166
256 166
256 165
255 165
254 165
254 166
253 166
253 167
252 167
251 167
250 167
249 167
248 167
247 167
246 167
246 168
245 168
245 169
244 169
243 169
243 170
242 170
242 171
241 171
240 171
240 172
239 172
238 172
237 172
237 171
236 171
236 170
236 169
236 168
236 167
235 167
235 166
234 166
233 166
233 165
232 165
231 165
231 164
230 164
229 164
228 164
227 164
227 165
226 165
226 166
226 167
225 167
225 168
225 169
224 169
224 170
268 161
268 160
268 159
268 158
268 157
269 157
269 156
270 156
271 156
272 156
272 155
273 155
273 154
274 154
274 153
274 152
275 152
275 151
275 150
275 149
275 148
276 148
276 147
277 147
277 146
277 145
278 145
278 144
279 144
280 144
281 144
282 144
283 144
283 143
284 143
284 142
285 142
286 142
286 141
287 141
287 140
288 140
288 139
289 139
289 138
290 138
291 138
292 138
293 138
294 138
295 138
296 138
297 138
298 138
298 137
299 137
300 137
300 136
300 135
301 135
301 134
301 133
301 132
301 131
301 130
302 130
118 70
118 69
118 71
117 71
117 72
117 73
116 73
116 74
116 75
115 75
115 76
115 77
115 78
115 79
115 80
114 80
114 81
114 82
113 82
113 83
112 83
112 84
111 84
111 85
111 86
111 87
111 88
111 89
111 90
111 91
111 92
111 93
110 93
109 93
108 93
107 93
106 93
105 93
104 93
103 93
102 93
101 93
100 93
99 93
98 93
97 93
97 92
96 92
95 92
94 92
93 92
92 92
92 91
118 68
118 67
118 66
118 65
118 64
118 63
117 63
117 62
116 62
116 61
115 61
115 60
115 59
115 58
114 58
113 58
113 57
112 57
33 133
34 133
33 132
32 132
31 132
31 131
30 131
29 131
28 131
27 131
26 131
26 130
25 130
24 130
23 130
22 130
21 130
20 130
19 130
18 130
17 130
16 130
15 130
14 130
13 130
12 130
11 130
10 130
10 131
9 131
8 131
8 132
8 133
8 134
8 135
7 135
6 135
5 135
4 135
3 135
3 136
2 136
2 137
1 137
1 138
0 138
0 139
34 134
35 134
35 135
35 136
35 137
36 137
36 138
36 139
35 139
35 140
35 141
35 142
35 143
35 144
35 145
105 38
104 38
105 39
106 39
107 39
108 39
109 39
109 40
110 40
110 41
110 42
110 43
110 44
110 45
111 45
112 45
112 46
113 46
114 46
115 46
116 46
117 46
118 46
118 47
119 47
119 48
120 48
103 38
103 37
102 37
101 37
100 37
99 37
99 36
99 35
99 34
99 33
99 32
99 31
99 30
100 30
100 29
100 28
101 28
101 27
101 26
102 26
102 25
102 24
102 23
102 22
102 21
102 20
102 19
103 19
103 18
104 18
104 17
105 17
106 17
107 17
107 16
108 16
109 16
110 16
110 15
111 15
112 15
113 15
114 15
114 14
115 14
116 14
117 14
118 14
118 15
119 15
119 16
119 17
120 17
121 17
121 18
122 18
123 18
123 19
124 19
125 19
125 20
126 20
126 21
127 21
127 22
127 23
127 24
127 25
127 26
127 27
126 27
126 28
126 29
126 30
127 30
127 31
127 32
128 32
128 33
128 34
128 35
128 36
128 37
128 38
129 38
130 38
131 38
132 38
133 38
133 37
134 37
135 37
135 36
136 36
137 36
138 36
139 36
140 36
141 36
141 37
142 37
142 38
142 39
143 39
144 39
144 40
145 40
145 41
145 42
146 42
146 43
146 44
145 44
145 45
145 46
145 47
145 48
145 49
145 50
145 51
144 51
144 50
143 50
142 50
142 49
141 49
140 49
139 49
138 49
137 49
136 49
135 49
134 49
133 49
133 48
132 48
132 47
132 46
131 46
130 46
129 46
128 46
127 46
126 46
125 46
124 46
123 46
123 47
122 47
122 48
121 48
121 49
172 117
172 118
172 116
171 116
171 115
170 115
169 115
169 114
168 114
167 114
167 113
167 112
167 111
167 110
167 109
167 108
166 108
166 107
166 106
166 105
166 104
166 103
166 102
166 101
167 101
167 100
168 100
168 99
169 99
169 98
170 98
170 97
171 97
171 96
172 96
172 95
172 94
172 93
172 92
172 91
172 90
172 89
171 89
171 88
170 88
170 87
169 87
169 86
169 85
169 84
169 83
169 82
169 81
169 80
169 79
169 78
169 77
169 76
169 75
170 75
170 74
171 74
172 74
172 73
172 72
171 72
171 71
170 71
169 71
168 71
167 71
167 70
166 70
165 70
164 70
163 70
163 69
162 69
161 69
160 69
159 69
159 68
159 67
159 66
159 65
158 65
158 64
158 63
157 63
157 62
156 62
156 61
156 60
155 60
155 59
155 58
155 57
155 56
155 55
154 55
153 55
152 55
151 55
150 55
149 55
148 55
147 55
146 55
146 54
146 53
146 52
146 51
172 119
172 120
172 121
172 122
172 123
172 124
171 124
171 125
171 126
171 127
171 128
170 128
170 129
171 129
171 130
171 131
171 132
171 133
171 134
171 135
171 136
324 391
323 391
325 391
326 391
327 391
328 391
328 390
329 390
329 389
330 389
330 388
331 388
331 387
332 387
333 387
334 387
335 387
336 387
337 387
338 387
339 387
340 387
341 387
322 391
321 391
320 391
319 391
318 391
317 391
316 391
315 391
314 391
313 391
312 391
311 391
310 391
309 391
308 391
307 391
306 391
305 391
304 391
303 391
302 391
301 391
300 391
299 391
299 390
298 390
298 391
297 391
296 391
296 392
295 392
295 393
294 393
294 394
293 394
292 394
292 395
291 395
291 396
291 397
291 398
290 398
290 399
0 449
0 448
0 450
0 451
0 452
0 453
0 454
0 455
0 456
1 456
1 457
2 457
2 458
2 459
3 459
3 460
3 461
4 461
4 462
4 463
4 464
4 465
4 466
4 467
3 467
3 468
4 468
5 468
6 468
7 468
8 468
9 468
9 469
10 469
10 470
11 470
11 471
11 472
11 473
11 474
12 474
0 447
0 446
0 445
0 444
0 443
0 442
0 441
0 440
0 439
0 438
0 437
1 437
1 436
66 16
66 15
66 17
67 17
67 18
68 18
68 19
68 20
69 20
69 21
69 22
69 23
68 23
68 24
68 25
68 26
67 26
66 26
65 26
64 26
64 27
63 27
63 28
62 28
62 29
62 30
61 30
61 31
61 32
60 32
60 33
60 34
59 34
59 35
58 35
58 36
66 14
66 13
66 12
66 11
65 11
64 11
63 11
63 12
62 12
61 12
60 12
59 12
58 12
57 12
56 12
55 12
55 13
55 14
54 14
54 13
53 13
53 12
52 12
52 11
51 11
50 11
50 10
50 9
50 8
50 7
50 6
50 5
50 4
49 4
49 5
49 6
49 7
49 8
49 9
49 10
49 11
49 12
49 13
49 14
49 15
48 15
48 16
47 16
47 17
46 17
45 17
45 18
44 18
44 19
43 19
43 20
43 21
43 22
43 23
43 24
43 25
43 26
43 27
43 28
42 28
42 29
42 30
42 31
80 40
79 40
81 40
82 40
82 39
83 39
84 39
84 38
85 38
85 37
86 37
87 37
88 37
89 37
90 37
91 37
91 36
92 36
92 37
93 37
94 37
95 37
96 37
97 37
97 36
98 36
98 35
98 34
78 40
77 40
76 40
75 40
75 41
74 41
74 42
73 42
72 42
72 43
71 43
71 44
70 44
69 44
68 44
68 45
67 45
66 45
66 46
65 46
65 47
65 48
64 48
64 49
63 49
63 50
62 50
62 51
61 51
60 51
59 51
58 51
204 102
203 102
205 102
206 102
207 102
207 101
207 100
207 99
207 98
207 97
207 96
207 95
207 94
207 93
207 92
207 91
207 90
208 90
209 90
210 90
210 89
211 89
211 88
212 88
213 88
214 88
215 88
216 88
217 88
217 87
217 86
217 85
217 84
217 83
217 82
217 81
217 80
218 80
219 80
219 79
220 79
221 79
222 79
223 79
224 79
225 79
226 79
226 78
225 78
225 77
225 76
225 75
225 74
225 73
225 72
226 72
226 71
227 71
228 71
228 70
229 70
230 70
231 70
232 70
233 70
234 70
234 71
234 72
235 72
235 73
235 74
236 74
236 75
236 76
237 76
237 77
238 77
238 78
239 78
240 78
240 79
241 79
242 79
242 80
243 80
244 80
245 80
245 81
246 81
247 81
248 81
249 81
250 81
251 81
252 81
253 81
254 81
254 82
255 82
255 83
256 83
257 83
257 84
258 84
258 85
259 85
259 86
260 86
261 86
261 87
262 87
262 88
263 88
264 88
265 88
265 89
266 89
266 90
266 91
267 91
267 92
267 93
268 93
268 94
269 94
270 94
271 94
272 94
273 94
274 94
274 93
275 93
276 93
277 93
277 92
278 92
278 91
279 91
279 90
279 89
280 89
280 90
281 90
281 91
281 92
281 93
281 94
281 95
282 95
282 96
283 96
283 97
283 98
283 99
282 99
282 100
282 101
282 102
282 103
282 104
282 105
282 106
281 106
281 107
280 107
280 108
279 108
279 109
278 109
278 110
278 111
278 112
278 113
278 114
278 115
278 116
278 117
279 117
280 117
281 117
282 117
283 117
283 116
284 116
284 115
285 115
286 115
286 116
287 116
288 116
289 116
290 116
291 116
292 116
292 117
292 118
291 118
291 119
202 102
201 102
200 102
200 103
199 103
198 103
198 104
198 105
198 106
198 107
198 108
198 109
198 110
198 111
198 112
198 113
198 114
197 114
197 115
197 116
197 117
197 118
197 119
196 119
196 120
195 120
195 121
194 121
194 122
194 123
194 124
194 125
194 126
193 126
193 127
192 127
192 128
192 129
192 130
192 131
192 132
192 133
192 134
193 134
193 135
192 135
192 136
191 136
191 137
190 137
189 137
188 137
187 137
186 137
185 137
184 137
183 137
221 48
222 48
220 48
219 48
218 48
217 48
217 49
217 50
216 50
216 51
216 52
216 53
216 54
216 55
216 56
215 56
223 48
224 48
225 48
226 48
227 48
228 48
229 48
230 48
231 48
232 48
233 48
234 48
235 48
236 48
237 48
238 48
239 48
240 48
240 47
240 46
241 46
241 45
241 44
242 44
242 43
242 42
243 42
243 41
244 41
244 40
244 39
244 38
244 37
244 36
244 35
244 34
244 33
244 32
244 31
244 30
245 30
245 29
246 29
246 28
247 28
248 28
248 27
248 26
249 26
249 25
250 25
251 25
251 24
251 23
251 22
251 21
251 20
251 19
251 18
252 18
252 17
253 17
254 17
255 17
256 17
257 17
258 17
259 17
259 18
260 18
260 17
261 17
261 16
261 15
262 15
262 14
263 14
263 13
264 13
265 13
265 12
266 12
266 11
266 10
267 10
268 10
269 10
270 10
271 10
271 11
272 11
272 12
273 12
273 13
274 13
274 14
274 15
274 16
274 17
274 18
275 18
275 19
276 19
277 19
278 19
279 19
280 19
281 19
282 19
283 19
284 19
284 20
285 20
285 21
285 22
285 23
286 23
286 24
286 25
287 25
287 26
288 26
288 27
289 27
289 28
290 28
290 29
291 29
291 30
292 30
292 31
293 31
293 32
293 33
294 33
294 34
295 34
296 34
296 35
297 35
297 36
297 37
298 37
298 38
298 39
298 40
298 41
297 41
297 42
297 43
297 44
297 45
296 45
296 46
295 46
295 47
294 47
293 47
292 47
292 48
291 48
291 49
292 49
293 49
293 50
294 50
294 51
294 52
295 52
295 53
295 54
295 55
295 56
296 56
296 57
296 58
296 59
296 60
296 61
296 62
295 62
295 63
294 63
294 64
293 64
293 65
293 66
293 67
292 67
291 67
290 67
289 67
288 67
287 67
286 67
285 67
285 68
284 68
283 68
283 69
282 69
282 70
282 71
281 71
281 72
280 72
280 73
280 74
279 74
279 75
278 75
278 76
278 77
278 78
278 79
278 80
278 81
278 82
278 83
278 84
278 85
278 86
278 87
278 88
279 88
212 13
213 13
211 13
210 13
209 13
208 13
208 12
207 12
207 11
206 11
205 11
204 11
203 11
202 11
201 11
200 11
199 11
198 11
197 11
196 11
196 12
195 12
195 13
194 13
194 14
193 14
193 15
193 16
193 17
193 18
194 18
195 18
195 19
196 19
196 20
196 21
196 22
196 23
196 24
195 24
194 24
193 24
192 24
191 24
190 24
189 24
189 25
188 25
187 25
186 25
185 25
184 25
184 24
183 24
183 23
182 23
182 22
181 22
181 21
180 21
179 21
178 21
177 21
177 22
176 22
176 23
175 23
175 24
174 24
173 24
172 24
171 24
170 24
169 24
168 24
167 24
166 24
165 24
164 24
163 24
163 25
162 25
162 24
162 23
162 22
162 21
162 20
161 20
161 19
160 19
160 18
159 18
159 17
158 17
158 16
157 16
156 16
155 16
154 16
153 16
152 16
151 16
150 16
150 17
149 17
149 18
149 19
149 20
149 21
149 22
148 22
148 23
147 23
147 24
147 25
146 25
146 26
145 26
144 26
143 26
142 26
142 25
141 25
140 25
139 25
139 24
138 24
138 23
137 23
137 22
137 21
137 20
136 20
136 19
135 19
134 19
133 19
132 19
132 20
131 20
130 20
129 20
128 20
127 20
214 13
215 13
216 13
216 12
217 12
217 11
218 11
218 12
219 12
219 13
220 13
220 14
221 14
222 14
223 14
224 14
225 14
225 15
226 15
227 15
227 16
228 16
228 17
229 17
230 17
231 17
232 17
233 17
234 17
235 17
236 17
237 17
238 17
238 18
239 18
239 19
240 19
240 20
241 20
241 21
242 21
242 22
243 22
244 22
245 22
246 22
247 22
248 22
249 22
250 22
250 21
250 20
250 19
241 200
242 200
240 200
239 200
238 200
237 200
236 200
235 200
235 201
234 201
234 202
233 202
232 202
231 202
230 202
229 202
228 202
228 201
227 201
226 201
225 201
224 201
223 201
223 202
222 202
221 202
221 203
220 203
220 204
220 205
220 206
220 207
220 208
219 208
219 209
218 209
217 209
217 210
216 210
215 210
214 210
214 209
213 209
212 209
212 208
211 208
210 208
209 208
208 208
207 208
206 208
205 208
204 208
204 209
203 209
203 210
202 210
243 200
244 200
244 201
245 201
245 202
246 202
246 203
247 203
247 204
248 204
248 205
249 205
249 206
250 206
250 207
250 208
250 209
250 210
250 211
250 212
250 213
251 213
252 213
253 213
254 213
255 213
255 214
256 214
256 215
257 215
257 216
258 216
258 217
258 218
258 219
258 220
258 221
258 222
258 223
258 224
258 225
258 226
257 226
256 226
256 227
257 227
258 227
258 228
259 228
260 228
261 228
262 228
263 228
78 67
78 66
79 67
80 67
80 68
81 68
82 68
82 69
82 70
83 70
83 71
83 72
77 66
76 66
76 65
75 65
75 64
75 63
75 62
74 62
74 61
73 61
73 60
72 60
71 60
70 60
69 60
69 59
68 59
68 58
68 57
67 57
67 56
67 55
66 55
66 54
65 54
65 53
64 53
64 52
63 52
63 51
337 178
337 177
337 179
336 179
336 180
337 180
337 181
337 182
337 183
337 184
337 185
337 186
337 187
337 188
337 189
337 190
337 191
337 192
337 193
337 194
337 195
337 196
337 197
337 198
338 198
339 198
340 198
340 199
341 199
341 200
342 200
342 201
342 202
342 203
342 204
342 205
342 206
342 207
342 208
342 209
342 210
342 211
342 212
342 213
342 214
342 215
342 216
342 217
343 217
343 218
343 219
343 220
343 221
343 222
344 222
344 223
344 224
344 225
344 226
344 227
343 227
343 228
343 229
343 230
343 231
342 231
337 176
337 175
337 174
337 173
337 172
337 171
337 170
337 169
337 168
337 167
337 166
337 165
337 164
337 163
303 176
303 177
303 175
303 174
303 173
303 172
303 171
303 170
303 169
303 168
303 167
303 166
303 165
303 164
303 163
303 162
303 161
303 160
303 159
303 158
302 158
301 158
300 158
300 157
299 157
299 156
299 155
298 155
298 154
298 153
298 152
298 151
298 150
299 150
299 149
300 149
300 148
300 147
300 146
300 145
300 144
300 143
299 143
299 142
300 142
300 141
300 140
300 139
300 138
303 178
303 179
303 180
303 181
303 182
303 183
303 184
304 184
305 184
305 185
305 186
305 187
305 188
305 189
305 190
305 191
305 192
305 193
305 194
305 195
305 196
305 197
304 197
303 197
303 198
302 198
302 199
302 200
302 201
302 202
302 203
301 203
301 204
300 204
300 205
299 205
299 206
298 206
