245 130
246 130
245 131
245 132
244 132
244 133
243 133
242 133
242 134
242 135
241 135
241 136
240 136
240 137
239 137
238 137
238 138
237 138
237 139
236 139
236 140
235 140
235 141
234 141
234 142
233 142
233 143
232 143
232 144
246 129
246 128
246 127
247 127
248 127
248 126
249 126
250 126
251 126
251 125
252 125
253 125
254 125
255 125
256 125
307 283
307 284
306 283
306 282
306 281
306 280
306 279
306 278
306 277
305 277
305 276
304 276
304 275
303 275
302 275
302 274
301 274
301 273
301 272
301 271
301 270
301 269
302 269
302 268
303 268
304 268
304 267
305 267
306 267
307 267
308 267
309 267
310 267
311 267
312 267
312 266
313 266
314 266
314 265
315 265
308 284
309 284
309 285
310 285
310 286
311 286
311 287
311 288
311 289
311 290
311 291
311 292
311 293
311 294
310 294
310 295
310 296
309 296
309 297
308 297
308 298
307 298
307 299
306 299
306 300
306 301
306 302
306 303
306 304
305 304
305 305
305 306
305 307
304 307
304 308
401 345
402 345
400 345
400 344
399 344
399 343
398 343
398 342
397 342
397 341
396 341
396 340
396 339
395 339
395 338
394 338
393 338
392 338
391 338
390 338
389 338
388 338
388 337
388 336
388 335
388 334
388 333
388 332
388 331
388 330
389 330
389 329
390 329
390 328
390 327
390 326
390 325
390 324
390 323
390 322
390 321
389 321
389 320
388 320
387 320
386 320
385 320
384 320
383 320
382 320
381 320
380 320
380 321
379 321
379 322
379 323
379 324
379 325
378 325
378 324
377 324
376 324
375 324
374 324
373 324
372 324
371 324
370 324
369 324
368 324
367 324
366 324
365 324
364 324
363 324
362 324
362 323
361 323
360 323
359 323
358 323
357 323
357 324
356 324
355 324
355 325
354 325
354 326
353 326
352 326
351 326
350 326
349 326
348 326
347 326
346 326
345 326
344 326
343 326
343 327
343 328
343 329
343 330
343 331
342 331
341 331
340 331
339 331
338 331
337 331
337 330
336 330
336 329
336 328
335 328
335 327
334 327
334 326
333 326
333 327
333 328
332 328
331 328
330 328
329 328
328 328
327 328
327 327
326 327
326 326
325 326
324 326
324 325
323 325
323 324
322 324
321 324
320 324
319 324
318 324
317 324
316 324
316 323
315 323
315 322
314 322
313 322
312 322
311 322
310 322
309 322
308 322
307 322
306 322
305 322
305 321
304 321
304 320
304 319
304 318
304 317
304 316
304 315
304 314
304 313
304 312
304 311
304 310
304 309
403 345
404 345
405 345
406 345
406 346
406 347
406 348
406 349
406 350
407 350
407 351
408 351
408 352
408 353
408 354
408 355
408 356
408 357
408 358
407 358
407 359
407 360
406 360
406 361
406 362
406 363
406 364
406 365
406 366
406 367
406 368
405 368
405 369
404 369
404 370
403 370
403 371
402 371
402 372
401 372
401 373
401 374
401 375
401 376
401 377
402 377
403 377
404 377
405 377
406 377
407 377
407 378
407 379
407 380
407 381
407 382
407 383
407 384
407 385
408 385
408 386
409 386
409 387
410 387
411 387
411 386
412 386
413 386
414 386
414 385
415 385
416 385
416 384
417 384
417 383
418 383
418 382
419 382
419 381
420 381
420 380
421 380
265 141
265 142
265 140
265 139
265 138
265 137
264 137
264 136
263 136
262 136
261 136
260 136
259 136
259 137
258 137
257 137
257 138
256 138
255 138
254 138
254 139
253 139
252 139
252 140
252 141
252 142
252 143
252 144
252 145
252 146
251 146
251 147
250 147
249 147
249 148
248 148
248 149
247 149
247 150
246 150
246 151
246 152
245 152
245 153
244 153
243 153
243 152
243 151
243 150
243 149
243 148
243 147
243 146
242 146
242 145
242 144
242 143
241 143
241 142
240 142
240 141
239 141
239 140
239 139
239 138
265 143
265 144
266 144
266 145
266 146
267 146
267 147
267 148
268 148
268 149
268 150
268 151
268 152
268 153
267 153
267 154
267 155
267 156
266 156
266 157
266 158
266 159
265 159
265 160
264 160
264 161
263 161
262 161
261 161
260 161
259 161
258 161
257 161
257 160
256 160
256 159
255 159
255 158
254 158
254 157
253 157
253 156
252 156
251 156
250 156
249 156
249 155
248 155
247 155
246 155
245 155
244 155
243 155
243 154
285 321
285 320
285 322
285 323
284 323
284 324
283 324
283 325
282 325
282 326
281 326
281 327
280 327
280 328
279 328
279 329
279 330
279 331
280 331
281 331
281 332
282 332
282 333
282 334
283 334
283 335
283 336
283 337
283 338
283 339
284 339
284 340
284 341
285 341
285 342
286 342
286 343
287 343
287 344
288 344
288 345
289 345
289 346
290 346
291 346
291 347
292 347
292 348
293 348
294 348
295 348
296 348
296 349
297 349
298 349
299 349
300 349
301 349
301 350
302 350
302 351
303 351
303 350
304 350
305 350
306 350
306 349
307 349
307 348
308 348
308 347
309 347
309 346
310 346
310 345
310 344
310 343
310 342
310 341
311 341
311 340
312 340
313 340
314 340
315 340
315 339
316 339
316 338
316 337
316 336
316 335
316 334
316 333
316 332
315 332
315 331
315 330
315 329
315 328
315 327
315 326
315 325
315 324
285 319
285 318
285 317
286 317
286 316
287 316
287 315
288 315
289 315
289 314
290 314
291 314
291 313
292 313
293 313
294 313
295 313
296 313
297 313
298 313
299 313
300 313
301 313
302 313
302 312
302 311
302 310
303 310
303 309
303 308
207 142
207 141
208 142
208 143
209 143
209 144
210 144
211 144
211 145
212 145
212 146
213 146
214 146
215 146
216 146
217 146
217 147
218 147
218 148
219 148
220 148
221 148
221 147
222 147
222 146
223 146
223 145
224 145
225 145
226 145
227 145
228 145
229 145
230 145
231 145
231 144
207 140
206 140
206 139
206 138
205 138
205 137
204 137
204 136
204 135
203 135
203 134
203 133
202 133
202 132
201 132
201 131
200 131
199 131
199 130
198 130
198 129
198 128
197 128
197 127
197 126
197 125
197 124
197 123
197 122
197 121
197 120
197 119
197 118
197 117
197 116
198 116
199 116
200 116
201 116
202 116
203 116
204 116
205 116
205 115
206 115
207 115
208 115
208 114
209 114
209 113
209 112
210 112
210 111
210 110
211 110
212 110
213 110
214 110
215 110
216 110
217 110
217 111
218 111
218 112
219 112
219 113
220 113
221 113
222 113
222 114
223 114
223 115
224 115
225 115
225 116
226 116
227 116
228 116
229 116
230 116
230 115
231 115
232 115
232 114
233 114
234 114
235 114
236 114
237 114
238 114
238 113
239 113
240 113
240 112
241 112
241 111
242 111
242 110
243 110
244 110
245 110
246 110
247 110
248 110
249 110
250 110
250 111
251 111
251 112
252 112
252 113
252 114
253 114
253 115
253 116
254 116
254 117
254 118
254 119
254 120
255 120
255 121
255 122
255 123
255 124
256 124
416 346
415 346
417 346
418 346
419 346
419 345
420 345
421 345
421 344
422 344
422 343
423 343
423 342
423 341
423 340
423 339
423 338
423 337
423 336
415 347
414 347
413 347
412 347
411 347
410 347
410 348
409 348
409 349
409 350
408 350
484 476
484 475
484 477
484 478
484 479
484 480
484 481
484 482
484 483
484 484
483 484
483 485
482 485
481 485
480 485
480 486
479 486
479 487
478 487
478 488
477 488
477 489
476 489
476 490
476 491
476 492
476 493
475 493
475 494
474 494
474 495
473 495
473 496
473 497
472 497
471 497
471 498
470 498
469 498
469 499
468 499
467 499
467 500
466 500
466 501
466 502
466 503
465 503
465 504
465 505
465 506
464 506
464 507
464 508
463 508
463 509
462 509
462 510
461 510
460 510
459 510
458 510
457 510
456 510
455 510
454 510
453 510
452 510
452 509
452 508
452 507
451 507
451 506
450 506
450 505
450 504
449 504
449 503
448 503
448 502
447 502
447 501
447 500
447 499
447 498
446 498
446 497
445 497
445 496
484 474
484 473
484 472
484 471
484 470
485 470
486 470
486 469
487 469
487 468
487 467
487 466
486 466
486 465
486 464
486 463
486 462
486 461
486 460
486 459
486 458
487 458
487 457
488 457
488 456
489 456
490 456
490 455
491 455
492 455
492 454
493 454
494 454
495 454
496 454
496 453
497 453
498 453
498 452
499 452
93 426
94 426
92 426
91 426
91 427
90 427
90 428
90 429
89 429
89 428
89 427
88 427
87 427
87 426
86 426
86 425
86 424
85 424
85 423
85 422
84 422
84 421
83 421
83 420
83 419
82 419
82 418
82 417
82 416
82 415
82 414
82 413
81 413
81 412
80 412
80 411
79 411
79 410
78 410
77 410
77 409
76 409
76 408
76 407
77 407
77 406
77 405
78 405
78 404
79 404
80 404
81 404
82 404
83 404
83 403
84 403
85 403
86 403
87 403
88 403
89 403
90 403
90 402
90 401
90 400
90 399
90 398
90 397
90 396
90 395
90 394
90 393
90 392
89 392
89 391
89 390
88 390
88 389
88 388
87 388
87 387
86 387
86 386
85 386
84 386
83 386
82 386
81 386
80 386
79 386
78 386
77 386
76 386
75 386
74 386
74 387
73 387
73 388
72 388
72 387
72 386
72 385
72 384
72 383
72 382
72 381
72 380
72 379
72 378
72 377
72 376
72 375
72 374
73 374
73 373
74 373
74 372
75 372
75 371
74 371
74 370
73 370
73 369
72 369
71 369
70 369
69 369
69 368
69 367
69 366
69 365
69 364
69 363
69 362
69 361
70 361
70 360
70 359
71 359
71 358
71 357
72 357
72 358
73 358
74 358
75 358
76 358
77 358
77 359
78 359
79 359
80 359
81 359
82 359
83 359
84 359
84 358
84 357
85 357
85 356
95 426
96 426
97 426
98 426
99 426
100 426
100 425
101 425
102 425
102 424
102 423
102 422
102 421
102 420
102 419
102 418
102 417
102 416
102 415
102 414
101 414
101 413
100 413
100 412
99 412
98 412
98 411
97 411
96 411
96 410
95 410
95 409
94 409
94 408
93 408
93 407
92 407
92 406
92 405
91 405
91 404
91 403
91 402
281 304
281 303
281 305
281 306
280 306
280 307
281 307
282 307
283 307
284 307
285 307
286 307
287 307
288 307
288 308
289 308
290 308
290 309
290 310
290 311
290 312
291 312
281 302
281 301
281 300
281 299
282 299
282 298
282 297
282 296
282 295
282 294
283 294
283 293
284 293
285 293
285 292
286 292
287 292
288 292
289 292
290 292
290 293
291 293
292 293
293 293
294 293
295 293
296 293
296 294
296 295
297 295
298 295
298 296
299 296
299 297
300 297
301 297
301 298
302 298
302 299
303 299
303 300
304 300
304 301
304 302
304 303
304 304
304 305
304 306
81 184
82 184
81 183
80 183
79 183
78 183
77 183
77 182
77 181
76 181
76 180
76 179
75 179
75 180
75 181
75 182
75 183
75 184
75 185
75 186
74 186
74 187
74 188
73 188
73 189
72 189
72 190
72 191
72 192
72 193
72 194
72 195
72 196
73 196
73 197
73 198
74 198
74 199
75 199
75 200
76 200
76 201
76 202
76 203
76 204
76 205
76 206
76 207
76 208
75 208
75 209
75 210
74 210
74 211
73 211
72 211
71 211
70 211
69 211
69 212
69 213
69 214
68 214
68 215
68 216
67 216
67 217
67 218
67 219
67 220
67 221
67 222
67 223
66 223
66 224
65 224
65 225
64 225
63 225
62 225
62 226
61 226
61 227
61 228
61 229
61 230
61 231
60 231
60 232
59 232
59 233
59 234
58 234
58 235
58 236
57 236
57 237
57 238
57 239
56 239
56 240
56 241
56 242
56 243
56 244
56 245
56 246
56 247
56 248
56 249
56 250
56 251
56 252
56 253
56 254
56 255
57 255
57 256
57 257
57 258
57 259
57 260
57 261
58 261
58 262
59 262
59 263
58 263
57 263
56 263
55 263
54 263
53 263
52 263
51 263
50 263
50 264
50 265
50 266
50 267
50 268
50 269
50 270
49 270
49 271
49 272
49 273
48 273
48 272
47 272
46 272
45 272
44 272
43 272
42 272
41 272
40 272
39 272
39 273
38 273
38 274
37 274
37 275
37 276
36 276
36 277
36 278
35 278
35 279
34 279
34 280
34 281
33 281
33 282
34 282
34 283
34 284
34 285
34 286
34 287
34 288
34 289
34 290
34 291
34 292
35 292
35 293
36 293
36 294
37 294
37 295
38 295
38 296
39 296
40 296
41 296
41 297
42 297
83 184
84 184
85 184
85 185
86 185
86 186
87 186
87 187
88 187
88 188
88 189
88 190
89 190
89 191
89 192
89 193
89 194
90 194
90 195
91 195
91 196
92 196
93 196
93 197
93 198
94 198
94 199
95 199
95 200
94 200
94 201
93 201
93 202
92 202
92 203
92 204
91 204
91 205
90 205
89 205
88 205
87 205
87 206
87 207
87 208
87 209
86 209
86 210
85 210
85 209
84 209
83 209
82 209
81 209
80 209
80 208
79 208
79 207
78 207
77 207
77 208
82 291
81 291
83 291
84 291
85 291
86 291
87 291
87 292
88 292
89 292
89 293
90 293
90 294
91 294
92 294
92 295
93 295
94 295
94 296
95 296
96 296
97 296
97 297
98 297
99 297
100 297
101 297
102 297
103 297
104 297
105 297
106 297
107 297
108 297
109 297
110 297
111 297
112 297
113 297
114 297
115 297
115 296
116 296
117 296
118 296
119 296
120 296
121 296
122 296
123 296
124 296
124 297
125 297
126 297
127 297
127 298
127 299
128 299
128 300
128 301
129 301
130 301
130 302
131 302
131 303
132 303
132 304
133 304
134 304
134 305
135 305
135 306
136 306
137 306
137 307
137 308
137 309
137 310
137 311
137 312
137 313
137 314
137 315
137 316
137 317
137 318
137 319
137 320
138 320
139 320
140 320
141 320
142 320
143 320
144 320
144 321
144 322
143 322
143 323
143 324
143 325
142 325
141 325
140 325
139 325
138 325
137 325
136 325
135 325
134 325
134 326
133 326
132 326
132 327
131 327
130 327
130 328
129 328
128 328
128 329
127 329
126 329
125 329
125 330
124 330
123 330
122 330
122 331
121 331
120 331
120 332
119 332
119 333
119 334
118 334
118 335
117 335
117 336
118 336
118 337
119 337
119 338
120 338
120 339
120 340
120 341
120 342
120 343
120 344
120 345
121 345
122 345
123 345
123 346
122 346
121 346
120 346
119 346
118 346
118 347
117 347
116 347
116 348
115 348
115 349
115 350
114 350
113 350
113 351
112 351
111 351
110 351
109 351
108 351
107 351
106 351
105 351
104 351
103 351
102 351
101 351
100 351
99 351
98 351
97 351
96 351
96 350
95 350
94 350
94 349
93 349
92 349
92 348
91 348
90 348
89 348
88 348
87 348
87 349
86 349
86 350
86 351
85 351
85 352
85 353
85 354
85 355
81 290
80 290
79 290
78 290
77 290
76 290
75 290
74 290
74 289
73 289
73 288
72 288
72 287
71 287
71 286
70 286
69 286
69 285
68 285
68 284
67 284
67 283
66 283
65 283
65 282
64 282
64 281
63 281
62 281
61 281
61 280
60 280
59 280
59 279
58 279
57 279
56 279
55 279
54 279
53 279
53 278
52 278
52 277
51 277
51 276
50 276
50 275
49 275
49 274
130 348
130 349
129 348
128 348
128 347
127 347
127 346
126 346
125 346
125 345
124 345
131 349
132 349
133 349
133 350
133 351
133 352
133 353
133 354
133 355
133 356
133 357
133 358
133 359
133 360
133 361
133 362
134 362
134 363
135 363
135 364
136 364
137 364
138 364
139 364
139 365
140 365
140 366
140 367
139 367
139 368
138 368
138 369
138 370
138 371
138 372
138 373
138 374
138 375
139 375
139 376
140 376
119 398
119 399
119 397
119 396
119 395
120 395
120 394
120 393
121 393
121 392
121 391
122 391
122 390
123 390
123 389
124 389
125 389
126 389
126 388
127 388
127 387
128 387
128 386
129 386
129 385
129 384
130 384
131 384
131 383
131 382
131 381
131 380
131 379
131 378
132 378
133 378
134 378
135 378
136 378
137 378
138 378
138 377
139 377
140 377
119 400
119 401
119 402
119 403
118 403
118 404
118 405
117 405
117 406
116 406
116 407
116 408
115 408
115 409
115 410
114 410
113 410
112 410
111 410
110 410
109 410
108 410
107 410
106 410
105 410
104 410
103 410
103 411
102 411
101 411
100 411
99 411
252 177
252 176
252 178
252 179
252 180
252 181
252 182
252 183
252 184
252 185
253 185
253 186
254 186
254 187
254 188
254 189
255 189
255 190
255 191
256 191
256 192
257 192
252 175
252 174
252 173
252 172
252 171
252 170
252 169
252 168
252 167
252 166
252 165
252 164
252 163
252 162
252 161
252 160
252 159
252 158
253 158
231 321
230 321
231 320
232 320
232 319
233 319
233 318
234 318
235 318
236 318
237 318
238 318
239 318
240 318
241 318
242 318
242 317
243 317
244 317
245 317
246 317
247 317
248 317
248 316
249 316
249 315
250 315
250 314
250 313
251 313
251 312
251 311
251 310
251 309
251 308
251 307
252 307
252 306
253 306
253 305
254 305
254 304
255 304
255 303
256 303
257 303
257 302
258 302
258 301
258 300
259 300
259 299
259 298
260 298
260 297
260 296
260 295
261 295
262 295
262 294
263 294
264 294
265 294
266 294
266 293
267 293
267 292
268 292
269 292
269 293
269 294
270 294
270 295
270 296
270 297
270 298
271 298
271 299
272 299
272 300
273 300
273 301
274 301
274 302
274 303
275 303
275 304
276 304
276 305
277 305
277 306
278 306
278 307
279 307
230 322
230 323
229 323
229 324
229 325
228 325
228 326
227 326
227 327
226 327
225 327
224 327
223 327
222 327
222 328
221 328
221 329
220 329
220 330
219 330
219 329
218 329
217 329
216 329
216 328
216 327
215 327
214 327
213 327
212 327
212 326
212 325
212 324
211 324
211 323
211 322
211 321
210 321
210 320
209 320
208 320
207 320
207 319
206 319
205 319
204 319
204 318
203 318
203 317
202 317
202 316
201 316
201 315
200 315
200 314
199 314
199 313
198 313
198 312
197 312
197 311
196 311
196 310
196 309
195 309
195 308
194 308
194 307
193 307
192 307
191 307
190 307
189 307
188 307
187 307
187 306
187 305
186 305
186 304
185 304
185 303
184 303
184 302
184 301
183 301
183 300
183 299
182 299
182 298
181 298
180 298
179 298
178 298
178 297
177 297
176 297
176 296
175 296
174 296
173 296
172 296
171 296
170 296
169 296
168 296
168 295
167 295
166 295
166 296
166 297
165 297
165 298
165 299
164 299
164 300
163 300
163 301
162 301
161 301
161 302
162 302
162 303
163 303
163 304
163 305
164 305
164 306
164 307
164 308
164 309
164 310
164 311
164 312
164 313
163 313
163 314
163 315
162 315
162 316
161 316
161 317
160 317
160 318
159 318
159 319
158 319
158 320
157 320
156 320
156 321
155 321
154 321
153 321
152 321
151 321
150 321
149 321
148 321
147 321
146 321
145 321
162 93
162 92
162 94
162 95
163 95
163 96
163 97
164 97
164 98
165 98
165 99
165 100
166 100
166 101
166 102
167 102
167 103
167 104
167 105
167 106
167 107
167 108
167 109
167 110
168 110
168 111
167 111
167 112
166 112
166 113
165 113
165 114
165 115
165 116
165 117
165 118
165 119
165 120
166 120
166 121
167 121
168 121
169 121
169 122
170 122
171 122
172 122
173 122
174 122
175 122
175 121
176 121
177 121
177 120
178 120
178 119
178 118
178 117
178 116
179 116
179 115
180 115
180 114
181 114
181 113
182 113
182 112
183 112
183 111
184 111
185 111
185 110
186 110
187 110
187 109
188 109
188 108
189 108
190 108
191 108
192 108
193 108
193 109
194 109
194 110
194 111
195 111
195 112
196 112
196 113
196 114
197 114
197 115
198 115
161 92
161 91
161 90
161 89
161 88
161 87
161 86
161 85
161 84
161 83
161 82
161 81
161 80
161 79
161 78
162 78
163 78
164 78
164 79
165 79
166 79
167 79
168 79
169 79
170 79
171 79
171 78
172 78
145 351
146 351
144 351
144 352
143 352
142 352
142 353
142 354
141 354
141 355
140 355
139 355
138 355
137 355
137 356
136 356
136 357
136 358
136 359
135 359
135 360
135 361
134 361
147 351
147 350
148 350
149 350
149 349
150 349
151 349
152 349
153 349
154 349
155 349
156 349
157 349
158 349
159 349
160 349
161 349
162 349
163 349
164 349
164 348
165 348
165 349
166 349
167 349
167 350
168 350
168 351
169 351
170 351
170 352
171 352
172 352
173 352
173 353
174 353
175 353
175 354
176 354
176 355
177 355
178 355
178 356
179 356
179 357
180 357
180 358
181 358
182 358
183 358
184 358
185 358
186 358
187 358
188 358
188 357
189 357
190 357
190 356
191 356
191 355
192 355
192 354
193 354
194 354
195 354
196 354
197 354
197 353
198 353
198 352
199 352
199 351
199 350
200 350
200 349
200 348
200 347
200 346
200 345
200 344
200 343
201 343
201 342
202 342
202 341
203 341
204 341
204 340
205 340
205 339
206 339
206 340
207 340
208 340
209 340
210 340
211 340
212 340
212 339
213 339
213 338
213 337
213 336
213 335
214 335
214 334
214 333
215 333
215 332
215 331
215 330
216 330
217 330
218 330
448 254
449 254
448 255
448 256
448 257
448 258
447 258
447 259
446 259
445 259
444 259
443 259
442 259
441 259
440 259
439 259
438 259
438 260
438 261
438 262
438 263
438 264
438 265
438 266
438 267
438 268
437 268
437 269
437 270
436 270
436 271
435 271
435 272
434 272
434 273
434 274
433 274
433 275
433 276
433 277
433 278
433 279
433 280
433 281
433 282
433 283
433 284
433 285
432 285
432 286
431 286
430 286
429 286
428 286
428 287
428 288
427 288
427 289
427 290
426 290
425 290
425 291
425 292
426 292
427 292
427 293
428 293
428 294
428 295
428 296
428 297
428 298
428 299
428 300
428 301
427 301
427 302
426 302
426 303
425 303
425 304
424 304
424 305
423 305
423 306
423 307
423 308
423 309
423 310
423 311
423 312
423 313
423 314
422 314
421 314
421 315
421 316
420 316
420 317
420 318
420 319
420 320
420 321
420 322
420 323
419 323
419 324
419 325
419 326
419 327
419 328
419 329
419 330
420 330
420 331
421 331
421 332
421 333
421 334
422 334
422 335
422 336
449 253
450 253
451 253
452 253
453 253
454 253
455 253
455 252
456 252
457 252
457 251
456 251
456 250
455 250
454 250
453 250
452 250
451 250
450 250
450 249
450 248
449 248
449 247
449 246
449 245
449 244
449 243
449 242
449 241
448 241
447 241
447 240
446 240
445 240
445 239
445 238
446 238
446 237
447 237
447 236
448 236
448 235
448 234
448 233
448 232
448 231
449 231
449 230
449 229
450 229
450 228
450 227
451 227
451 226
451 225
451 224
451 223
451 222
451 221
451 220
451 219
452 219
452 218
453 218
454 218
454 217
455 217
455 216
456 216
457 216
458 216
458 215
459 215
459 214
460 214
460 213
460 212
460 211
460 210
460 209
460 208
460 207
460 206
461 206
462 206
463 206
464 206
465 206
466 206
467 206
468 206
469 206
470 206
471 206
472 206
472 205
473 205
474 205
475 205
476 205
477 205
478 205
478 204
479 204
479 203
480 203
480 202
481 202
482 202
482 201
483 201
483 202
484 202
485 202
486 202
487 202
488 202
489 202
489 201
490 201
479 84
478 84
480 84
481 84
482 84
483 84
483 85
484 85
485 85
485 86
486 86
486 87
486 88
486 89
486 90
486 91
486 92
486 93
486 94
485 94
484 94
484 95
485 95
485 96
486 96
487 96
488 96
489 96
489 97
489 98
489 99
489 100
489 101
489 102
489 103
489 104
490 104
490 105
491 105
492 105
493 105
494 105
495 105
496 105
497 105
497 106
497 107
498 107
498 106
499 106
500 106
500 105
501 105
502 105
503 105
504 105
505 105
506 105
507 105
508 105
509 105
510 105
511 105
477 84
476 84
475 84
474 84
473 84
472 84
472 83
471 83
470 83
469 83
468 83
467 83
466 83
465 83
464 83
463 83
463 82
462 82
461 82
461 81
461 80
460 80
459 80
458 80
457 80
456 80
455 80
454 80
454 79
170 486
171 486
169 486
168 486
167 486
166 486
165 486
164 486
163 486
162 486
161 486
160 486
159 486
159 485
158 485
158 484
157 484
156 484
156 483
155 483
154 483
153 483
152 483
151 483
150 483
150 482
150 481
150 480
150 479
149 479
148 479
172 486
173 486
174 486
175 486
175 487
176 487
177 487
177 488
178 488
178 489
179 489
179 490
180 490
181 490
182 490
183 490
184 490
185 490
186 490
187 490
188 490
189 490
190 490
191 490
191 489
192 489
193 489
194 489
194 488
195 488
195 487
195 486
195 485
196 485
196 484
197 484
197 485
198 485
199 485
200 485
201 485
202 485
203 485
204 485
205 485
206 485
207 485
208 485
209 485
210 485
211 485
211 484
212 484
213 484
213 483
214 483
215 483
216 483
216 482
217 482
218 482
218 481
219 481
220 481
220 480
221 480
221 479
221 478
222 478
222 477
223 477
223 476
223 475
223 474
223 473
223 472
223 471
223 470
222 470
222 469
221 469
487 114
487 115
487 113
487 112
487 111
487 110
487 109
488 109
489 109
489 108
490 108
490 107
491 107
492 107
493 107
494 107
495 107
496 107
487 116
487 117
487 118
486 118
486 119
485 119
485 120
484 120
484 121
484 122
483 122
483 123
483 124
482 124
482 125
482 126
482 127
482 128
481 128
481 129
481 130
482 130
482 131
483 131
483 132
484 132
484 133
485 133
485 134
486 134
486 135
486 136
487 136
488 136
488 137
488 138
489 138
489 139
489 140
489 141
489 142
488 142
488 143
488 144
488 145
488 146
488 147
488 148
488 149
489 149
489 150
489 151
490 151
490 152
491 152
491 153
502 173
502 172
502 174
502 175
502 176
501 176
501 177
501 178
501 179
501 180
501 181
501 182
501 183
501 184
501 185
501 186
500 186
500 187
499 187
499 188
499 189
499 190
499 191
499 192
499 193
499 194
498 194
498 195
498 196
497 196
497 197
496 197
495 197
495 198
494 198
493 198
492 198
492 199
491 199
491 200
490 200
502 171
502 170
502 169
502 168
502 167
502 166
502 165
502 164
502 163
502 162
501 162
500 162
499 162
498 162
498 161
497 161
497 160
497 159
497 158
497 157
497 156
497 155
496 155
495 155
494 155
494 154
493 154
492 154
492 153
334 415
334 416
334 414
333 414
333 413
333 412
332 412
332 411
331 411
330 411
329 411
328 411
327 411
326 411
325 411
324 411
323 411
322 411
322 410
321 410
321 409
320 409
320 408
320 407
319 407
319 406
319 405
319 404
319 403
319 402
319 401
319 400
319 399
319 398
319 397
320 397
320 396
321 396
321 395
322 395
322 394
322 393
323 393
323 392
323 391
323 390
323 389
323 388
323 387
323 386
323 385
323 384
323 383
322 383
322 382
321 382
321 381
320 381
320 380
320 379
320 378
320 377
320 376
320 375
320 374
320 373
320 372
320 371
320 370
320 369
320 368
320 367
320 366
320 365
319 365
319 364
318 364
318 363
317 363
317 362
316 362
316 361
315 361
315 360
315 359
314 359
314 358
314 357
314 356
314 355
314 354
314 353
313 353
313 352
312 352
312 351
311 351
311 350
310 350
309 350
309 349
308 349
335 416
335 417
336 417
337 417
337 418
338 418
339 418
340 418
341 418
341 419
341 420
342 420
342 421
343 421
343 422
343 423
344 423
344 424
345 424
345 425
345 426
346 426
346 427
347 427
347 428
347 429
348 429
349 429
349 430
350 430
351 430
352 430
352 429
352 428
353 428
353 427
353 426
354 426
354 425
355 425
356 425
356 424
357 424
358 424
358 423
359 423
359 422
359 421
360 421
360 420
361 420
362 420
362 419
362 418
363 418
363 417
364 417
364 416
364 415
365 415
365 414
366 414
367 414
368 414
369 414
370 414
371 414
372 414
372 415
373 415
373 416
374 416
374 417
375 417
376 417
376 418
376 419
376 420
376 421
376 422
376 423
376 424
375 424
375 425
374 425
374 426
373 426
373 427
372 427
372 428
372 429
372 430
373 430
373 431
374 431
375 431
376 431
377 431
378 431
378 432
379 432
379 433
380 433
381 433
381 434
382 434
383 434
384 434
385 434
385 435
386 435
386 436
386 437
386 438
387 438
387 439
388 439
389 439
389 440
390 440
390 439
391 439
392 439
393 439
394 439
395 439
396 439
396 438
397 438
397 437
398 437
398 436
399 436
399 435
400 435
400 434
400 433
401 433
401 432
401 431
402 431
402 430
403 430
404 430
404 429
405 429
406 429
406 428
407 428
407 427
407 426
407 425
407 424
408 424
408 423
408 422
407 422
407 421
406 421
405 421
405 420
404 420
403 420
402 420
402 419
401 419
400 419
399 419
398 419
397 419
396 419
395 419
394 419
393 419
393 418
392 418
392 417
392 416
392 415
392 414
392 413
392 412
392 411
393 411
393 410
394 410
394 409
395 409
395 408
396 408
397 408
398 408
398 409
399 409
400 409
401 409
402 409
403 409
403 408
403 407
403 406
404 406
404 405
404 404
404 403
404 402
404 401
404 400
403 400
403 399
403 398
403 397
403 396
403 395
403 394
403 393
403 392
403 391
402 391
402 390
401 390
401 389
400 389
400 388
400 387
400 386
400 385
400 384
400 383
400 382
400 381
400 380
400 379
401 379
401 378
132 450
132 449
132 451
132 452
132 453
132 454
132 455
132 456
133 456
133 457
133 458
134 458
134 459
134 460
135 460
135 461
135 462
136 462
137 462
138 462
139 462
140 462
141 462
142 462
143 462
144 462
145 462
145 463
145 464
145 465
145 466
145 467
145 468
145 469
145 470
145 471
146 471
146 472
147 472
147 473
147 474
147 475
147 476
147 477
147 478
148 478
132 448
132 447
131 447
131 446
131 445
132 445
132 444
132 443
132 442
132 441
132 440
132 439
132 438
132 437
132 436
132 435
132 434
132 433
133 433
133 432
133 431
133 430
133 429
132 429
132 428
131 428
131 427
131 426
131 425
130 425
130 424
130 423
130 422
131 422
131 421
132 421
133 421
133 420
134 420
135 420
135 419
136 419
136 418
137 418
137 417
137 416
137 415
137 414
137 413
137 412
137 411
137 410
138 410
139 410
140 410
141 410
142 410
142 409
142 408
142 407
142 406
142 405
142 404
142 403
141 403
141 402
141 401
141 400
141 399
141 398
141 397
142 397
142 396
142 395
142 394
142 393
141 393
141 392
141 391
140 391
140 390
139 390
139 389
138 389
138 388
137 388
137 387
136 387
135 387
135 386
134 386
134 385
133 385
133 384
132 384
195 211
195 212
195 210
195 209
195 208
195 207
195 206
195 205
195 204
196 204
196 203
196 202
196 201
196 200
197 200
197 199
197 198
198 198
198 197
198 196
199 196
199 195
200 195
200 194
201 194
202 194
202 193
203 193
204 193
205 193
205 192
206 192
207 192
207 191
208 191
208 190
208 189
209 189
209 188
210 188
210 187
209 187
208 187
208 186
207 186
206 186
205 186
204 186
203 186
203 185
202 185
202 184
201 184
201 183
200 183
200 182
200 181
200 180
200 179
200 178
200 177
200 176
200 175
201 175
201 174
201 173
201 172
201 171
202 171
202 170
203 170
204 170
204 169
205 169
205 168
205 167
206 167
206 166
206 165
207 165
207 164
207 163
208 163
208 162
209 162
209 161
209 160
210 160
210 159
211 159
211 158
212 158
212 157
213 157
214 157
214 156
215 156
215 155
216 155
216 154
217 154
217 153
217 152
217 151
217 150
217 149
218 149
219 149
195 213
195 214
195 215
195 216
195 217
195 218
195 219
195 220
196 220
196 221
197 221
197 222
197 223
197 224
197 225
197 226
197 227
197 228
198 228
199 228
199 229
200 229
201 229
201 230
201 231
202 231
202 232
202 233
201 233
201 234
201 235
201 236
201 237
201 238
201 239
201 240
201 241
201 242
201 243
200 243
200 244
200 245
199 245
199 246
199 247
199 248
199 249
199 250
198 250
198 251
197 251
197 252
196 252
196 253
196 254
196 255
196 256
196 257
196 258
196 259
196 260
196 261
195 261
194 261
193 261
192 261
191 261
191 260
190 260
190 261
190 262
189 262
188 262
187 262
186 262
185 262
185 263
184 263
184 264
183 264
183 265
183 266
183 267
183 268
183 269
183 270
183 271
183 272
183 273
183 274
183 275
183 276
183 277
183 278
183 279
183 280
184 280
184 281
185 281
185 282
185 283
186 283
186 284
187 284
187 285
188 285
188 286
189 286
190 286
190 287
189 287
189 288
189 289
189 290
189 291
189 292
189 293
188 293
188 294
187 294
187 295
186 295
186 296
185 296
185 297
185 298
185 299
185 300
185 301
185 302
478 162
478 163
478 161
478 160
478 159
478 158
478 157
479 157
480 157
481 157
481 156
482 156
482 155
483 155
483 154
484 154
485 154
486 154
487 154
488 154
489 154
490 154
491 154
478 164
477 164
477 165
476 165
476 166
475 166
475 167
474 167
473 167
472 167
472 168
473 168
474 168
474 169
474 170
474 171
474 172
474 173
474 174
474 175
473 175
473 176
473 177
473 178
473 179
473 180
472 180
472 181
473 181
474 181
475 181
476 181
477 181
478 181
479 181
479 182
479 183
479 184
479 185
479 186
479 187
480 187
480 188
481 188
482 188
482 189
482 190
482 191
482 192
482 193
482 194
482 195
482 196
482 197
482 198
482 199
482 200
318 474
318 473
318 475
318 476
318 477
318 478
318 479
318 480
318 481
318 482
318 483
318 484
318 485
318 486
318 487
318 488
318 489
317 489
317 490
317 491
316 491
316 492
315 492
315 493
315 494
315 495
315 496
315 497
314 497
314 498
314 499
313 499
313 500
313 501
312 501
312 502
312 503
311 503
310 503
310 504
309 504
309 505
309 506
309 507
308 507
308 508
308 509
308 510
307 510
307 511
318 472
318 471
319 471
319 470
319 469
320 469
320 468
320 467
321 467
322 467
322 466
323 466
324 466
324 465
324 464
324 463
324 462
324 461
324 460
324 459
324 458
324 457
324 456
325 456
325 455
326 455
326 454
327 454
327 453
327 452
327 451
328 451
328 450
328 449
328 448
328 447
328 446
328 445
328 444
328 443
329 443
329 442
330 442
330 441
331 441
331 440
332 440
332 439
333 439
333 438
334 438
335 438
335 437
335 436
335 435
335 434
335 433
335 432
335 431
336 431
336 430
337 430
337 429
338 429
339 429
340 429
341 429
342 429
343 429
344 429
345 429
345 428
345 427
355 222
356 222
354 222
354 223
353 223
353 224
353 225
352 225
352 226
351 226
350 226
350 227
349 227
348 227
347 227
347 228
346 228
346 229
347 229
347 230
347 231
347 232
347 233
347 234
348 234
348 235
349 235
349 236
349 237
350 237
350 238
350 239
350 240
350 241
350 242
350 243
350 244
349 244
349 245
348 245
347 245
346 245
345 245
345 246
344 246
344 247
343 247
343 248
343 249
342 249
341 249
340 249
339 249
338 249
337 249
336 249
335 249
335 250
334 250
334 251
334 252
334 253
334 254
334 255
333 255
333 256
332 256
332 257
331 257
331 258
330 258
329 258
328 258
327 258
327 259
326 259
326 260
325 260
325 261
325 262
324 262
324 263
323 263
322 263
321 263
320 263
319 263
318 263
317 263
317 264
316 264
315 264
356 221
357 221
358 221
359 221
360 221
361 221
362 221
363 221
363 220
364 220
364 219
364 218
365 218
366 218
366 217
367 217
367 216
368 216
369 216
369 215
370 215
371 215
372 215
373 215
373 214
374 214
374 213
375 213
375 212
376 212
376 211
376 210
377 210
377 209
377 208
377 207
377 206
377 205
377 204
377 203
376 203
376 202
376 201
377 201
378 201
379 201
380 201
381 201
382 201
383 201
383 200
384 200
384 199
385 199
385 198
386 198
387 198
387 197
388 197
388 196
389 196
389 195
389 194
389 193
390 193
390 192
390 191
391 191
391 190
391 189
391 188
391 187
391 186
391 185
392 185
392 184
392 183
393 183
393 182
394 182
394 181
395 181
395 180
395 179
396 179
396 178
396 177
397 177
397 176
398 176
398 177
399 177
400 177
401 177
402 177
402 178
402 179
403 179
403 180
404 180
404 181
423 128
422 128
424 128
424 127
425 127
426 127
426 126
427 126
427 125
427 124
428 124
428 123
429 123
429 122
429 121
430 121
430 120
431 120
431 119
432 119
432 118
432 117
432 116
432 115
432 114
432 113
432 112
432 111
432 110
432 109
432 108
432 107
432 106
432 105
432 104
432 103
432 102
432 101
432 100
431 100
430 100
430 99
431 99
432 99
432 98
432 97
432 96
432 95
432 94
432 93
432 92
432 91
432 90
432 89
432 88
432 87
432 86
432 85
432 84
432 83
432 82
432 81
432 80
433 80
433 79
433 78
434 78
435 78
436 78
437 78
438 78
439 78
440 78
441 78
442 78
443 78
444 78
445 78
446 78
447 78
447 79
448 79
449 79
450 79
451 79
452 79
453 79
421 128
420 128
419 128
418 128
417 128
417 129
416 129
416 130
416 131
416 132
416 133
416 134
416 135
416 136
416 137
415 137
415 138
415 139
414 139
414 140
414 141
413 141
413 142
413 143
413 144
413 145
413 146
413 147
413 148
413 149
413 150
413 151
412 151
411 151
410 151
409 151
408 151
407 151
407 152
407 153
406 153
406 154
406 155
406 156
405 156
405 157
405 158
405 159
405 160
405 161
404 161
404 162
404 163
403 163
403 164
402 164
402 165
401 165
401 166
401 167
401 168
401 169
401 170
401 171
401 172
401 173
400 173
400 174
399 174
399 175
398 175
75 156
76 156
75 157
74 157
74 158
73 158
73 159
73 160
72 160
72 161
72 162
72 163
72 164
72 165
72 166
72 167
72 168
72 169
72 170
72 171
72 172
72 173
72 174
72 175
72 176
73 176
73 177
74 177
74 178
75 178
76 155
76 154
77 154
77 153
78 153
79 153
80 153
80 152
81 152
81 151
81 150
81 149
81 148
82 148
82 147
82 146
82 145
82 144
82 143
82 142
82 141
82 140
82 139
82 138
82 137
81 137
81 136
81 135
81 134
81 133
81 132
81 131
81 130
81 129
81 128
80 128
79 128
79 127
78 127
78 126
77 126
77 125
77 124
76 124
76 123
75 123
75 122
74 122
74 121
73 121
73 120
72 120
71 120
71 119
70 119
70 118
69 118
68 118
68 117
67 117
67 116
66 116
66 115
65 115
64 115
63 115
62 115
62 114
62 113
63 113
64 113
64 112
64 111
65 111
65 110
66 110
66 109
67 109
67 108
66 108
65 108
64 108
63 108
62 108
61 108
61 107
60 107
59 107
58 107
57 107
56 107
56 106
55 106
55 105
54 105
54 104
54 103
54 102
54 101
53 101
53 100
52 100
52 99
51 99
50 99
49 99
48 99
47 99
46 99
45 99
44 99
43 99
43 98
42 98
41 98
40 98
39 98
38 98
38 97
37 97
36 97
35 97
34 97
33 97
32 97
32 96
32 95
32 94
32 93
32 92
32 91
32 90
32 89
32 88
32 87
32 86
32 85
33 85
34 85
34 84
35 84
36 84
36 83
37 83
38 83
39 83
40 83
40 82
41 82
41 81
42 81
42 80
43 80
261 209
262 209
261 208
260 208
260 207
260 206
259 206
259 205
258 205
258 204
257 204
257 203
256 203
256 202
256 201
256 200
256 199
256 198
256 197
256 196
256 195
256 194
256 193
262 210
262 211
263 211
263 212
263 213
264 213
264 214
265 214
265 215
265 216
266 216
266 217
266 218
267 218
267 219
267 220
268 220
268 221
269 221
269 222
269 223
270 223
271 223
272 223
273 223
273 224
274 224
274 225
273 225
273 226
273 227
273 228
274 228
274 229
275 229
276 229
276 230
277 230
278 230
278 231
278 232
279 232
280 232
280 233
280 234
281 234
281 235
281 236
281 237
282 237
282 238
282 239
283 239
283 240
284 240
284 241
284 242
285 242
285 243
285 244
286 244
286 245
287 245
287 246
288 246
288 247
288 248
289 248
289 249
290 249
290 250
291 250
291 251
292 251
292 252
293 252
293 253
294 253
295 253
295 254
296 254
296 255
297 255
297 256
297 257
298 257
298 258
299 258
299 259
299 260
299 261
298 261
298 262
297 262
297 263
296 263
296 264
295 264
295 265
295 266
295 267
295 268
295 269
295 270
294 270
294 271
294 272
295 272
296 272
297 272
298 272
299 272
299 271
300 271
300 270
252 413
252 414
252 412
252 411
252 410
252 409
252 408
252 407
252 406
251 406
251 405
251 404
251 403
251 402
251 401
251 400
251 399
251 398
251 397
251 396
251 395
252 395
252 394
253 394
253 393
254 393
254 392
255 392
255 391
256 391
256 390
257 390
258 390
259 390
260 390
261 390
262 390
263 390
264 390
264 389
265 389
266 389
266 388
267 388
267 387
268 387
268 386
269 386
270 386
271 386
272 386
272 385
273 385
273 384
274 384
274 383
275 383
275 382
275 381
276 381
277 381
277 380
278 380
279 380
279 379
280 379
280 378
281 378
281 377
282 377
282 376
283 376
283 375
284 375
284 374
285 374
285 373
286 373
286 372
287 372
287 371
288 371
288 370
288 369
288 368
288 367
288 366
288 365
288 364
288 363
287 363
287 362
286 362
286 361
285 361
285 360
284 360
284 359
285 359
285 358
285 357
286 357
287 357
288 357
289 357
290 357
291 357
292 357
293 357
294 357
294 356
294 355
294 354
294 353
294 352
294 351
294 350
294 349
295 349
252 415
252 416
251 416
250 416
250 417
249 417
249 418
248 418
248 419
247 419
247 420
247 421
247 422
247 423
247 424
247 425
247 426
246 426
245 426
245 427
244 427
244 428
243 428
243 429
243 430
243 431
243 432
242 432
242 433
241 433
241 434
240 434
239 434
238 434
237 434
236 434
235 434
234 434
233 434
233 433
232 433
231 433
230 433
229 433
228 433
228 434
227 434
227 435
226 435
226 436
226 437
226 438
226 439
226 440
226 441
226 442
226 443
226 444
225 444
225 445
224 445
224 446
223 446
223 447
222 447
222 448
221 448
221 449
221 450
221 451
221 452
221 453
221 454
221 455
220 455
220 456
219 456
218 456
218 457
218 458
218 459
217 459
217 460
217 461
217 462
217 463
217 464
217 465
217 466
218 466
218 467
219 467
219 468
220 468
221 468
482 393
482 394
482 392
482 391
482 390
482 389
482 388
482 387
482 386
482 385
481 385
481 384
480 384
480 385
479 385
478 385
477 385
476 385
475 385
474 385
473 385
472 385
472 386
471 386
470 386
469 386
468 386
467 386
466 386
465 386
465 387
464 387
463 387
462 387
461 387
460 387
460 386
459 386
459 385
458 385
458 384
457 384
457 383
456 383
456 382
456 381
456 380
456 379
455 379
455 378
454 378
454 377
453 377
453 376
452 376
452 375
451 375
451 374
450 374
449 374
449 373
448 373
448 372
448 371
448 370
447 370
447 369
446 369
446 368
446 367
445 367
445 366
444 366
444 365
443 365
442 365
441 365
441 364
440 364
439 364
438 364
437 364
436 364
435 364
434 364
433 364
432 364
431 364
431 365
431 366
430 366
430 367
430 368
430 369
429 369
429 370
428 370
428 371
428 372
428 373
428 374
428 375
428 376
427 376
427 377
426 377
425 377
424 377
424 378
423 378
423 379
422 379
422 380
483 394
483 395
484 395
484 396
485 396
485 397
486 397
486 398
487 398
487 399
487 400
487 401
488 401
488 402
488 403
488 404
488 405
488 406
488 407
488 408
488 409
488 410
489 410
489 411
490 411
490 412
491 412
492 412
492 413
493 413
494 413
495 413
496 413
497 413
498 413
499 413
500 413
501 413
502 413
503 413
503 412
503 411
504 411
505 411
505 410
506 410
507 410
508 410
509 410
509 411
509 412
509 413
509 414
509 415
509 416
509 417
509 418
509 419
509 420
508 420
507 420
506 420
506 421
505 421
504 421
504 422
503 422
503 423
503 424
503 425
503 426
503 427
503 428
503 429
503 430
503 431
503 432
504 432
505 432
505 433
504 433
503 433
502 433
501 433
500 433
500 434
499 434
499 435
499 436
498 436
498 437
497 437
497 438
497 439
497 440
497 441
497 442
497 443
497 444
498 444
498 445
499 445
499 446
499 447
499 448
499 449
499 450
499 451
0 146
0 145
0 147
0 148
0 149
0 150
0 151
0 152
0 153
0 154
0 155
0 156
0 157
0 158
0 159
0 160
0 161
0 162
0 163
0 164
0 165
0 166
1 166
2 166
2 167
3 167
3 168
4 168
4 169
5 169
5 170
6 170
6 171
7 171
8 171
9 171
9 172
9 173
10 173
10 174
10 175
11 175
11 176
12 176
12 177
13 177
14 177
14 178
15 178
15 179
15 180
16 180
16 181
16 182
16 183
16 184
16 185
16 186
16 187
17 187
18 187
19 187
19 188
18 188
17 188
16 188
16 189
15 189
14 189
14 190
13 190
12 190
12 191
12 192
11 192
11 193
11 194
11 195
11 196
10 196
10 197
10 198
11 198
12 198
13 198
14 198
15 198
16 198
17 198
17 199
18 199
19 199
19 200
18 200
18 201
18 202
18 203
18 204
18 205
18 206
18 207
18 208
18 209
18 210
19 210
19 211
20 211
20 212
21 212
22 212
22 213
23 213
24 213
25 213
26 213
27 213
28 213
29 213
30 213
31 213
32 213
32 214
33 214
34 214
35 214
36 214
37 214
37 215
38 215
38 216
39 216
40 216
40 217
41 217
42 217
42 218
43 218
43 219
43 220
44 220
44 221
44 222
45 222
45 223
45 224
45 225
46 225
46 226
46 227
46 228
46 229
46 230
47 230
48 230
49 230
50 230
51 230
51 231
52 231
52 232
53 232
53 233
54 233
55 233
56 233
57 233
58 233
0 144
0 143
0 142
0 141
0 140
0 139
0 138
0 137
0 136
0 135
0 134
0 133
0 132
0 131
0 130
0 129
0 128
0 127
0 126
1 126
1 125
1 124
2 124
2 123
2 122
2 121
2 120
2 119
2 118
2 117
2 116
2 115
2 114
2 113
3 113
3 112
4 112
4 111
5 111
5 110
5 109
5 108
6 108
6 107
7 107
7 106
8 106
8 105
9 105
9 104
10 104
10 103
11 103
12 103
13 103
13 102
14 102
15 102
15 101
16 101
16 100
17 100
18 100
19 100
20 100
21 100
22 100
23 100
24 100
24 101
25 101
25 102
26 102
26 101
26 100
26 99
27 99
27 98
28 98
29 98
30 98
31 98
32 98
33 98
274 511
273 511
275 511
276 511
277 511
278 511
279 511
280 511
281 511
282 511
283 511
284 511
285 511
286 511
287 511
288 511
289 511
290 511
291 511
292 511
293 511
294 511
295 511
296 511
297 511
298 511
299 511
300 511
301 511
302 511
303 511
304 511
305 511
306 511
272 511
271 511
270 511
270 510
269 510
269 509
268 509
267 509
266 509
266 510
265 510
264 510
263 510
263 511
262 511
262 510
261 510
261 509
260 509
259 509
258 509
257 509
256 509
255 509
255 508
255 507
254 507
254 506
254 505
253 505
253 504
252 504
252 503
251 503
251 502
250 502
249 502
249 501
248 501
247 501
246 501
245 501
244 501
243 501
242 501
242 500
241 500
240 500
240 499
239 499
239 498
238 498
238 497
237 497
236 497
235 497
234 497
233 497
232 497
232 496
232 495
232 494
232 493
232 492
232 491
232 490
232 489
231 489
231 488
230 488
229 488
228 488
227 488
226 488
225 488
225 489
224 489
223 489
222 489
221 489
220 489
220 490
219 490
218 490
218 491
217 491
216 491
216 490
215 490
214 490
213 490
212 490
211 490
210 490
210 489
210 488
210 487
210 486
146 148
147 148
146 149
145 149
145 150
145 151
144 151
144 152
143 152
143 153
143 154
143 155
143 156
143 157
143 158
143 159
142 159
141 159
140 159
139 159
138 159
137 159
136 159
136 160
136 161
135 161
135 162
134 162
134 163
134 164
135 164
136 164
136 165
137 165
137 166
137 167
137 168
137 169
137 170
136 170
136 171
136 172
135 172
135 173
135 174
134 174
134 175
133 175
132 175
132 176
131 176
130 176
130 177
129 177
128 177
127 177
126 177
126 178
125 178
125 179
125 180
125 181
125 182
125 183
125 184
125 185
125 186
125 187
125 188
124 188
124 189
124 190
124 191
124 192
124 193
123 193
123 194
122 194
122 195
121 195
120 195
119 195
118 195
117 195
116 195
115 195
114 195
113 195
113 196
112 196
111 196
111 197
111 198
110 198
110 199
109 199
108 199
107 199
106 199
105 199
104 199
103 199
102 199
101 199
100 199
99 199
98 199
97 199
96 199
147 147
148 147
148 146
149 146
150 146
151 146
151 145
152 145
153 145
154 145
155 145
156 145
157 145
157 144
158 144
158 143
159 143
159 142
159 141
159 140
159 139
159 138
159 137
159 136
159 135
159 134
160 134
160 133
161 133
161 132
162 132
162 131
162 130
162 129
162 128
162 127
162 126
163 126
163 125
164 125
164 124
165 124
166 124
167 124
168 124
168 123
169 123
170 123
171 123
172 123
173 123
283 23
284 23
282 23
281 23
280 23
280 24
280 25
280 26
280 27
280 28
280 29
280 30
280 31
280 32
281 32
281 33
281 34
280 34
280 35
279 35
279 36
279 37
279 38
278 38
278 39
278 40
277 40
277 41
276 41
276 42
276 43
275 43
275 44
274 44
274 45
273 45
273 46
273 47
273 48
273 49
273 50
273 51
273 52
273 53
272 53
271 53
270 53
269 53
268 53
267 53
266 53
266 54
266 55
266 56
266 57
266 58
266 59
266 60
265 60
265 61
264 61
263 61
263 62
264 62
264 63
265 63
266 63
267 63
268 63
269 63
269 64
270 64
270 65
270 66
270 67
270 68
270 69
270 70
270 71
270 72
270 73
270 74
270 75
269 75
269 76
269 77
268 77
268 78
267 78
267 79
266 79
265 79
264 79
263 79
262 79
261 79
261 80
260 80
260 81
260 82
260 83
260 84
260 85
259 85
259 86
260 86
260 87
260 88
261 88
261 89
261 90
262 90
262 91
262 92
262 93
262 94
262 95
262 96
262 97
262 98
261 98
260 98
260 99
259 99
258 99
257 99
257 100
256 100
255 100
254 100
254 101
253 101
252 101
252 102
251 102
251 103
250 103
250 104
250 105
249 105
249 106
248 106
248 107
247 107
246 107
246 108
245 108
245 109
244 109
285 23
286 23
287 23
288 23
289 23
290 23
291 23
291 22
292 22
293 22
294 22
294 21
295 21
296 21
296 20
297 20
297 19
298 19
299 19
299 18
300 18
301 18
302 18
302 17
303 17
303 18
304 18
305 18
306 18
307 18
308 18
309 18
310 18
311 18
312 18
313 18
313 17
314 17
314 16
314 15
315 15
315 14
315 13
316 13
316 12
316 11
317 11
317 10
318 10
318 9
319 9
319 8
320 8
320 7
321 7
322 7
322 6
323 6
324 6
324 7
325 7
326 7
327 7
328 7
329 7
330 7
331 7
332 7
332 8
332 9
332 10
390 27
390 26
391 27
392 27
393 27
394 27
395 27
396 27
397 27
398 27
399 27
400 27
400 28
401 28
401 29
402 29
402 30
403 30
404 30
404 29
405 29
406 29
407 29
408 29
409 29
409 28
410 28
411 28
411 27
412 27
412 26
413 26
413 25
414 25
415 25
416 25
417 25
418 25
419 25
420 25
421 25
422 25
423 25
423 26
424 26
425 26
425 27
425 28
426 28
426 29
427 29
427 30
427 31
427 32
428 32
428 33
428 34
429 34
429 35
430 35
430 34
431 34
431 33
432 33
432 32
433 32
433 31
434 31
434 32
435 32
436 32
437 32
437 33
438 33
438 34
439 34
439 35
439 36
439 37
440 37
440 38
441 38
441 39
441 40
442 40
442 41
441 41
441 42
441 43
440 43
440 44
440 45
440 46
440 47
440 48
439 48
439 49
440 49
440 50
441 50
441 51
442 51
442 52
442 53
442 54
442 55
442 56
442 57
442 58
442 59
443 59
444 59
445 59
446 59
447 59
447 60
448 60
449 60
449 61
450 61
451 61
451 62
452 62
452 63
453 63
454 63
455 63
455 64
454 64
453 64
453 65
452 65
452 66
452 67
452 68
452 69
452 70
452 71
452 72
452 73
452 74
452 75
452 76
452 77
452 78
389 26
388 26
387 26
386 26
385 26
385 25
385 24
384 24
384 23
383 23
382 23
382 22
381 22
381 21
380 21
380 20
379 20
379 19
378 19
377 19
377 18
376 18
375 18
374 18
373 18
372 18
371 18
370 18
369 18
368 18
367 18
366 18
365 18
364 18
363 18
362 18
361 18
360 18
359 18
358 18
357 18
356 18
355 18
354 18
354 19
353 19
352 19
352 20
351 20
350 20
350 19
349 19
349 18
349 17
349 16
349 15
348 15
348 14
347 14
347 13
346 13
346 12
345 12
345 11
345 10
345 9
345 8
345 7
345 6
344 6
344 5
343 5
343 4
342 4
341 4
340 4
339 4
338 4
337 4
336 4
336 5
335 5
334 5
334 6
334 7
333 7
333 8
333 9
333 10
