485 397
486 397
485 396
485 395
484 395
484 394
483 394
483 393
483 392
482 392
482 391
481 391
481 390
480 390
486 398
486 399
487 399
487 400
488 400
488 401
433 399
434 399
432 399
432 398
431 398
431 397
430 397
430 396
429 396
429 395
428 395
428 394
427 394
426 394
425 394
424 394
423 394
422 394
421 394
421 395
420 395
420 394
420 393
419 393
419 392
419 391
419 390
419 389
419 388
419 387
419 386
420 386
420 385
420 384
420 383
421 383
421 382
421 381
422 381
422 380
435 399
436 399
437 399
438 399
438 400
439 400
440 400
440 401
441 401
435 368
435 367
434 368
434 369
433 369
432 369
432 370
431 370
431 371
430 371
430 372
429 372
429 373
428 373
428 374
427 374
427 375
426 375
426 376
425 376
425 377
424 377
424 378
423 378
423 379
422 379
436 367
436 366
437 366
437 365
437 364
438 364
438 363
438 362
439 362
439 361
439 360
438 360
438 359
438 358
437 358
437 357
436 357
436 356
436 355
435 355
435 354
434 354
434 353
433 353
432 353
431 353
430 353
429 353
428 353
427 353
426 353
425 353
424 353
423 353
422 353
421 353
420 353
420 354
419 354
418 354
418 355
417 355
417 356
483 411
482 411
483 410
483 409
484 409
484 408
484 407
484 406
484 405
484 404
485 404
486 404
486 403
487 403
487 402
488 402
482 412
481 412
481 413
480 413
479 413
479 414
478 414
478 415
477 415
477 416
477 417
476 417
475 417
474 417
474 418
473 418
472 418
472 419
438 407
438 406
438 408
438 409
438 410
437 410
438 405
438 404
438 403
438 402
439 402
439 401
482 383
482 384
482 382
482 381
482 380
483 380
484 380
485 380
485 379
486 379
482 385
482 386
482 387
482 388
482 389
481 389
505 165
505 166
506 165
506 164
507 164
508 164
508 163
509 163
509 162
510 162
510 161
511 161
504 166
504 167
503 167
503 168
503 169
503 170
503 171
504 171
504 172
504 173
504 174
505 174
505 175
505 176
505 177
505 178
506 178
506 179
506 180
507 180
461 405
460 405
461 406
462 406
462 407
463 407
463 408
464 408
465 408
465 409
466 409
467 409
467 410
468 410
469 410
469 411
470 411
471 411
472 411
472 412
473 412
474 412
475 412
475 413
476 413
477 413
477 414
460 404
460 403
460 402
460 401
460 400
459 400
458 400
457 400
457 401
456 401
455 401
454 401
453 401
452 401
451 401
450 401
449 401
448 401
447 401
446 401
445 401
444 401
443 401
442 401
414 407
415 407
413 407
412 407
412 408
411 408
410 408
409 408
408 408
416 407
417 407
417 406
418 406
418 405
418 404
419 404
419 403
420 403
420 402
420 401
420 400
420 399
420 398
420 397
420 396
439 371
439 370
440 371
440 372
441 372
442 372
443 372
443 373
444 373
445 373
446 373
447 373
448 373
449 373
450 373
451 373
452 373
452 372
453 372
453 371
454 371
454 370
455 370
438 370
437 370
437 369
437 368
437 367
346 379
346 378
346 380
346 381
346 382
345 382
345 383
345 384
344 384
344 385
343 385
346 377
346 376
346 375
346 374
345 374
345 373
345 372
344 372
344 371
467 361
467 362
467 360
467 359
467 358
467 357
467 356
466 356
465 356
464 356
464 355
463 355
462 355
467 363
467 364
466 364
466 365
465 365
464 365
463 365
462 365
461 365
460 365
460 366
459 366
459 367
458 367
457 367
457 368
456 368
456 369
455 369
440 242
441 242
440 241
439 241
439 240
438 240
438 239
437 239
437 238
437 237
437 236
436 236
436 235
436 234
436 233
435 233
435 232
434 232
433 232
432 232
431 232
431 231
431 230
431 229
431 228
431 227
431 226
431 225
431 224
431 223
430 223
430 224
429 224
428 224
427 224
426 224
425 224
424 224
423 224
422 224
422 225
421 225
441 243
441 244
441 245
442 245
442 246
443 246
443 247
443 248
444 248
444 249
444 250
444 251
444 252
444 253
444 254
444 255
444 256
444 257
444 258
444 259
444 260
444 261
444 262
443 262
443 263
337 475
336 475
338 475
339 475
340 475
341 475
342 475
343 475
344 475
345 475
346 475
347 475
347 476
347 477
347 478
348 478
348 479
349 479
349 480
335 475
334 475
333 475
332 475
332 474
331 474
331 473
330 473
330 472
330 471
329 471
328 471
327 471
327 470
326 470
325 470
325 469
324 469
451 330
451 331
451 329
451 328
451 327
451 326
451 325
450 325
450 324
450 323
450 322
450 321
450 320
450 319
450 318
450 317
450 316
451 332
451 333
451 334
452 334
452 335
453 335
453 336
454 336
454 337
455 337
456 337
456 338
457 338
458 338
458 339
458 340
457 340
457 341
456 341
456 342
456 343
455 343
455 344
455 345
456 345
456 346
457 346
457 347
458 347
458 348
459 348
459 349
460 349
460 350
461 350
461 351
461 352
461 353
461 354
461 355
389 452
389 453
389 451
389 450
389 449
389 448
389 447
389 446
388 446
388 445
387 445
386 445
386 444
386 443
386 442
386 441
386 440
387 440
388 440
389 440
390 440
390 439
391 439
391 438
391 437
392 437
392 436
392 435
393 435
393 434
394 434
395 434
395 433
396 433
396 432
397 432
397 431
397 430
398 430
398 429
398 428
399 428
399 427
399 426
400 426
401 426
402 426
402 425
403 425
403 424
404 424
405 424
405 423
406 423
388 453
388 454
387 454
387 455
386 455
386 456
385 456
385 457
385 458
386 458
386 459
386 460
387 460
387 461
387 462
387 463
387 464
387 465
388 465
389 465
390 465
391 465
392 465
392 466
393 466
393 467
393 468
393 469
393 470
393 471
393 472
394 472
383 408
384 408
382 408
381 408
380 408
380 407
379 407
378 407
377 407
376 407
375 407
374 407
373 407
372 407
371 407
370 407
369 407
385 408
386 408
387 408
387 409
388 409
388 410
389 410
389 411
389 412
390 412
390 413
391 413
391 414
391 415
391 416
392 416
392 417
393 417
394 417
486 266
486 267
486 265
486 264
486 263
485 263
485 262
484 262
484 261
484 260
484 259
484 258
484 257
484 256
484 255
483 255
482 255
481 255
480 255
479 255
479 256
478 256
477 256
476 256
475 256
475 257
474 257
473 257
473 258
472 258
486 268
486 269
486 270
487 270
487 271
486 271
486 272
485 272
484 272
483 272
482 272
482 273
481 273
480 273
480 274
479 274
478 274
478 275
477 275
476 275
476 276
475 276
475 277
474 277
322 274
323 274
321 274
320 274
319 274
318 274
318 273
317 273
324 274
325 274
325 273
326 273
327 273
327 272
328 272
329 272
330 272
330 271
331 271
331 270
332 270
332 269
333 269
334 269
335 269
335 268
336 268
337 268
337 267
472 428
471 428
473 428
474 428
475 428
475 427
475 426
475 425
475 424
475 423
475 422
475 421
475 420
474 420
473 420
473 419
470 428
469 428
468 428
468 429
467 429
500 268
500 269
500 267
500 266
500 265
500 264
500 263
500 262
500 261
499 261
499 260
498 260
497 260
497 259
496 259
496 258
495 258
494 258
494 257
493 257
492 257
492 256
491 256
490 256
489 256
488 256
487 256
487 255
486 255
485 255
500 270
500 271
500 272
500 273
500 274
501 274
501 275
502 275
502 276
448 242
449 242
447 242
446 242
446 243
445 243
445 244
445 245
444 245
444 246
444 247
450 242
451 242
452 242
453 242
454 242
455 242
456 242
457 242
458 242
458 241
459 241
459 240
460 240
460 239
460 238
460 237
460 236
460 235
461 235
462 235
463 235
463 234
464 234
464 233
465 233
465 232
466 232
466 231
466 230
467 230
467 229
467 228
468 228
468 227
468 226
467 226
467 225
466 225
466 224
465 224
464 224
464 223
463 223
463 222
462 222
462 221
462 220
461 220
461 219
460 219
459 219
458 219
457 219
456 219
455 219
454 219
453 219
452 219
451 219
451 218
450 218
449 218
449 217
449 216
448 216
448 215
447 215
446 215
445 215
444 215
443 215
442 215
442 216
441 216
440 216
440 217
439 217
438 217
438 218
437 218
437 219
436 219
435 219
435 220
434 220
434 221
433 221
433 222
432 222
432 223
387 499
387 498
387 500
387 501
387 502
387 503
387 504
387 505
387 506
387 507
386 507
386 508
386 509
385 509
385 510
385 511
384 511
387 497
387 496
387 495
388 495
388 494
389 494
389 493
389 492
389 491
389 490
389 489
389 488
389 487
390 487
390 486
391 486
392 486
392 485
393 485
393 484
393 483
393 482
393 481
393 480
393 479
393 478
392 478
392 477
392 476
392 475
392 474
392 473
393 473
398 419
398 420
397 419
397 418
396 418
396 417
395 417
399 420
399 421
400 421
401 421
402 421
402 422
403 422
404 422
405 422
313 444
314 444
312 444
311 444
310 444
309 444
308 444
307 444
307 443
306 443
306 442
305 442
305 441
305 440
304 440
315 444
315 445
315 446
315 447
316 447
317 447
318 447
319 447
320 447
321 447
322 447
322 446
322 445
322 444
322 443
322 442
322 441
321 441
321 440
321 439
321 438
320 438
320 437
319 437
319 436
318 436
318 435
318 434
317 434
317 433
317 432
317 431
317 430
317 429
317 428
317 427
318 427
471 252
471 253
471 251
471 250
471 249
470 249
470 248
469 248
468 248
467 248
466 248
466 247
465 247
465 246
465 245
465 244
464 244
463 244
463 243
462 243
461 243
460 243
459 243
458 243
471 254
471 255
471 256
471 257
471 258
464 159
464 160
465 159
465 158
466 158
466 157
466 156
467 156
467 155
468 155
468 154
468 153
469 153
469 152
469 151
469 150
470 150
470 149
471 149
471 148
472 148
472 147
473 147
474 147
474 146
475 146
475 145
475 144
475 143
476 143
476 142
477 142
477 143
478 143
479 143
480 143
481 143
482 143
482 144
483 144
483 145
483 146
484 146
484 147
484 148
484 149
484 150
484 151
484 152
484 153
485 153
485 154
486 154
486 155
487 155
488 155
489 155
490 155
491 155
492 155
493 155
494 155
495 155
496 155
496 154
497 154
498 154
498 153
499 153
500 153
501 153
502 153
503 153
504 153
505 153
505 154
505 155
505 156
506 156
506 157
507 157
508 157
508 158
509 158
510 158
510 159
511 159
511 160
463 160
463 161
463 162
462 162
462 163
462 164
463 164
463 165
463 166
463 167
463 168
463 169
463 170
463 171
463 172
463 173
463 174
463 175
464 175
465 175
466 175
467 175
468 175
469 175
469 176
470 176
470 177
471 177
472 177
473 177
474 177
475 177
475 178
476 178
477 178
477 179
478 179
479 179
479 180
480 180
481 180
482 180
483 180
484 180
484 181
485 181
485 182
486 182
487 182
487 183
488 183
489 183
489 184
490 184
490 185
490 186
491 186
492 186
492 187
493 187
493 186
494 186
495 186
496 186
496 185
497 185
498 185
499 185
499 184
500 184
501 184
502 184
503 184
504 184
504 183
505 183
505 182
506 182
506 181
293 348
292 348
294 348
295 348
295 347
295 346
296 346
296 345
297 345
297 344
291 348
290 348
289 348
289 349
288 349
288 350
289 350
289 351
290 351
290 352
290 353
291 353
291 354
291 355
292 355
292 356
292 357
293 357
293 358
294 358
294 359
295 359
295 360
370 310
369 310
370 309
371 309
371 308
372 308
372 307
373 307
373 306
374 306
375 306
368 310
367 310
366 310
365 310
365 311
364 311
364 310
364 309
363 309
363 308
362 308
361 308
361 307
360 307
359 307
359 306
358 306
357 306
356 306
355 306
354 306
353 306
353 305
352 305
352 304
352 303
351 303
351 302
350 302
445 204
445 203
445 205
445 206
445 207
445 208
445 209
445 210
445 211
445 212
445 213
445 214
444 214
445 202
445 201
445 200
445 199
445 198
445 197
445 196
445 195
445 194
445 193
445 192
445 191
445 190
445 189
446 189
446 188
447 188
447 187
448 187
448 186
449 186
449 185
449 184
450 184
450 183
451 183
452 183
453 183
454 183
455 183
455 182
455 181
456 181
456 180
456 179
456 178
457 178
458 178
459 178
460 178
461 178
461 177
462 177
462 176
463 176
314 452
314 453
314 451
315 451
315 450
316 450
317 450
318 450
319 450
319 449
320 449
321 449
321 448
322 448
314 454
314 455
314 456
314 457
314 458
314 459
314 460
314 461
314 462
315 462
315 463
315 464
316 464
316 465
317 465
318 465
318 466
319 466
319 467
320 467
320 468
321 468
322 468
323 468
323 469
340 275
340 274
340 276
341 276
341 277
342 277
342 278
343 278
343 279
344 279
344 280
345 280
345 281
346 281
346 282
346 283
347 283
347 284
347 285
347 286
347 287
347 288
348 288
348 289
349 289
349 290
349 291
349 292
349 293
349 294
349 295
349 296
349 297
349 298
349 299
349 300
349 301
349 302
340 273
340 272
340 271
340 270
340 269
339 269
339 268
338 268
338 267
265 390
265 389
265 391
265 392
265 393
264 393
264 394
264 395
263 395
263 396
262 396
262 397
261 397
260 397
260 398
259 398
259 399
258 399
258 400
257 400
256 400
255 400
254 400
253 400
252 400
251 400
250 400
250 399
249 399
249 398
249 397
249 396
249 395
249 394
248 394
248 395
248 396
248 397
248 398
248 399
247 399
246 399
246 400
245 400
245 401
244 401
244 402
243 402
243 403
242 403
241 403
241 404
240 404
240 405
239 405
238 405
237 405
236 405
235 405
235 406
235 407
235 408
235 409
235 410
235 411
235 412
236 412
236 413
236 414
237 414
237 415
238 415
238 416
238 417
238 418
238 419
238 420
238 421
239 421
239 422
239 423
240 423
240 424
240 425
241 425
241 426
242 426
242 427
243 427
243 428
244 428
244 429
244 430
244 431
244 432
244 433
245 433
245 434
245 435
245 436
244 436
244 437
244 438
244 439
244 440
244 441
244 442
244 443
243 443
243 444
243 445
243 446
243 447
243 448
243 449
243 450
243 451
242 451
242 452
241 452
240 452
239 452
238 452
237 452
236 452
235 452
234 452
233 452
232 452
231 452
230 452
230 451
229 451
228 451
227 451
226 451
225 451
224 451
223 451
222 451
221 451
220 451
219 451
218 451
217 451
216 451
215 451
215 450
214 450
213 450
212 450
211 450
265 388
265 387
265 386
265 385
264 385
264 384
263 384
263 383
262 383
262 382
261 382
260 382
259 382
258 382
257 382
256 382
255 382
255 381
254 381
253 381
252 381
251 381
250 381
249 381
248 381
247 381
247 382
247 383
247 384
247 385
247 386
247 387
247 388
247 389
247 390
247 391
247 392
247 393
248 393
400 413
399 413
400 412
401 412
402 412
402 411
403 411
404 411
404 410
405 410
406 410
406 409
407 409
408 409
398 413
398 414
397 414
397 415
396 415
396 416
395 416
394 416
407 487
408 487
406 487
405 487
404 487
403 487
403 486
403 485
402 485
402 484
401 484
400 484
400 483
399 483
399 482
398 482
398 481
397 481
396 481
396 480
395 480
394 480
394 479
409 487
410 487
411 487
412 487
413 487
414 487
415 487
416 487
259 360
259 361
259 359
259 358
260 358
260 357
261 357
261 356
262 356
262 355
262 354
263 354
263 353
263 352
263 351
263 350
263 349
263 348
263 347
264 347
264 348
265 348
266 348
267 348
268 348
269 348
270 348
271 348
272 348
273 348
274 348
274 347
275 347
275 348
276 348
276 349
277 349
277 350
278 350
278 351
278 352
279 352
279 353
280 353
281 353
282 353
283 353
283 352
284 352
285 352
285 351
286 351
286 350
287 350
259 362
259 363
259 364
258 364
258 365
257 365
257 366
257 367
257 368
257 369
257 370
257 371
258 371
258 372
259 372
259 373
260 373
260 374
259 374
259 375
258 375
258 376
257 376
257 377
257 378
257 379
257 380
256 380
256 381
214 381
215 381
213 381
212 381
211 381
210 381
209 381
208 381
207 381
206 381
205 381
205 380
204 380
204 379
203 379
216 381
216 380
217 380
217 379
218 379
218 378
218 377
219 377
219 376
219 375
220 375
221 375
222 375
223 375
223 374
224 374
225 374
226 374
226 373
227 373
227 372
227 371
228 371
229 371
230 371
231 371
232 371
232 372
233 372
233 373
234 373
234 374
235 374
235 375
236 375
237 375
238 375
239 375
240 375
240 376
241 376
242 376
243 376
243 377
244 377
244 378
245 378
245 379
246 379
246 380
247 380
406 307
406 306
407 307
408 307
409 307
410 307
410 308
410 309
411 309
411 310
412 310
413 310
413 311
414 311
405 306
404 306
404 305
403 305
403 304
403 303
403 302
403 301
403 300
403 299
403 298
402 298
402 299
401 299
401 300
400 300
400 301
399 301
399 302
398 302
397 302
396 302
396 303
395 303
394 303
394 304
393 304
392 304
392 303
391 303
390 303
389 303
388 303
387 303
386 303
386 304
385 304
384 304
384 305
383 305
382 305
381 305
381 306
380 306
379 306
378 306
377 306
376 306
338 203
337 203
339 203
340 203
340 202
341 202
342 202
343 202
344 202
345 202
346 202
347 202
348 202
349 202
349 203
350 203
351 203
352 203
353 203
354 203
354 204
355 204
355 203
355 202
355 201
355 200
356 200
357 200
358 200
359 200
360 200
360 201
361 201
361 202
362 202
362 203
363 203
364 203
365 203
366 203
367 203
368 203
368 204
369 204
370 204
370 205
370 206
371 206
371 207
372 207
372 208
373 208
373 209
372 209
372 210
372 211
372 212
372 213
372 214
372 215
372 216
372 217
372 218
372 219
372 220
372 221
337 204
336 204
335 204
334 204
333 204
332 204
331 204
330 204
330 205
331 205
331 206
332 206
333 206
334 206
334 207
334 208
334 209
334 210
334 211
334 212
335 212
336 212
336 213
336 214
337 214
337 215
337 216
338 216
338 217
339 217
339 218
340 218
340 219
340 220
341 220
342 220
343 220
344 220
345 220
346 220
347 220
347 219
348 219
348 218
349 218
349 217
350 217
350 216
351 216
351 215
352 215
352 214
352 213
353 213
353 212
353 211
354 211
354 210
354 209
354 208
354 207
354 206
354 205
273 378
272 378
273 379
274 379
275 379
275 380
276 380
276 381
276 382
276 383
277 383
277 384
278 384
278 385
279 385
280 385
281 385
282 385
283 385
283 384
284 384
285 384
285 383
286 383
286 382
286 381
286 380
285 380
285 379
272 377
271 377
271 376
270 376
270 375
269 375
269 374
268 374
268 373
268 372
267 372
266 372
266 373
265 373
265 374
264 374
263 374
262 374
261 374
272 419
272 420
272 418
272 417
271 417
270 417
270 416
269 416
268 416
267 416
266 416
265 416
265 415
264 415
264 414
263 414
263 413
263 412
262 412
262 411
261 411
260 411
259 411
258 411
257 411
256 411
255 411
255 410
254 410
254 409
253 409
253 408
253 407
253 406
253 405
253 404
253 403
253 402
253 401
272 421
272 422
273 422
273 423
274 423
274 424
274 425
275 425
275 426
275 427
275 428
275 429
275 430
275 431
274 431
274 432
273 432
273 433
273 434
273 435
272 435
272 436
272 437
271 437
270 437
270 438
269 438
268 438
267 438
266 438
265 438
264 438
263 438
262 438
262 439
261 439
261 438
260 438
260 437
259 437
258 437
257 437
256 437
256 436
255 436
254 436
253 436
252 436
251 436
250 436
249 436
248 436
247 436
246 436
404 283
404 282
405 283
406 283
407 283
408 283
408 284
409 284
410 284
410 285
410 286
409 286
409 287
408 287
408 288
408 289
407 289
407 290
406 290
406 291
405 291
405 292
404 292
404 293
404 294
404 295
404 296
404 297
403 297
403 282
403 281
402 281
401 281
401 280
401 279
402 279
402 278
402 277
402 276
402 275
402 274
402 273
402 272
402 271
401 271
401 270
400 270
400 269
399 269
398 269
397 269
396 269
395 269
394 269
393 269
392 269
392 268
436 273
437 273
436 274
435 274
435 275
434 275
433 275
433 276
432 276
431 276
430 276
429 276
428 276
427 276
427 277
428 277
428 278
429 278
429 279
429 280
429 281
429 282
429 283
429 284
429 285
429 286
429 287
428 287
428 288
428 289
427 289
427 290
426 290
426 291
425 291
425 292
425 293
426 293
426 294
427 294
427 295
428 295
428 296
428 297
428 298
428 299
428 300
427 300
426 300
425 300
424 300
423 300
422 300
422 301
421 301
421 302
421 303
420 303
420 304
420 305
420 306
419 306
419 307
419 308
418 308
418 309
417 309
417 310
416 310
415 310
415 311
438 273
439 273
440 273
441 273
442 273
442 272
443 272
443 271
443 270
444 270
444 269
443 269
443 268
443 267
443 266
443 265
443 264
504 219
504 220
504 218
503 218
503 217
502 217
502 216
501 216
501 215
501 214
502 214
502 213
503 213
504 213
504 212
505 212
505 211
506 211
507 211
507 210
506 210
505 210
504 210
503 210
502 210
502 209
501 209
501 208
501 207
501 206
501 205
501 204
501 203
501 202
501 201
501 200
502 200
502 199
502 198
502 197
502 196
503 196
503 195
503 194
504 194
504 193
505 193
505 192
505 191
506 191
506 190
506 189
506 188
506 187
506 186
506 185
506 184
506 183
505 220
505 221
505 222
505 223
505 224
505 225
505 226
505 227
505 228
506 228
506 229
505 229
504 229
503 229
502 229
501 229
500 229
499 229
498 229
497 229
496 229
495 229
494 229
493 229
492 229
491 229
490 229
490 230
489 230
488 230
487 230
486 230
485 230
485 231
484 231
484 232
483 232
482 232
482 233
482 234
481 234
481 235
481 236
480 236
480 235
479 235
479 234
478 234
478 233
477 233
476 233
476 232
475 232
474 232
474 231
473 231
473 230
472 230
472 229
471 229
471 228
470 228
469 228
469 227
335 237
335 236
335 238
335 239
335 240
335 241
334 241
334 242
334 243
333 243
333 244
333 245
332 245
332 246
331 246
331 247
331 248
331 249
331 250
331 251
332 251
333 251
333 252
334 252
334 253
335 253
336 253
336 254
336 255
337 255
337 256
337 257
338 257
338 258
338 259
338 260
338 261
338 262
338 263
338 264
338 265
338 266
336 236
336 235
336 234
336 233
337 233
337 232
338 232
338 231
338 230
338 229
338 228
338 227
338 226
338 225
338 224
338 223
338 222
338 221
338 220
338 219
338 218
443 302
443 303
443 301
443 300
443 299
442 299
442 298
441 298
440 298
439 298
438 298
437 298
436 298
435 298
434 298
433 298
432 298
431 298
430 298
429 298
429 299
429 300
443 304
443 305
443 306
443 307
443 308
443 309
442 309
442 310
441 310
441 311
441 312
441 313
441 314
441 315
441 316
442 316
443 316
444 316
445 316
446 316
447 316
448 316
449 316
372 479
373 479
371 479
370 479
369 479
368 479
367 479
367 478
366 478
366 477
365 477
365 476
364 476
364 475
363 475
362 475
361 475
360 475
359 475
358 475
357 475
356 475
355 475
354 475
354 476
353 476
352 476
352 477
351 477
351 478
350 478
350 479
350 480
374 479
375 479
376 479
377 479
378 479
379 479
380 479
381 479
381 478
381 477
381 476
381 475
380 475
380 474
380 473
380 472
380 471
380 470
380 469
381 469
381 468
381 467
381 466
381 465
381 464
381 463
381 462
382 462
383 462
384 462
385 462
385 461
385 460
385 459
306 370
305 370
306 371
306 372
307 372
307 373
307 374
307 375
307 376
307 377
307 378
306 378
306 379
306 380
306 381
307 381
308 381
309 381
310 381
311 381
312 381
313 381
314 381
315 381
315 382
315 383
315 384
315 385
315 386
316 386
316 387
317 387
317 388
318 388
319 388
319 389
319 390
320 390
320 391
320 392
321 392
321 393
321 394
322 394
322 395
323 395
323 396
324 396
325 396
325 395
326 395
326 394
327 394
327 393
328 393
329 393
329 392
330 392
331 392
332 392
333 392
334 392
335 392
335 391
336 391
337 391
337 390
338 390
339 390
339 389
340 389
340 388
341 388
341 387
342 387
342 386
343 386
304 370
304 369
303 369
302 369
302 368
301 368
301 367
300 367
300 366
299 366
299 365
298 365
298 364
297 364
297 363
297 362
296 362
296 361
296 360
398 226
398 227
398 225
397 225
397 224
396 224
396 223
396 222
395 222
395 221
395 220
394 220
394 219
394 218
393 218
393 217
392 217
391 217
391 216
390 216
390 215
390 214
390 213
390 212
389 212
389 211
388 211
387 211
387 210
386 210
385 210
385 209
384 209
384 208
384 207
384 206
384 205
384 204
383 204
382 204
381 204
380 204
379 204
378 204
378 205
377 205
377 206
376 206
376 207
375 207
375 208
374 208
399 227
399 228
399 229
399 230
399 231
400 231
401 231
402 231
403 231
403 230
404 230
405 230
405 229
406 229
407 229
408 229
409 229
410 229
411 229
411 228
412 228
413 228
413 227
414 227
415 227
415 226
416 226
417 226
418 226
419 226
419 225
420 225
286 433
287 433
286 432
285 432
285 431
284 431
283 431
282 431
282 430
281 430
280 430
279 430
278 430
277 430
276 430
287 434
287 435
288 435
288 436
289 436
289 437
290 437
290 438
291 438
291 439
292 439
293 439
293 438
294 438
295 438
295 437
295 436
296 436
296 435
297 435
298 435
299 435
300 435
301 435
302 435
303 435
303 436
303 437
303 438
304 438
304 439
305 312
304 312
305 311
306 311
306 310
307 310
307 309
307 308
307 307
307 306
307 305
307 304
308 304
309 304
310 304
311 304
312 304
313 304
314 304
315 304
316 304
317 304
317 303
318 303
319 303
319 302
320 302
320 301
320 300
320 299
320 298
320 297
320 296
320 295
320 294
320 293
320 292
320 291
320 290
321 290
322 290
322 289
323 289
323 288
324 288
324 287
325 287
325 286
326 286
326 287
327 287
328 287
329 287
330 287
331 287
332 287
332 286
333 286
334 286
334 287
335 287
336 287
336 288
337 288
338 288
338 289
339 289
340 289
340 290
341 290
342 290
343 290
344 290
345 290
346 290
347 290
348 290
303 312
302 312
301 312
301 313
300 313
299 313
298 313
297 313
296 313
295 313
294 313
293 313
292 313
292 314
291 314
291 315
290 315
290 316
289 316
289 317
288 317
287 317
286 317
286 318
285 318
285 319
284 319
284 320
283 320
283 321
282 321
281 321
281 322
280 322
280 323
279 323
279 324
278 324
277 324
276 324
275 324
275 325
274 325
274 326
273 326
273 327
272 327
272 328
272 329
272 330
272 331
272 332
272 333
272 334
272 335
272 336
272 337
272 338
272 339
272 340
272 341
271 341
271 342
271 343
271 344
272 344
272 345
272 346
273 346
273 347
229 492
228 492
230 492
231 492
232 492
233 492
233 491
234 491
235 491
236 491
237 491
238 491
239 491
239 490
240 490
240 489
241 489
241 488
242 488
242 487
243 487
243 486
244 486
244 485
245 485
246 485
246 484
247 484
247 483
248 483
248 482
249 482
250 482
251 482
252 482
253 482
253 481
253 480
253 479
253 478
253 477
253 476
253 475
252 475
252 474
251 474
251 473
250 473
250 472
250 471
250 470
250 469
250 468
249 468
248 468
248 467
247 467
247 466
246 466
246 465
245 465
245 464
244 464
243 464
242 464
241 464
240 464
240 463
239 463
239 462
238 462
238 461
238 460
237 460
237 459
236 459
236 458
236 457
235 457
235 456
235 455
235 454
235 453
234 453
233 453
232 453
231 453
227 492
226 492
225 492
224 492
223 492
223 493
222 493
221 493
220 493
219 493
219 494
218 494
218 493
217 493
216 493
215 493
214 493
213 493
213 494
212 494
212 495
211 495
210 495
209 495
208 495
207 495
206 495
206 494
205 494
204 494
204 493
203 493
203 492
203 491
203 490
203 489
203 488
203 487
202 487
202 486
202 485
201 485
201 484
200 484
199 484
198 484
197 484
196 484
195 484
195 483
195 482
195 481
195 480
195 479
194 479
193 479
193 478
192 478
191 478
374 507
373 507
375 507
375 506
375 505
376 505
377 505
378 505
379 505
380 505
381 505
382 505
382 506
382 507
382 508
383 508
383 509
383 510
384 510
372 507
371 507
370 507
369 507
369 508
368 508
368 509
367 509
367 510
366 510
366 511
365 511
166 423
167 423
165 423
164 423
163 423
163 424
163 425
162 425
162 426
162 427
161 427
161 428
160 428
160 429
160 430
159 430
159 431
159 432
159 433
159 434
158 434
158 435
157 435
157 436
156 436
156 437
156 438
156 439
156 440
155 440
155 441
155 442
155 443
154 443
154 444
154 445
154 446
153 446
153 447
152 447
152 448
151 448
151 449
150 449
150 448
149 448
149 447
148 447
147 447
146 447
145 447
144 447
143 447
143 446
142 446
142 445
141 445
141 446
140 446
140 447
139 447
139 448
139 449
138 449
138 450
138 451
137 451
137 452
137 453
136 453
136 454
136 455
135 455
134 455
133 455
132 455
132 456
131 456
131 457
130 457
130 458
130 459
130 460
130 461
130 462
130 463
131 463
132 463
132 464
133 464
134 464
135 464
135 465
136 465
136 466
137 466
137 467
138 467
139 467
139 466
140 466
141 466
141 465
142 465
143 465
143 464
144 464
144 463
145 463
145 464
146 464
147 464
148 464
149 464
150 464
151 464
152 464
152 463
153 463
154 463
155 463
156 463
157 463
158 463
159 463
160 463
161 463
162 463
163 463
164 463
165 463
165 462
166 462
166 463
167 463
167 464
168 464
168 465
169 465
170 465
170 466
170 467
171 467
171 468
171 469
171 470
172 470
173 470
174 470
175 470
176 470
177 470
177 471
178 471
178 472
178 473
178 474
178 475
178 476
178 477
179 477
180 477
181 477
182 477
183 477
184 477
185 477
186 477
187 477
188 477
189 477
190 477
191 477
168 423
169 423
170 423
171 423
172 423
173 423
173 424
174 424
346 403
345 403
347 403
347 404
348 404
348 405
349 405
350 405
351 405
352 405
353 405
354 405
355 405
356 405
357 405
358 405
359 405
360 405
361 405
361 406
362 406
362 407
362 408
362 409
363 409
364 409
365 409
366 409
366 408
367 408
368 408
368 407
344 403
343 403
343 402
342 402
342 401
342 400
342 399
341 399
341 398
341 397
340 397
340 396
340 395
340 394
340 393
340 392
340 391
340 390
42 31
43 31
41 31
40 31
39 31
39 32
38 32
37 32
37 33
36 33
35 33
34 33
33 33
32 33
31 33
31 34
30 34
29 34
29 35
29 36
29 37
29 38
28 38
44 31
44 30
44 29
45 29
45 28
45 27
46 27
46 26
45 26
45 25
45 24
45 23
45 22
45 21
45 20
45 19
45 18
44 18
44 17
44 16
44 15
44 14
44 13
44 12
44 11
45 11
46 11
46 10
46 9
47 9
47 8
47 7
47 6
47 5
47 4
47 3
47 2
47 1
46 1
45 1
45 2
44 2
44 3
43 3
42 3
41 3
40 3
39 3
38 3
37 3
37 4
36 4
36 5
36 6
36 7
36 8
35 8
35 9
34 9
33 9
32 9
32 10
31 10
31 11
30 11
30 12
29 12
29 13
348 511
349 511
347 511
346 511
345 511
344 511
343 511
343 510
342 510
341 510
340 510
339 510
338 510
337 510
336 510
335 510
334 510
333 510
333 511
332 511
332 510
332 509
332 508
332 507
332 506
332 505
332 504
332 503
332 502
332 501
332 500
332 499
332 498
332 497
332 496
332 495
332 494
331 494
331 493
330 493
329 493
328 493
327 493
327 492
326 492
326 491
326 490
325 490
325 489
325 488
324 488
324 487
323 487
322 487
321 487
320 487
320 486
320 485
320 484
320 483
320 482
321 482
321 481
322 481
322 480
323 480
324 480
324 479
325 479
325 478
325 477
325 476
325 475
325 474
325 473
325 472
325 471
350 511
351 511
352 511
353 511
353 510
354 510
355 510
356 510
357 510
358 510
359 510
360 510
361 510
362 510
363 510
364 510
364 511
22 20
22 21
22 19
22 18
22 17
22 16
22 15
22 14
22 13
22 12
22 11
23 11
24 11
25 11
26 11
27 11
27 12
28 12
28 13
22 22
22 23
22 24
22 25
21 25
21 26
20 26
19 26
19 27
18 27
18 28
17 28
17 29
17 30
17 31
18 31
18 32
18 33
18 34
18 35
18 36
18 37
18 38
18 39
18 40
19 40
19 41
20 41
21 41
22 41
22 40
23 40
24 40
25 40
26 40
27 40
27 39
28 39
338 320
338 319
338 321
338 322
338 323
339 323
339 324
340 324
340 325
341 325
341 326
342 326
342 327
338 318
338 317
338 316
338 315
338 314
338 313
338 312
339 312
339 311
340 311
340 310
341 310
341 309
341 308
341 307
341 306
341 305
341 304
342 304
342 303
343 303
344 303
345 303
346 303
347 303
347 302
348 302
9 95
9 96
9 94
10 94
10 93
11 93
11 92
10 92
10 91
10 90
10 89
10 88
9 88
9 87
8 87
8 86
7 86
6 86
6 85
5 85
5 84
5 83
4 83
4 82
4 81
3 81
3 80
3 79
3 78
3 77
3 76
3 75
4 75
4 74
4 73
5 73
5 74
6 74
7 74
8 74
9 74
10 74
11 74
12 74
13 74
14 74
15 74
15 73
16 73
16 72
17 72
17 71
18 71
18 70
18 69
18 68
18 67
18 66
18 65
18 64
18 63
18 62
18 61
19 61
19 60
20 60
20 59
19 59
19 58
19 57
18 57
18 56
17 56
17 55
16 55
15 55
14 55
14 54
13 54
13 53
13 52
13 51
13 50
13 49
13 48
13 47
13 46
14 46
15 46
15 45
16 45
17 45
17 44
17 43
18 43
18 42
19 42
9 97
9 98
9 99
9 100
8 100
7 100
7 101
8 101
8 102
9 102
9 103
10 103
10 104
11 104
11 105
12 105
12 106
13 106
14 106
15 106
15 107
16 107
17 107
17 108
18 108
18 109
19 109
20 109
21 109
22 109
23 109
24 109
25 109
26 109
27 109
28 109
29 109
29 110
30 110
30 111
60 66
59 66
61 66
62 66
62 65
62 64
63 64
63 63
63 62
64 62
64 61
64 60
65 60
65 59
66 59
66 58
66 57
66 56
66 55
66 54
66 53
67 53
68 53
69 53
70 53
71 53
72 53
73 53
74 53
75 53
76 53
76 52
77 52
78 52
79 52
80 52
81 52
82 52
82 51
83 51
83 50
58 66
58 67
57 67
56 67
55 67
54 67
53 67
52 67
52 68
52 69
52 70
52 71
51 71
51 70
51 69
51 68
51 67
51 66
51 65
50 65
50 64
49 64
49 63
48 63
48 62
48 61
47 61
47 60
46 60
46 59
45 59
45 58
45 57
45 56
44 56
44 55
44 54
43 54
43 53
42 53
41 53
41 52
40 52
40 51
39 51
38 51
37 51
36 51
36 50
35 50
34 50
34 49
34 48
34 47
33 47
33 46
33 45
32 45
31 45
30 45
30 44
30 43
30 42
30 41
30 40
29 40
29 39
381 173
381 174
381 172
381 171
381 170
381 169
381 168
381 167
381 166
381 165
381 164
381 163
381 162
381 161
381 160
381 159
381 158
380 158
379 158
379 157
378 157
378 156
378 155
378 154
378 153
379 153
379 152
379 151
380 151
380 150
381 150
382 150
383 150
384 150
385 150
386 150
386 151
387 151
388 151
389 151
390 151
391 151
392 151
392 152
392 153
393 153
393 152
393 151
394 151
394 150
394 149
395 149
395 148
396 148
397 148
397 147
398 147
398 146
399 146
399 145
399 144
399 143
399 142
400 142
401 142
402 142
402 141
403 141
404 141
405 141
406 141
407 141
407 140
407 139
407 138
407 137
407 136
408 136
409 136
410 136
411 136
412 136
413 136
414 136
415 136
416 136
416 137
417 137
417 138
418 138
418 139
419 139
420 139
421 139
422 139
423 139
424 139
425 139
426 139
426 138
427 138
428 138
429 138
430 138
431 138
432 138
433 138
433 137
434 137
435 137
435 138
435 139
435 140
435 141
435 142
436 142
436 143
436 144
436 145
436 146
437 146
437 147
438 147
439 147
440 147
441 147
442 147
442 148
443 148
444 148
444 149
445 149
445 150
445 151
446 151
446 152
446 153
447 153
447 154
447 155
448 155
448 156
448 157
448 158
448 159
448 160
448 161
448 162
448 163
448 164
448 165
447 165
447 166
447 167
448 167
448 168
449 168
449 169
449 170
450 170
450 171
451 171
452 171
453 171
454 171
455 171
456 171
457 171
458 171
459 171
459 172
460 172
460 173
461 173
461 174
462 174
380 174
380 175
380 176
379 176
379 177
378 177
378 178
378 179
377 179
376 179
375 179
374 179
373 179
372 179
371 179
371 180
370 180
370 181
369 181
369 182
368 182
368 183
367 183
367 184
366 184
366 185
365 185
365 186
365 187
364 187
364 188
364 189
363 189
363 190
363 191
364 191
364 192
365 192
365 193
365 194
365 195
365 196
365 197
366 197
366 198
365 198
365 199
364 199
363 199
363 200
362 200
362 201
49 76
49 77
50 76
50 75
51 75
51 74
51 73
51 72
52 72
48 77
48 78
47 78
47 79
47 80
47 81
47 82
46 82
46 81
45 81
45 80
44 80
43 80
42 80
41 80
41 79
40 79
40 78
39 78
49 100
49 101
50 100
51 100
52 100
53 100
54 100
55 100
56 100
57 100
58 100
58 99
59 99
59 98
60 98
60 97
61 97
61 96
61 95
62 95
62 94
63 94
63 93
64 93
64 92
48 101
48 102
47 102
47 103
47 104
47 105
47 106
47 107
47 108
46 108
46 109
45 109
45 110
44 110
43 110
42 110
41 110
41 109
40 109
39 109
39 110
38 110
38 111
37 111
36 111
35 111
34 111
33 111
32 111
31 111
473 316
473 315
472 316
471 316
471 317
470 317
469 317
469 318
469 319
469 320
469 321
469 322
469 323
469 324
469 325
469 326
469 327
469 328
469 329
468 329
468 330
467 330
467 331
467 332
466 332
466 333
466 334
465 334
465 335
464 335
464 336
463 336
463 337
462 337
461 337
461 338
460 338
459 338
459 339
474 315
474 314
474 313
474 312
475 312
475 311
476 311
476 310
477 310
478 310
479 310
480 310
481 310
482 310
483 310
484 310
485 310
486 310
487 310
488 310
488 309
488 308
489 308
489 307
490 307
490 306
490 305
491 305
491 304
492 304
492 303
493 303
493 302
494 302
494 301
495 301
495 300
496 300
496 299
497 299
497 298
498 298
498 297
498 296
499 296
499 295
500 295
500 294
500 293
501 293
501 292
502 292
502 291
502 290
503 290
503 289
503 288
504 288
504 287
504 286
505 286
505 285
505 284
505 283
505 282
505 281
505 280
505 279
505 278
505 277
504 277
503 277
503 276
175 415
175 414
175 416
175 417
175 418
175 419
175 420
175 421
175 422
175 423
175 424
175 413
175 412
175 411
175 410
175 409
176 409
177 409
178 409
179 409
180 409
181 409
182 409
183 409
183 408
184 408
184 407
184 406
184 405
184 404
184 403
184 402
184 401
184 400
185 400
186 400
186 401
187 401
188 401
188 402
189 402
190 402
191 402
192 402
192 403
193 403
194 403
194 402
195 402
196 402
197 402
198 402
198 401
199 401
199 400
199 399
199 398
200 398
200 397
200 396
200 395
200 394
200 393
200 392
199 392
198 392
197 392
197 391
196 391
196 390
196 389
196 388
197 388
197 387
197 386
198 386
198 385
199 385
199 384
199 383
199 382
199 381
200 381
200 380
201 380
202 380
202 379
38 170
38 171
37 170
37 169
36 169
36 168
35 168
35 167
34 167
34 166
34 165
33 165
33 164
32 164
32 163
32 162
32 161
32 160
32 159
39 171
39 172
39 173
39 174
39 175
39 176
39 177
39 178
40 178
41 178
41 179
42 179
42 180
43 180
43 181
43 182
44 182
44 183
45 183
74 40
74 39
74 41
74 42
74 43
74 44
73 44
73 45
73 46
74 46
74 47
75 47
76 47
76 48
77 48
78 48
79 48
80 48
81 48
81 49
82 49
82 50
74 38
74 37
75 37
76 37
76 36
77 36
77 35
78 35
29 154
29 153
29 155
29 156
29 157
30 157
30 158
31 158
31 159
29 152
29 151
29 150
29 149
29 148
29 147
29 146
28 146
28 145
27 145
26 145
26 144
25 144
25 143
24 143
23 143
454 503
455 503
453 503
452 503
451 503
450 503
449 503
448 503
447 503
446 503
445 503
444 503
444 502
443 502
442 502
441 502
440 502
439 502
438 502
437 502
436 502
435 502
434 502
433 502
432 502
431 502
430 502
429 502
428 502
427 502
426 502
426 501
425 501
425 500
424 500
423 500
422 500
422 499
421 499
421 498
421 497
421 496
420 496
420 495
420 494
419 494
419 493
419 492
418 492
418 491
418 490
418 489
417 489
417 488
416 488
456 503
456 502
457 502
458 502
458 501
459 501
460 501
460 500
461 500
462 500
463 500
464 500
465 500
466 500
467 500
468 500
469 500
470 500
71 83
71 84
72 83
73 83
74 83
75 83
76 83
77 83
77 82
78 82
79 82
70 84
70 85
70 86
70 87
69 87
69 88
69 89
68 89
68 90
67 90
67 91
66 91
65 91
65 92
119 58
118 58
120 58
120 57
121 57
121 56
121 55
122 55
122 54
123 54
123 53
124 53
124 52
125 52
125 51
126 51
126 50
126 49
126 48
126 47
126 46
127 46
127 45
127 44
128 44
128 43
129 43
129 42
130 42
131 42
131 41
132 41
132 40
133 40
133 39
134 39
135 39
136 39
137 39
138 39
139 39
140 39
141 39
141 38
140 38
140 37
140 36
140 35
140 34
140 33
140 32
140 31
140 30
140 29
140 28
141 28
141 27
142 27
142 26
143 26
143 25
143 24
144 24
144 23
144 22
145 22
145 21
145 20
146 20
146 19
147 19
148 19
148 18
149 18
150 18
150 17
151 17
152 17
152 16
153 16
153 15
153 14
154 14
154 13
155 13
155 12
156 12
156 11
156 10
157 10
157 9
158 9
158 8
158 7
158 6
158 5
158 4
159 4
159 3
160 3
160 2
161 2
161 1
162 1
162 0
163 0
164 0
165 0
166 0
167 0
168 0
169 0
170 0
170 1
170 2
170 3
171 3
171 4
171 5
172 5
172 6
173 6
173 7
117 58
116 58
116 59
115 59
114 59
114 60
113 60
113 59
112 59
112 58
111 58
111 57
111 56
110 56
109 56
108 56
107 56
106 56
106 57
105 57
104 57
104 58
103 58
103 59
103 60
103 61
103 62
103 63
102 63
101 63
100 63
100 62
99 62
98 62
97 62
96 62
96 61
95 61
95 60
94 60
94 59
94 58
94 57
93 57
93 56
92 56
91 56
90 56
89 56
89 55
88 55
87 55
87 54
86 54
86 53
85 53
85 52
85 51
84 51
84 50
26 127
26 128
26 126
26 125
26 124
26 123
26 122
26 121
26 120
26 119
26 118
26 117
26 116
27 116
28 116
28 115
29 115
29 114
29 113
29 112
30 112
26 129
26 130
26 131
26 132
27 132
28 132
29 132
30 132
31 132
32 132
32 133
32 134
32 135
32 136
32 137
32 138
32 139
32 140
31 140
31 141
30 141
29 141
28 141
27 141
26 141
25 141
25 142
24 142
23 142
123 84
123 85
124 84
124 83
125 83
125 82
126 82
127 82
127 81
128 81
128 80
129 80
129 79
130 79
130 78
130 77
130 76
130 75
129 75
129 74
129 73
128 73
128 72
127 72
127 71
127 70
126 70
126 69
127 69
127 68
128 68
128 67
128 66
128 65
129 65
130 65
130 64
131 64
132 64
133 64
134 64
134 63
135 63
136 63
136 62
137 62
137 61
136 61
135 61
135 60
135 59
135 58
135 57
134 57
134 56
134 55
133 55
133 54
132 54
132 53
131 53
130 53
129 53
128 53
127 53
126 53
125 53
123 86
122 86
122 87
121 87
121 88
120 88
120 89
120 90
120 91
120 92
119 92
119 93
118 93
118 94
117 94
116 94
116 95
115 95
114 95
113 95
113 96
112 96
111 96
111 97
110 97
110 98
109 98
109 99
109 100
108 100
108 101
108 102
108 103
108 104
107 104
107 105
106 105
106 106
105 106
5 243
5 244
5 242
5 241
5 240
5 239
5 238
5 237
5 236
5 235
5 234
6 234
7 234
8 234
8 233
9 233
10 233
10 234
11 234
12 234
13 234
14 234
15 234
16 234
17 234
17 233
18 233
18 232
19 232
19 231
20 231
20 230
21 230
21 229
21 228
21 227
22 227
22 226
23 226
23 225
24 225
24 224
24 223
24 222
24 221
24 220
25 220
25 219
26 219
27 219
28 219
29 219
30 219
31 219
32 219
33 219
33 218
34 218
34 217
34 216
34 215
34 214
34 213
34 212
34 211
33 211
33 210
32 210
31 210
30 210
29 210
28 210
27 210
26 210
25 210
25 209
26 209
26 208
27 208
27 207
28 207
28 206
29 206
30 206
30 205
30 204
31 204
31 203
31 202
32 202
32 201
33 201
33 200
34 200
35 200
35 199
36 199
37 199
38 199
39 199
39 198
40 198
40 197
41 197
41 196
40 196
40 195
40 194
40 193
40 192
40 191
40 190
40 189
40 188
40 187
41 187
41 186
42 186
43 186
43 185
43 184
44 184
5 245
5 246
5 247
5 248
5 249
5 250
4 250
4 251
3 251
3 252
3 253
3 254
3 255
3 256
2 256
2 257
1 257
1 258
0 258
8 268
9 268
8 267
8 266
8 265
8 264
8 263
7 263
7 262
6 262
6 261
5 261
4 261
3 261
3 260
2 260
2 259
1 259
0 259
9 269
9 270
10 270
10 271
11 271
11 272
11 273
11 274
11 275
11 276
12 276
13 276
14 276
15 276
16 276
17 276
17 277
18 277
18 278
18 279
18 280
18 281
19 281
167 97
168 97
167 96
167 95
166 95
166 94
165 94
165 93
165 92
165 91
166 91
167 91
168 91
169 91
170 91
171 91
172 91
173 91
174 91
175 91
176 91
177 91
177 90
178 90
179 90
180 90
181 90
182 90
183 90
183 89
184 89
185 89
186 89
187 89
188 89
189 89
189 88
190 88
191 88
191 87
191 86
191 85
191 84
191 83
191 82
191 81
190 81
190 80
189 80
189 79
188 79
187 79
187 78
186 78
185 78
184 78
183 78
182 78
181 78
180 78
179 78
178 78
177 78
176 78
175 78
174 78
174 77
173 77
173 76
172 76
172 75
172 74
171 74
171 73
171 72
170 72
169 72
168 72
167 72
166 72
165 72
164 72
164 71
163 71
162 71
161 71
160 71
159 71
158 71
157 71
156 71
155 71
154 71
154 70
153 70
153 71
152 71
152 72
151 72
151 73
150 73
150 74
149 74
149 75
148 75
148 74
147 74
146 74
145 74
144 74
144 73
143 73
143 72
143 71
142 71
142 70
141 70
141 69
140 69
140 68
139 68
139 67
139 66
139 65
139 64
139 63
139 62
138 62
168 98
168 99
168 100
169 100
169 101
169 102
170 102
170 103
171 103
171 104
172 104
19 294
19 293
19 295
19 296
18 296
17 296
17 297
16 297
16 298
15 298
15 299
14 299
14 300
13 300
19 292
19 291
19 290
19 289
19 288
19 287
19 286
19 285
19 284
19 283
19 282
173 115
173 114
173 116
173 117
173 118
173 119
174 119
175 119
175 120
176 120
177 120
178 120
178 121
178 122
178 123
178 124
178 125
178 126
177 126
177 127
177 128
176 128
176 129
175 129
175 130
174 130
174 131
173 131
173 113
173 112
174 112
174 111
174 110
174 109
174 108
174 107
174 106
173 106
173 105
172 105
105 196
105 195
105 197
106 197
106 198
106 199
106 200
106 201
106 202
106 203
107 203
107 204
107 205
108 205
108 206
108 207
109 207
109 208
104 195
103 195
103 194
102 194
102 193
101 193
101 192
100 192
99 192
99 191
98 191
98 190
97 190
96 190
95 190
95 191
94 191
94 192
93 192
93 193
92 193
91 193
90 193
89 193
88 193
88 194
87 194
87 195
87 196
87 197
87 198
87 199
86 199
86 200
85 200
85 201
85 202
85 203
85 204
84 204
84 203
83 203
82 203
81 203
80 203
79 203
78 203
77 203
76 203
76 204
75 204
75 205
75 206
74 206
73 206
72 206
71 206
70 206
69 206
69 207
68 207
67 207
66 207
65 207
64 207
63 207
62 207
61 207
61 208
60 208
60 209
59 209
59 210
58 210
58 211
57 211
57 212
56 212
56 213
55 213
55 214
54 214
53 214
52 214
51 214
50 214
50 215
49 215
49 216
48 216
48 215
47 215
46 215
45 215
44 215
43 215
42 215
41 215
40 215
39 215
38 215
37 215
36 215
35 215
165 117
165 118
166 117
167 117
168 117
169 117
170 117
171 117
172 117
164 118
163 118
162 118
162 119
161 119
161 120
160 120
160 121
160 122
160 123
160 124
159 124
159 125
35 337
35 338
34 337
34 336
33 336
33 335
32 335
32 334
31 334
31 333
31 332
31 331
31 330
30 330
30 329
30 328
29 328
29 327
28 327
27 327
27 326
26 326
26 325
25 325
25 324
24 324
24 323
24 322
24 321
24 320
24 319
24 318
24 317
24 316
24 315
25 315
26 315
26 314
26 313
25 313
25 312
25 311
25 310
25 309
24 309
24 308
23 308
22 308
21 308
20 308
19 308
18 308
18 307
17 307
17 306
16 306
16 305
16 304
16 303
16 302
15 302
15 301
14 301
35 339
36 339
36 340
36 341
36 342
36 343
37 343
37 344
37 345
38 345
38 346
37 346
37 347
36 347
35 347
34 347
33 347
33 348
32 348
32 349
31 349
31 350
31 351
30 351
30 352
29 352
29 353
28 353
27 353
27 354
26 354
25 354
25 355
24 355
24 356
23 356
22 356
22 357
21 357
21 358
20 358
20 359
20 360
19 360
19 361
18 361
18 362
17 362
17 363
16 363
16 364
16 365
16 366
16 367
16 368
16 369
16 370
16 371
15 371
15 372
14 372
13 372
12 372
12 373
11 373
11 374
10 374
10 375
10 376
10 377
10 378
9 378
9 379
8 379
8 380
55 319
56 319
54 319
53 319
52 319
51 319
51 320
51 321
50 321
50 322
49 322
49 321
48 321
48 320
48 319
47 319
47 318
46 318
45 318
44 318
43 318
42 318
42 317
41 317
41 316
40 316
39 316
38 316
37 316
36 316
36 315
35 315
34 315
33 315
32 315
31 315
30 315
29 315
28 315
27 315
27 314
57 319
58 319
59 319
60 319
61 319
62 319
63 319
64 319
65 319
66 319
66 318
66 317
67 317
67 316
68 316
68 317
69 317
70 317
71 317
71 318
72 318
145 249
145 248
145 250
146 250
146 251
146 252
146 253
146 254
147 254
148 254
148 255
147 255
146 255
146 256
145 256
145 257
145 258
145 259
145 260
145 261
144 261
144 262
143 262
143 263
142 263
142 264
141 264
144 248
143 248
143 247
142 247
141 247
141 246
141 245
140 245
140 244
140 243
140 242
140 241
140 240
140 239
140 238
139 238
138 238
137 238
137 237
136 237
136 236
135 236
135 235
135 234
135 233
134 233
134 232
134 231
133 231
133 230
132 230
132 229
132 228
132 227
132 226
132 225
133 225
133 224
133 223
133 222
133 221
133 220
133 219
132 219
132 218
132 217
131 217
131 216
130 216
130 215
129 215
128 215
127 215
126 215
125 215
124 215
123 215
122 215
121 215
121 214
120 214
120 213
120 212
119 212
119 211
118 211
118 210
118 209
118 208
118 207
117 207
117 206
116 206
116 205
115 205
115 204
114 204
113 204
113 205
112 205
112 206
111 206
111 207
110 207
110 208
17 392
18 392
17 391
16 391
15 391
15 390
14 390
14 389
13 389
12 389
12 388
11 388
11 387
10 387
10 386
10 385
10 384
10 383
10 382
9 382
9 381
9 380
19 392
19 393
19 394
19 395
19 396
19 397
20 397
20 398
21 398
21 399
22 399
23 399
23 400
24 400
25 400
25 401
26 401
26 402
27 402
27 403
28 403
28 404
28 405
29 405
29 406
29 407
30 407
30 408
31 408
32 408
33 408
34 408
34 409
35 409
36 409
36 410
36 411
36 412
36 413
36 414
36 415
36 416
36 417
36 418
36 419
36 420
35 420
35 421
35 422
35 423
35 424
35 425
35 426
35 427
35 428
34 428
34 429
33 429
32 429
32 430
31 430
30 430
29 430
29 431
28 431
27 431
26 431
25 431
24 431
24 432
24 433
24 434
24 435
23 435
23 436
22 436
22 437
21 437
20 437
20 438
19 438
19 439
18 439
18 440
209 282
209 281
210 282
210 283
211 283
211 284
212 284
212 285
213 285
214 285
214 286
214 287
215 287
215 288
216 288
216 289
217 289
218 289
218 290
219 290
219 291
219 292
220 292
220 293
221 293
222 293
223 293
223 292
224 292
225 292
225 291
226 291
226 290
226 289
227 289
228 289
229 289
230 289
231 289
232 289
233 289
234 289
234 290
235 290
235 291
236 291
236 292
237 292
237 293
237 294
238 294
238 295
239 295
240 295
240 294
240 293
240 292
241 292
241 291
242 291
242 290
243 290
244 290
244 289
245 289
246 289
247 289
248 289
249 289
249 288
250 288
250 287
250 286
251 286
251 285
251 284
252 284
252 283
252 282
252 281
252 280
252 279
252 278
252 277
252 276
252 275
252 274
253 274
253 273
253 272
254 272
255 272
256 272
257 272
258 272
259 272
260 272
261 272
262 272
263 272
263 273
264 273
265 273
265 274
265 275
266 275
266 276
267 276
267 277
268 277
268 278
269 278
270 278
271 278
272 278
273 278
274 278
275 278
276 278
277 278
278 278
279 278
280 278
281 278
282 278
283 278
283 279
283 280
284 280
284 281
285 281
286 281
287 281
288 281
289 281
290 281
291 281
292 281
293 281
294 281
295 281
296 281
297 281
298 281
299 281
300 281
301 281
302 281
303 281
304 281
305 281
305 282
305 283
306 283
306 284
307 284
308 284
308 285
309 285
310 285
311 285
312 285
313 285
314 285
314 286
315 286
315 287
316 287
317 287
317 288
318 288
318 289
319 289
320 289
208 281
208 280
208 279
208 278
208 277
208 276
207 276
207 275
206 275
206 274
205 274
205 273
205 272
205 271
205 270
205 269
205 268
205 267
205 266
204 266
203 266
203 265
202 265
201 265
200 265
199 265
199 266
198 266
198 267
197 267
197 268
197 269
197 270
196 270
195 270
195 271
194 271
193 271
193 270
192 270
191 270
191 269
190 269
189 269
189 268
188 268
188 267
187 267
187 266
186 266
186 265
185 265
184 265
183 265
182 265
181 265
180 265
179 265
179 266
178 266
177 266
176 266
175 266
174 266
173 266
172 266
172 265
171 265
171 264
170 264
170 263
169 263
168 263
167 263
166 263
165 263
164 263
164 264
163 264
163 265
162 265
162 266
161 266
160 266
160 267
159 267
158 267
157 267
156 267
156 266
155 266
154 266
153 266
152 266
151 266
151 267
151 268
151 269
150 269
150 268
150 267
150 266
150 265
149 265
148 265
147 265
146 265
145 265
144 265
143 265
143 264
115 339
115 338
114 339
114 340
114 341
113 341
113 342
112 342
111 342
111 343
110 343
110 344
109 344
108 344
108 345
107 345
106 345
106 346
105 346
105 347
106 347
107 347
108 347
109 347
110 347
111 347
112 347
113 347
114 347
115 347
115 348
115 349
115 350
116 350
116 351
116 352
117 352
117 353
117 354
116 354
116 355
116 356
115 356
115 357
114 357
114 358
114 359
114 360
114 361
114 362
114 363
114 364
114 365
114 366
114 367
114 368
114 369
114 370
114 371
115 371
115 372
116 372
115 337
115 336
116 336
116 335
117 335
118 335
118 334
119 334
120 334
120 333
121 333
122 333
123 333
124 333
125 333
126 333
127 333
128 333
129 333
129 332
130 332
130 331
130 330
131 330
131 329
131 328
131 327
131 326
131 325
131 324
130 324
130 323
130 322
129 322
128 322
127 322
126 322
125 322
124 322
123 322
122 322
122 321
122 320
122 319
121 319
121 318
121 317
120 317
119 317
118 317
118 316
119 316
119 315
120 315
120 314
120 313
120 312
120 311
120 310
120 309
120 308
121 308
121 307
122 307
122 306
122 305
122 304
122 303
122 302
122 301
121 301
120 301
119 301
118 301
117 301
116 301
115 301
115 302
114 302
113 302
112 302
111 302
111 303
111 304
111 305
111 306
111 307
111 308
111 309
110 309
110 310
110 311
109 311
109 312
108 312
107 312
106 312
105 312
104 312
103 312
102 312
101 312
101 311
100 311
100 312
99 312
98 312
97 312
96 312
95 312
94 312
93 312
92 312
91 312
91 313
90 313
89 313
88 313
87 313
86 313
86 312
85 312
85 311
84 311
83 311
82 311
81 311
80 311
79 311
78 311
77 311
76 311
75 311
75 312
74 312
74 313
73 313
73 314
73 315
72 315
72 316
72 317
