470 473
471 473
469 473
469 474
468 474
468 475
467 475
467 476
466 476
466 477
465 477
471 472
472 472
472 471
473 471
473 470
473 469
473 468
473 467
473 466
473 465
472 465
471 465
470 465
469 465
468 465
467 465
466 465
465 465
464 465
464 464
110 284
110 285
110 283
110 282
110 281
110 280
110 279
110 278
110 277
109 277
109 276
108 276
108 275
108 274
108 273
108 272
107 272
107 271
106 271
106 270
105 270
104 270
104 269
103 269
102 269
101 269
101 268
100 268
100 267
99 267
99 266
98 266
98 265
97 265
97 264
96 264
96 263
96 262
96 261
96 260
97 260
97 259
98 259
99 259
100 259
101 259
102 259
103 259
104 259
105 259
105 258
106 258
106 257
107 257
107 256
108 256
108 255
109 255
109 254
110 254
110 253
111 253
112 253
112 252
113 252
113 251
113 250
113 249
113 248
113 247
113 246
113 245
113 244
113 243
113 242
113 241
113 240
112 240
112 239
112 238
111 238
111 237
111 236
111 235
111 234
110 234
109 234
108 234
107 234
107 233
106 233
106 232
106 231
106 230
106 229
106 228
106 227
105 227
105 226
105 225
105 224
105 223
105 222
105 221
105 220
106 220
106 219
106 218
107 218
107 217
108 217
108 216
110 286
110 287
111 287
111 288
111 289
111 290
111 291
111 292
111 293
111 294
111 295
111 296
110 296
109 296
108 296
108 297
107 297
106 297
105 297
104 297
103 297
102 297
102 296
101 296
101 295
100 295
100 294
99 294
98 294
98 293
97 293
97 292
96 292
96 291
95 291
95 290
95 289
95 288
94 288
93 288
92 288
92 287
91 287
91 286
90 286
90 285
90 284
89 284
89 283
89 282
89 281
89 280
89 279
89 278
89 277
90 277
90 276
91 276
91 275
91 274
91 273
91 272
91 271
91 270
91 269
91 268
91 267
92 267
92 266
93 266
94 266
95 266
95 265
96 265
502 484
501 484
502 485
503 485
504 485
504 486
505 486
506 486
506 487
507 487
507 488
508 488
509 488
510 488
511 488
511 489
511 490
511 491
511 492
511 493
511 494
511 495
511 496
511 497
510 497
510 498
500 484
499 484
498 484
497 484
496 484
495 484
495 483
494 483
493 483
492 483
491 483
490 483
489 483
488 483
487 483
486 483
485 483
485 484
484 484
483 484
482 484
481 484
480 484
479 484
479 485
478 485
477 485
476 485
475 485
474 485
473 485
472 485
471 485
471 484
470 484
469 484
468 484
468 483
468 482
468 481
468 480
468 479
467 479
467 478
466 478
407 507
406 507
408 507
409 507
409 508
410 508
411 508
411 509
412 509
412 510
413 510
413 511
414 511
414 510
415 510
415 509
416 509
416 508
416 507
417 507
417 506
417 505
418 505
418 504
418 503
418 502
419 502
420 502
421 502
422 502
423 502
424 502
425 502
426 502
427 502
427 503
428 503
429 503
429 504
430 504
431 504
431 505
432 505
433 505
433 506
434 506
434 507
434 508
434 509
435 509
435 510
435 511
436 511
437 511
438 511
439 511
440 511
441 511
442 511
442 510
442 509
443 509
443 508
443 507
443 506
443 505
443 504
443 503
443 502
443 501
444 501
444 500
445 500
446 500
446 499
447 499
448 499
449 499
449 498
450 498
450 497
451 497
452 497
453 497
454 497
454 496
454 495
455 495
455 494
455 493
455 492
455 491
455 490
456 490
456 489
457 489
457 488
458 488
458 487
458 486
459 486
459 485
459 484
459 483
459 482
460 482
460 481
461 481
462 481
462 480
463 480
463 479
464 479
464 478
465 478
405 507
405 508
404 508
404 509
403 509
403 510
402 510
402 511
401 511
400 511
399 511
398 511
397 511
396 511
395 511
395 510
395 509
395 508
394 508
394 507
394 506
393 506
393 505
393 504
393 503
392 503
392 502
392 501
391 501
391 500
391 499
391 498
391 497
390 497
390 496
389 496
389 495
388 495
387 495
387 494
386 494
385 494
385 493
384 493
384 492
383 492
383 491
383 490
383 489
383 488
383 487
383 486
383 485
383 484
383 483
383 482
383 481
384 481
384 480
159 312
158 312
160 312
160 313
160 314
161 314
161 315
161 316
162 316
162 317
163 317
163 318
164 318
165 318
165 319
166 319
166 320
167 320
167 321
167 322
167 323
167 324
167 325
167 326
168 326
168 327
168 328
168 329
168 330
168 331
168 332
168 333
168 334
168 335
168 336
167 336
166 336
166 337
158 311
157 311
156 311
155 311
154 311
153 311
152 311
152 310
151 310
151 309
150 309
150 308
149 308
149 307
148 307
148 306
147 306
147 305
146 305
145 305
145 304
144 304
144 303
143 303
142 303
141 303
140 303
139 303
138 303
137 303
136 303
135 303
135 302
134 302
133 302
133 301
132 301
132 300
131 300
131 299
131 298
130 298
130 297
129 297
129 296
128 296
128 295
127 295
126 295
126 294
125 294
125 293
124 293
123 293
122 293
121 293
120 293
119 293
118 293
117 293
116 293
115 293
114 293
113 293
113 294
112 294
112 295
37 285
37 284
37 286
37 287
37 288
37 289
37 290
38 290
38 291
38 292
38 293
38 294
39 294
40 294
41 294
42 294
43 294
44 294
44 295
45 295
46 295
46 296
47 296
48 296
48 297
49 297
50 297
51 297
52 297
52 298
53 298
54 298
54 299
55 299
55 300
55 301
55 302
55 303
55 304
55 305
56 305
56 306
57 306
58 306
58 307
58 308
59 308
59 309
60 309
61 309
61 308
62 308
62 307
63 307
63 306
64 306
64 305
64 304
65 304
65 303
66 303
67 303
67 304
67 305
68 305
68 306
68 307
69 307
70 307
71 307
72 307
73 307
74 307
74 308
75 308
76 308
76 309
77 309
77 310
78 310
78 311
79 311
79 312
80 312
81 312
82 312
83 312
84 312
85 312
85 313
86 313
86 314
86 315
87 315
87 316
87 317
88 317
88 318
88 319
88 320
89 320
89 321
90 321
90 322
90 323
90 324
90 325
91 325
92 325
92 326
93 326
94 326
94 325
95 325
96 325
97 325
97 324
98 324
98 323
98 322
98 321
98 320
98 319
98 318
99 318
99 317
100 317
100 316
101 316
101 315
102 315
103 315
103 314
102 314
102 313
101 313
100 313
100 312
99 312
99 311
99 310
99 309
99 308
99 307
99 306
99 305
98 305
98 304
97 304
96 304
96 303
96 302
96 301
96 300
96 299
97 299
98 299
98 298
99 298
100 298
101 298
101 297
37 283
37 282
37 281
37 280
37 279
37 278
37 277
36 277
36 276
36 275
36 274
36 273
36 272
36 271
35 271
35 270
34 270
34 269
34 268
33 268
33 267
33 266
33 265
33 264
32 264
32 263
31 263
31 262
30 262
29 262
29 261
29 260
29 259
29 258
29 257
28 257
27 257
26 257
25 257
24 257
23 257
22 257
21 257
21 256
20 256
19 256
19 255
18 255
18 254
17 254
17 253
16 253
16 252
16 251
16 250
16 249
16 248
16 247
16 246
17 246
17 245
18 245
18 244
19 244
19 243
20 243
20 242
20 241
20 240
20 239
20 238
19 238
19 237
18 237
17 237
17 236
16 236
15 236
14 236
14 235
13 235
12 235
12 234
11 234
11 233
10 233
10 232
10 231
11 231
11 230
11 229
11 228
11 227
11 226
11 225
11 224
11 223
11 222
11 221
11 220
11 219
11 218
12 218
215 323
215 324
216 323
216 322
216 321
216 320
216 319
217 319
217 318
217 317
217 316
217 315
217 314
217 313
217 312
217 311
217 310
217 309
217 308
218 308
218 307
217 307
216 307
216 306
215 306
215 305
215 304
215 303
215 302
215 301
215 300
216 300
216 299
216 298
216 297
216 296
216 295
216 294
217 294
217 293
218 293
218 292
218 291
218 290
218 289
218 288
218 287
218 286
217 286
217 285
216 285
215 285
214 285
213 285
212 285
212 284
211 284
211 283
211 282
210 282
209 282
209 281
208 281
208 280
207 280
206 280
206 279
206 278
206 277
205 277
205 276
205 275
204 275
204 274
204 273
203 273
203 272
202 272
202 271
202 270
202 269
202 268
202 267
202 266
202 265
201 265
201 264
201 263
200 263
200 262
200 261
200 260
200 259
200 258
200 257
199 257
199 256
199 255
199 254
199 253
199 252
199 251
199 250
199 249
199 248
199 247
199 246
199 245
200 245
200 244
200 243
201 243
201 242
202 242
203 242
204 242
205 242
205 241
206 241
206 240
206 239
207 239
207 238
208 238
208 239
209 239
209 240
209 241
210 241
210 242
211 242
215 325
214 325
214 326
213 326
213 327
212 327
212 328
211 328
211 329
211 330
211 331
211 332
211 333
211 334
210 334
209 334
208 334
207 334
207 333
206 333
205 333
204 333
203 333
202 333
201 333
200 333
199 333
199 334
198 334
198 335
197 335
196 335
195 335
194 335
193 335
192 335
191 335
191 336
190 336
189 336
189 335
189 334
189 333
189 332
188 332
188 331
187 331
187 332
186 332
186 333
185 333
184 333
184 334
184 335
183 335
183 336
182 336
182 337
181 337
181 338
180 338
180 337
179 337
178 337
178 336
177 336
177 335
176 335
175 335
174 335
173 335
172 335
171 335
170 335
169 335
428 432
428 431
428 433
428 434
428 435
428 436
428 437
428 438
427 438
426 438
425 438
424 438
423 438
422 438
421 438
421 439
421 440
421 441
421 442
421 443
421 444
421 445
421 446
421 447
421 448
421 449
420 449
420 448
420 447
419 447
418 447
417 447
416 447
415 447
414 447
413 447
413 448
412 448
411 448
410 448
409 448
409 449
408 449
407 449
407 450
406 450
406 451
405 451
405 452
406 452
406 453
407 453
407 454
407 455
407 456
407 457
407 458
407 459
407 460
406 460
406 461
405 461
405 462
404 462
404 463
403 463
403 464
402 464
402 465
402 466
401 466
401 467
400 467
400 468
399 468
399 469
399 470
398 470
398 471
397 471
396 471
395 471
394 471
393 471
392 471
391 471
390 471
390 472
389 472
389 473
389 474
389 475
388 475
388 476
388 477
387 477
387 478
386 478
385 478
385 479
384 479
428 430
428 429
428 428
428 427
428 426
428 425
428 424
428 423
429 423
430 423
430 424
431 424
432 424
433 424
434 424
434 423
435 423
435 422
435 421
436 421
436 420
436 419
437 419
437 418
437 417
437 416
437 415
437 414
437 413
437 412
437 411
437 410
437 409
437 408
437 407
437 406
436 406
436 405
245 353
245 352
246 353
247 353
248 353
248 354
249 354
249 355
250 355
250 356
251 356
251 357
251 358
251 359
252 359
252 360
253 360
254 360
254 361
255 361
255 362
256 362
257 362
258 362
259 362
260 362
261 362
261 361
262 361
262 360
263 360
263 359
264 359
265 359
266 359
267 359
268 359
269 359
269 360
270 360
270 361
270 362
271 362
271 363
272 363
272 364
272 365
272 366
272 367
272 368
272 369
272 370
272 371
272 372
271 372
271 373
271 374
271 375
271 376
271 377
271 378
271 379
271 380
272 380
272 381
272 382
272 383
272 384
272 385
272 386
272 387
272 388
272 389
272 390
273 390
274 390
275 390
276 390
277 390
278 390
278 391
278 392
278 393
279 393
280 393
281 393
282 393
282 394
282 395
282 396
282 397
282 398
282 399
281 399
281 400
281 401
281 402
281 403
281 404
281 405
281 406
281 407
281 408
281 409
281 410
281 411
281 412
281 413
282 413
282 414
282 415
282 416
282 417
282 418
282 419
282 420
282 421
282 422
281 422
281 423
280 423
280 424
280 425
280 426
281 426
281 427
281 428
282 428
283 428
284 428
285 428
286 428
286 427
286 426
287 426
287 425
287 424
288 424
288 423
289 423
289 422
289 421
290 421
290 420
291 420
291 419
292 419
293 419
293 420
294 420
295 420
296 420
297 420
297 421
298 421
298 422
299 422
299 423
300 423
300 422
300 421
300 420
300 419
300 418
301 418
301 417
302 417
302 416
303 416
303 415
304 415
304 414
304 413
305 413
305 412
305 411
305 410
305 409
305 408
306 408
306 407
306 406
307 406
307 405
307 404
308 404
309 404
309 403
310 403
310 402
311 402
312 402
313 402
314 402
315 402
316 402
317 402
318 402
319 402
319 401
320 401
320 402
321 402
321 403
322 403
322 404
323 404
323 405
324 405
324 406
325 406
325 407
325 408
325 409
325 410
325 411
325 412
325 413
325 414
325 415
325 416
325 417
326 417
326 418
326 419
327 419
327 420
327 421
328 421
328 422
329 422
329 423
329 424
329 425
329 426
329 427
330 427
330 428
331 428
331 429
332 429
333 429
333 430
334 430
335 430
335 431
336 431
336 432
335 432
335 433
335 434
334 434
334 435
333 435
333 436
332 436
332 437
331 437
331 438
330 438
329 438
329 439
328 439
328 440
327 440
327 441
327 442
327 443
326 443
326 444
325 444
325 445
325 446
325 447
325 448
325 449
325 450
324 450
324 451
323 451
323 452
322 452
322 453
322 454
322 455
322 456
322 457
322 458
322 459
322 460
323 460
323 461
324 461
325 461
325 462
326 462
327 462
328 462
329 462
329 463
330 463
330 462
331 462
331 461
332 461
332 460
333 460
333 459
334 459
335 459
335 460
336 460
337 460
337 461
338 461
338 462
339 462
339 463
339 464
340 464
340 465
340 466
341 466
341 467
341 468
342 468
342 469
343 469
343 470
344 470
344 471
345 471
345 472
345 473
346 473
346 474
347 474
347 475
348 475
348 476
349 476
349 477
350 477
350 478
351 478
352 478
353 478
354 478
355 478
356 478
356 479
357 479
357 480
357 481
358 481
358 482
359 482
359 483
360 483
361 483
361 484
362 484
363 484
364 484
365 484
366 484
367 484
368 484
369 484
370 484
371 484
372 484
373 484
374 484
374 485
375 485
376 485
377 485
378 485
379 485
380 485
381 485
381 484
382 484
382 483
382 482
244 352
244 351
244 350
244 349
244 348
244 347
244 346
244 345
244 344
244 343
244 342
244 341
244 340
244 339
245 339
245 338
245 337
246 337
246 336
246 335
246 334
246 333
246 332
246 331
246 330
246 329
247 329
247 328
167 439
167 440
166 439
165 439
165 438
164 438
163 438
162 438
161 438
160 438
160 437
159 437
159 436
160 436
160 435
160 434
160 433
160 432
160 431
160 430
160 429
160 428
160 427
159 427
158 427
158 426
157 426
157 425
156 425
156 424
155 424
155 423
155 422
155 421
155 420
155 419
155 418
155 417
155 416
154 416
154 415
153 415
153 414
153 413
153 412
153 411
168 440
169 440
169 441
170 441
170 442
170 443
170 444
170 445
170 446
169 446
169 447
168 447
168 448
167 448
167 449
166 449
166 450
167 450
167 451
167 452
167 453
167 454
167 455
167 456
166 456
166 457
165 457
164 457
164 458
163 458
162 458
161 458
160 458
159 458
159 459
160 459
161 459
162 459
163 459
164 459
164 460
165 460
165 461
165 462
165 463
165 464
165 465
166 465
166 466
167 466
167 467
168 467
168 468
169 468
170 468
171 468
172 468
173 468
174 468
174 469
175 469
175 470
176 470
177 470
178 470
179 470
180 470
181 470
182 470
183 470
183 471
184 471
184 472
184 473
185 473
185 474
185 475
185 476
186 476
186 477
187 477
187 478
187 479
188 479
188 480
188 481
188 482
188 483
188 484
188 485
188 486
188 487
188 488
188 489
188 490
188 491
188 492
188 493
188 494
189 494
189 495
189 496
188 496
188 497
187 497
187 498
186 498
185 498
184 498
183 498
183 499
182 499
182 500
181 500
181 501
181 502
181 503
181 504
181 505
181 506
181 507
180 507
180 508
179 508
179 509
179 510
179 511
180 511
181 511
182 511
183 511
184 511
185 511
240 354
240 355
241 354
241 353
241 352
241 351
241 350
241 349
241 348
241 347
241 346
242 346
242 345
243 345
243 344
243 343
243 342
243 341
243 340
243 339
239 355
239 356
238 356
237 356
237 357
236 357
235 357
234 357
233 357
232 357
231 357
230 357
229 357
228 357
227 357
226 357
225 357
225 356
224 356
223 356
222 356
221 356
221 355
220 355
219 355
218 355
218 354
217 354
216 354
216 353
215 353
214 353
214 352
213 352
212 352
211 352
210 352
209 352
208 352
207 352
207 351
206 351
205 351
204 351
204 350
204 349
203 349
203 348
203 347
202 347
202 346
201 346
201 345
200 345
199 345
198 345
198 344
197 344
196 344
195 344
195 345
194 345
194 344
193 344
193 343
193 342
192 342
192 341
192 340
192 339
192 338
191 338
191 337
190 337
175 398
176 398
174 398
174 399
173 399
173 400
172 400
172 401
172 402
171 402
171 403
170 403
170 404
170 405
169 405
169 406
169 407
169 408
169 409
169 410
170 410
171 410
171 411
171 412
171 413
171 414
171 415
171 416
171 417
170 417
169 417
168 417
168 418
167 418
167 419
166 419
166 420
165 420
164 420
163 420
162 420
161 420
160 420
159 420
158 420
157 420
156 420
176 397
176 396
176 395
176 394
176 393
176 392
176 391
176 390
175 390
175 389
174 389
173 389
173 388
174 388
175 388
175 387
176 387
176 386
177 386
177 385
178 385
178 384
179 384
179 383
180 383
180 382
181 382
181 381
182 381
182 380
183 380
184 380
185 380
185 379
186 379
186 378
187 378
187 377
187 376
187 375
187 374
187 373
188 373
189 373
189 372
190 372
191 372
191 371
191 370
192 370
192 369
193 369
193 368
194 368
194 367
195 367
196 367
196 366
197 366
197 365
198 365
198 364
199 364
199 363
200 363
201 363
201 362
201 361
201 360
201 359
201 358
202 358
202 357
202 356
202 355
202 354
202 353
203 353
203 352
204 352
205 352
140 203
141 203
139 203
139 204
138 204
138 205
137 205
137 206
136 206
135 206
135 207
134 207
134 208
133 208
133 209
133 210
133 211
132 211
132 212
131 212
131 213
131 214
131 215
131 216
131 217
131 218
130 218
130 219
129 219
128 219
127 219
126 219
125 219
125 220
124 220
124 221
125 221
125 222
125 223
125 224
125 225
125 226
125 227
125 228
125 229
125 230
124 230
124 231
123 231
122 231
121 231
121 232
121 233
120 233
120 234
120 235
120 236
120 237
120 238
119 238
118 238
117 238
116 238
115 238
114 238
113 238
142 203
143 203
144 203
145 203
146 203
146 202
146 201
146 200
147 200
148 200
148 199
149 199
149 198
150 198
150 197
151 197
151 196
151 195
151 194
152 194
152 193
153 193
154 193
154 192
155 192
155 191
156 191
157 191
158 191
159 191
160 191
161 191
162 191
163 191
164 191
164 190
165 190
165 191
166 191
166 192
166 193
166 194
166 195
166 196
166 197
166 198
166 199
166 200
166 201
167 201
167 202
168 202
168 203
168 204
169 204
170 204
171 204
172 204
172 205
173 205
173 206
174 206
174 207
174 208
175 208
175 207
175 206
176 206
176 205
177 205
177 204
178 204
178 203
179 203
180 203
180 202
181 202
182 202
182 201
182 200
183 200
183 199
183 198
184 198
184 197
184 196
185 196
185 195
185 194
185 193
185 192
185 191
186 191
186 192
187 192
187 193
188 193
188 194
189 194
190 194
191 194
191 195
191 196
191 197
191 198
191 199
191 200
191 201
192 201
192 202
193 202
193 203
194 203
195 203
196 203
197 203
198 203
199 203
200 203
200 204
201 204
201 205
202 205
202 206
202 207
202 208
202 209
202 210
202 211
202 212
202 213
202 214
202 215
202 216
202 217
202 218
202 219
202 220
202 221
201 221
201 222
202 222
202 223
202 224
202 225
203 225
204 225
204 226
205 226
206 226
206 227
206 228
207 228
207 229
207 230
207 231
207 232
207 233
207 234
207 235
207 236
207 237
38 399
38 398
37 399
36 399
36 400
35 400
35 401
34 401
33 401
32 401
31 401
30 401
30 402
29 402
29 403
29 404
29 405
28 405
28 406
28 407
28 408
28 409
28 410
27 410
27 409
26 409
25 409
24 409
23 409
22 409
21 409
20 409
20 410
20 411
20 412
20 413
20 414
20 415
20 416
20 417
20 418
20 419
19 419
18 419
18 420
18 421
18 422
18 423
18 424
17 424
17 425
16 425
16 426
17 426
17 427
18 427
19 427
20 427
20 428
20 429
20 430
20 431
20 432
20 433
20 434
20 435
20 436
20 437
20 438
20 439
20 440
20 441
20 442
20 443
20 444
20 445
20 446
20 447
21 447
22 447
22 448
23 448
24 448
24 449
25 449
25 450
26 450
26 451
26 452
27 452
27 453
26 453
26 454
26 455
26 456
26 457
26 458
26 459
26 460
26 461
26 462
26 463
26 464
26 465
25 465
24 465
23 465
23 466
22 466
22 467
21 467
21 468
21 469
21 470
21 471
21 472
21 473
21 474
22 474
22 475
23 475
23 476
24 476
25 476
25 477
26 477
26 478
27 478
27 479
28 479
28 480
29 480
29 481
29 482
29 483
29 484
29 485
29 486
29 487
29 488
29 489
29 490
30 490
30 491
29 491
29 492
29 493
28 493
28 494
27 494
27 495
26 495
26 496
25 496
38 397
38 396
38 395
38 394
38 393
39 393
40 393
41 393
42 393
42 392
43 392
44 392
45 392
46 392
47 392
48 392
49 392
49 393
50 393
51 393
51 392
52 392
52 391
52 390
52 389
52 388
52 387
52 386
52 385
52 384
52 383
51 383
50 383
50 382
49 382
49 381
50 381
50 380
50 379
50 378
50 377
50 376
51 376
51 375
52 375
53 375
54 375
54 374
55 374
56 374
56 373
57 373
57 372
58 372
59 372
60 372
60 371
61 371
62 371
63 371
64 371
64 370
63 370
63 369
63 368
62 368
62 367
62 366
61 366
61 365
61 364
60 364
60 363
60 362
60 361
59 361
58 361
58 360
57 360
56 360
56 359
55 359
55 358
54 358
54 357
54 356
54 355
53 355
53 354
53 353
53 352
53 351
53 350
53 349
53 348
53 347
53 346
53 345
53 344
53 343
54 343
54 344
54 345
55 345
55 346
56 346
57 346
57 347
58 347
58 348
59 348
60 348
61 348
61 347
61 346
61 345
61 344
62 344
62 343
63 343
64 343
65 343
66 343
67 343
68 343
69 343
69 344
70 344
71 344
71 345
72 345
73 345
73 346
74 346
75 346
76 346
76 347
77 347
78 347
79 347
79 348
80 348
81 348
81 349
82 349
82 348
82 347
83 347
83 346
84 346
84 345
85 345
86 345
87 345
88 345
88 344
88 343
88 342
89 342
89 341
89 340
89 339
89 338
89 337
89 336
90 336
90 335
90 334
90 333
89 333
89 332
89 331
88 331
88 330
87 330
87 329
87 328
88 328
89 328
89 327
90 327
91 327
92 327
60 400
61 400
59 400
58 400
57 400
56 400
56 399
55 399
54 399
54 398
53 398
53 397
53 396
52 396
52 395
51 395
51 394
50 394
62 400
63 400
64 400
65 400
66 400
67 400
67 399
68 399
68 400
69 400
69 401
70 401
71 401
72 401
73 401
74 401
75 401
76 401
76 402
76 403
76 404
76 405
76 406
76 407
76 408
76 409
76 410
76 411
77 411
77 412
77 413
78 413
78 414
79 414
80 414
81 414
82 414
82 415
83 415
83 416
84 416
84 417
84 418
84 419
84 420
84 421
84 422
84 423
84 424
84 425
83 425
83 426
83 427
83 428
83 429
83 430
82 430
82 431
82 432
81 432
81 433
81 434
81 435
81 436
81 437
81 438
80 438
80 439
80 440
80 441
79 441
79 442
79 443
78 443
78 444
77 444
77 445
77 446
76 446
76 447
75 447
75 448
75 449
74 449
73 449
73 450
73 451
72 451
72 452
72 453
71 453
71 454
70 454
70 455
70 456
70 457
69 457
69 458
69 459
68 459
68 460
68 461
68 462
68 463
68 464
68 465
69 465
69 466
70 466
70 467
70 468
71 468
71 469
72 469
72 470
72 471
73 471
74 471
75 471
76 471
76 472
77 472
77 473
78 473
78 474
78 475
79 475
79 476
80 476
80 477
81 477
81 478
82 478
82 479
83 479
83 480
84 480
85 480
86 480
87 480
88 480
89 480
90 480
91 480
92 480
92 481
92 482
92 483
93 483
93 484
93 485
94 485
94 486
94 487
95 487
95 488
96 488
96 487
97 487
98 487
99 487
100 487
101 487
102 487
103 487
104 487
105 487
106 487
107 487
253 224
254 224
252 224
252 223
251 223
250 223
249 223
248 223
247 223
247 222
247 221
247 220
247 219
246 219
245 219
244 219
243 219
242 219
241 219
240 219
240 218
240 217
240 216
240 215
239 215
239 214
238 214
237 214
236 214
235 214
234 214
233 214
232 214
232 213
232 212
231 212
231 211
231 210
231 209
231 208
231 207
231 206
231 205
230 205
229 205
228 205
227 205
226 205
225 205
224 205
223 205
222 205
221 205
220 205
219 205
218 205
217 205
216 205
215 205
214 205
213 205
212 205
211 205
210 205
209 205
208 205
207 205
206 205
205 205
204 205
203 205
254 225
254 226
255 226
255 227
256 227
257 227
257 228
258 228
259 228
259 229
260 229
261 229
261 230
262 230
262 231
263 231
264 231
264 232
265 232
265 233
266 233
266 234
267 234
267 235
267 236
268 236
268 237
268 238
268 239
268 240
268 241
269 241
269 242
269 243
270 243
270 244
271 244
271 245
271 246
272 246
272 247
272 248
272 249
273 249
273 250
274 250
274 251
274 252
275 252
275 253
275 254
275 255
275 256
275 257
275 258
275 259
275 260
275 261
275 262
275 263
361 1
360 1
362 1
363 1
363 0
364 0
365 0
365 1
366 1
366 2
366 3
367 3
367 4
368 4
369 4
369 5
370 5
370 6
370 7
371 7
371 8
372 8
372 7
372 6
372 5
373 5
373 4
374 4
375 4
375 3
376 3
376 2
377 2
377 1
378 1
378 0
379 0
380 0
381 0
382 0
383 0
384 0
385 0
386 0
387 0
388 0
389 0
390 0
391 0
392 0
393 0
393 1
394 1
394 2
394 3
394 4
394 5
394 6
394 7
394 8
394 9
395 9
395 10
395 11
395 12
395 13
395 14
395 15
395 16
395 17
395 18
396 18
396 19
395 19
395 20
395 21
395 22
395 23
395 24
395 25
395 26
394 26
394 27
393 27
392 27
391 27
391 28
392 28
393 28
394 28
395 28
396 28
397 28
397 29
397 30
398 30
398 31
398 32
399 32
399 33
399 34
399 35
400 35
400 36
401 36
401 37
402 37
402 38
403 38
404 38
405 38
405 37
405 36
406 36
406 35
406 34
407 34
407 35
408 35
409 35
410 35
411 35
412 35
412 36
413 36
414 36
414 35
415 35
416 35
416 34
417 34
417 33
417 32
418 32
418 31
418 30
419 30
419 29
420 29
421 29
422 29
422 28
423 28
424 28
424 27
423 27
422 27
422 26
421 26
420 26
420 25
420 24
420 23
420 22
420 21
420 20
419 20
419 19
418 19
418 18
418 17
418 16
418 15
418 14
418 13
419 13
420 13
420 14
421 14
422 14
423 14
424 14
425 14
426 14
426 13
427 13
428 13
428 12
428 11
428 10
428 9
428 8
428 7
429 7
429 6
430 6
430 5
430 4
430 3
431 3
431 2
431 1
432 1
433 1
434 1
435 1
435 0
436 0
437 0
438 0
439 0
440 0
441 0
442 0
443 0
444 0
445 0
446 0
447 0
448 0
449 0
450 0
451 0
452 0
452 1
452 2
452 3
452 4
452 5
452 6
452 7
452 8
452 9
452 10
452 11
453 11
453 12
454 12
455 12
456 12
457 12
458 12
459 12
460 12
461 12
462 12
463 12
464 12
465 12
465 11
466 11
467 11
467 10
468 10
359 1
358 1
357 1
356 1
356 0
355 0
354 0
354 1
353 1
352 1
351 1
350 1
350 2
349 2
349 3
348 3
347 3
347 4
346 4
346 5
345 5
345 6
345 7
344 7
344 8
343 8
343 9
343 10
342 10
342 11
341 11
341 12
340 12
339 12
339 13
338 13
337 13
336 13
335 13
334 13
334 14
333 14
332 14
332 15
331 15
330 15
329 15
328 15
327 15
326 15
325 15
324 15
323 15
323 16
322 16
322 15
321 15
320 15
319 15
319 14
318 14
317 14
317 13
316 13
315 13
314 13
313 13
312 13
312 12
311 12
311 11
310 11
310 10
309 10
309 9
309 8
309 7
309 6
308 6
308 7
307 7
306 7
305 7
304 7
303 7
302 7
301 7
300 7
299 7
299 6
298 6
297 6
297 7
296 7
295 7
294 7
293 7
292 7
291 7
291 6
290 6
290 5
289 5
288 5
288 4
287 4
286 4
286 3
285 3
285 2
284 2
284 1
283 1
282 1
281 1
280 1
279 1
279 0
278 0
253 91
254 91
252 91
251 91
250 91
249 91
248 91
248 92
247 92
246 92
245 92
245 91
244 91
243 91
243 90
242 90
241 90
240 90
240 89
239 89
238 89
237 89
237 88
236 88
235 88
235 89
234 89
233 89
232 89
231 89
230 89
229 89
228 89
227 89
226 89
225 89
224 89
223 89
222 89
222 88
221 88
220 88
219 88
218 88
217 88
216 88
215 88
215 89
214 89
213 89
213 90
212 90
211 90
211 91
210 91
210 92
210 93
209 93
209 94
208 94
207 94
206 94
205 94
204 94
203 94
202 94
202 93
202 92
201 92
201 91
200 91
200 90
199 90
198 90
197 90
196 90
195 90
194 90
193 90
192 90
191 90
191 89
190 89
190 88
189 88
189 87
189 86
188 86
188 85
188 84
188 83
187 83
187 82
186 82
186 81
185 81
185 80
185 79
184 79
184 78
184 77
183 77
183 76
182 76
181 76
180 76
179 76
178 76
178 77
177 77
176 77
175 77
174 77
173 77
172 77
171 77
170 77
170 76
169 76
169 77
169 78
169 79
169 80
169 81
169 82
169 83
169 84
169 85
169 86
169 87
169 88
168 88
168 89
167 89
167 90
167 91
168 91
168 92
168 93
169 93
169 94
169 95
170 95
170 96
171 96
171 97
172 97
172 98
173 98
174 98
175 98
175 99
176 99
176 100
177 100
178 100
178 101
178 102
179 102
179 103
180 103
181 103
182 103
183 103
184 103
185 103
186 103
187 103
187 104
188 104
189 104
189 105
190 105
191 105
191 106
192 106
193 106
193 107
192 107
191 107
190 107
190 108
190 109
190 110
190 111
190 112
190 113
190 114
191 114
191 115
191 116
191 117
191 118
191 119
191 120
191 121
191 122
191 123
191 124
191 125
190 125
190 126
189 126
189 127
188 127
188 128
189 128
190 128
191 128
192 128
193 128
194 128
195 128
196 128
197 128
197 129
197 130
198 130
198 131
198 132
198 133
198 134
198 135
198 136
198 137
197 137
197 138
196 138
196 139
195 139
194 139
193 139
193 140
192 140
192 141
192 142
192 143
191 143
191 144
190 144
190 145
189 145
188 145
187 145
186 145
185 145
184 145
183 145
182 145
182 146
181 146
180 146
180 147
179 147
179 148
178 148
178 149
178 150
178 151
178 152
178 153
178 154
178 155
178 156
179 156
179 157
180 157
180 158
181 158
181 159
182 159
182 160
183 160
184 160
184 161
185 161
185 162
186 162
186 163
187 163
187 164
187 165
187 166
187 167
187 168
188 168
188 169
189 169
189 170
190 170
190 171
191 171
191 172
192 172
192 173
192 174
192 175
192 176
192 177
192 178
192 179
192 180
192 181
192 182
192 183
192 184
192 185
192 186
192 187
191 187
191 188
190 188
189 188
188 188
187 188
186 188
185 188
184 188
183 188
182 188
182 189
181 189
181 190
181 191
182 191
183 191
184 191
254 90
255 90
256 90
256 89
257 89
258 89
259 89
259 90
260 90
261 90
261 91
262 91
262 92
263 92
263 93
264 93
265 93
266 93
267 93
268 93
269 93
270 93
271 93
271 92
272 92
272 91
273 91
273 90
274 90
274 89
274 88
274 87
274 86
274 85
274 84
274 83
274 82
274 81
274 80
275 80
276 80
276 79
277 79
277 78
277 77
277 76
277 75
277 74
277 73
277 72
278 72
278 71
279 71
279 70
280 70
281 70
281 69
282 69
283 69
283 68
284 68
284 67
285 67
285 66
285 65
285 64
286 64
286 63
287 63
288 63
288 62
289 62
289 61
290 61
290 60
290 59
290 58
290 57
290 56
290 55
289 55
289 54
289 53
288 53
288 52
288 51
288 50
288 49
288 48
288 47
288 46
288 45
289 45
290 45
290 44
289 44
288 44
288 43
287 43
286 43
285 43
284 43
283 43
282 43
281 43
280 43
279 43
279 42
278 42
278 41
277 41
277 40
277 39
277 38
277 37
277 36
277 35
277 34
277 33
277 32
277 31
277 30
277 29
278 29
278 28
278 27
279 27
279 26
280 26
280 25
281 25
281 24
281 23
282 23
282 22
282 21
283 21
283 20
283 19
283 18
283 17
283 16
283 15
284 15
284 14
284 13
284 12
283 12
282 12
281 12
280 12
280 11
279 11
279 10
278 10
278 9
277 9
277 8
277 7
277 6
277 5
277 4
277 3
277 2
277 1
277 0
