482 40
482 41
481 40
481 39
481 38
481 37
481 36
480 36
480 35
480 34
479 34
479 33
478 33
478 32
478 31
478 30
478 29
478 28
478 27
477 27
477 26
477 25
477 24
477 23
476 23
476 22
475 22
474 22
473 22
472 22
471 22
471 21
470 21
482 42
483 42
483 43
483 44
483 45
483 46
483 47
484 47
484 48
483 48
483 49
482 49
481 49
480 49
479 49
478 49
478 50
479 50
479 51
479 52
479 53
479 54
480 54
480 55
481 55
481 56
482 56
483 56
484 56
485 56
485 57
486 57
487 57
488 57
489 57
490 57
491 57
492 57
492 56
493 56
493 55
494 55
495 55
495 54
495 53
496 53
496 52
497 52
497 51
498 51
498 50
499 50
499 49
500 49
500 48
501 48
510 42
509 42
510 43
511 43
511 44
511 45
511 46
511 47
511 48
511 49
511 50
511 51
511 52
511 53
510 53
510 54
510 55
510 56
510 57
510 58
509 58
508 58
508 59
507 59
507 60
506 60
505 60
504 60
503 60
502 60
501 60
500 60
499 60
498 60
498 59
497 59
497 58
496 58
496 57
495 57
494 57
493 57
509 41
509 40
509 39
509 38
509 37
509 36
508 36
508 35
508 34
507 34
507 33
433 77
434 77
432 77
431 77
430 77
429 77
429 76
428 76
428 75
427 75
426 75
425 75
424 75
423 75
422 75
421 75
421 74
420 74
420 73
420 72
419 72
419 71
418 71
418 70
418 69
417 69
435 77
436 77
437 77
438 77
439 77
440 77
440 76
441 76
441 75
442 75
443 75
444 75
445 75
446 75
447 75
448 75
448 74
449 74
449 73
450 73
450 72
451 72
451 71
451 70
452 70
453 70
454 70
455 70
456 70
457 70
458 70
458 69
458 68
458 67
459 67
460 67
461 67
462 67
462 66
463 66
463 65
464 65
464 64
463 64
463 63
463 62
463 61
463 60
464 60
465 60
465 59
466 59
466 58
467 58
468 58
468 57
468 56
468 55
468 54
468 53
468 52
467 52
467 51
467 50
467 49
467 48
468 48
469 48
470 48
471 48
472 48
473 48
474 48
474 47
475 47
475 48
476 48
476 49
477 49
467 165
467 164
467 166
467 167
466 167
466 168
465 168
464 168
464 169
463 169
463 170
462 170
461 170
461 171
460 171
459 171
459 172
458 172
457 172
456 172
456 173
455 173
455 174
454 174
453 174
452 174
451 174
451 175
450 175
449 175
449 176
449 177
448 177
448 178
448 179
447 179
447 180
447 181
447 182
447 183
447 184
447 185
448 185
448 186
449 186
450 186
451 186
451 187
452 187
453 187
453 188
454 188
455 188
455 189
456 189
456 190
456 191
456 192
457 192
457 193
458 193
459 193
459 194
460 194
460 195
460 196
460 197
461 197
461 198
462 198
462 199
463 199
463 200
464 200
464 201
465 201
465 202
465 203
465 204
465 205
465 206
465 207
465 208
465 209
465 210
465 211
464 211
464 212
464 213
464 214
464 215
465 215
465 216
466 216
466 217
467 217
467 218
468 218
468 219
469 219
469 220
469 221
470 221
470 222
470 223
470 224
471 224
471 225
472 225
472 226
472 227
473 227
473 228
473 229
474 229
474 230
474 231
474 232
474 233
474 234
474 235
474 236
474 237
474 238
467 163
467 162
467 161
467 160
467 159
467 158
467 157
468 157
468 156
469 156
470 156
471 156
472 156
473 156
474 156
475 156
476 156
477 156
478 156
479 156
480 156
481 156
481 157
482 157
482 158
482 159
483 159
484 159
484 160
485 160
486 160
487 160
488 160
488 161
489 161
489 162
490 162
490 163
491 163
491 164
492 164
492 163
493 163
494 163
495 163
495 162
496 162
496 161
496 160
496 159
496 158
497 158
497 157
498 157
498 156
499 156
499 155
500 155
500 154
501 154
502 154
503 154
503 153
504 153
504 152
505 152
506 152
506 151
507 151
508 151
509 151
510 151
511 151
511 150
511 149
511 148
511 147
511 146
511 145
510 145
509 145
508 145
507 145
506 145
506 144
505 144
504 144
503 144
503 143
503 142
503 141
503 140
503 139
504 139
505 139
505 138
506 138
506 137
507 137
507 136
508 136
508 135
508 134
508 133
508 132
508 131
508 130
508 129
507 129
507 128
506 128
505 128
504 128
504 127
505 127
506 127
507 127
507 126
507 125
507 124
507 123
507 122
507 121
507 120
507 119
507 118
506 118
506 117
505 117
504 117
503 117
502 117
501 117
500 117
500 116
500 115
499 115
499 114
498 114
498 113
497 113
497 112
496 112
495 112
495 111
494 111
494 110
493 110
493 109
492 109
491 109
491 108
490 108
490 107
489 107
488 107
488 106
487 106
486 106
486 105
485 105
484 105
484 104
483 104
483 103
483 102
483 101
483 100
483 99
483 98
483 97
483 96
483 95
483 94
483 93
483 92
484 92
485 92
486 92
487 92
488 92
489 92
489 93
490 93
491 93
492 93
492 92
493 92
493 91
494 91
495 91
496 91
496 90
497 90
497 89
498 89
498 88
498 87
499 87
499 86
500 86
500 85
501 85
501 84
502 84
502 83
502 82
502 81
502 80
502 79
502 78
502 77
502 76
502 75
503 75
503 74
503 73
504 73
504 72
504 71
505 71
506 71
507 71
508 71
508 70
509 70
509 69
510 69
511 69
511 68
511 67
511 66
511 65
511 64
511 63
511 62
510 62
510 61
509 61
508 61
508 60
511 266
511 267
511 265
511 264
511 263
511 262
511 261
511 260
511 259
511 258
511 257
511 256
511 255
511 254
511 253
511 252
511 251
511 250
511 249
511 248
511 247
511 246
510 246
509 246
509 245
508 245
508 244
509 244
509 243
509 242
509 241
509 240
509 239
509 238
509 237
509 236
509 235
510 235
511 235
511 234
510 234
509 234
509 233
509 232
509 231
509 230
509 229
509 228
509 227
509 226
509 225
509 224
509 223
509 222
509 221
509 220
510 220
510 219
511 219
511 218
511 217
510 217
510 216
510 215
509 215
508 215
508 214
508 213
507 213
507 212
507 211
507 210
507 209
507 208
507 207
508 207
508 206
508 205
509 205
509 204
509 203
509 202
509 201
509 200
509 199
509 198
509 197
509 196
509 195
510 195
510 194
510 193
510 192
510 191
510 190
511 190
511 189
511 188
511 187
511 186
511 185
511 184
511 183
511 182
511 181
511 180
510 180
510 179
509 179
509 178
509 177
509 176
509 175
509 174
509 173
509 172
509 171
510 171
510 170
509 170
509 169
508 169
508 168
507 168
507 167
507 166
506 166
506 165
506 164
506 163
506 162
507 162
508 162
509 162
510 162
511 162
511 161
511 160
511 159
511 158
511 157
511 156
511 155
511 154
511 153
511 152
511 268
511 269
511 270
511 271
511 272
511 273
511 274
511 275
511 276
511 277
511 278
511 279
511 280
511 281
511 282
511 283
511 284
511 285
511 286
511 287
511 288
511 289
511 290
511 291
511 292
511 293
511 294
