444 450
444 451
445 450
446 450
447 450
447 449
448 449
449 449
449 448
450 448
443 451
442 451
441 451
441 452
441 453
440 453
440 454
440 455
439 455
439 456
401 200
402 200
400 200
399 200
399 201
398 201
398 202
397 202
397 201
396 201
395 201
394 201
393 201
392 201
391 201
390 201
389 201
388 201
387 201
386 201
385 201
384 201
383 201
383 202
382 202
381 202
380 202
379 202
379 203
379 204
379 205
379 206
378 206
378 207
377 207
376 207
375 207
374 207
373 207
372 207
372 208
372 209
372 210
371 210
371 211
371 212
403 200
404 200
405 200
406 200
406 199
407 199
407 198
408 198
409 198
409 197
434 461
435 461
433 461
433 462
432 462
431 462
430 462
429 462
428 462
427 462
427 463
428 463
429 463
429 464
429 465
429 466
429 467
429 468
429 469
430 469
430 470
430 471
430 472
430 473
430 474
430 475
430 476
429 476
436 461
437 461
437 460
437 459
438 459
438 458
438 457
439 457
455 490
454 490
455 491
455 492
456 492
456 493
457 493
458 493
459 493
460 493
461 493
461 494
462 494
463 494
464 494
464 495
454 489
454 488
453 488
453 487
452 487
452 486
451 486
451 485
450 485
450 484
449 484
449 483
449 482
449 481
449 480
449 479
448 479
447 479
446 479
445 479
444 479
444 478
444 477
444 476
443 476
443 475
443 474
442 474
441 474
441 473
440 473
440 472
439 472
438 472
437 472
436 472
435 472
434 472
433 472
433 473
432 473
432 474
431 474
431 475
436 486
437 486
435 486
435 487
434 487
434 488
434 489
434 490
434 491
434 492
434 493
434 494
434 495
434 496
433 496
438 486
439 486
440 486
441 486
442 486
442 485
442 484
443 484
443 483
443 482
443 481
443 480
444 480
406 439
407 439
405 439
404 439
403 439
402 439
401 439
400 439
399 439
399 440
398 440
397 440
397 441
397 442
396 442
408 439
409 439
410 439
411 439
411 438
412 438
412 437
413 437
452 499
451 499
452 498
453 498
454 498
454 497
455 497
455 496
456 496
457 496
458 496
459 496
460 496
461 496
462 496
462 495
463 495
451 500
451 501
450 501
450 502
449 502
449 503
449 504
448 504
448 505
447 505
447 506
446 506
445 506
444 506
443 506
442 506
441 506
440 506
439 506
439 505
438 505
438 504
438 503
437 503
437 502
436 502
436 501
436 500
435 500
435 499
435 498
434 498
434 497
506 310
505 310
506 311
507 311
507 312
508 312
508 313
509 313
509 314
510 314
511 314
511 315
511 316
511 317
511 318
511 319
510 319
509 319
508 319
507 319
507 320
506 320
506 321
505 321
504 321
503 321
502 321
501 321
500 321
499 321
498 321
497 321
496 321
496 320
495 320
495 319
494 319
494 318
494 317
494 316
494 315
494 314
494 313
493 313
493 314
493 315
492 315
491 315
490 315
489 315
488 315
488 316
488 317
487 317
487 318
487 319
486 319
486 320
486 321
485 321
484 321
483 321
482 321
481 321
480 321
479 321
479 320
478 320
478 319
477 319
477 320
476 320
475 320
474 320
473 320
472 320
471 320
470 320
469 320
468 320
467 320
466 320
465 320
464 320
463 320
462 320
505 309
505 308
504 308
504 307
503 307
503 306
502 306
502 305
502 304
502 303
502 302
502 301
502 300
502 299
502 298
502 297
502 296
449 430
449 429
449 431
449 432
448 432
448 433
448 434
448 435
447 435
447 436
447 437
446 437
446 438
446 439
446 440
446 441
446 442
446 443
446 444
447 444
447 445
448 445
448 446
448 447
449 447
449 428
449 427
449 426
449 425
450 425
450 424
450 423
451 423
451 422
451 421
451 420
451 419
450 419
450 418
450 417
450 416
450 415
450 414
450 413
451 413
451 412
452 412
452 411
453 411
453 410
454 410
454 409
454 408
454 407
453 407
453 406
453 405
452 405
452 404
452 403
451 403
451 402
451 401
451 400
451 399
451 398
451 397
451 396
451 395
450 395
449 395
448 395
418 169
417 169
419 169
420 169
421 169
422 169
423 169
424 169
424 170
425 170
425 171
426 171
427 171
427 172
428 172
428 173
429 173
429 172
430 172
430 171
431 171
432 171
432 170
432 169
432 168
432 167
432 166
432 165
433 165
433 164
434 164
434 163
435 163
435 162
436 162
436 161
437 161
438 161
438 160
439 160
440 160
441 160
442 160
443 160
443 161
444 161
445 161
446 161
447 161
448 161
449 161
450 161
451 161
452 161
453 161
454 161
455 161
456 161
457 161
457 160
416 169
415 169
414 169
413 169
413 168
412 168
412 167
411 167
411 166
410 166
409 166
408 166
407 166
406 166
405 166
405 167
404 167
404 168
403 168
403 169
402 169
402 170
401 170
401 171
400 171
400 172
400 173
400 174
400 175
400 176
400 177
399 177
398 177
397 177
397 178
396 178
396 179
395 179
395 180
395 181
395 182
395 183
395 184
394 184
394 185
393 185
393 186
393 187
392 187
392 188
391 188
391 189
390 189
390 190
389 190
389 191
389 192
389 193
389 194
389 195
389 196
389 197
389 198
388 198
388 199
387 199
386 199
386 200
385 200
384 200
478 464
478 465
477 464
476 464
475 464
474 464
473 464
473 463
473 462
472 462
472 461
471 461
471 460
470 460
469 460
469 459
469 458
469 457
469 456
469 455
469 454
468 454
467 454
466 454
465 454
464 454
463 454
463 455
463 456
462 456
462 457
461 457
461 458
461 459
461 460
461 461
461 462
461 463
461 464
460 464
460 465
460 466
459 466
459 467
458 467
458 468
458 469
458 470
458 471
458 472
457 472
457 473
456 473
455 473
455 474
454 474
454 475
453 475
452 475
452 476
451 476
451 477
450 477
450 478
449 478
479 465
480 465
481 465
482 465
483 465
483 466
484 466
485 466
485 467
486 467
487 467
487 468
488 468
488 469
489 469
490 469
490 470
491 470
492 470
493 470
493 471
494 471
494 472
495 472
495 473
496 473
496 474
497 474
497 475
497 476
497 477
497 478
497 479
497 480
498 480
498 481
498 482
498 483
498 484
498 485
498 486
499 486
500 486
500 487
501 487
501 488
501 489
501 490
502 490
502 491
503 491
504 491
505 491
505 492
505 493
506 493
506 494
506 495
507 495
507 496
507 497
507 498
507 499
507 500
508 500
508 501
509 501
509 502
509 503
509 504
509 505
509 506
509 507
509 508
510 508
511 508
491 485
490 485
492 485
493 485
494 485
495 485
496 485
497 485
497 486
489 485
488 485
487 485
486 485
485 485
484 485
483 485
482 485
481 485
481 486
481 487
481 488
481 489
481 490
481 491
481 492
481 493
482 493
482 494
482 495
482 496
483 496
483 497
483 498
482 498
482 499
482 500
482 501
482 502
482 503
482 504
482 505
482 506
482 507
482 508
481 508
481 509
480 509
480 510
479 510
479 511
478 511
477 511
476 511
475 511
474 511
473 511
472 511
471 511
470 511
470 510
469 510
469 509
468 509
468 508
467 508
467 507
467 506
467 505
467 504
467 503
467 502
467 501
467 500
467 499
467 498
467 497
467 496
466 496
465 496
465 495
440 306
440 305
440 307
440 308
440 309
440 310
441 310
441 311
441 312
442 312
442 313
443 313
443 314
444 314
444 315
445 315
445 316
445 317
446 317
446 318
446 319
446 320
447 320
447 321
447 322
448 322
448 323
448 324
449 324
449 325
450 325
451 325
452 325
453 325
454 325
455 325
456 325
456 324
457 324
457 323
458 323
458 322
459 322
460 322
460 321
461 321
461 320
440 304
439 304
439 303
439 302
439 301
439 300
439 299
440 299
440 298
441 298
441 297
442 297
442 296
443 296
443 295
443 294
444 294
444 293
445 293
446 293
447 293
447 292
446 292
446 291
445 291
444 291
444 290
444 289
444 288
444 287
444 286
444 285
444 284
444 283
444 282
444 281
443 281
443 280
442 280
442 279
442 278
441 278
441 277
440 277
440 276
441 276
441 275
441 274
441 273
441 272
442 272
442 271
443 271
443 270
448 265
448 264
448 266
448 267
447 267
446 267
446 268
445 268
444 268
444 269
443 269
449 264
449 263
450 263
450 262
451 262
451 261
452 261
453 261
453 260
453 259
453 258
454 258
455 258
456 258
457 258
458 258
459 258
460 258
461 258
461 257
462 257
463 257
464 257
465 257
466 257
467 257
468 257
469 257
469 256
468 256
468 255
467 255
466 255
466 254
466 253
466 252
466 251
465 251
465 250
464 250
464 249
464 248
464 247
463 247
463 246
463 245
462 245
462 244
462 243
462 242
462 241
463 241
463 240
463 239
464 239
464 238
465 238
465 237
465 236
464 236
464 235
464 234
464 233
464 232
464 231
464 230
464 229
464 228
464 227
464 226
464 225
464 224
464 223
464 222
464 221
464 220
464 219
464 218
465 218
465 219
465 220
466 220
467 220
468 220
469 220
469 221
470 221
471 221
471 222
472 222
472 223
472 224
472 225
473 225
473 224
473 223
474 223
475 223
475 222
476 222
476 221
477 221
477 220
478 220
478 219
478 218
478 217
478 216
478 215
479 215
480 215
480 216
481 216
482 216
483 216
484 216
485 216
486 216
486 217
487 217
487 218
488 218
489 218
489 217
490 217
490 216
491 216
492 216
493 216
494 216
495 216
496 216
496 215
497 215
394 362
395 362
393 362
393 363
392 363
392 364
391 364
391 365
391 366
390 366
390 367
390 368
389 368
389 369
388 369
388 370
388 371
388 372
388 373
388 374
388 375
389 375
390 375
390 376
391 376
392 376
392 377
392 378
391 378
390 378
389 378
388 378
387 378
387 379
386 379
386 380
385 380
385 381
384 381
384 382
383 382
382 382
381 382
380 382
380 383
380 384
380 385
380 386
380 387
380 388
380 389
381 389
381 390
396 362
397 362
397 361
398 361
399 361
399 360
400 360
401 360
402 360
402 361
403 361
403 362
404 362
404 363
405 363
405 364
406 364
407 364
408 364
409 364
410 364
410 363
411 363
411 362
411 361
411 360
412 360
412 359
413 359
414 359
414 358
415 358
415 357
416 357
416 356
416 355
416 354
416 353
416 352
416 351
417 351
418 351
419 351
419 350
420 350
420 349
420 348
421 348
421 347
422 347
423 347
423 346
424 346
425 346
426 346
427 346
428 346
429 346
430 346
431 346
431 345
432 345
432 344
432 343
432 342
433 342
434 342
434 341
435 341
435 340
436 340
437 340
437 339
372 243
373 243
371 243
370 243
370 244
369 244
368 244
368 245
367 245
366 245
366 246
365 246
364 246
364 247
363 247
363 248
363 249
363 250
363 251
374 243
375 243
376 243
377 243
378 243
378 242
378 241
378 240
378 239
377 239
376 239
376 238
375 238
375 237
375 236
375 235
375 234
375 233
376 233
376 232
377 232
377 231
378 231
378 230
379 230
379 229
380 229
380 228
381 228
382 228
382 227
383 227
383 226
382 226
382 225
382 224
382 223
382 222
382 221
381 221
381 220
380 220
379 220
379 219
378 219
378 218
378 217
378 216
378 215
378 214
378 213
378 212
378 211
378 210
378 209
378 208
476 392
476 391
476 393
475 393
474 393
474 394
473 394
472 394
472 395
472 396
471 396
471 397
470 397
470 398
469 398
468 398
468 399
467 399
467 400
466 400
466 401
466 402
465 402
465 403
465 404
464 404
463 404
462 404
461 404
460 404
459 404
458 404
458 405
457 405
457 406
456 406
456 407
455 407
455 408
477 391
477 390
478 390
478 389
479 389
479 388
480 388
480 387
481 387
482 387
483 387
484 387
484 386
485 386
486 386
487 386
488 386
489 386
489 385
490 385
490 384
491 384
492 384
492 383
493 383
493 382
494 382
495 382
495 381
495 380
495 379
495 378
495 377
495 376
495 375
495 374
496 374
422 197
422 198
423 197
424 197
425 197
426 197
426 196
427 196
427 195
428 195
428 194
429 194
429 193
430 193
430 192
431 192
432 192
432 191
432 190
432 189
432 188
433 188
433 187
434 187
434 186
435 186
435 185
435 184
435 183
435 182
435 181
435 180
435 179
435 178
435 177
435 176
435 175
434 175
433 175
432 175
431 175
430 175
430 174
429 174
421 198
421 199
420 199
420 200
419 200
418 200
417 200
416 200
415 200
414 200
413 200
412 200
411 200
411 199
410 199
410 198
421 159
421 158
421 160
421 161
421 162
421 163
421 164
421 165
421 166
421 167
422 167
422 168
423 168
421 157
421 156
421 155
420 155
420 154
420 153
419 153
406 376
406 375
406 377
406 378
406 379
405 379
404 379
403 379
402 379
401 379
400 379
399 379
398 379
397 379
396 379
395 379
395 378
394 378
394 377
393 377
406 374
407 374
407 373
407 372
407 371
407 370
407 369
407 368
407 367
407 366
407 365
408 365
434 323
433 323
434 322
435 322
436 322
437 322
437 321
438 321
439 321
439 320
440 320
441 320
442 320
443 320
444 320
444 319
444 318
444 317
444 316
432 323
431 323
431 324
431 325
430 325
430 326
430 327
430 328
429 328
429 329
429 330
428 330
428 331
428 332
427 332
427 333
428 333
428 334
429 334
429 335
429 336
429 337
429 338
429 339
430 339
431 339
432 339
433 339
434 339
435 339
436 339
486 195
486 196
487 195
487 194
488 194
488 193
489 193
489 192
489 191
489 190
489 189
489 188
489 187
489 186
488 186
487 186
486 186
485 186
484 186
483 186
482 186
482 185
482 184
483 184
483 183
483 182
484 182
484 181
485 181
485 180
486 180
487 180
487 179
488 179
488 178
488 177
488 176
488 175
488 174
488 173
488 172
489 172
490 172
491 172
491 171
490 171
489 171
488 171
487 171
486 171
486 170
485 170
485 169
485 168
485 167
484 167
484 166
484 165
483 165
483 164
482 164
481 164
480 164
479 164
478 164
477 164
476 164
475 164
474 164
473 164
472 164
472 163
471 163
471 162
470 162
470 161
469 161
468 161
468 160
467 160
466 160
465 160
464 160
463 160
462 160
461 160
460 160
459 160
458 160
485 196
484 196
484 197
483 197
483 198
483 199
483 200
483 201
483 202
483 203
483 204
483 205
483 206
483 207
484 207
485 207
486 207
487 207
488 207
489 207
489 208
490 208
490 209
490 210
490 211
490 212
490 213
490 214
490 215
393 251
392 251
394 251
395 251
396 251
396 250
397 250
397 249
398 249
398 248
399 248
391 251
390 251
389 251
388 251
388 250
388 249
388 248
388 247
388 246
388 245
388 244
388 243
388 242
387 242
387 241
387 240
387 239
387 238
387 237
387 236
387 235
387 234
387 233
388 233
388 232
387 232
387 231
387 230
386 230
386 229
385 229
385 228
384 228
384 227
479 363
479 364
478 363
478 362
477 362
476 362
475 362
475 361
474 361
474 360
474 359
473 359
473 358
473 357
472 357
472 356
471 356
471 355
470 355
470 354
470 353
469 353
469 352
469 351
468 351
468 350
467 350
466 350
465 350
464 350
463 350
463 351
462 351
462 352
461 352
460 352
460 353
459 353
458 353
458 354
457 354
456 354
456 355
455 355
455 356
454 356
453 356
452 356
451 356
450 356
449 356
448 356
448 357
447 357
446 357
446 358
445 358
445 359
445 360
444 360
444 361
445 361
445 362
445 363
446 363
446 364
446 365
446 366
446 367
446 368
445 368
445 369
444 369
443 369
442 369
441 369
440 369
439 369
438 369
437 369
437 370
436 370
435 370
435 371
434 371
433 371
432 371
432 372
432 373
432 374
432 375
432 376
431 376
431 377
430 377
430 376
429 376
429 375
429 374
429 373
428 373
428 372
427 372
426 372
425 372
424 372
423 372
422 372
421 372
420 372
419 372
419 373
418 373
417 373
416 373
416 372
416 371
416 370
415 370
415 369
414 369
414 368
413 368
413 367
412 367
412 366
411 366
411 365
410 365
479 365
479 366
479 367
479 368
480 368
480 369
480 370
481 370
481 371
482 371
482 372
483 372
484 372
484 373
485 373
485 374
485 375
485 376
485 377
485 378
484 378
483 378
482 378
481 378
481 379
480 379
480 380
480 381
480 382
480 383
480 384
480 385
481 385
481 386
482 386
333 401
333 400
334 401
335 401
335 402
336 402
337 402
338 402
339 402
340 402
341 402
342 402
342 403
342 404
343 404
343 405
344 405
344 406
345 406
345 407
346 407
346 408
347 408
347 409
347 410
347 411
347 412
347 413
347 414
347 415
347 416
347 417
348 417
349 417
350 417
351 417
351 418
352 418
353 418
353 419
354 419
354 418
355 418
355 417
356 417
357 417
358 417
359 417
360 417
361 417
362 417
363 417
364 417
364 416
364 415
364 414
364 413
364 412
364 411
364 410
364 409
364 408
364 407
364 406
364 405
364 404
365 404
365 403
365 402
366 402
366 401
366 400
367 400
367 399
368 399
368 398
369 398
369 397
370 397
370 396
371 396
371 395
371 394
372 394
372 393
372 392
373 392
374 392
374 391
375 391
376 391
377 391
378 391
379 391
380 391
380 390
332 400
331 400
330 400
330 399
329 399
328 399
327 399
327 398
326 398
325 398
325 397
324 397
324 396
324 395
324 394
323 394
323 393
323 392
322 392
322 391
322 390
321 390
321 389
321 388
321 387
320 387
320 386
320 385
319 385
319 384
319 383
318 383
318 382
318 381
317 381
317 380
316 380
316 379
315 379
314 379
314 378
313 378
313 377
312 377
311 377
311 376
310 376
310 377
309 377
309 378
308 378
307 378
307 379
306 379
306 380
306 381
305 381
305 382
304 382
303 382
302 382
301 382
301 381
300 381
299 381
299 380
298 380
298 379
298 378
297 378
296 378
295 378
294 378
293 378
292 378
291 378
290 378
289 378
288 378
288 377
287 377
286 377
285 377
285 376
285 375
285 374
285 373
285 372
285 371
285 370
285 369
444 244
443 244
445 244
446 244
446 245
447 245
448 245
449 245
449 246
450 246
450 247
451 247
451 248
451 249
451 250
451 251
451 252
451 253
451 254
451 255
452 255
452 256
453 256
453 257
442 244
441 244
441 243
440 243
440 242
440 241
440 240
440 239
440 238
441 238
442 238
443 238
444 238
445 238
446 238
447 238
448 238
449 238
450 238
451 238
452 238
452 237
453 237
453 236
453 235
453 234
453 233
453 232
453 231
453 230
452 230
452 229
451 229
451 228
450 228
449 228
449 227
448 227
448 226
447 226
446 226
445 226
444 226
443 226
443 225
442 225
442 224
441 224
440 224
439 224
438 224
437 224
436 224
435 224
434 224
433 224
432 224
431 224
430 224
430 223
429 223
429 222
428 222
427 222
427 223
426 223
426 224
426 225
425 225
425 226
424 226
424 227
424 228
424 229
424 230
423 230
423 231
422 231
421 231
420 231
419 231
419 232
418 232
417 232
416 232
415 232
414 232
413 232
413 233
413 234
413 235
414 235
414 236
414 237
415 237
415 238
415 239
416 239
416 240
415 240
415 241
415 242
414 242
414 243
414 244
413 244
413 245
412 245
412 246
412 247
411 247
411 248
410 248
410 249
409 249
408 249
407 249
406 249
405 249
404 249
403 249
402 249
401 249
400 249
399 249
390 409
390 410
390 408
390 407
390 406
390 405
390 404
390 403
390 402
390 401
389 401
388 401
388 400
388 399
387 399
387 398
386 398
386 397
385 397
385 396
384 396
384 395
384 394
384 393
383 393
383 392
383 391
382 391
382 390
390 411
390 412
389 412
388 412
387 412
386 412
385 412
384 412
383 412
382 412
381 412
380 412
379 412
378 412
377 412
377 411
376 411
375 411
375 410
374 410
373 410
372 410
372 411
371 411
370 411
369 411
368 411
367 411
366 411
365 411
365 410
405 455
406 455
405 454
404 454
404 453
404 452
403 452
403 451
402 451
402 450
402 449
402 448
402 447
402 446
401 446
401 445
400 445
400 444
399 444
398 444
398 443
397 443
407 455
408 455
409 455
409 454
410 454
410 453
411 453
411 452
412 452
412 451
413 451
414 451
415 451
416 451
417 451
418 451
419 451
420 451
421 451
422 451
423 451
423 450
424 450
425 450
425 449
426 449
426 448
427 448
428 448
429 448
429 447
430 447
431 447
432 447
433 447
434 447
435 447
436 447
437 447
437 448
438 448
438 449
438 450
438 451
438 452
438 453
438 454
439 454
412 219
412 218
412 220
412 221
412 222
412 223
413 223
413 224
413 225
413 226
413 227
413 228
413 229
413 230
413 231
412 217
412 216
412 215
412 214
413 214
414 214
414 213
415 213
416 213
417 213
417 212
418 212
419 212
419 211
420 211
420 210
421 210
421 209
421 208
421 207
422 207
422 206
423 206
423 205
422 205
422 204
421 204
421 203
421 202
421 201
420 201
489 330
489 331
489 329
489 328
489 327
489 326
488 326
488 325
488 324
488 323
488 322
488 321
487 321
487 320
489 332
489 333
489 334
489 335
490 335
490 336
489 336
488 336
487 336
486 336
485 336
484 336
483 336
483 337
483 338
483 339
483 340
483 341
483 342
484 342
484 343
484 344
483 344
482 344
482 345
481 345
481 346
480 346
480 347
480 348
479 348
479 349
479 350
479 351
479 352
478 352
478 353
477 353
477 354
476 354
476 355
475 355
475 356
474 356
474 357
474 358
399 414
398 414
400 414
401 414
402 414
403 414
404 414
405 414
405 415
406 415
407 415
408 415
409 415
410 415
410 414
410 413
410 412
410 411
410 410
410 409
411 409
411 408
412 408
413 408
414 408
414 407
415 407
415 406
416 406
416 405
417 405
417 404
417 403
418 403
419 403
420 403
420 402
420 401
421 401
421 400
422 400
422 399
423 399
423 398
424 398
424 397
425 397
425 396
426 396
427 396
427 395
428 395
428 396
429 396
429 397
430 397
430 398
431 398
431 399
432 399
432 400
433 400
434 400
435 400
436 400
437 400
438 400
438 401
439 401
440 401
441 401
442 401
442 402
442 403
442 404
442 405
443 405
443 406
444 406
444 405
445 405
445 404
445 403
445 402
445 401
445 400
445 399
445 398
445 397
446 397
446 396
447 396
447 395
397 414
397 415
396 415
396 416
395 416
395 417
394 417
393 417
393 418
392 418
391 418
390 418
390 417
389 417
388 417
388 416
388 415
388 414
387 414
387 413
386 413
465 48
465 47
465 49
466 49
466 50
467 50
467 51
467 52
468 52
468 53
468 54
467 54
467 55
467 56
467 57
467 58
467 59
467 60
467 61
466 61
466 62
465 62
465 63
464 63
464 64
463 64
463 65
462 65
462 66
461 66
461 67
461 68
460 68
460 69
460 70
459 70
459 71
458 71
457 71
457 72
457 73
456 73
456 74
455 74
455 75
455 76
454 76
454 77
465 46
465 45
465 44
465 43
464 43
464 42
463 42
463 41
462 41
499 282
499 281
498 282
498 283
497 283
497 284
497 285
496 285
496 286
496 287
496 288
496 289
496 290
496 291
496 292
496 293
496 294
497 294
498 294
499 294
499 295
500 295
501 295
501 296
499 280
499 279
499 278
500 278
500 277
501 277
502 277
502 276
503 276
504 276
505 276
506 276
507 276
508 276
509 276
510 276
510 277
510 278
510 279
510 280
510 281
511 281
511 282
476 123
476 122
475 123
475 124
474 124
474 125
473 125
472 125
471 125
470 125
470 126
469 126
469 127
468 127
467 127
467 128
466 128
466 129
465 129
464 129
464 130
463 130
462 130
462 131
461 131
461 132
461 133
460 133
460 134
460 135
460 136
460 137
460 138
460 139
460 140
461 140
461 141
462 141
462 142
463 142
463 143
463 144
463 145
463 146
463 147
463 148
463 149
463 150
463 151
463 152
464 152
464 153
465 153
465 154
465 155
465 156
465 157
465 158
465 159
466 159
467 159
476 121
476 120
476 119
476 118
476 117
476 116
476 115
476 114
476 113
477 113
477 112
392 288
392 289
392 287
392 286
393 286
394 286
395 286
395 285
396 285
396 284
396 283
396 282
396 281
396 280
396 279
396 278
395 278
394 278
394 277
393 277
392 277
391 277
390 277
389 277
388 277
388 276
387 276
387 275
387 274
387 273
387 272
387 271
386 271
386 270
385 270
385 269
384 269
383 269
383 268
382 268
381 268
380 268
379 268
379 267
380 267
381 267
381 266
382 266
382 265
382 264
382 263
382 262
383 262
383 261
382 261
382 260
382 259
382 258
382 257
381 257
381 256
382 256
382 255
383 255
383 254
384 254
385 254
385 253
386 253
387 253
387 252
388 252
392 290
392 291
392 292
393 292
393 293
394 293
394 294
394 295
394 296
394 297
394 298
395 298
395 299
396 299
396 300
396 301
397 301
397 302
397 303
398 303
398 304
397 304
397 305
397 306
396 306
396 307
396 308
395 308
395 309
395 310
394 310
394 311
395 311
396 311
396 312
397 312
397 313
398 313
398 314
398 315
398 316
399 316
399 317
400 317
400 318
401 318
402 318
402 319
403 319
403 320
404 320
405 320
406 320
406 321
407 321
407 322
407 323
407 324
407 325
407 326
408 326
409 326
409 327
409 328
409 329
409 330
409 331
409 332
409 333
410 333
411 333
412 333
413 333
414 333
414 332
415 332
416 332
417 332
418 332
418 331
419 331
419 330
420 330
420 331
421 331
421 332
422 332
423 332
424 332
425 332
426 332
382 449
382 448
382 450
382 451
382 452
382 453
382 454
381 454
381 455
382 447
382 446
382 445
382 444
383 444
383 443
384 443
385 443
386 443
387 443
388 443
389 443
390 443
391 443
392 443
393 443
394 443
395 443
396 443
400 493
400 494
400 492
400 491
400 490
400 489
399 489
399 488
399 487
399 486
399 485
399 484
399 483
399 482
399 481
399 480
399 479
399 478
400 478
401 478
402 478
402 477
403 477
404 477
404 476
405 476
406 476
407 476
408 476
409 476
410 476
411 476
412 476
413 476
413 477
414 477
415 477
415 476
416 476
417 476
418 476
419 476
420 476
420 477
421 477
422 477
423 477
424 477
425 477
426 477
427 477
428 477
429 477
400 495
400 496
400 497
399 497
398 497
397 497
396 497
395 497
395 498
394 498
393 498
393 497
392 497
392 496
392 495
392 494
392 493
392 492
392 491
392 490
391 490
391 491
390 491
389 491
388 491
387 491
386 491
385 491
384 491
384 490
383 490
383 491
382 491
381 491
380 491
379 491
378 491
377 491
377 492
376 492
375 492
374 492
373 492
372 492
371 492
370 492
369 492
368 492
368 491
367 491
367 490
366 490
365 490
365 489
364 489
364 488
363 488
328 492
329 492
328 493
327 493
326 493
325 493
324 493
324 494
323 494
322 494
322 495
321 495
320 495
320 496
319 496
319 497
318 497
318 498
317 498
317 499
316 499
316 500
315 500
314 500
314 501
315 501
315 502
316 502
317 502
317 503
317 504
317 505
317 506
318 506
318 507
319 507
319 508
330 492
331 492
332 492
332 491
333 491
333 490
333 489
333 488
334 488
334 487
335 487
335 486
336 486
337 486
338 486
339 486
340 486
341 486
342 486
343 486
344 486
345 486
345 485
346 485
346 486
347 486
347 487
348 487
349 487
349 488
350 488
351 488
352 488
352 487
353 487
354 487
355 487
356 487
357 487
358 487
359 487
360 487
361 487
362 487
362 488
468 415
468 416
468 414
468 413
468 412
468 411
468 410
468 409
468 408
468 407
467 407
467 406
466 406
466 405
465 405
467 416
467 417
467 418
466 418
466 419
466 420
466 421
466 422
466 423
466 424
466 425
467 425
467 426
468 426
468 427
469 427
469 428
324 373
323 373
325 373
326 373
327 373
327 372
328 372
328 373
329 373
329 374
329 375
330 375
330 376
331 376
331 377
331 378
332 378
332 377
333 377
334 377
335 377
336 377
337 377
338 377
339 377
340 377
341 377
342 377
342 378
343 378
344 378
344 379
345 379
345 378
346 378
346 377
347 377
347 376
348 376
348 375
348 374
349 374
349 373
350 373
350 372
351 372
352 372
353 372
354 372
354 371
355 371
355 370
356 370
357 370
357 369
358 369
359 369
359 370
360 370
361 370
361 371
362 371
362 372
362 373
362 374
362 375
362 376
362 377
363 377
363 376
363 375
363 374
363 373
364 373
365 373
366 373
367 373
368 373
369 373
370 373
371 373
372 373
373 373
374 373
375 373
376 373
377 373
378 373
379 373
380 373
380 372
381 372
381 373
382 373
383 373
384 373
385 373
386 373
386 374
387 374
387 375
322 373
321 373
321 374
320 374
320 375
319 375
319 376
319 377
318 377
318 378
318 379
317 379
310 495
310 496
309 495
308 495
308 494
307 494
307 493
306 493
306 492
306 491
306 490
305 490
305 489
304 489
303 489
302 489
301 489
310 497
310 498
310 499
311 499
311 500
312 500
313 500
418 425
418 426
418 424
418 423
418 422
418 421
418 420
418 419
417 419
417 418
417 417
417 416
417 415
417 414
417 413
417 412
417 411
416 411
416 410
415 410
414 410
413 410
412 410
411 410
419 426
420 426
420 427
421 427
422 427
422 428
423 428
424 428
424 429
425 429
425 430
425 431
425 432
425 433
425 434
425 435
425 436
425 437
424 437
424 438
424 439
424 440
424 441
424 442
425 442
425 443
425 444
425 445
425 446
425 447
425 448
438 132
438 133
438 131
438 130
438 129
437 129
437 128
436 128
436 127
436 126
435 126
435 125
434 125
434 124
433 124
432 124
432 123
431 123
430 123
430 122
429 122
428 122
428 121
427 121
427 120
426 120
426 119
425 119
425 118
424 118
424 117
423 117
423 116
423 115
422 115
421 115
420 115
419 115
419 114
418 114
417 114
417 113
416 113
438 134
438 135
438 136
438 137
438 138
438 139
438 140
438 141
438 142
439 142
439 143
440 143
440 144
441 144
442 144
443 144
443 145
444 145
444 146
445 146
445 147
446 147
446 148
447 148
447 149
448 149
448 150
449 150
450 150
451 150
452 150
453 150
454 150
454 151
455 151
456 151
457 151
458 151
459 151
460 151
461 151
462 151
462 152
300 367
301 367
299 367
298 367
297 367
296 367
295 367
294 367
293 367
292 367
291 367
290 367
289 367
289 368
288 368
287 368
287 369
286 369
302 367
303 367
304 367
305 367
306 367
306 366
306 365
306 364
306 363
306 362
306 361
306 360
306 359
306 358
307 358
307 357
429 36
430 36
428 36
427 36
426 36
425 36
425 37
424 37
423 37
422 37
422 38
422 39
422 40
422 41
421 41
421 42
421 43
420 43
420 44
420 45
420 46
419 46
419 47
418 47
417 47
416 47
415 47
414 47
413 47
412 47
411 47
411 48
410 48
410 49
431 36
432 36
432 35
433 35
434 35
434 34
435 34
436 34
437 34
437 33
438 33
438 32
439 32
439 31
439 30
440 30
440 29
440 28
440 27
440 26
440 25
441 25
441 24
442 24
442 25
443 25
443 26
444 26
444 27
445 27
445 28
445 29
445 30
445 31
445 32
445 33
445 34
446 34
446 35
446 36
446 37
446 38
446 39
447 39
448 39
449 39
449 40
450 40
450 41
451 41
451 42
452 42
452 41
453 41
454 41
455 41
456 41
457 41
458 41
459 41
460 41
461 41
418 122
419 122
418 123
417 123
417 124
417 125
417 126
417 127
417 128
417 129
416 129
420 122
421 122
422 122
423 122
424 122
425 122
426 122
427 122
367 265
367 266
367 264
366 264
366 263
365 263
365 262
364 262
363 262
363 261
363 260
363 259
363 258
363 257
363 256
363 255
363 254
363 253
363 252
367 267
367 268
367 269
367 270
367 271
367 272
366 272
365 272
365 273
364 273
363 273
363 274
362 274
361 274
361 275
360 275
359 275
359 276
358 276
357 276
357 277
356 277
356 278
355 278
354 278
353 278
352 278
351 278
350 278
349 278
348 278
348 279
347 279
347 280
347 281
346 281
345 281
345 282
344 282
343 282
342 282
341 282
340 282
340 283
339 283
338 283
338 284
337 284
337 285
337 286
336 286
336 287
336 288
335 288
335 287
334 287
334 286
334 285
334 284
334 283
334 282
334 281
334 280
334 279
334 278
334 277
334 276
334 275
333 275
333 274
333 273
333 272
333 271
333 270
332 270
332 271
331 271
330 271
329 271
328 271
327 271
326 271
325 271
324 271
323 271
323 272
322 272
322 273
321 273
337 328
338 328
336 328
335 328
334 328
333 328
332 328
332 327
331 327
331 326
330 326
329 326
328 326
327 326
327 325
326 325
325 325
325 324
324 324
324 323
323 323
323 322
323 321
322 321
322 320
321 320
321 319
321 318
320 318
320 317
319 317
319 316
318 316
317 316
316 316
315 316
314 316
314 315
315 315
316 315
317 315
318 315
319 315
320 315
321 315
322 315
323 315
324 315
324 314
325 314
325 313
325 312
326 312
326 311
326 310
326 309
327 309
327 308
328 308
328 307
329 307
329 306
330 306
330 305
330 304
331 304
331 303
331 302
332 302
332 301
333 301
333 300
334 300
335 300
335 299
336 299
336 298
336 297
336 296
336 295
336 294
336 293
336 292
336 291
336 290
336 289
335 289
339 328
340 328
341 328
341 329
342 329
343 329
344 329
344 330
345 330
345 331
346 331
257 426
257 425
257 427
257 428
258 428
258 429
258 430
259 430
259 431
259 432
260 432
260 433
260 434
260 435
260 436
260 437
261 437
261 438
261 439
262 439
262 440
263 440
263 441
264 441
265 441
266 441
267 441
268 441
269 441
270 441
270 442
271 442
271 443
271 444
271 445
271 446
272 446
273 446
274 446
275 446
276 446
277 446
277 445
278 445
279 445
279 444
280 444
281 444
282 444
282 443
283 443
284 443
284 444
285 444
286 444
287 444
288 444
289 444
290 444
290 443
290 442
290 441
290 440
290 439
290 438
289 438
289 437
290 437
290 436
291 436
292 436
293 436
294 436
295 436
296 436
296 435
297 435
297 436
298 436
299 436
300 436
301 436
302 436
303 436
304 436
305 436
306 436
307 436
308 436
308 435
308 434
309 434
309 435
310 435
310 436
310 437
311 437
311 438
312 438
312 439
313 439
313 440
314 440
314 441
315 441
315 442
315 443
315 444
315 445
315 446
316 446
316 447
316 448
316 449
316 450
317 450
318 450
319 450
320 450
321 450
322 450
323 450
324 450
325 450
326 450
327 450
328 450
329 450
330 450
330 449
330 448
330 447
330 446
330 445
330 444
330 443
330 442
330 441
330 440
330 439
331 439
331 440
332 440
333 440
333 441
334 441
334 442
335 442
336 442
337 442
338 442
339 442
340 442
340 441
341 441
342 441
343 441
344 441
345 441
346 441
347 441
348 441
348 442
349 442
349 441
349 440
349 439
349 438
349 437
348 437
348 436
347 436
347 435
346 435
346 434
346 433
345 433
345 432
345 431
345 430
345 429
345 428
345 427
345 426
345 425
346 425
346 424
346 423
347 423
347 422
347 421
347 420
347 419
347 418
348 418
349 418
350 418
257 424
257 423
256 423
256 422
255 422
255 421
254 421
254 420
253 420
299 418
299 417
298 418
298 419
298 420
297 420
297 421
297 422
297 423
297 424
297 425
296 425
296 426
295 426
295 427
295 428
294 428
294 429
294 430
294 431
294 432
294 433
295 433
295 434
296 434
300 417
301 417
301 416
302 416
302 415
303 415
303 414
304 414
304 413
304 412
304 411
304 410
304 409
304 408
304 407
304 406
304 405
304 404
304 403
304 402
304 401
304 400
304 399
304 398
304 397
304 396
303 396
303 395
303 394
302 394
302 393
302 392
303 392
303 391
304 391
304 390
304 389
304 388
304 387
304 386
304 385
304 384
304 383
299 454
299 455
299 453
299 452
299 451
300 451
300 450
301 450
301 449
302 449
302 448
302 447
303 447
303 446
303 445
304 445
304 444
305 444
306 444
307 444
308 444
309 444
310 444
311 444
312 444
313 444
314 444
299 456
299 457
299 458
298 458
297 458
296 458
295 458
295 459
295 460
294 460
294 461
294 462
293 462
293 463
293 464
292 464
292 465
291 465
291 466
292 466
292 467
292 468
292 469
292 470
292 471
292 472
292 473
292 474
292 475
292 476
293 476
293 477
294 477
294 478
295 478
295 479
296 479
296 480
297 480
298 480
298 481
299 481
300 481
300 482
300 483
300 484
300 485
300 486
300 487
300 488
300 489
420 89
419 89
420 90
420 91
421 91
421 92
422 92
422 93
423 93
424 93
424 94
425 94
425 95
426 95
426 96
427 96
427 97
428 97
428 98
428 99
428 100
429 100
429 101
429 102
429 103
429 104
429 105
429 106
429 107
429 108
429 109
428 109
428 110
427 110
427 111
426 111
426 112
425 112
424 112
424 113
423 113
422 113
421 113
420 113
419 113
418 113
419 88
418 88
418 87
417 87
416 87
416 86
416 85
417 85
417 84
417 83
417 82
417 81
417 80
417 79
417 78
417 77
417 76
417 75
416 75
416 74
452 88
452 89
452 87
452 86
452 85
452 84
451 84
451 83
451 82
452 82
452 81
452 80
452 79
453 79
453 78
453 77
452 90
453 90
453 91
454 91
455 91
455 92
456 92
456 93
457 93
457 94
457 95
457 96
457 97
457 98
457 99
456 99
456 100
455 100
455 101
454 101
454 102
454 103
453 103
452 103
452 104
451 104
451 105
450 105
449 105
449 106
448 106
448 107
448 108
447 108
447 109
446 109
445 109
444 109
443 109
442 109
441 109
441 108
440 108
439 108
439 107
439 106
438 106
437 106
436 106
435 106
434 106
433 106
432 106
431 106
430 106
430 107
255 442
256 442
254 442
253 442
252 442
252 441
251 441
251 440
250 440
249 440
257 442
258 442
259 442
259 441
260 441
260 440
261 440
270 499
270 498
270 500
270 501
270 502
270 503
270 504
271 504
271 505
272 505
270 497
270 496
271 496
271 495
271 494
272 494
273 494
274 494
275 494
275 495
276 495
277 495
278 495
279 495
280 495
281 495
282 495
283 495
284 495
284 494
284 493
283 493
283 492
282 492
282 491
282 490
282 489
282 488
282 487
282 486
282 485
282 484
282 483
282 482
283 482
283 481
283 480
283 479
284 479
284 478
284 477
285 477
285 476
286 476
287 476
288 476
289 476
290 476
291 476
291 475
338 335
337 335
339 335
340 335
341 335
342 335
342 334
343 334
343 333
344 333
344 332
345 332
336 335
335 335
334 335
334 336
334 337
333 337
333 338
332 338
332 339
331 339
330 339
329 339
328 339
327 339
327 340
327 341
327 342
327 343
327 344
327 345
327 346
328 346
328 347
329 347
329 348
329 349
329 350
329 351
329 352
329 353
329 354
329 355
330 355
330 356
331 356
332 356
332 357
331 357
330 357
329 357
328 357
327 357
327 358
326 358
326 357
325 357
324 357
323 357
322 357
321 357
320 357
319 357
318 357
317 357
316 357
315 357
314 357
313 357
312 357
311 357
310 357
309 357
308 357
326 63
326 64
327 63
327 62
328 62
328 61
328 60
329 60
329 59
329 58
330 58
330 57
331 57
331 56
332 56
332 55
333 55
333 54
334 54
335 54
336 54
337 54
338 54
339 54
339 53
340 53
340 52
340 51
341 51
341 50
341 49
341 48
342 48
342 47
342 46
342 45
342 44
342 43
342 42
342 41
343 41
343 40
344 40
344 39
345 39
346 39
346 38
325 64
324 64
323 64
322 64
321 64
320 64
319 64
318 64
317 64
317 65
316 65
316 66
315 66
315 67
315 68
314 68
314 69
314 70
314 71
314 72
314 73
314 74
315 74
316 74
317 74
317 75
318 75
318 76
319 76
319 77
320 77
321 77
321 78
322 78
322 79
323 79
324 79
324 80
325 80
325 81
325 82
325 83
326 83
326 82
327 82
327 81
327 80
327 79
328 79
328 78
329 78
329 77
330 77
330 76
330 75
331 75
356 346
357 346
355 346
354 346
354 345
353 345
352 345
352 344
351 344
351 343
350 343
349 343
349 342
348 342
347 342
346 342
346 341
345 341
344 341
343 341
343 340
342 340
342 339
342 338
342 337
342 336
358 346
359 346
360 346
361 346
361 347
361 348
361 349
361 350
360 350
360 351
360 352
360 353
360 354
360 355
360 356
360 357
360 358
360 359
359 359
358 359
357 359
356 359
356 360
356 361
356 362
356 363
356 364
356 365
356 366
356 367
356 368
356 369
286 101
286 102
286 100
286 99
286 98
286 97
286 96
286 95
287 95
287 94
287 93
288 93
288 92
288 91
289 91
290 91
290 90
291 90
291 89
292 89
292 88
293 88
293 87
294 87
285 102
285 103
285 104
285 105
285 106
284 106
284 107
284 108
283 108
283 109
283 110
282 110
374 26
375 26
373 26
372 26
371 26
370 26
369 26
368 26
368 25
367 25
367 24
366 24
366 23
365 23
365 22
364 22
364 21
363 21
362 21
362 20
361 20
360 20
360 19
359 19
358 19
357 19
357 20
356 20
355 20
355 21
354 21
354 22
354 23
354 24
354 25
354 26
354 27
354 28
354 29
354 30
354 31
353 31
353 32
352 32
352 33
351 33
351 34
350 34
350 35
349 35
349 36
348 36
348 37
347 37
347 38
376 26
376 25
377 25
377 24
377 23
378 23
378 22
379 22
379 21
379 20
380 20
380 19
380 18
381 18
381 17
382 17
383 17
384 17
384 18
384 19
384 20
384 21
384 22
384 23
384 24
384 25
385 25
386 25
387 25
388 25
389 25
390 25
391 25
392 25
393 25
393 26
394 26
394 27
395 27
396 27
397 27
398 27
399 27
399 28
400 28
401 28
402 28
403 28
404 28
405 28
405 27
406 27
406 26
406 25
407 25
408 25
409 25
410 25
411 25
412 25
413 25
413 24
414 24
415 24
416 24
417 24
418 24
418 23
419 23
420 23
421 23
422 23
423 23
423 24
424 24
425 24
425 25
425 26
425 27
425 28
425 29
425 30
424 30
424 31
423 31
423 32
423 33
423 34
423 35
423 36
342 315
342 316
343 315
344 315
344 314
345 314
345 313
346 313
346 312
347 312
347 311
348 311
341 316
340 316
340 317
339 317
339 318
338 318
337 318
336 318
335 318
334 318
333 318
332 318
331 318
330 318
330 317
329 317
328 317
328 316
327 316
327 315
326 315
326 314
326 313
262 141
262 142
262 140
262 139
262 138
262 137
262 136
262 135
262 134
263 134
263 133
264 133
264 132
265 132
266 132
267 132
268 132
269 132
270 132
270 131
270 130
270 129
270 128
271 128
271 127
272 127
272 126
272 125
273 125
273 124
274 124
274 123
274 122
275 122
275 121
275 120
276 120
276 119
276 118
276 117
276 116
276 115
276 114
276 113
277 113
277 112
278 112
279 112
280 112
280 111
281 111
282 111
262 143
261 143
261 144
260 144
260 145
259 145
259 146
258 146
257 146
257 147
256 147
255 147
254 147
253 147
252 147
251 147
251 148
250 148
209 426
208 426
210 426
211 426
212 426
213 426
214 426
215 426
215 427
216 427
216 428
216 429
217 429
217 430
218 430
218 431
219 431
220 431
221 431
222 431
223 431
223 432
223 433
224 433
224 434
224 435
225 435
225 436
226 436
226 437
226 438
226 439
226 440
226 441
226 442
226 443
225 443
225 444
225 445
225 446
225 447
225 448
226 448
226 449
227 449
227 450
228 450
228 451
229 451
230 451
230 452
231 452
232 452
232 453
233 453
234 453
235 453
236 453
237 453
237 452
238 452
238 451
239 451
240 451
240 450
241 450
241 449
241 448
241 447
241 446
241 445
241 444
242 444
242 443
242 442
243 442
243 441
243 440
243 439
244 439
245 439
246 439
247 439
248 439
249 439
207 426
206 426
205 426
205 425
205 424
204 424
204 423
203 423
203 422
366 68
366 69
366 67
365 67
365 66
364 66
363 66
363 65
362 65
362 64
361 64
361 63
360 63
360 62
360 61
360 60
360 59
360 58
359 58
358 58
358 59
358 60
358 61
358 62
358 63
357 63
356 63
356 64
355 64
355 65
355 66
354 66
354 67
354 68
354 69
354 70
354 71
355 71
355 72
355 73
356 73
356 74
356 75
356 76
356 77
356 78
356 79
357 79
357 80
358 80
358 81
359 81
359 82
359 83
360 83
360 84
361 84
361 85
362 85
362 86
363 86
363 87
364 87
364 88
365 88
365 89
366 89
366 90
367 90
367 91
368 91
368 92
368 93
369 93
369 94
369 95
369 96
369 97
369 98
369 99
369 100
370 100
370 101
371 101
371 102
372 102
373 102
374 102
375 102
376 102
377 102
378 102
379 102
380 102
381 102
381 103
382 103
382 104
383 104
383 105
384 105
384 106
385 106
386 106
386 107
387 107
387 108
388 108
389 108
390 108
391 108
392 108
392 107
393 107
393 106
394 106
395 106
395 105
396 105
397 105
397 104
398 104
399 104
400 104
401 104
402 104
403 104
404 104
404 103
405 103
405 102
405 101
405 100
405 99
405 98
405 97
405 96
406 96
406 95
406 94
406 93
406 92
406 91
407 91
407 90
408 90
408 89
408 88
409 88
410 88
410 87
411 87
412 87
413 87
413 86
414 86
415 86
366 70
366 71
367 71
367 70
368 70
369 70
370 70
371 70
372 70
373 70
374 70
375 70
375 71
376 71
376 72
377 72
377 73
378 73
378 74
378 75
378 76
378 77
377 77
377 78
377 79
376 79
376 80
376 81
375 81
375 82
374 82
374 83
374 84
373 84
373 85
373 86
373 87
373 88
373 89
373 90
372 90
371 90
371 91
370 91
370 92
369 92
311 100
311 101
311 99
312 99
312 98
312 97
312 96
312 95
313 95
313 94
313 93
314 93
311 102
311 103
311 104
311 105
311 106
310 106
309 106
308 106
307 106
306 106
305 106
304 106
303 106
302 106
302 107
301 107
301 108
300 108
300 107
299 107
299 106
298 106
298 105
297 105
296 105
296 104
296 103
296 102
296 101
295 101
295 100
294 100
294 99
293 99
292 99
291 99
290 99
289 99
289 98
288 98
288 97
288 96
288 95
288 94
320 189
319 189
321 189
322 189
323 189
323 190
324 190
324 191
324 192
325 192
325 193
325 194
326 194
326 195
327 195
328 195
329 195
330 195
331 195
332 195
333 195
334 195
335 195
335 194
335 193
336 193
336 192
337 192
338 192
338 193
338 194
338 195
338 196
338 197
338 198
338 199
338 200
338 201
339 201
339 202
339 203
340 203
340 204
341 204
342 204
343 204
344 204
345 204
346 204
347 204
348 204
348 205
348 206
349 206
349 207
349 208
350 208
350 209
351 209
351 210
352 210
352 211
353 211
353 212
353 213
354 213
354 214
354 215
355 215
355 216
356 216
356 217
357 217
358 217
358 218
359 218
360 218
361 218
362 218
363 218
364 218
365 218
366 218
367 218
368 218
368 217
368 216
369 216
369 215
369 214
370 214
370 213
371 213
318 189
317 189
316 189
315 189
314 189
313 189
312 189
312 190
311 190
311 189
311 188
311 187
311 186
311 185
311 184
311 183
311 182
311 181
311 180
310 180
309 180
309 179
310 179
311 179
312 179
313 179
314 179
314 178
315 178
315 177
316 177
316 176
317 176
317 175
318 175
318 174
318 173
318 172
318 171
318 170
318 169
318 168
318 167
318 166
318 165
318 164
318 163
317 163
316 163
315 163
314 163
313 163
312 163
311 163
310 163
310 164
309 164
309 163
308 163
308 162
307 162
307 161
306 161
305 161
304 161
304 160
303 160
303 159
302 159
302 158
302 157
302 156
302 155
302 154
301 154
301 153
301 152
300 152
299 152
299 151
298 151
297 151
296 151
295 151
295 150
295 149
294 149
294 148
294 147
293 147
292 147
291 147
290 147
289 147
288 147
288 148
287 148
286 148
285 148
284 148
283 148
282 148
281 148
280 148
280 147
279 147
279 146
278 146
278 145
277 145
277 144
276 144
276 143
276 142
276 141
276 140
276 139
276 138
275 138
275 137
274 137
273 137
273 136
273 135
272 135
272 134
272 133
272 132
272 131
272 130
271 130
271 129
234 306
234 307
235 306
235 305
236 305
236 304
237 304
238 304
238 303
239 303
239 304
240 304
241 304
242 304
243 304
244 304
244 305
245 305
245 304
245 303
245 302
246 302
246 301
246 300
246 299
246 298
246 297
246 296
246 295
247 295
247 294
248 294
248 293
249 293
249 294
250 294
251 294
252 294
253 294
254 294
254 293
254 292
255 292
255 291
256 291
257 291
258 291
259 291
259 292
260 292
260 293
261 293
261 294
262 294
263 294
264 294
265 294
266 294
267 294
267 295
268 295
269 295
270 295
271 295
272 295
273 295
274 295
275 295
276 295
277 295
278 295
234 308
234 309
233 309
233 310
232 310
232 311
231 311
231 312
230 312
230 313
229 313
229 314
230 314
230 315
230 316
230 317
230 318
230 319
230 320
230 321
231 321
232 321
232 320
233 320
234 320
235 320
236 320
237 320
238 320
239 320
239 321
240 321
240 322
241 322
241 323
241 324
241 325
241 326
241 327
241 328
241 329
241 330
241 331
241 332
241 333
241 334
241 335
240 335
240 336
241 336
241 337
242 337
243 337
244 337
245 337
246 337
247 337
248 337
248 338
247 338
247 339
247 340
247 341
247 342
247 343
247 344
248 344
248 345
249 345
250 345
250 346
251 346
251 347
252 347
252 348
253 348
253 349
254 349
254 350
255 350
256 350
257 350
258 350
259 350
260 350
261 350
262 350
262 349
263 349
264 349
265 349
266 349
267 349
268 349
268 348
268 347
268 346
268 345
268 344
268 343
268 342
268 341
268 340
269 340
270 340
271 340
272 340
273 340
274 340
275 340
276 340
277 340
277 339
278 339
278 340
278 341
278 342
278 343
278 344
278 345
277 345
277 346
277 347
277 348
277 349
277 350
277 351
277 352
277 353
276 353
276 354
276 355
276 356
276 357
277 357
277 358
277 359
277 360
277 361
277 362
277 363
277 364
277 365
277 366
277 367
278 367
279 367
279 368
280 368
281 368
282 368
283 368
283 369
284 369
235 436
236 436
234 436
233 436
232 436
231 436
231 437
230 437
229 437
228 437
227 437
237 436
238 436
239 436
240 436
241 436
242 436
242 437
242 438
243 438
287 200
287 201
287 199
287 198
287 197
287 196
287 195
287 194
287 193
286 193
285 193
285 192
285 191
284 191
283 191
283 192
282 192
281 192
280 192
279 192
278 192
277 192
276 192
276 193
275 193
274 193
274 194
273 194
272 194
272 195
271 195
287 202
287 203
287 204
288 204
288 205
288 206
289 206
289 207
290 207
290 208
291 208
291 209
291 210
291 211
291 212
292 212
293 212
294 212
295 212
296 212
296 213
296 214
296 215
296 216
295 216
295 217
295 218
294 218
294 219
294 220
294 221
294 222
293 222
293 223
292 223
291 223
291 224
290 224
290 225
289 225
288 225
287 225
286 225
286 226
285 226
284 226
284 227
283 227
283 228
283 229
283 230
282 230
282 231
282 232
281 232
281 233
281 234
282 234
283 234
284 234
285 234
286 234
287 234
287 235
288 235
289 235
289 236
290 236
290 237
291 237
291 238
292 238
293 238
293 239
293 240
294 240
294 241
294 242
294 243
295 243
295 244
296 244
296 243
297 243
298 243
299 243
300 243
301 243
302 243
303 243
303 244
303 245
304 245
304 246
305 246
305 247
305 248
306 248
307 248
308 248
309 248
310 248
311 248
312 248
313 248
314 248
315 248
316 248
317 248
318 248
319 248
320 248
321 248
321 247
322 247
323 247
324 247
325 247
325 246
326 246
326 245
327 245
327 244
327 243
328 243
328 242
329 242
330 242
331 242
332 242
333 242
334 242
335 242
336 242
337 242
338 242
338 243
339 243
340 243
341 243
342 243
343 243
343 242
344 242
344 241
345 241
345 240
346 240
346 239
347 239
347 238
347 237
347 236
347 235
346 235
346 234
346 233
346 232
346 231
345 231
345 230
345 229
344 229
344 228
344 227
344 226
344 225
344 224
344 223
344 222
344 221
344 220
344 219
345 219
345 218
345 217
346 217
346 216
346 215
347 215
347 214
347 213
348 213
348 212
349 212
349 211
349 210
350 210
268 257
268 256
268 258
268 259
268 260
268 261
268 262
268 263
268 264
268 265
268 266
267 266
267 267
267 268
266 268
265 268
264 268
264 269
263 269
262 269
262 270
261 270
260 270
260 271
260 272
259 272
259 273
258 273
258 274
258 275
259 275
259 276
260 276
261 276
261 277
262 277
263 277
263 278
263 279
263 280
263 281
263 282
263 283
262 283
261 283
261 284
260 284
260 285
260 286
260 287
259 287
259 288
259 289
259 290
268 255
268 254
267 254
267 253
266 253
266 252
266 251
266 250
266 249
267 249
267 248
268 248
268 247
269 247
269 246
270 246
271 246
272 246
272 245
272 244
273 244
273 243
274 243
274 242
275 242
276 242
276 241
277 241
277 240
278 240
278 239
279 239
280 239
280 238
280 237
280 236
280 235
280 234
280 233
345 81
346 81
344 81
343 81
342 81
341 81
340 81
339 81
339 80
338 80
337 80
337 79
336 79
336 78
335 78
334 78
333 78
333 77
332 77
332 76
331 76
347 81
347 80
348 80
349 80
350 80
351 80
352 80
353 80
354 80
355 80
355 79
320 88
319 88
321 88
321 87
322 87
323 87
323 86
324 86
324 85
324 84
325 84
319 89
318 89
317 89
317 90
316 90
316 91
315 91
315 92
314 92
259 158
260 158
258 158
257 158
257 157
256 157
256 156
256 155
256 154
256 153
256 152
256 151
256 150
256 149
255 149
254 149
253 149
252 149
251 149
261 158
261 159
262 159
263 159
263 160
264 160
265 160
265 161
266 161
267 161
268 161
269 161
270 161
271 161
271 162
272 162
272 163
246 486
247 486
245 486
245 487
244 487
244 488
244 489
244 490
243 490
243 491
243 492
242 492
242 493
242 494
242 495
242 496
242 497
243 497
243 498
243 499
243 500
243 501
243 502
243 503
242 503
242 504
242 505
241 505
241 506
241 507
241 508
242 508
242 509
243 509
243 510
244 510
244 511
245 511
248 486
249 486
250 486
251 486
251 487
252 487
252 486
252 485
252 484
252 483
252 482
252 481
252 480
252 479
253 479
253 478
254 478
254 477
255 477
255 476
254 476
254 475
254 474
254 473
254 472
254 471
253 471
253 470
253 469
253 468
253 467
253 466
253 465
253 464
252 464
252 463
252 462
252 461
252 460
252 459
252 458
252 457
251 457
251 456
250 456
250 455
249 455
249 454
248 454
247 454
247 453
246 453
246 452
245 452
245 451
244 451
243 451
242 451
241 451
227 334
227 335
227 333
227 332
228 332
228 331
229 331
230 331
230 330
231 330
232 330
233 330
234 330
235 330
236 330
237 330
238 330
239 330
239 331
239 332
239 333
239 334
240 334
227 336
227 337
227 338
226 338
226 339
225 339
224 339
223 339
222 339
222 340
221 340
220 340
219 340
219 339
218 339
218 338
217 338
217 337
217 336
217 335
217 334
217 333
217 332
217 331
216 331
216 330
216 329
215 329
214 329
213 329
212 329
211 329
210 329
209 329
208 329
207 329
207 330
206 330
205 330
205 329
204 329
204 328
204 327
204 326
204 325
204 324
204 323
204 322
204 321
204 320
205 320
205 319
205 318
206 318
206 317
206 316
206 315
206 314
206 313
206 312
206 311
206 310
207 310
208 310
209 310
210 310
211 310
212 310
213 310
214 310
308 2
308 1
307 2
307 3
307 4
306 4
306 5
306 6
306 7
305 7
305 6
304 6
303 6
302 6
301 6
300 6
299 6
298 6
297 6
296 6
295 6
294 6
293 6
293 7
292 7
291 7
291 8
290 8
290 9
289 9
288 9
287 9
286 9
285 9
284 9
284 10
283 10
282 10
282 11
281 11
280 11
280 12
279 12
278 12
277 12
276 12
275 12
275 13
274 13
274 14
273 14
273 15
272 15
272 16
271 16
271 17
270 17
269 17
309 1
309 0
310 0
311 0
312 0
313 0
314 0
315 0
316 0
316 1
317 1
317 2
318 2
318 3
319 3
320 3
321 3
322 3
323 3
324 3
325 3
325 4
326 4
327 4
327 5
327 6
328 6
328 7
328 8
329 8
329 9
330 9
331 9
331 10
332 10
332 11
333 11
334 11
334 12
334 13
334 14
334 15
334 16
335 16
335 17
336 17
336 18
337 18
337 19
338 19
338 20
339 20
339 21
340 21
340 22
341 22
342 22
342 23
343 23
343 24
344 24
344 25
344 26
345 26
345 27
345 28
345 29
345 30
345 31
345 32
345 33
345 34
345 35
345 36
345 37
345 38
302 284
303 284
301 284
300 284
299 284
298 284
297 284
296 284
296 285
295 285
294 285
294 286
294 287
293 287
293 288
293 289
292 289
292 290
291 290
291 291
291 292
290 292
290 293
289 293
289 294
288 294
287 294
287 295
286 295
285 295
284 295
283 295
282 295
281 295
280 295
279 295
304 284
304 283
304 282
305 282
305 281
306 281
306 280
307 280
307 281
308 281
308 282
309 282
309 283
309 284
309 285
309 286
310 286
310 287
311 287
312 287
312 288
313 288
314 288
315 288
316 288
317 288
318 288
319 288
319 289
320 289
320 290
321 290
321 291
321 292
321 293
321 294
321 295
321 296
321 297
321 298
321 299
322 299
322 300
323 300
323 301
324 301
324 302
325 302
325 303
325 304
326 304
326 305
327 305
327 306
328 306
186 302
185 302
187 302
188 302
189 302
190 302
191 302
192 302
192 303
192 304
193 304
193 305
193 306
194 306
194 307
195 307
196 307
197 307
198 307
199 307
200 307
201 307
202 307
203 307
203 308
204 308
205 308
206 308
206 309
207 309
208 309
209 309
210 309
211 309
212 309
213 309
214 309
184 302
184 303
183 303
182 303
181 303
180 303
179 303
179 304
178 304
177 304
177 305
176 305
176 306
176 307
175 307
175 308
175 309
174 309
174 310
173 310
173 311
172 311
172 312
172 313
171 313
171 314
172 314
172 315
172 316
172 317
173 317
173 318
173 319
174 319
174 320
175 320
175 321
176 321
177 321
178 321
179 321
180 321
181 321
181 320
182 320
182 319
183 319
199 211
199 210
200 211
200 212
200 213
201 213
201 214
201 215
202 215
202 216
203 216
203 217
203 218
204 218
204 219
204 220
205 220
206 220
207 220
208 220
209 220
209 221
208 221
207 221
207 222
207 223
207 224
206 224
206 225
206 226
206 227
206 228
206 229
206 230
206 231
206 232
206 233
206 234
206 235
206 236
207 236
207 237
208 237
208 238
209 238
210 238
210 239
211 239
212 239
212 240
213 240
213 241
214 241
214 242
215 242
216 242
217 242
218 242
219 242
220 242
221 242
221 243
222 243
223 243
223 244
224 244
225 244
225 245
226 245
226 246
227 246
227 247
227 248
227 249
227 250
228 250
228 251
229 251
230 251
231 251
232 251
233 251
233 252
234 252
235 252
236 252
237 252
238 252
238 251
238 250
239 250
239 251
239 252
239 253
239 254
239 255
239 256
239 257
240 257
240 258
241 258
242 258
243 258
244 258
245 258
246 258
247 258
248 258
249 258
249 257
250 257
250 258
250 259
251 259
251 260
252 260
252 261
252 262
253 262
254 262
254 263
255 263
256 263
256 264
257 264
257 265
258 265
258 266
259 266
259 267
259 268
259 269
259 270
259 271
199 209
199 208
199 207
198 207
198 206
197 206
196 206
196 207
195 207
194 207
193 207
192 207
191 207
191 206
190 206
190 205
189 205
189 206
188 206
188 207
188 208
187 208
187 209
186 209
186 210
185 210
184 210
183 210
182 210
181 210
180 210
179 210
178 210
177 210
176 210
175 210
175 211
209 211
209 212
209 210
209 209
209 208
209 207
209 206
208 206
208 205
208 204
208 203
208 202
208 201
208 200
209 200
209 199
209 198
210 198
210 197
210 196
210 195
210 194
210 193
211 193
212 193
213 193
214 193
215 193
215 192
209 213
209 214
209 215
209 216
210 216
211 216
212 216
212 217
213 217
213 218
212 218
212 219
211 219
211 220
210 220
190 375
191 375
189 375
188 375
188 374
187 374
186 374
186 373
185 373
184 373
184 372
183 372
183 371
182 371
182 370
182 369
181 369
181 368
180 368
180 367
179 367
179 366
179 365
180 365
180 364
180 363
180 362
181 362
181 361
181 360
182 360
182 359
183 359
183 358
184 358
185 358
185 357
186 357
187 357
187 356
188 356
188 355
189 355
189 354
192 375
193 375
194 375
195 375
195 376
196 376
196 377
197 377
197 378
198 378
199 378
200 378
201 378
202 378
202 379
203 379
204 379
204 378
205 378
206 378
207 378
208 378
209 378
210 378
211 378
212 378
213 378
214 378
215 378
215 379
216 379
216 380
216 381
217 381
217 382
217 383
217 384
218 384
218 385
219 385
219 386
219 387
220 387
220 388
220 389
221 389
221 390
222 390
222 391
223 391
224 391
224 392
224 393
224 394
224 395
224 396
224 397
224 398
224 399
224 400
223 400
223 401
222 401
222 402
221 402
221 403
220 403
220 404
220 405
219 405
219 406
218 406
218 407
218 408
218 409
218 410
218 411
218 412
218 413
217 413
217 414
217 415
216 415
216 416
216 417
216 418
216 419
216 420
216 421
216 422
216 423
216 424
216 425
216 426
189 422
189 423
188 422
187 422
186 422
185 422
184 422
183 422
182 422
181 422
180 422
180 423
179 423
179 424
178 424
178 425
178 426
178 427
178 428
178 429
178 430
178 431
178 432
178 433
178 434
178 435
178 436
178 437
179 437
179 438
179 439
178 439
178 440
177 440
176 440
176 441
175 441
175 442
175 443
175 444
175 445
175 446
175 447
174 447
174 448
175 448
175 449
175 450
175 451
175 452
176 452
176 453
177 453
177 454
176 454
175 454
174 454
173 454
172 454
171 454
170 454
169 454
168 454
167 454
166 454
165 454
165 455
164 455
164 456
163 456
162 456
161 456
160 456
159 456
158 456
157 456
156 456
155 456
155 455
155 454
154 454
154 453
154 452
153 452
153 451
152 451
151 451
150 451
149 451
148 451
147 451
146 451
145 451
144 451
143 451
143 450
142 450
141 450
141 451
140 451
140 452
139 452
138 452
138 453
137 453
136 453
136 454
136 455
136 456
136 457
136 458
136 459
136 460
135 460
135 461
136 461
136 462
137 462
138 462
139 462
140 462
140 463
141 463
142 463
142 464
143 464
143 465
142 465
142 466
141 466
141 467
141 468
141 469
140 469
140 470
139 470
138 470
137 470
136 470
136 471
136 472
136 473
136 474
136 475
136 476
136 477
136 478
136 479
136 480
135 480
135 481
134 481
134 482
133 482
133 483
132 483
132 484
131 484
131 485
130 485
130 486
129 486
129 485
128 485
127 485
126 485
125 485
124 485
123 485
122 485
122 484
122 483
122 482
122 481
122 480
122 479
121 479
121 478
190 423
190 424
191 424
191 425
192 425
192 426
193 426
193 427
194 427
194 428
194 429
195 429
195 430
195 431
195 432
195 433
195 434
196 434
196 435
196 436
197 436
197 437
197 438
198 438
198 439
199 439
199 440
200 440
200 441
201 441
201 442
202 442
202 443
203 443
203 444
204 444
205 444
206 444
207 444
208 444
209 444
210 444
211 444
212 444
213 444
214 444
215 444
215 443
216 443
217 443
217 444
218 444
219 444
220 444
221 444
222 444
223 444
224 444
224 445
161 388
161 387
161 389
161 390
161 391
161 392
161 393
161 394
161 395
160 395
160 396
160 397
159 397
159 398
158 398
158 399
157 399
157 400
156 400
156 401
155 401
155 402
154 402
154 403
153 403
153 404
152 404
152 405
152 406
152 407
152 408
151 408
151 409
150 409
161 386
161 385
161 384
161 383
161 382
161 381
161 380
161 379
162 379
162 380
163 380
163 381
164 381
165 381
166 381
167 381
168 381
169 381
170 381
171 381
171 380
172 380
172 379
173 379
173 378
174 378
175 378
175 377
176 377
177 377
177 376
178 376
178 375
179 375
179 374
180 374
180 373
181 373
182 373
182 372
123 405
124 405
123 404
122 404
122 403
122 402
122 401
122 400
122 399
122 398
122 397
122 396
121 396
125 405
126 405
127 405
128 405
129 405
130 405
130 406
130 407
130 408
130 409
131 409
131 410
132 410
133 410
133 411
134 411
134 412
135 412
136 412
136 413
137 413
137 414
138 414
138 415
139 415
139 416
140 416
140 417
140 418
140 419
140 420
141 420
142 420
143 420
144 420
145 420
146 420
147 420
148 420
148 419
149 419
150 419
150 418
151 418
152 418
152 417
153 417
154 417
154 416
153 416
153 415
153 414
153 413
153 412
153 411
152 411
152 410
151 410
246 72
247 72
245 72
244 72
243 72
242 72
241 72
241 73
240 73
240 72
239 72
239 71
239 70
239 69
239 68
239 67
239 66
239 65
239 64
238 64
248 72
249 72
250 72
251 72
251 73
252 73
252 74
253 74
253 75
254 75
254 76
255 76
256 76
257 76
258 76
259 76
260 76
261 76
262 76
263 76
264 76
265 76
266 76
267 76
267 77
268 77
268 78
268 79
268 80
268 81
268 82
269 82
269 83
270 83
270 84
271 84
272 84
273 84
274 84
275 84
275 85
276 85
277 85
277 84
278 84
278 83
279 83
279 82
280 82
280 81
281 81
282 81
282 82
283 82
284 82
284 83
285 83
286 83
287 83
288 83
288 84
289 84
290 84
290 85
291 85
291 86
292 86
293 86
148 262
148 261
147 262
147 263
146 263
145 263
145 264
144 264
143 264
143 265
142 265
141 265
141 266
140 266
140 267
139 267
148 260
148 259
149 259
149 258
149 257
150 257
150 256
150 255
151 255
151 254
151 253
151 252
151 251
151 250
151 249
151 248
151 247
151 246
151 245
151 244
152 244
152 243
153 243
154 243
154 242
155 242
156 242
157 242
158 242
159 242
160 242
160 241
160 240
161 240
161 239
161 238
162 238
162 237
163 237
164 237
165 237
166 237
167 237
168 237
169 237
170 237
171 237
171 236
172 236
172 235
173 235
173 234
173 233
173 232
174 232
174 231
175 231
175 230
176 230
177 230
178 230
179 230
179 229
180 229
180 228
181 228
181 227
181 226
181 225
181 224
181 223
181 222
182 222
182 221
182 220
183 220
183 219
183 218
184 218
184 217
184 216
184 215
184 214
184 213
184 212
184 211
183 211
196 355
196 354
195 355
194 355
193 355
192 355
191 355
190 355
190 354
197 354
198 354
199 354
200 354
201 354
201 353
202 353
203 353
203 352
202 352
201 352
201 351
200 351
200 350
200 349
200 348
200 347
200 346
200 345
200 344
200 343
200 342
200 341
200 340
200 339
200 338
201 338
201 337
201 336
201 335
202 335
202 334
202 333
203 333
204 333
204 332
205 332
205 331
206 331
162 466
162 465
162 467
162 468
162 469
162 470
162 471
162 472
162 473
162 474
162 475
161 475
161 476
160 476
160 477
159 477
159 478
159 479
158 479
158 480
157 480
156 480
156 481
155 481
155 482
155 483
155 484
156 484
156 485
156 486
157 486
157 487
157 488
158 488
158 489
159 489
159 490
160 490
161 490
161 491
162 491
162 492
162 493
162 494
162 495
162 496
163 496
163 497
162 464
162 463
162 462
162 461
162 460
161 460
161 459
160 459
159 459
158 459
158 458
157 458
157 457
156 457
181 332
181 333
181 331
181 330
181 329
180 329
180 328
180 327
180 326
179 326
179 325
179 324
179 323
180 323
180 322
181 322
181 334
181 335
181 336
181 337
181 338
181 339
181 340
182 340
226 44
227 44
225 44
224 44
223 44
222 44
222 45
222 46
222 47
222 48
222 49
221 49
228 44
229 44
230 44
231 44
232 44
233 44
234 44
235 44
235 45
235 46
235 47
235 48
235 49
235 50
235 51
234 51
234 52
234 53
234 54
234 55
233 55
233 56
233 57
232 57
232 58
231 58
231 59
230 59
230 60
229 60
229 61
229 62
229 63
229 64
229 65
229 66
230 66
231 66
232 66
233 66
234 66
234 65
235 65
236 65
237 65
237 64
148 171
149 171
147 171
146 171
145 171
144 171
143 171
142 171
141 171
140 171
139 171
138 171
137 171
136 171
135 171
135 170
134 170
134 169
133 169
133 168
132 168
132 167
132 166
132 165
132 164
132 163
132 162
132 161
132 160
132 159
132 158
132 157
132 156
132 155
150 171
151 171
152 171
153 171
153 172
154 172
155 172
156 172
156 173
156 174
157 174
157 175
157 176
158 176
158 177
158 178
158 179
158 180
159 180
159 181
158 181
158 182
157 182
156 182
155 182
154 182
154 183
153 183
153 184
152 184
152 185
151 185
150 185
150 186
149 186
149 187
150 187
150 188
150 189
150 190
150 191
150 192
150 193
151 193
152 193
153 193
154 193
155 193
156 193
156 192
157 192
158 192
159 192
160 192
161 192
161 193
162 193
162 194
163 194
163 195
164 195
165 195
166 195
166 196
167 196
168 196
169 196
170 196
170 197
171 197
172 197
173 197
174 197
174 198
174 199
175 199
175 200
176 200
177 200
177 199
178 199
178 198
179 198
180 198
181 198
182 198
183 198
184 198
185 198
186 198
187 198
187 197
188 197
188 198
188 199
188 200
188 201
188 202
188 203
188 204
189 204
141 285
140 285
142 285
143 285
144 285
144 286
145 286
145 287
145 288
144 288
144 289
144 290
144 291
144 292
144 293
145 293
146 293
146 294
147 294
147 295
148 295
148 296
149 296
149 297
150 297
150 298
151 298
151 299
151 300
152 300
152 301
152 302
153 302
154 302
155 302
156 302
157 302
158 302
159 302
160 302
161 302
162 302
163 302
164 302
164 303
163 303
163 304
163 305
163 306
163 307
163 308
163 309
163 310
164 310
164 311
165 311
166 311
167 311
168 311
169 311
170 311
170 312
171 312
139 285
139 284
138 284
137 284
137 283
137 282
137 281
137 280
137 279
136 279
135 279
135 278
134 278
133 278
132 278
131 278
130 278
130 279
129 279
128 279
128 278
127 278
126 278
125 278
124 278
123 278
122 278
121 278
121 279
120 279
120 280
120 281
119 281
119 282
118 282
117 282
116 282
115 282
114 282
113 282
112 282
112 283
111 283
125 363
125 362
125 364
124 364
124 365
123 365
122 365
122 366
122 367
122 368
122 369
122 370
121 370
121 371
120 371
120 372
119 372
119 373
118 373
118 374
117 374
117 375
117 376
116 376
115 376
114 376
113 376
112 376
111 376
110 376
109 376
108 376
107 376
106 376
105 376
104 376
103 376
102 376
101 376
100 376
99 376
98 376
97 376
97 375
125 361
125 360
125 359
126 359
126 358
127 358
127 357
128 357
128 356
129 356
130 356
130 355
131 355
131 354
132 354
133 354
134 354
135 354
136 354
137 354
138 354
139 354
140 354
140 353
141 353
141 354
142 354
143 354
144 354
144 355
145 355
146 355
146 356
146 357
147 357
147 358
147 359
148 359
148 360
148 361
147 361
147 362
146 362
146 363
146 364
145 364
145 365
144 365
144 366
143 366
143 367
143 368
143 369
143 370
143 371
143 372
143 373
144 373
145 373
146 373
147 373
148 373
149 373
149 374
150 374
151 374
152 374
153 374
154 374
155 374
156 374
157 374
158 374
158 373
159 373
159 374
159 375
160 375
160 376
161 376
161 377
161 378
105 304
106 304
105 305
105 306
104 306
104 307
104 308
104 309
103 309
103 310
102 310
102 311
102 312
101 312
101 313
100 313
99 313
98 313
97 313
96 313
96 314
95 314
94 314
93 314
92 314
91 314
91 315
90 315
90 316
89 316
88 316
88 317
87 317
86 317
85 317
85 318
86 318
87 318
87 319
88 319
88 320
89 320
89 321
90 321
90 322
91 322
92 322
92 323
92 324
93 324
93 325
93 326
94 326
94 327
95 327
96 327
96 328
97 328
97 329
97 330
97 331
97 332
98 332
99 332
100 332
101 332
102 332
103 332
104 332
105 332
105 333
106 303
106 302
107 302
107 301
108 301
108 300
109 300
109 299
109 298
110 298
110 297
111 297
111 296
112 296
112 295
113 295
114 295
114 294
115 294
115 293
116 293
116 292
116 291
116 290
117 290
117 289
118 289
118 288
118 287
119 287
119 286
119 285
119 284
119 283
224 19
223 19
224 20
224 21
225 21
225 22
226 22
227 22
228 22
229 22
230 22
231 22
232 22
232 21
233 21
234 21
235 21
236 21
237 21
238 21
239 21
240 21
241 21
242 21
243 21
244 21
245 21
246 21
247 21
248 21
249 21
250 21
251 21
252 21
253 21
254 21
254 20
255 20
255 19
256 19
257 19
258 19
259 19
260 19
260 20
261 20
262 20
262 19
263 19
264 19
265 19
266 19
266 18
267 18
268 18
268 17
223 18
223 17
222 17
222 16
222 15
221 15
221 16
220 16
219 16
218 16
217 16
216 16
215 16
215 15
215 14
214 14
214 13
213 13
213 12
212 12
212 11
211 11
210 11
209 11
208 11
208 10
207 10
207 9
206 9
206 10
205 10
204 10
203 10
202 10
201 10
201 9
200 9
199 9
199 8
198 8
198 7
197 7
197 6
197 5
196 5
196 4
196 3
195 3
194 3
194 2
193 2
192 2
192 1
191 1
190 1
190 2
189 2
189 3
188 3
187 3
187 4
186 4
185 4
184 4
183 4
183 5
184 5
184 6
184 7
184 8
184 9
184 10
184 11
184 12
183 12
183 13
183 14
183 15
183 16
183 17
184 17
184 18
185 18
185 19
184 19
183 19
182 19
181 19
180 19
179 19
178 19
177 19
176 19
176 18
175 18
174 18
173 18
172 18
171 18
170 18
169 18
168 18
168 19
167 19
167 20
167 21
167 22
166 22
166 23
166 24
166 25
166 26
166 27
166 28
165 28
165 29
165 30
164 30
164 31
163 31
162 31
161 31
160 31
159 31
158 31
157 31
156 31
155 31
154 31
154 30
154 29
154 28
154 27
154 26
154 25
153 25
153 24
152 24
152 23
152 22
151 22
151 21
151 20
151 19
150 19
150 18
149 18
149 19
149 20
148 20
147 20
146 20
145 20
144 20
143 20
143 21
142 21
141 21
141 22
140 22
139 22
138 22
137 22
136 22
135 22
135 21
134 21
134 20
133 20
133 19
132 19
132 18
131 18
130 18
129 18
128 18
127 18
127 17
126 17
126 16
125 16
125 15
124 15
124 14
124 13
123 13
123 12
122 12
121 12
120 12
119 12
118 12
117 12
116 12
115 12
114 12
114 13
113 13
112 13
112 14
112 15
112 16
112 17
111 17
111 18
110 18
109 18
108 18
107 18
107 19
106 19
105 19
105 20
105 21
105 22
105 23
106 23
106 24
106 25
106 26
106 27
106 28
106 29
106 30
106 31
106 32
105 32
105 33
105 34
105 35
104 35
104 36
103 36
102 36
102 37
101 37
100 37
100 38
100 39
99 39
99 40
99 41
99 42
99 43
99 44
99 45
99 46
99 47
99 48
99 49
98 49
98 50
97 50
97 51
97 52
97 53
97 54
96 54
96 55
96 56
97 56
97 57
98 57
99 57
99 58
99 59
99 60
99 61
99 62
99 63
99 64
99 65
99 66
98 66
97 66
96 66
95 66
94 66
94 67
93 67
93 68
92 68
92 69
92 70
91 70
91 71
90 71
90 72
89 72
88 72
87 72
86 72
85 72
84 72
79 437
80 437
78 437
78 438
77 438
76 438
75 438
74 438
73 438
73 439
72 439
72 440
71 440
71 441
70 441
69 441
68 441
67 441
66 441
66 440
65 440
65 439
64 439
64 438
63 438
81 437
82 437
83 437
83 438
84 438
84 439
85 439
85 440
86 440
87 440
87 441
88 441
89 441
90 441
90 442
91 442
92 442
93 442
94 442
95 442
96 442
96 443
97 443
97 444
97 445
97 446
98 446
98 447
99 447
100 447
100 448
101 448
102 448
103 448
104 448
105 448
105 449
106 449
107 449
107 450
108 450
109 450
110 450
111 450
111 451
111 452
112 452
112 453
113 453
113 454
114 454
115 454
116 454
117 454
118 454
118 453
119 453
119 452
120 452
121 452
122 452
123 452
123 453
124 453
125 453
126 453
127 453
128 453
129 453
130 453
131 453
132 453
133 453
134 453
135 453
135 454
135 455
135 456
135 457
135 458
135 459
72 296
72 295
72 297
72 298
72 299
72 300
73 300
73 301
74 301
74 300
75 300
75 299
76 299
77 299
78 299
78 298
79 298
80 298
80 297
81 297
82 297
82 298
82 299
82 300
83 300
83 301
84 301
84 302
85 302
85 303
86 303
72 294
72 293
72 292
72 291
72 290
72 289
71 289
71 288
72 288
72 287
73 287
74 287
74 286
75 286
76 286
77 286
78 286
79 286
80 286
80 285
81 285
81 284
81 283
81 282
81 281
81 280
81 279
81 278
81 277
82 277
82 276
82 275
83 275
83 274
84 274
84 273
85 273
86 273
86 272
87 272
87 271
88 271
89 271
89 270
90 270
91 270
92 270
93 270
94 270
95 270
96 270
96 271
97 271
97 272
98 272
98 273
99 273
100 273
101 273
102 273
103 273
104 273
104 272
105 272
105 271
105 270
106 270
106 269
107 269
108 269
109 269
110 269
111 269
111 270
112 270
113 270
113 271
114 271
114 272
115 272
115 273
116 273
117 273
117 274
118 274
119 274
119 275
120 275
120 276
121 276
121 277
82 0
81 0
83 0
84 0
85 0
86 0
87 0
88 0
89 0
89 1
89 2
89 3
89 4
89 5
89 6
90 6
90 7
90 8
90 9
91 9
91 10
92 10
92 11
93 11
93 12
93 13
94 13
94 14
95 14
96 14
96 15
97 15
98 15
99 15
100 15
100 16
101 16
101 17
102 17
102 18
103 18
103 19
104 19
104 20
80 0
79 0
79 1
79 2
78 2
78 3
77 3
77 2
76 2
75 2
74 2
73 2
72 2
71 2
70 2
70 3
69 3
68 3
67 3
66 3
66 4
65 4
64 4
64 5
63 5
63 6
63 7
62 7
77 373
78 373
76 373
75 373
74 373
74 372
73 372
73 371
72 371
71 371
71 372
70 372
69 372
68 372
67 372
66 372
65 372
65 373
64 373
64 374
63 374
63 375
63 376
63 377
62 377
62 378
61 378
61 379
61 380
61 381
61 382
61 383
61 384
62 384
62 385
79 373
80 373
81 373
81 374
82 374
83 374
83 375
84 375
85 375
86 375
86 376
87 376
88 376
89 376
90 376
91 376
92 376
93 376
94 376
95 376
96 376
113 68
113 67
113 69
113 70
113 71
113 72
113 73
113 74
112 74
113 66
113 65
113 64
113 63
113 62
114 62
114 61
115 61
116 61
116 60
117 60
118 60
118 59
119 59
119 58
120 58
121 58
121 57
121 56
121 55
121 54
121 53
121 52
121 51
121 50
122 50
122 51
123 51
123 52
124 52
124 53
125 53
125 54
126 54
126 55
127 55
127 56
128 56
129 56
130 56
131 56
132 56
133 56
133 57
134 57
134 56
135 56
135 55
135 54
136 54
136 53
136 52
136 51
137 51
137 50
137 49
137 48
136 48
136 47
136 46
136 45
136 44
136 43
136 42
136 41
136 40
136 39
137 39
137 38
138 38
138 37
138 36
138 35
138 34
138 33
138 32
138 31
138 30
139 30
139 29
139 28
138 28
138 27
138 26
137 26
137 25
137 24
136 24
136 23
68 62
68 61
69 62
69 63
70 63
70 64
71 64
71 65
72 65
73 65
74 65
75 65
76 65
76 64
77 64
78 64
79 64
80 64
81 64
82 64
82 65
82 66
83 66
83 67
83 68
83 69
83 70
83 71
83 72
68 60
68 59
68 58
68 57
67 57
67 58
66 58
65 58
64 58
63 58
62 58
62 59
62 60
61 60
61 59
60 59
60 58
59 58
59 57
58 57
58 56
58 55
57 55
57 54
57 53
58 53
58 52
59 52
59 51
60 51
60 50
61 50
61 49
61 48
61 47
61 46
61 45
60 45
60 44
60 43
59 43
59 42
59 41
58 41
58 40
57 40
56 40
55 40
54 40
53 40
52 40
51 40
51 41
50 41
49 41
49 42
48 42
48 43
48 44
47 44
47 45
47 46
46 46
45 46
44 46
43 46
42 46
42 47
42 48
42 49
41 49
41 50
40 50
39 50
39 51
39 52
38 52
183 83
183 82
183 84
183 85
183 86
183 87
184 87
184 88
185 88
186 88
186 89
187 89
187 90
188 90
189 90
190 90
191 90
192 90
193 90
193 89
194 89
194 90
195 90
196 90
196 91
196 92
197 92
197 93
198 93
199 93
199 94
200 94
201 94
201 95
202 95
203 95
204 95
205 95
206 95
207 95
208 95
209 95
210 95
210 96
210 97
211 97
211 98
211 99
211 100
212 100
212 101
213 101
213 102
214 102
214 103
215 103
216 103
216 104
217 104
217 105
218 105
218 106
219 106
220 106
221 106
222 106
223 106
223 107
223 108
224 108
225 108
226 108
227 108
228 108
229 108
229 109
230 109
230 110
231 110
232 110
233 110
234 110
235 110
236 110
236 111
237 111
238 111
238 110
239 110
239 109
240 109
241 109
242 109
243 109
243 108
244 108
245 108
245 107
246 107
246 106
247 106
248 106
248 105
249 105
250 105
251 105
251 106
252 106
253 106
254 106
255 106
255 107
256 107
257 107
258 107
258 108
259 108
260 108
260 109
261 109
262 109
262 110
263 110
264 110
265 110
266 110
267 110
268 110
268 111
269 111
270 111
271 111
272 111
273 111
274 111
275 111
276 111
277 111
278 111
279 111
183 81
183 80
182 80
182 79
181 79
181 78
180 78
180 77
180 76
180 75
180 74
180 73
179 73
178 73
177 73
176 73
175 73
174 73
131 92
130 92
132 92
133 92
134 92
134 91
135 91
135 90
135 89
136 89
137 89
137 90
138 90
138 91
139 91
139 92
140 92
140 93
140 94
141 94
141 95
141 96
141 97
141 98
141 99
141 100
141 101
142 101
142 102
143 102
144 102
145 102
145 101
145 100
146 100
146 99
147 99
147 98
148 98
148 97
149 97
149 96
149 95
150 95
150 94
151 94
152 94
152 93
153 93
153 92
153 91
153 90
153 89
152 89
152 88
152 87
152 86
153 86
153 85
154 85
155 85
155 84
155 83
156 83
156 82
156 81
157 81
157 80
158 80
158 79
159 79
159 78
160 78
161 78
162 78
163 78
164 78
165 78
166 78
167 78
167 79
168 79
168 78
168 77
168 76
168 75
168 74
169 74
170 74
171 74
172 74
173 74
173 73
129 92
128 92
127 92
126 92
126 91
125 91
124 91
123 91
122 91
121 91
120 91
120 92
119 92
119 93
118 93
118 94
118 95
117 95
116 95
116 96
116 97
117 97
117 98
118 98
118 99
118 100
119 100
119 101
119 102
120 102
120 103
121 103
3 148
2 148
3 147
3 146
4 146
4 145
5 145
5 144
6 144
6 143
7 143
8 143
8 142
9 142
9 141
10 141
10 140
11 140
11 139
11 138
12 138
12 137
13 137
13 136
14 136
15 136
16 136
17 136
18 136
19 136
20 136
20 135
20 134
20 133
21 133
21 132
21 131
22 131
23 131
24 131
25 131
25 132
26 132
26 133
27 133
28 133
29 133
30 133
31 133
31 132
32 132
33 132
34 132
35 132
36 132
37 132
38 132
39 132
40 132
40 133
41 133
41 134
41 135
42 135
42 136
42 137
42 138
43 138
43 139
43 140
43 141
43 142
43 143
43 144
43 145
43 146
44 146
44 147
45 147
45 148
45 149
46 149
46 148
47 148
47 147
48 147
48 146
49 146
49 145
50 145
50 144
51 144
52 144
53 144
54 144
55 144
56 144
57 144
58 144
59 144
60 144
61 144
62 144
62 143
63 143
64 143
64 142
65 142
66 142
67 142
68 142
69 142
70 142
71 142
72 142
73 142
74 142
74 141
75 141
76 141
76 140
77 140
78 140
78 139
78 138
79 138
79 137
79 136
80 136
81 136
81 135
82 135
83 135
83 134
84 134
85 134
85 133
86 133
87 133
87 134
88 134
89 134
90 134
90 133
91 133
92 133
93 133
94 133
95 133
95 132
96 132
97 132
97 133
98 133
98 134
99 134
100 134
100 135
101 135
101 136
101 137
101 138
101 139
101 140
101 141
101 142
101 143
102 143
102 144
103 144
104 144
104 145
104 146
104 147
104 148
104 149
104 150
104 151
104 152
104 153
104 154
103 154
103 155
103 156
104 156
104 157
104 158
105 158
105 159
106 159
106 160
107 160
108 160
109 160
110 160
111 160
112 160
112 159
113 159
113 158
114 158
115 158
115 159
116 159
117 159
118 159
118 160
118 161
119 161
119 162
119 163
120 163
120 164
120 165
121 165
121 166
122 166
122 167
123 167
124 167
125 167
126 167
127 167
128 167
129 167
130 167
131 167
2 149
2 150
1 150
1 151
0 151
0 152
0 153
0 154
0 155
0 156
0 157
0 158
1 158
2 158
3 158
4 158
5 158
5 159
6 159
6 160
6 161
7 161
7 162
7 163
7 164
7 165
8 165
8 166
9 166
9 167
10 167
40 309
41 309
40 310
39 310
39 311
38 311
38 312
37 312
36 312
36 313
35 313
35 314
34 314
34 315
33 315
32 315
31 315
31 316
31 317
31 318
31 319
31 320
30 320
30 321
30 322
30 323
29 323
29 324
28 324
27 324
26 324
25 324
25 325
24 325
41 308
42 308
42 307
43 307
43 306
44 306
44 305
44 304
44 303
44 302
44 301
44 300
44 299
43 299
42 299
42 298
41 298
41 297
40 297
40 296
40 295
41 295
42 295
43 295
44 295
45 295
46 295
47 295
48 295
49 295
49 294
50 294
51 294
51 293
51 292
51 291
51 290
51 289
51 288
51 287
52 287
53 287
54 287
55 287
56 287
57 287
58 287
58 286
58 285
58 284
58 283
58 282
59 282
59 281
60 281
60 280
60 279
61 279
61 278
61 277
61 276
60 276
60 275
59 275
59 274
58 274
57 274
57 273
56 273
55 273
55 272
54 272
54 271
53 271
53 270
52 270
52 269
52 268
52 267
52 266
52 265
52 264
52 263
53 263
53 262
54 262
54 261
55 261
56 261
57 261
58 261
59 261
60 261
61 261
62 261
63 261
64 261
64 262
65 262
65 263
66 263
66 264
67 264
67 265
68 265
68 266
69 266
70 266
71 266
72 266
73 266
74 266
75 266
76 266
77 266
77 265
78 265
78 264
78 263
78 262
79 262
80 262
80 263
81 263
81 264
82 264
83 264
83 265
84 265
84 266
84 267
84 268
84 269
84 270
85 270
85 271
86 271
18 413
17 413
18 414
19 414
19 415
20 415
20 416
21 416
21 417
22 417
23 417
24 417
25 417
25 418
26 418
27 418
27 419
28 419
28 420
28 421
29 421
30 421
31 421
32 421
33 421
34 421
35 421
36 421
37 421
38 421
39 421
40 421
41 421
42 421
43 421
43 420
44 420
45 420
46 420
47 420
48 420
49 420
50 420
51 420
52 420
53 420
54 420
54 419
55 419
55 418
56 418
57 418
57 417
58 417
59 417
60 417
61 417
62 417
63 417
64 417
65 417
66 417
66 416
67 416
67 415
68 415
69 415
69 414
70 414
70 413
71 413
71 412
72 412
73 412
74 412
75 412
76 412
77 412
78 412
78 413
78 414
78 415
78 416
78 417
78 418
78 419
78 420
78 421
78 422
78 423
78 424
78 425
79 425
80 425
81 425
82 425
83 425
84 425
85 425
85 426
85 427
85 428
85 429
84 429
84 430
84 431
84 432
84 433
84 434
84 435
84 436
84 437
17 412
16 412
15 412
15 411
15 410
15 409
15 408
15 407
15 406
15 405
71 493
72 493
70 493
69 493
68 493
67 493
66 493
66 494
65 494
65 495
73 493
74 493
75 493
75 492
76 492
76 491
77 491
77 490
77 489
77 488
77 487
77 486
77 485
77 484
77 483
77 482
77 481
77 480
78 480
79 480
80 480
81 480
82 480
82 479
83 479
83 480
84 480
85 480
86 480
87 480
88 480
89 480
90 480
91 480
91 481
92 481
93 481
94 481
94 482
95 482
96 482
97 482
97 483
98 483
99 483
100 483
100 484
101 484
102 484
103 484
104 484
105 484
106 484
107 484
108 484
108 485
109 485
109 486
110 486
111 486
112 486
113 486
114 486
115 486
116 486
117 486
118 486
118 485
119 485
119 484
119 483
119 482
119 481
119 480
120 480
120 479
