88 87 86 85 84 83 82 81 80 79 78 77 76 75 74 73 72 71 70 69 68 67 66 65 64 63 62 61 60 59 58 57 56 55 54 53 52 51 50 49 48 47 46 45 44 43 42 41 40 39 38 37 36 35 34 33 32 31 30 29 28 27 26 25 24 23 22 21 20 19 18 17 16 15 14 13 12 11 10 9 8 7 6 5 4 3 2 0 1 168 169 170 171 172 173 174 175 176 177 178 179 180 181 182 183 184 185 186 187 188 189 190 191 192 193 194 195 196 197 198 199 200 201 202 203 204 205 206 207 208 209 210 211 212 213 214 215 216 217 218 219 220 221 222 223 224 225 226 227 228 229 230 231 232 233 135 
88 89 90 91 92 93 94 95 96 97 
88 1306 1305 1304 1303 1302 1301 1300 1299 1298 1297 1296 1295 1294 1293 1292 1291 1290 1289 1288 1287 1286 1285 1284 1283 1282 1281 1280 1279 1278 1277 1276 1275 1274 1273 1272 1271 1270 1269 1268 1267 1266 1265 1264 1263 1262 1261 1260 1259 1258 1257 1256 1255 1254 1253 1252 1251 1250 1249 1248 1247 1246 1245 1244 1243 1223 1222 1224 1225 1226 1227 1228 1229 1230 1231 1232 1233 1234 1235 1236 1237 1238 1239 1240 1241 1242 
97 98 99 100 101 102 103 104 105 106 107 108 109 110 111 112 113 114 115 116 117 118 119 120 121 122 123 124 125 126 127 128 129 130 131 132 133 134 135 
97 2967 2966 2965 2964 2963 2962 2961 2960 2959 2958 2957 2956 2955 2954 2953 2952 2951 2950 2949 2948 2947 2946 2945 2944 2943 2942 2941 2940 2939 2938 2937 2936 2935 2934 2933 2932 2931 2930 2929 2928 2927 2926 2925 2924 2923 2922 2921 2920 2919 2918 2917 2916 2915 2914 2913 2912 2911 2910 2909 2908 2907 2906 2905 2904 2903 2902 2901 2900 2899 2898 2897 2896 2895 2894 2893 2892 2891 2890 2889 2888 2887 2886 2850 2849 2851 2852 2853 2854 2855 2856 2857 2858 2859 2860 2861 2862 2863 2864 2865 2866 2867 2868 2869 2870 2871 2872 2873 2874 2875 2876 2877 2878 2879 2880 2881 2882 2883 2884 2885 1575 
135 136 137 138 139 140 141 142 143 144 145 146 147 148 149 150 151 152 153 154 155 156 157 158 159 160 161 162 163 164 165 166 167 1323 1322 1321 1320 1319 1318 1317 1316 1315 1314 1313 1312 1311 1310 1309 1307 1308 1324 1325 1326 1327 1328 1329 1330 1331 1332 1333 1334 1335 1336 1337 1338 1339 1340 1341 1342 1343 1344 1345 1346 1347 1348 1349 1350 1351 1352 1353 1354 1355 1356 1357 1358 1359 1360 1361 1362 1363 1364 1365 1366 1367 1368 1369 1370 1371 1372 1373 1374 1375 1376 1377 1378 1379 1380 1381 1382 1383 1384 1385 1386 1387 1388 1389 1390 1391 1392 1393 1394 1395 1396 1397 1398 1399 1400 1401 1402 1403 1404 1405 1406 1407 1408 1409 1410 1411 1412 1413 1414 1415 1416 1417 1418 1419 1420 1421 1422 1423 1424 1425 1426 1427 1428 1429 1430 1431 1432 1433 1434 1435 1436 1437 1438 1439 1440 1441 1442 1443 1444 1445 1446 1447 1448 1449 1450 1451 1452 1453 1454 1455 1456 1457 1458 1459 1460 1461 1462 1463 1464 1465 1466 1467 1468 1469 1470 1471 1472 1473 1474 1475 1476 1477 1478 
404 403 402 401 400 399 398 397 396 395 394 393 392 391 390 389 388 387 386 385 384 383 382 381 380 379 378 377 376 375 374 373 372 371 370 369 368 367 366 365 364 363 362 361 360 359 358 357 356 355 354 353 352 351 350 349 348 347 346 345 344 343 342 341 340 339 338 337 336 335 334 333 332 331 330 329 328 327 326 325 324 323 322 321 320 319 318 317 316 315 314 313 312 311 310 309 308 307 306 305 304 303 302 301 300 299 298 297 296 235 234 236 237 238 239 240 241 242 243 244 245 246 247 248 249 250 251 252 253 254 255 256 257 258 259 260 261 262 263 264 265 266 267 268 269 270 271 272 273 274 275 276 277 278 279 280 281 282 283 284 285 286 287 288 289 290 291 292 293 294 295 788 787 786 785 784 783 782 781 780 779 778 777 776 775 774 773 772 771 770 769 768 767 766 765 764 763 762 761 760 759 758 757 756 755 754 753 752 751 750 749 748 747 746 745 744 743 742 741 740 739 738 737 736 735 734 733 732 
404 405 406 407 408 409 410 411 412 413 414 415 416 417 418 419 420 421 422 423 424 425 426 427 428 429 430 431 432 433 434 435 436 437 438 439 440 441 442 443 444 445 446 447 448 449 450 451 452 453 454 455 456 457 458 459 460 461 462 463 464 465 466 467 468 469 470 471 472 473 474 475 476 477 478 479 480 481 482 483 484 485 486 487 488 489 490 491 492 493 494 495 496 497 498 499 500 501 502 503 504 505 506 507 508 509 510 511 512 513 514 515 516 517 518 519 520 521 522 523 524 525 526 527 528 529 530 531 532 533 534 535 536 537 538 539 540 541 542 543 544 545 546 
404 1118 1117 1116 1115 1114 1113 1112 1111 1110 1109 1108 1107 1106 1105 1104 1103 1102 1101 1100 1099 1098 1097 1096 1095 1094 1093 1092 1091 1090 1089 1088 1087 1086 1085 1084 1083 1082 1081 1080 1079 1078 1077 1076 1075 1074 1073 1072 1071 1070 1069 1068 1067 1066 1065 1064 1063 1062 1061 1060 1059 1058 1057 1056 1055 1054 1053 1052 1051 1050 1049 1048 1047 1046 1045 1044 1043 1042 1041 1040 1039 1038 1037 1036 1035 1034 1033 1032 1031 1030 1029 1028 1027 1026 1025 1024 1023 1022 1021 1020 1019 1018 1017 1016 1015 1014 1013 1012 1011 1010 1009 1008 1007 1006 1005 1004 1003 1002 1001 1000 999 998 997 996 995 994 992 993 1119 1120 1121 1122 1123 1124 1125 1126 1127 1128 1129 1130 1131 1132 1133 1134 1135 1136 1137 1138 1139 1140 1141 1142 1143 1144 1145 1146 1147 1148 1149 1150 1151 1152 1153 1154 1155 
546 547 548 549 550 551 552 553 554 555 556 557 558 559 560 561 562 563 564 565 566 567 568 569 570 571 572 573 574 575 576 577 578 579 580 581 582 583 584 585 586 587 588 
546 2487 2486 2485 2484 2483 2482 2481 2480 2479 2478 2477 2476 2475 2474 2473 2472 2471 2470 2469 2468 2467 2466 2465 2464 2463 2462 2461 2460 2459 2458 2457 2456 2455 2454 2453 2452 2451 2450 2449 2448 2447 2446 2445 2444 2443 2442 2441 2440 2439 2438 2437 2436 2435 2434 2433 2432 2431 2430 2429 2428 2427 2426 2425 2424 2423 2422 2421 2420 2419 2418 2417 2416 2415 2414 2413 2412 2411 2410 2409 2408 2407 2406 2405 2404 2403 2402 2401 2400 2399 2398 2397 2396 2395 2394 2393 2392 2391 2390 2389 2388 2387 2386 2385 2384 2383 2382 2381 2380 2379 2378 2377 2376 2375 2374 2373 2372 2371 2370 2369 2368 2367 2366 2365 2364 2363 2362 2361 2360 2359 2357 2358 2488 2489 2490 2491 2492 2493 2494 2495 2496 2497 2498 2499 2500 2501 2502 2503 2504 2505 2506 2507 2508 2509 2510 2511 2512 2513 2514 2515 2516 2517 2518 2519 2520 2521 2522 2523 2524 2525 2526 2527 2528 2529 2530 2531 2532 2533 2534 2535 2536 2537 2538 2539 2540 2541 2542 2543 2544 2545 2546 2547 2548 2549 2550 2551 2552 2553 2554 2555 2556 2557 2558 2559 2560 2561 2562 2563 2564 2565 2566 2567 2568 2569 2570 2571 2572 2573 2574 2575 2576 2577 2578 2579 2580 2581 2582 2583 2584 2585 2586 2587 2588 2589 2590 2591 2592 2593 2594 2595 2596 2597 2598 2599 2600 2601 2602 2603 2604 2605 2606 2607 2608 2609 2610 2611 2612 2613 2614 2615 2616 2617 2618 2619 2620 2621 2622 2623 2624 2625 2626 
651 650 649 648 647 646 645 644 643 642 641 640 639 638 637 636 635 634 633 632 631 630 629 628 627 626 625 624 623 622 621 620 619 618 617 616 615 614 613 612 611 610 609 608 607 606 605 604 603 602 601 600 599 598 597 596 595 594 593 592 591 589 590 652 653 654 655 656 657 658 659 660 661 662 663 664 665 666 667 668 669 670 671 672 673 674 675 676 677 678 679 680 681 682 683 684 685 686 687 688 689 690 691 692 693 694 695 696 697 698 699 700 701 702 703 704 705 706 707 708 709 710 711 712 713 714 715 716 717 718 719 720 721 722 723 724 725 726 727 728 729 730 731 732 
732 2848 2847 2846 2845 2844 2843 2842 2841 2840 2839 2838 2837 2836 2835 2834 2833 2832 2831 2830 2829 2828 2827 2826 2825 2824 2823 2822 2821 2820 2819 2818 2817 2816 2815 2814 2813 2812 2811 2810 2809 2808 2807 2806 2805 2804 2803 2802 2801 2800 2799 2798 2797 2796 2795 2794 2793 2792 2791 2790 2789 2788 2787 2786 2785 2784 2783 2782 2781 2780 2779 2778 2777 2776 2775 2774 2773 2772 2771 2770 2769 2768 2767 2766 2765 2764 2763 2762 2761 2760 2759 2758 2757 2756 2755 2754 2753 2752 2751 2750 2749 2748 2747 2746 2745 2744 2743 2742 2741 2740 2739 2738 2737 2736 2735 2734 2733 2732 2731 2730 2729 2728 2727 2726 2725 2724 2723 2722 2721 2720 2719 2718 2717 2716 2715 2714 2713 2712 2711 2710 2709 2708 2707 2706 2705 2704 2703 2702 2701 2700 2699 2698 2697 2696 2695 2694 2693 2692 2691 2690 2689 2688 2687 2686 2685 2684 2683 2682 2681 2680 2679 2678 2677 2676 2675 2674 2673 2672 2671 2670 2669 2668 2667 2666 2665 2664 2663 2662 2661 2660 2659 2658 2657 2656 2655 2654 2653 2652 2651 2650 2649 2648 2647 2646 2645 2644 2643 2642 2641 2640 2639 2638 2637 2636 2635 2634 2633 2632 2631 2630 2629 2628 2627 2626 
856 855 854 853 852 851 850 849 848 847 846 845 844 843 842 841 840 839 838 837 836 835 834 833 832 831 830 829 828 827 826 825 824 823 822 821 820 819 818 817 816 815 814 813 812 811 810 809 808 807 806 805 804 803 802 801 800 799 798 797 796 795 794 793 792 791 789 790 866 867 868 869 870 871 872 873 874 875 876 877 878 879 880 881 882 883 884 885 886 887 
856 857 858 859 860 861 862 863 864 865 1820 1819 1818 1817 1816 1815 1814 1813 1812 1811 1810 1809 1808 1807 1806 1805 1804 1803 1802 1801 1800 1799 1798 1797 1796 1795 1794 1793 1792 1775 1774 1776 1777 1778 1779 1780 1781 1782 1783 1784 1785 1786 1787 1788 1789 1790 1791 1221 1220 1219 1218 1217 1216 1215 1214 1213 1212 1211 1210 1209 1208 1207 1206 1205 1204 1203 1202 1201 1200 1199 1198 1197 1196 1195 1194 1193 1192 1191 1190 1189 1188 1187 1186 1185 1184 1183 1182 1181 1180 1179 1178 1177 1176 1175 1174 1173 1172 1171 1170 1169 1168 1167 1166 1165 1164 1163 1162 1161 1160 1159 1158 1157 1156 1155 
856 4418 4417 4416 4415 4414 4413 4412 4411 4410 4409 4408 4407 4406 4405 4404 4403 4402 4401 4400 4399 4398 4397 4396 4395 4394 4393 4392 4391 4390 4389 4388 4387 4386 4385 4384 4383 4382 4381 4380 4379 4378 4377 4376 4375 4374 4373 4372 4371 4370 4369 4368 4367 4366 4365 4364 4363 4362 4361 4360 4359 4358 4357 4356 4355 4353 4354 4419 4420 4421 4422 4423 4424 4425 
887 888 889 890 891 892 893 894 895 896 897 898 899 900 901 902 903 904 905 906 907 908 909 910 911 912 913 914 915 916 917 918 919 920 921 922 923 924 925 926 927 928 929 930 931 932 933 934 935 936 937 938 939 940 941 942 943 944 945 946 947 948 949 950 951 952 953 954 955 956 957 958 959 960 961 962 963 964 965 966 967 968 969 970 971 972 973 974 975 976 977 978 979 980 981 982 983 984 985 986 987 988 989 990 991 1601 1600 1599 1598 1597 1596 1595 1594 1593 1592 1591 1590 1589 1588 1587 1586 1585 1584 1583 1582 1581 1580 1579 1578 1577 1576 1575 
887 1538 1537 1536 1535 1534 1533 1532 1531 1530 1529 1528 1527 1526 1525 1524 1523 1522 1521 1520 1519 1518 1517 1516 1515 1514 1513 1512 1511 1510 1509 1508 1507 1506 1505 1504 1503 1502 1501 1500 1499 1498 1497 1496 1495 1494 1493 1492 1491 1490 1489 1488 1487 1486 1485 1484 1483 1482 1481 1480 1479 1478 
1155 1963 1962 1961 1960 1959 1958 1957 1956 1955 1954 1953 1952 1951 1950 1949 1948 1947 1946 1945 1944 1943 1942 1941 1940 1939 1938 1937 1936 1935 1934 1933 1932 1931 1930 1929 1928 1927 1926 1925 1924 1923 1922 1921 1920 1919 1918 1917 1916 1915 1914 1913 1912 1911 1910 1909 1908 1907 1906 1905 1904 1903 1902 1901 1900 1899 1898 1897 1896 1895 1894 1893 1892 1891 1890 1889 1888 1887 1886 1885 1884 1883 1882 1881 1880 1879 1878 1877 1876 1875 1874 1873 1872 1871 1870 1869 1868 1867 1866 1865 1864 1863 1862 1861 1860 1859 1858 1857 1856 1855 1854 1853 1852 1851 1850 1849 1848 1847 1846 1845 1844 1843 1842 1841 1840 1839 1838 1837 1836 1835 1834 1833 1832 1831 1830 1829 1828 1827 1826 1825 1824 1823 1821 1822 1964 1965 1966 1967 1968 1969 1970 1971 1972 1973 1974 1975 1976 1977 1978 1979 1980 1981 1982 1983 1984 1985 1986 1987 1988 1989 1990 1991 1992 1993 1994 1995 1996 1997 1998 1999 2000 2001 2002 2003 2004 2005 2006 2007 2008 1478 
1556 1555 1554 1553 1552 1551 1550 1549 1548 1547 1546 1545 1544 1543 1542 1541 1539 1540 1557 1558 1559 1560 1561 1562 1563 1564 1565 1566 1567 1568 1569 1570 1571 1572 1573 1574 1575 
1650 1649 1648 1647 1646 1645 1644 1643 1642 1641 1640 1639 1638 1637 1636 1635 1634 1633 1632 1631 1630 1629 1628 1627 1626 1625 1624 1623 1622 1621 1620 1619 1618 1617 1616 1615 1614 1613 1612 1611 1610 1609 1608 1607 1606 1605 1604 1602 1603 1670 1671 1672 1673 1674 1675 1676 1677 1678 1679 1680 1681 1682 1683 1684 1685 1686 1687 1688 1689 1690 1691 1692 1693 1694 1695 1696 1697 1698 1699 1700 1701 1702 1703 1704 1705 1706 1707 1708 1709 1710 1711 1712 1713 1714 1715 1716 1717 1718 1719 1720 1721 1722 1723 1724 1725 1726 1727 1728 1729 1730 1731 1732 1733 1734 1735 1736 1737 1738 1739 1740 1741 1742 1743 1744 1745 1746 1747 1748 1749 1750 1751 1752 1753 1754 1755 1756 1757 1758 1759 1760 1761 1762 1763 1764 1765 1766 1767 1768 1769 1770 1771 1772 
1650 1651 1652 1653 1654 1655 1656 1657 1658 1659 1660 1661 1662 1663 1664 1665 1666 1667 1668 1669 
1650 2349 2348 2347 2346 2345 2344 2343 2342 2341 2340 2339 2338 2337 2336 2335 2334 2333 2332 2331 2330 2329 2328 2327 2326 2325 2324 2323 2322 2321 2320 2319 2318 2317 2316 2315 2314 2313 2312 2311 2310 2309 2308 2307 2306 2305 2304 2303 2302 2301 2300 2299 2298 2297 2296 2295 2294 2293 2292 2291 2290 2289 2288 2287 2286 2285 2284 2283 2282 2281 2280 2279 2278 2277 2276 2275 2274 2273 2272 2271 2270 2269 2268 2267 2266 2265 2264 2263 2262 2261 2260 2259 2258 2257 2256 2255 
1772 1773 
1772 3031 3030 3029 3028 3027 3026 3025 3024 3023 3022 3021 3020 3019 3018 3017 3016 2969 2968 2970 2971 2972 2973 2974 2975 2976 2977 2978 2979 2980 2981 2982 2983 2984 2985 2986 2987 2988 2989 2990 
2041 2040 2039 2038 2037 2036 2035 2034 2033 2032 2031 2030 2029 2028 2027 2010 2009 2011 2012 2013 2014 2015 2016 2017 2018 2019 2020 2021 2022 2023 2024 2025 2026 2356 2355 2354 2353 2352 2351 2350 2152 2151 2153 2154 2155 2156 2157 2158 2159 2160 2161 2162 2163 2164 2165 2166 2167 2168 2169 2170 2171 2172 2173 2174 2175 2176 2177 2178 2179 2180 2181 2182 2183 2184 2185 2186 2187 2188 2189 2190 2191 2192 2193 2194 2195 2196 2197 2198 2199 2200 2201 2202 2203 2204 2205 2206 2207 2208 2209 2210 2211 2212 2213 2214 2215 2216 2217 2218 2219 2220 2221 2222 2223 2224 2225 2226 2227 2228 2229 2230 2231 2232 2233 2234 2235 2236 2237 2238 2239 2240 2241 2242 2243 2244 2245 2246 2247 2248 2249 2250 2251 2252 2253 2254 2255 
2041 2042 2043 2044 2045 2046 2047 2048 2049 2050 2051 2052 2053 2054 2055 2056 2057 2058 2059 2060 2061 2062 2063 2064 2065 4258 4257 4256 4255 4254 4253 4252 4251 4250 4249 4248 4247 4246 4245 4244 4243 4242 4241 4240 4239 4238 4237 4236 4235 4234 4233 4232 4231 4230 4229 4228 4227 4226 4225 4224 4223 4222 4221 4220 4219 4218 4217 4216 4215 4214 4213 4212 4211 4210 4209 4208 4207 4206 4205 4204 4203 4202 4201 4200 4199 4198 4197 4196 4195 4194 4193 4192 4191 4190 4189 4188 4187 4186 4185 4184 4183 4182 4181 4180 4179 4178 4177 4176 4175 4174 4173 4172 4170 4171 4259 4260 4261 4262 4263 4264 4265 4266 4267 4268 4269 4270 4271 4272 4273 4274 4275 4276 4277 4278 4279 4280 4281 
2041 2150 2149 2148 2147 2146 2145 2144 2143 2142 2141 2140 2139 2138 2137 2067 2066 2068 2069 2070 2071 2072 2073 2074 2075 2076 2077 2078 2079 2080 2081 2082 2083 2084 2085 2086 2087 2088 2089 2090 2091 2092 2093 2094 2095 2096 2097 2098 2099 2100 2101 2102 2103 2104 2105 2106 2107 2108 2109 2110 2111 2112 2113 2114 2115 2116 2117 2118 2119 2120 2121 2122 2123 2124 2125 2126 2127 2128 2129 2130 2131 2132 2133 2134 2135 2136 3710 3709 3708 3707 3706 3705 3704 3703 3702 3701 3700 3699 3698 3697 3696 3695 3694 3693 3692 3691 3690 3689 3688 3687 3686 3685 3684 3683 3682 3681 3680 3679 3678 3677 3676 3675 3674 3673 3672 3671 3670 3669 3668 3667 3666 3665 3664 3663 3662 3661 3660 3659 3658 3657 3656 3655 3654 3653 3652 3651 3650 3649 3648 3647 3646 3645 3644 3643 3642 3641 3640 3639 3638 3637 3636 3635 3634 3633 3632 3631 3630 3629 3628 3627 3626 3625 3624 3623 3622 
2255 3132 3131 3130 3129 3128 3127 3126 3125 3124 3123 3122 3121 3120 3119 3118 3117 3116 3115 3114 3113 3112 3111 3110 3108 3109 3133 3134 3135 3136 3137 3138 3139 3140 3141 3142 3143 3144 3145 3146 3147 3148 3149 3150 3151 3152 3153 3154 3155 3156 3157 3158 3159 3160 3161 3162 3163 3164 3165 3166 3167 3168 3169 3170 3171 3172 3173 3174 3175 3176 3177 3178 3179 
2626 5287 5286 5285 5284 5283 5282 5281 5280 5279 5278 5277 5276 5275 5274 5273 5272 5271 5270 5269 5268 5267 5266 5265 5264 5263 5262 5261 5260 5259 5258 5257 5256 5255 5254 5253 5252 5251 5250 5249 5247 5248 5288 5289 5290 5291 5292 5293 5294 5295 5296 5297 5298 5299 5300 5301 5302 5303 5304 5305 5306 5307 5308 5309 5310 5311 5312 5313 5314 5315 5316 5317 5318 5319 5320 5321 5322 5323 5324 5325 5326 5327 5328 5329 
2990 2991 2992 2993 2994 2995 2996 2997 2998 2999 3000 3001 3002 3003 3004 3005 3006 3007 3008 3009 3010 3011 3012 3013 3014 3015 
2990 3107 3106 3105 3104 3103 3102 3101 3100 3099 3098 3097 3096 3095 3094 3093 3092 3091 3090 3089 3088 3087 3086 3085 3084 3083 3082 3081 3080 3079 3078 3077 3076 3075 3074 3073 3072 3071 3070 3069 3068 3067 3066 3065 3064 3063 3062 3061 3060 3059 3058 3057 3033 3032 3034 3035 3036 3037 3038 3039 3040 3041 3042 3043 3044 3045 3046 3047 3048 3049 3050 3051 3052 3053 3054 3055 
3055 3056 
3055 3816 3815 3814 3813 3812 3811 3810 3809 3808 3807 3806 3805 3804 3803 3802 3801 3800 3799 3798 3797 3796 3795 3794 3793 3792 3791 3790 3789 3788 3787 3786 3785 3784 3783 3782 3781 3780 3779 3778 3777 3776 3775 3774 3773 3772 3771 3770 3769 3768 3767 3766 3765 3764 3763 3762 
3198 3197 3196 3195 3194 3193 3192 3181 3180 3182 3183 3184 3185 3186 3187 3188 3189 3190 3191 4146 4145 4144 4143 4142 4141 4140 4139 4138 4137 4136 4135 4113 4112 4114 4115 4116 4117 4118 4119 4120 4121 4122 4123 4124 4125 4126 4127 4128 4129 4130 4131 4132 4133 4134 
3198 3199 3200 3201 3202 3203 3204 3205 3206 3207 3208 3209 3210 3211 3212 3213 3214 3215 3216 3217 3218 3219 3220 3221 3222 3223 3224 3225 3226 3227 3228 3229 3230 3231 3232 3233 3234 3235 3236 3237 3238 3239 3240 3241 3242 3243 3244 3245 3246 3247 3248 3249 3250 3251 3252 3253 3254 3255 3256 3257 3258 3259 3260 3261 3262 3263 3264 3265 3266 3267 3268 3269 3270 3271 3272 3273 3274 3275 3276 3277 3278 3279 3280 3281 3282 3283 3284 3285 3286 3287 3288 3289 3290 3291 3292 3293 3294 3295 3296 3297 3298 3299 3300 3301 3302 3303 3304 3305 3306 3307 3308 3309 3310 3311 3312 3313 3314 3315 3316 3317 3318 3319 3320 3321 3322 3323 3324 3325 3326 3327 3328 3329 3330 3331 3332 3333 3334 3335 3336 3337 3338 3339 3340 3341 3342 3343 3344 3345 3346 3347 3348 3349 3350 3351 3352 3353 3354 3355 3356 3357 3358 3359 3360 3361 3362 3363 3364 3365 3366 3367 3368 3369 3370 3371 3372 3373 3374 
3198 4032 4031 4030 4029 4028 4027 4026 4025 4024 4023 4022 4021 4020 4019 4018 4017 4016 4015 4014 4013 4012 4011 4010 4009 4008 4007 4006 4005 4004 4003 4002 4001 4000 3999 3998 3997 3996 3995 3994 3993 3992 3991 3990 3989 3988 3987 3986 3985 3984 3983 3982 
3374 3375 3376 3377 3378 3379 3380 3381 3382 3383 3384 3385 3386 3387 
3374 3750 3749 3748 3747 3746 3745 3744 3743 3742 3741 3740 3739 3738 3737 3736 3735 3734 3733 3732 3731 3730 3729 3728 3727 3726 3725 3724 3723 3722 3721 3720 3719 3718 3717 3716 3715 3714 3713 3712 3711 3389 3388 3390 3391 3392 3393 3394 3395 3396 3397 3398 3399 3400 3401 3402 3403 3404 3405 3406 3407 3408 3409 3410 3411 3412 3413 3414 3415 3416 3417 3418 3419 3420 3421 3422 3423 3424 3425 3426 3427 3428 3429 3430 3431 3432 3433 3434 3435 3436 3437 3438 3439 3440 3441 3442 3443 3444 3445 3446 3447 3448 3449 3450 3451 3452 3453 3454 3455 3456 3457 3458 3459 3460 3461 3462 3463 3464 3465 3466 3467 3468 3469 3470 3471 3472 3473 3474 3475 3476 3477 3478 3479 3480 3481 3482 3483 3484 3485 3486 3487 3488 3489 3490 3491 3492 3493 3494 3495 3496 3497 3498 3499 3500 3501 3502 3503 3504 3505 3506 3507 3508 3509 3510 3511 3512 3513 3514 3515 3516 3517 3518 3519 3520 3521 3522 3523 3524 3525 3526 3527 3528 3529 3530 3531 3532 3533 3534 3535 3536 3537 3538 3539 3540 3541 3542 3543 3544 3545 3546 3547 3548 3549 3550 3551 3552 3553 3554 3555 3556 3557 3558 3559 3560 3561 3562 3563 3564 3565 3566 3567 3568 3569 3570 3571 3572 3573 3574 3575 3576 3577 3578 3579 3580 3581 3582 3583 3584 3585 3586 3587 3588 3589 3590 3591 3592 3593 3594 3595 3596 3597 3598 3599 3600 3601 3602 3603 3604 3605 3606 3607 3608 3609 3610 3611 3612 3613 3614 3615 3616 3617 3618 3619 3620 3621 3622 
3622 5128 5127 5126 5125 5124 5123 5122 5121 5120 5119 5118 5117 5116 5115 5114 5113 5112 5111 5110 5109 5108 5107 5106 5105 5104 5103 5102 5101 5100 5099 5098 5097 5096 5095 5094 5093 5092 5091 5090 5089 5088 5087 5086 5085 5084 5083 5082 5081 5080 5079 5078 5077 5076 5075 5074 5073 5072 5071 5070 5069 5068 5067 5066 5065 5064 5063 5062 5061 5060 5059 5058 5057 5056 5055 5054 5053 5052 5051 5050 5049 5048 5047 5046 5045 5044 5043 5042 5041 5040 5039 5038 5037 5036 5035 5034 5033 5032 5031 5030 5029 5028 5027 5026 5025 5024 5023 5022 5021 5020 5019 5018 5017 5016 5015 5014 5013 5012 5011 5010 5009 5008 5007 5006 5005 5004 5003 5002 5001 5000 4999 4998 4997 4996 4995 4994 4993 4992 4991 4990 4989 4988 4987 4986 4985 4984 4983 4982 4981 4980 4979 4978 4977 4976 4975 4974 4973 4972 4971 4970 4969 4968 4967 4966 4965 4964 4963 4962 4961 4960 4959 4958 4957 4956 4955 4954 4953 4952 4951 4950 4949 4948 4947 4946 4945 4944 4943 4942 4941 4940 4939 4938 4937 4936 4935 4934 4933 4932 4931 4930 4929 4928 4927 4926 4925 4924 4923 4922 4921 4920 4919 4918 4917 4916 4915 4914 4913 4912 4911 4910 4909 4908 4907 4906 4905 4904 4903 4902 4901 4900 4899 4898 4897 4896 4895 4894 4893 4892 4891 4890 4889 4888 4887 4886 4885 4884 4883 4882 4881 4880 4879 4878 
3762 3761 3760 3759 3758 3757 3756 3755 3754 3753 3751 3752 3817 3818 3819 3820 3821 3822 3823 3824 3825 4482 4481 4480 4479 4478 4477 4476 4475 4474 4473 4472 4471 4470 4469 4468 4467 4466 4465 4464 4463 4462 4461 4460 4459 4458 4457 4456 4455 4427 4426 4428 4429 4430 
3762 4550 4549 4548 4547 4546 4545 4544 4543 4542 4541 4540 4539 4538 4537 4536 4534 4535 4551 4552 4553 4554 4555 4556 4557 4558 4559 4560 4561 4562 4563 4564 4565 4566 4567 4568 4569 4570 4571 4572 4573 4574 4575 4798 4797 4796 4795 4794 4793 4792 4791 4790 4789 4788 4787 4786 4785 4784 4783 4782 4781 4780 4779 4778 4777 4776 4775 4774 4773 4772 4771 4770 4769 4768 4767 4766 4765 4764 4763 4762 4761 4760 4759 4758 4757 4756 4755 4754 4753 4752 4751 4750 4749 4748 4747 4746 4745 4744 4743 4742 4741 4740 4738 4739 4799 4800 4801 4802 4803 4804 4805 4806 4807 4808 4809 4810 4811 4812 4813 4814 4815 4816 4817 4818 4819 4820 4821 4822 4823 4824 4825 4826 4827 4828 4829 4830 5743 5742 5741 5740 5739 5738 5737 5736 5735 5734 5733 5732 5731 5730 5729 5727 5728 5744 5745 5746 5747 5748 5749 5750 5751 5752 5753 5754 5755 5756 5757 5758 5759 5760 5761 5762 5763 5764 5765 5766 5767 5768 5769 5770 5771 5772 5773 5774 5775 5776 5777 5778 5779 5780 5781 5782 5783 5784 5785 5786 5787 5788 5789 5790 5791 5792 5793 5794 3883 
3848 3847 3846 3845 3844 3843 3842 3841 3840 3839 3838 3837 3836 3835 3834 3833 3832 3831 3830 3829 3828 3826 3827 3849 3850 3851 3852 3853 3854 3855 3856 3857 3858 4454 4453 4452 4451 4450 4449 4448 4447 4446 4445 4444 4443 4442 4441 4440 4439 4438 4437 4436 4435 4434 4433 4432 4431 4430 
3883 3882 3881 3880 3879 3878 3877 3876 3875 3874 3873 3872 3871 3870 3869 3868 3867 3866 3865 3864 3863 3862 3861 3859 3860 3897 3898 3899 3900 3901 3902 3903 3904 3905 3906 3907 3908 3909 3910 3911 3912 3913 3914 3915 3916 3917 3918 
3883 3884 3885 3886 3887 3888 3889 3890 3891 3892 3893 3894 3895 3896 
3918 3919 4162 4161 4160 4159 4158 4157 4156 4155 4154 4153 4152 4151 4150 4149 4147 4148 4163 4164 4165 4166 4167 4168 4169 
3918 5457 5456 5455 5454 5453 5452 5451 5450 5449 5448 5447 5446 5445 5444 5443 5442 5441 5440 5439 5438 5437 5436 5435 5434 5433 5432 5431 5430 5429 5428 5427 5426 5425 5424 5423 5421 5422 5458 5459 5460 5461 5462 5463 5464 5465 5466 5467 5468 5469 5470 5471 5472 5473 5474 5475 5476 5477 5478 5479 5480 5481 5482 5483 5484 5485 5486 5487 5488 5489 5490 5491 5492 5493 5494 5495 5496 5497 5498 5499 5500 5501 5502 5503 5504 5505 5506 5507 5508 5509 5510 5357 
3982 3981 3980 3979 3978 3977 3976 3975 3974 3973 3972 3971 3970 3969 3968 3967 3966 3965 3964 3963 3962 3961 3960 3959 3958 3957 3956 3955 3954 3953 3952 3951 3950 3949 3948 3947 3946 3945 3944 3943 3942 3941 3940 3939 3938 3937 3936 3935 3934 3933 3932 3931 3930 3929 3928 3927 3926 3925 3924 3923 3922 3920 3921 4033 4034 4035 4036 4037 4038 4039 4040 4041 4042 4043 4044 4045 4046 4047 4048 4049 4050 4051 4052 4053 4054 4055 4056 4057 4058 
3982 4533 4532 4531 4530 4529 4528 4527 4526 4525 4524 4523 4522 4521 4520 4519 4518 4517 4516 4515 4514 4513 4512 4511 4510 4509 4508 4507 4506 4505 4504 4503 4502 4501 4500 4499 4498 4497 4496 4495 4494 4493 4484 4483 4485 4486 4487 4488 4489 4490 4491 4492 
4281 4282 4283 4284 4285 4286 4287 4288 4289 4290 4291 4292 4293 4294 4295 4296 4297 4298 4299 4300 4301 4302 4303 4304 4305 4306 4307 4308 
4281 4610 4609 4608 4607 4606 4605 4604 4603 4602 4601 4600 4599 4598 4597 4596 4595 4594 4593 4592 4591 4590 4589 4588 4587 4586 4585 4584 4583 4582 4581 4580 4579 4578 4576 4577 4611 4612 4613 4614 4615 4616 4617 4618 4619 4620 4621 4622 4623 4624 4625 4626 4627 4628 4629 4630 4631 4632 4633 4634 4635 4636 4637 4638 4639 4640 4641 4642 4643 4644 4645 4646 4647 4648 4649 4650 4651 4652 4653 4654 4655 4656 5711 5710 5709 5708 5707 5706 5705 5704 5703 5702 5701 5700 5699 5698 5697 5696 5695 5694 5693 5692 5691 5690 5689 5688 5686 5687 5712 5713 5714 5715 5716 5717 5718 5719 5720 5721 5722 5723 5724 5725 5726 
4318 4317 4316 4315 4314 4313 4312 4311 4309 4310 4319 4320 4321 4322 4323 4324 4325 4326 4327 4328 4329 4330 4331 4332 4333 4334 4335 4336 4337 4338 4339 4340 4341 4342 4343 4344 4345 4346 4347 4348 4349 4350 4351 4352 5685 5684 5683 5682 5681 5680 5679 5678 5677 5676 5675 5674 5673 5672 5671 5670 5669 5668 5667 5666 5665 5664 5663 5662 5661 5660 5659 5658 5657 5656 5655 5654 5653 5652 5651 5650 5649 5648 5647 5646 5645 5644 5643 5642 5641 5640 5639 5638 5512 5511 5513 5514 5515 5516 5517 5518 5519 5520 5521 5522 5523 5524 5525 5526 5527 5528 5529 5530 5531 5532 5533 5534 5535 5536 5537 5538 5539 5540 5541 5542 5543 5544 5545 5546 5547 5548 5549 5550 5551 5552 5553 5554 5555 5556 5557 5558 5559 5560 5561 5562 5563 5564 5565 5566 5567 5568 5569 5570 5571 5572 5573 5574 5575 5576 5577 5578 5579 5580 5581 5582 5583 5584 5585 5586 5587 5588 5589 5590 5591 5592 5593 5594 5595 5596 5597 5598 5599 5600 5601 5602 5603 5604 5605 5606 5607 5608 5609 5610 5611 5612 5613 5614 5615 5616 5617 5618 5619 5620 5621 5622 5623 5624 5625 5626 5627 5628 5629 5630 5631 5632 5633 5634 5635 5636 5637 5329 
4430 4661 4660 4659 4657 4658 4662 4663 4664 4665 4666 4667 4668 4669 4670 4671 4672 4673 4674 4675 4676 4677 4678 4679 4680 4681 4682 4683 4684 4685 4686 4687 4688 4689 4690 4691 4692 4693 4694 4695 4696 4697 4698 4699 4700 4701 4702 4703 4704 4705 4706 4707 4708 4709 4710 4711 4712 4713 4714 4715 4716 4717 4718 4719 4720 4721 4722 4723 4724 4725 4726 4727 4728 4729 4730 4731 4732 4733 4734 4735 4736 4737 
4878 4877 4876 4875 4874 4873 4872 4871 4870 4869 4868 4867 4866 4865 4864 4863 4862 4861 4860 4859 4858 4857 4856 4855 4854 4853 4852 4851 4850 4849 4848 4847 4846 4845 4844 4843 4842 4841 4840 4839 4838 4837 4836 4835 4834 4833 4831 4832 5129 5130 5131 5132 5133 5134 5135 5136 5137 5138 5139 5140 5141 5142 5143 5144 5145 5146 5147 5148 5149 5150 5151 5152 5153 5154 5155 5156 5157 5158 5159 5160 5161 5162 5163 5164 5165 5166 5167 5168 5169 5170 5171 5172 5173 5174 5175 5176 5177 5178 5179 5180 5181 5182 5183 5184 5185 5186 5187 5188 5189 5190 5191 5192 5193 5194 5195 5196 5197 5198 5199 5200 5201 5202 5203 5204 5205 5206 5207 5208 5209 5210 5211 5212 5213 5214 5215 5216 5217 5218 5219 5220 5221 5222 5223 5224 5225 5226 5227 5228 5229 5230 5231 5232 5233 5234 5235 5236 5237 5238 5239 5240 5241 5242 5243 5244 5245 5246 
4878 5982 5981 5980 5979 5978 5977 5976 5975 5974 5973 5972 5971 5970 5969 5968 5967 5966 5965 5964 5963 5962 5961 5960 5959 5958 5957 5956 5955 5954 5953 5952 5951 5950 5949 5948 5947 5946 5945 5944 5943 5942 5941 5940 5939 5938 5937 5936 5935 5934 5933 5932 5931 5930 5929 5928 5927 5926 5925 5924 5923 5922 5921 5920 5919 5918 5917 5916 5915 5914 5913 5912 5911 5910 5909 5908 5907 5906 5905 5904 5903 5902 5901 5900 5899 5898 5897 5896 5895 5894 5893 5892 5891 5890 5889 5888 5887 5886 5885 5884 5883 5882 5881 5880 5879 5878 5877 5876 5875 5874 5873 
5329 5330 5331 5332 5333 5334 5335 5336 5337 5338 5339 5340 5341 5342 5343 5344 5345 5346 5347 5348 5349 5350 5351 5352 5353 5354 5355 5356 5357 
5357 5358 5359 5360 5361 5362 5363 5364 5365 4111 4110 4109 4108 4107 4106 4105 4104 4103 4102 4101 4100 4099 4098 4097 4096 4095 4094 4093 4092 4091 4090 4089 4088 4060 4059 4061 4062 4063 4064 4065 4066 4067 4068 4069 4070 4071 4072 4073 4074 4075 4076 4077 4078 4079 4080 4081 4082 4083 4084 4085 4086 4087 5420 5419 5418 5417 5416 5415 5414 5413 5412 5411 5410 5409 5408 5407 5406 5405 5404 5403 5402 5401 5400 5399 5398 5397 5396 5395 5394 5393 5392 5391 5390 5389 5388 5387 5386 5385 5384 5383 5382 5381 5367 5366 5368 5369 5370 5371 5372 5373 5374 5375 5376 5377 5378 5379 5380 
5805 5804 5803 5802 5801 5800 5799 5798 5797 5795 5796 5806 5807 5808 5809 5810 5811 5812 5813 5814 5815 5816 5817 5818 5819 5820 5821 5822 5823 5824 5825 5826 5827 5828 5829 5830 5831 5832 5833 5834 5835 5836 5837 
5837 5838 5839 5840 5841 5842 5843 5844 5845 5846 5847 5848 5849 5850 5851 5852 5853 5854 5855 5856 5857 5858 5859 5860 5861 5862 5863 5864 5865 5866 5867 5868 5869 5870 5871 5872 5873 
5837 6000 5999 5998 5997 5996 5995 5994 5993 5992 5984 5983 5985 5986 5987 5988 5989 5990 5991 6109 6108 6107 6106 6105 6104 6103 6102 6002 6001 6003 6004 6005 6006 6007 6008 6009 6010 6011 6012 6013 6014 6015 6016 6017 6018 6019 6020 6021 6022 6023 6024 6025 6026 6027 6028 6029 6030 6031 6032 6033 6034 6035 6036 6037 6038 6039 6040 6041 6042 6043 6044 6045 6046 6047 6048 6049 6050 6051 6052 6053 6054 6055 6056 6057 6058 6059 6060 6061 6062 6063 6064 6065 6066 6067 6068 6069 6070 6071 6072 6073 6074 6075 6076 6077 6078 6079 6080 6081 6082 6083 6084 6085 6086 6087 6088 6089 6090 6091 6092 6093 6094 6095 6096 6097 6098 6099 6100 6101 
5873 6144 6143 6142 6141 6140 6139 6138 6137 6136 6135 6134 6133 6132 6131 6130 6129 6128 6111 6110 6112 6113 6114 6115 6116 6117 6118 6119 6120 6121 6122 6123 6124 6125 6126 6127 
